payload_size_bytes=10240
runs=1000
mean_ms=0.311
median_ms=0.231
stddev_ms=0.253
min_ms=0.161
max_ms=2.918
---raw---
0.22100599994701042
0.19719600004464155
0.21249700000680605
0.18059499996070372
0.21610600003896252
0.25339800004076096
0.2146260000017719
0.754953000068781
0.20820600002480205
0.24666800004524703
0.24116700001286517
0.22107699999196484
0.2856290000181616
0.7199919999720805
0.4890650000106689
0.4706539999688175
2.917948999993314
0.3989119999232571
0.7249220000176138
0.6681300000082047
0.4922050000004674
0.2631979999705436
0.3052000000707267
0.30621899998095614
0.23424699998031429
0.2503179999848726
0.22241700003178266
0.2110869999114584
0.21326600005977525
0.20016600001326879
0.2175869999518909
0.17399500006831659
0.1766459999998915
0.16109499995309307
0.7071320000022752
0.1800249999632797
0.25237800002742006
0.17519499999707477
0.8188849999442027
0.20780599993486248
0.19526599999153404
0.18717599994033662
0.18345599994518125
0.19593599995459954
0.2837580000232265
0.24186799998915376
0.28666899993368133
0.2160669999966558
0.20343700009561871
0.22169699991536618
0.24140699997587944
0.2068259999532529
0.21391699999639968
0.1912750000201413
0.17773599995507539
0.19167599998581863
0.3160589999424701
0.22747699995306903
0.2234470000530564
0.4929450000190627
0.210996000078012
0.797123999973337
0.473223999961192
0.29447900010382
0.24086700000225392
0.39235199994891445
0.21584699993582035
0.2082860000882647
0.18407599998226942
0.2746879999904195
0.47892400004911906
0.18360599995048688
0.21652599991739407
0.6127290000677021
0.24380799993650726
0.21811700003127044
0.19165599996995297
0.1991560000078607
0.1910260000386188
0.2528979999851799
0.18260499996358703
0.1839259999769638
0.30006000008597766
0.20396699994762457
0.26289799995993235
0.2027059999818448
0.2303869999877861
0.21133600000666775
0.2239370001007046
0.2219869999180446
0.20155599997906393
0.1764349999575643
0.2054159999715921
0.19609600008152483
0.21102699997754826
0.19755599998916296
0.6390190000047369
0.2499670000588594
0.6111789999749817
0.24286299992581917
0.3448450000860248
0.19348599994373217
0.2031669999951191
0.19920600004752487
0.26546799995230685
0.21270699994602182
0.23789700003362668
0.20229599999765924
0.20771700008026528
0.20562700001391931
0.19130499993025296
0.26710800000273593
0.4962750000458982
0.6115680000675638
0.2429670000765327
0.5189150000433074
0.51739599996381
0.44305300002633885
0.18667599999844242
0.29390800000328454
0.4689649999818357
0.2102260000356182
0.2257970000982823
0.18318499996894388
0.2842389999386796
0.3427300000566902
0.20758600010140071
0.2640179999389147
0.24995800004035118
0.2267969999820707
0.6863509998993322
0.23489700004120095
0.23070800000368763
0.2392080000390706
0.20142599998962396
0.2154759999939415
0.2022159999341966
0.31480999996347236
0.21850600001016574
0.29046899999229936
0.2128059999222387
0.21624700002575992
0.22811700000602286
0.2381969999305511
0.21903700007896987
0.22085700004481623
0.20208600005844346
0.2719490000799851
0.2035559999740144
0.1939360000733359
0.20302600000832172
0.4662239999788653
0.2379670000891565
0.2347869999539398
0.23138699998526135
0.22864699997171556
0.25152700004582584
0.2599580000151036
0.7667529999935141
0.664081000081751
0.29387899996891065
0.2452480000556534
0.26519800007918093
0.2163060000839323
0.21572700006800005
0.20521600004030915
0.20681599994532007
0.23375699993266608
0.21056600007796078
0.5733970000392219
0.2505979999796182
0.2567080000517308
0.21430700007840642
0.2007670000239159
0.19455599999673723
0.21494700001767342
0.25322799990590283
0.2276760000086142
0.2216569999973217
0.263548000020819
0.21118600000136212
0.19964599994182208
0.5395859999453023
0.3288799999836556
0.2325970000356392
0.24042699999426986
0.21692699999675824
0.23753699997541844
0.19933600003696483
0.23296699998809345
0.5602670000826038
0.24822800003221346
0.23823699996228243
0.21441599994886928
0.23084700001163583
0.20032600002650724
0.5008859999406923
0.2115260000437047
1.9173879999243582
0.2568979999750809
0.2561279999326871
0.26397800002087024
0.18643500004600355
0.19357600001512765
2.8078650000225025
0.24797800006126636
0.30197899991435406
0.2228959999683866
0.22703699994508497
0.2317170000196711
0.21969700003410253
0.18856499991670717
1.8879880000213234
1.6043199999558055
0.2628980000736192
0.20508599993718235
0.2100860000382454
0.4755749999958425
0.2283459999716797
0.22803700005624705
2.1649259999776405
0.2776279999352482
0.258978000033494
0.7872740000038903
0.49623500001416687
0.3165790000139168
0.23784699999396253
0.3866009999455855
0.25797799992233195
0.428263000003426
0.49558500006696704
0.18658600004073378
0.21856600005776272
0.5305460000499806
0.22259700006088678
0.22185599993918004
0.4479939999555427
0.45166400002472074
0.4991749999589956
0.17981500002406392
0.24147699991772242
0.20546599989756942
0.2581180000333916
0.6306589999667267
0.21572699995431321
0.5969879999838668
0.21417599998585501
0.2032260000532915
0.18905599995377997
0.22285599993665528
0.1862159999745927
0.17941599992354895
0.6230789999790431
0.5668679999644155
0.27121800007989805
0.6319090000488359
0.19471599989628885
0.2355969999143781
0.3019089999725111
0.2186660000234042
0.25587799996174
0.6713399999398462
0.467804999971122
0.20225600007961475
0.21563600000717997
0.1810159999422467
0.25948699999389646
0.2091769999879034
0.17527499994685058
0.2158959999860599
0.20781599994279532
0.26397800002087024
0.2157569999781117
0.8976769998980672
0.6435799999735536
0.22276599997894664
0.22838699999283563
0.48937500002921297
0.23401700002523285
0.21696700002848957
0.4635750000261396
0.22976699995069794
0.22622699998464668
0.20186599999760801
0.25487799996426475
0.4894840000133627
0.4876749999311869
0.5299160000049596
0.22990700006175757
0.2180760000101145
0.197425999999723
0.19868599997607816
0.18451599999025348
0.290489000008165
0.2218660000607997
0.32467000005453883
0.18651599998520396
0.5366369999819653
0.641039000015553
0.20946600000115723
0.25231799997982307
0.47741399998812994
0.46270400002867973
0.8167550000734991
0.6855210000367151
0.4629039999599627
0.2105070000197884
0.22860699993998423
0.47628499999063934
0.7046219999438108
0.26756800002658565
0.21781599991754774
0.23289700004625047
0.21145699997759948
0.22508699998979864
0.21457699995153234
0.21854699991763482
0.19953599996824778
0.23252700009379623
0.20860699999047938
0.4927940000243325
0.27477900005123956
0.2153670000097918
0.21607600001516403
0.1977760000499984
0.2034460000004401
0.22883699989506567
0.235406999991028
0.23686700001235295
0.6179389999942941
0.2728380000007746
0.21587699995961884
0.28037799995672685
0.2388569999993706
0.22888700004841667
0.2365670000017417
0.2083260000063092
0.19948600004227046
0.21681600003375934
0.2080159999877651
0.5487670000547951
0.24482699996042356
0.5595369999582545
0.2814380000017991
0.23204700005408085
0.22322699999222095
0.28304900001785427
0.2680479999526142
0.25350800001433527
0.23552700008622196
0.20794599993223528
0.21668600004431937
0.26165799999944284
0.20458599999528815
0.25637800001732103
0.20363599992379022
0.19396599998344755
0.20860699999047938
0.19174600004134845
0.22229700005027553
0.21271699995395466
0.22804599996106845
0.2115270000331293
0.23682699998062162
0.21950600000764098
0.2933690000190836
0.21092599990879535
0.2372769999965385
0.28108899994094827
0.23698699999386008
0.2586479999990843
0.21457599996210774
0.20567700005358347
0.4935749999503969
0.2664679999497821
0.22660699994503375
0.2304269999058306
0.2017860000478322
0.19167599998581863
0.22065699999984645
0.2000670000370519
0.19715600001291023
0.19199600001229555
0.22727699990809924
0.21330599997781974
0.1896559999750025
0.19382599998607475
0.22414700003992039
0.206217000027209
0.5455259999962436
0.3246300000228075
0.4079119999005343
0.229567000019415
0.21484600006260735
0.22361699996054085
0.22343700004512357
0.22768700000597164
0.22975700005645194
0.24192800003675075
0.23370700000668876
0.22171700004491868
0.23007699996924202
0.44200299998919945
0.28577900002346723
0.2529979999508214
0.21452600003613043
0.23599700000431767
0.19939600008456182
0.19834600004742242
0.2160669999966558
0.21029599997746118
0.30607500002588495
0.2949089999901844
0.2436380000290228
0.22916700004316226
0.21880599990709015
0.20212599997648795
0.2310520000037286
0.22932700005640072
0.22237700000005134
1.1331050000080722
0.21596700003101432
0.24293699993904738
0.30234899998049514
0.22490699996069452
0.22878699996908836
0.21680599991213967
0.25209800003267446
0.1984460000130639
0.22002599996540084
0.26064799999403476
0.2994889999854422
0.22299700003713951
0.271418000011181
0.25076700001136487
0.2270769999768163
0.23704800003088167
0.24644699999498698
0.23275699993519083
0.21600700006274565
0.24771700009296183
0.19707600006313442
0.20387600000049133
0.2538179999191925
0.21837700001015037
0.22539700000834273
0.22444700005053164
0.21672699995178846
0.20194599994738383
0.2251469999237088
0.19848600004479522
0.2080959999375409
0.20210600007430912
0.20222600005581626
0.20557599998483056
0.2157060000627098
0.22413700003198755
0.16942499996730476
0.19793599994955002
0.2118070000278749
0.22200599994448567
0.2641179999045562
0.20880600004602456
0.26141800003642857
0.26366800000232615
0.2367470000308458
0.2138259999355796
0.28071799999906943
0.20521600004030915
0.2112160000251606
0.2394169999888618
0.2355880000095567
0.23867700008395332
0.22277699997630407
0.1885960000436171
0.21156599996174918
0.2091469999641049
0.21010700004353566
0.19206599995413853
0.20831599999837636
0.21746699997038377
0.23051699997722608
0.20972599998003716
0.2025960000082705
0.20044600000801438
0.22034699998130236
0.8069140000088737
0.7306519999019656
0.31078999995770573
0.2585879999514873
0.20370599997932004
0.21168699993268092
0.21139600005426473
0.19377600006009743
0.20560600000862905
0.24113699998906668
0.2112869999564282
0.20620700001927617
0.19371600001250044
0.22494699999242584
0.18434599996908219
0.2427880000368532
0.2281560000483296
0.6418100000473714
0.26476799996544287
0.25420700001177465
0.22027699992577254
1.9960500000024695
0.6649609999840322
0.2808780000123079
0.2514779999955863
0.6590299999515992
1.9728610000129265
0.2863789999310029
0.21859599996787438
0.6273189999319584
0.25999800004683493
0.23115700003017992
0.27840799998557486
0.21610599992527568
0.2357669999355494
0.23574700003337057
0.2142469999171226
0.22973700004058628
0.20694600004844688
0.21895599991239578
0.2108969999881083
0.21469700004672632
0.20201600000291364
0.5019650000122056
0.23788700002569385
0.22592700008772226
0.21991599999182654
0.2469879999580371
0.19530600002326537
0.20021700004235754
0.20617600000605307
0.31475900004807045
0.23163699995620846
0.2181169999175836
0.21693600001526647
0.6175290000101086
0.22869700001137971
0.21914600006311957
0.2049969999688983
0.2008760000080656
0.2137169999514299
0.21180599992476346
0.19212600000173552
0.22350699998696655
0.21765700000742072
0.2029460000585459
0.21312700005182705
0.19754599998123012
0.22699699991335365
0.20167599996057106
0.23999699999421864
0.5583569999316751
0.23903700002847472
0.2625280000074781
0.2501569999822095
0.2573220000385845
0.24794800003746786
0.18999499991423363
0.19875599991792114
0.20974100004877982
0.20293600005061307
1.6737410001042008
0.4905170000029102
0.3261800000018411
0.21035700001448276
0.23099700001694146
0.18939599999612255
0.17533499999444757
0.25417500000912696
0.19706599994151475
0.23575699992761656
0.21627599994644697
0.45508400000926486
0.2085070000248379
0.42015300005004974
0.23737799995160458
0.5505569999968429
1.056301999938114
0.22358699993674236
0.38844200003040896
0.2290469999479683
0.2002759999868431
0.3178790000220033
0.20441599997411686
0.21811600004184584
0.1934160000018892
0.22699700002704049
0.2264670000613478
0.5149260000507638
0.2788179999697604
0.4237729999658768
1.0510219999559922
0.4418829998940055
0.21388700008628803
0.20901599998524034
0.21394600003077358
0.19359599991730647
0.2335469999934503
0.17528499995478342
0.18268500002704968
0.19743600000765582
0.18027600003733824
0.1979160000473712
0.1805450000347264
0.17925500003457273
0.21936699999969278
0.21026600006734952
0.385081999979775
0.25345700009893335
0.41330199996991723
1.0812929999701737
0.22355599992351927
0.3041190000203642
0.20470599997679528
0.19013600001471787
0.18838500000128988
0.2089260000275317
0.22057700005007064
0.21724700002323516
0.18559599993750453
0.20796699993752554
0.18873599992730306
0.1927460000388237
0.46208699995986535
0.24276800002098753
0.19462600005226705
1.6686479999634685
0.2518270000564371
0.22320700009004213
0.21080700003039965
0.18760599994038785
0.26569800002107513
0.23087699992174748
0.19975600002908322
0.17765500001587498
0.2057259999901362
0.18424499990032928
0.21571599995695578
0.35281999998915126
0.24928799996359885
0.2524679999851287
0.2338970000437257
0.2214559999629273
0.22059699995224946
0.20191600003727217
0.21025599994572985
0.2382569999781481
0.23852699996496085
0.24956799995834444
0.6274789999451968
0.2651180000157183
0.26400800004466873
0.23000700002739904
0.2201070000182881
0.2522869999666
0.270439000018996
0.30079900000146154
0.21131699998022668
0.2103769999166616
0.22122699999727047
0.6209389999867199
0.23685700000442012
0.22058699994431663
0.2328869999246308
1.591258000075868
0.5803579999792419
0.2576379999936762
0.2220869999973729
0.232737000033012
0.19751599995743163
0.2201070000182881
0.21990700008700514
0.22293600000011793
0.2053069999874424
0.22501699993426882
0.23923699995975767
0.2050260000032722
0.7475530001102015
0.3073999999969601
0.23401700002523285
0.2589680000255612
0.24347800001578435
0.21158599997761485
0.2538080000249465
0.5962879999970028
0.338309999960984
0.2398069999571817
0.2306970000063302
0.22642700002961647
0.22946699994008668
0.20628599997962738
0.21309700002802856
0.20571599998220336
0.20248599992100935
0.19840599998133257
0.26538800000253104
0.24027799997838883
0.23408699996707583
0.2187159999493815
0.22259699994719995
0.20557599998483056
0.23436700007550826
0.21895700001550722
0.21618699997816293
0.22143700005017308
0.22167600002376275
0.21842699993612769
0.24227699998391472
0.2091459999746803
0.21003699998800585
0.19750600006318564
0.22108600001047307
0.20903700010421744
0.6115290000252571
0.6488899999794739
0.19901600001048791
0.2475769999819022
0.22262700008468528
0.2611979999755931
0.22783700001127727
0.230197000064436
0.2158269999199547
0.2059360000430388
0.22800700003244856
0.210366000032991
0.22045699995487666
0.2075259999401169
0.1971159999811789
0.22454700001617312
0.24190700003146048
0.3116489999683836
0.2985399999033689
0.23864699994646799
0.22193700010575412
0.2150969999092922
0.4045329999371461
1.4017820000162828
0.2824680000230728
0.7409320000988373
0.2604080000310205
0.20566700004565064
0.20381700005600578
0.19473600002584135
0.21170699994854658
0.20070600010058115
0.21618699997816293
0.22410700000818906
0.25842799993824883
0.23745700002564263
0.23198700000648387
0.6918460001088533
0.6970409999667027
0.272117999998045
0.2912639999976818
0.2624780000815008
0.23644200007311156
0.23017700004857033
0.29513900005895266
0.27692799994838424
0.2858779999996841
0.25624300008075807
0.23560700003599777
0.24025100003655098
0.2383669999517224
0.2765479999879972
0.7367839999687931
0.21218599999883736
0.22413700003198755
0.19308599996747944
0.8153439999887269
0.28588899999704154
0.23307699996166775
0.2444130000185396
0.23125299992443615
0.22909699998763244
0.2318870000408424
0.23893700006283325
1.6115789999275876
0.2619429999413114
0.5960680000498542
0.23469699999623117
0.19787099995483004
0.24902799998471892
0.3403499999876658
0.24994700004299375
0.8636369999521776
0.22330100000544917
0.5608879999954297
0.28569799997058
0.21583700004157436
0.37585199993372953
0.22687099999529892
0.21015699996951298
0.2319970000144167
0.44545299999754207
0.23634300009689468
0.23140700000112702
0.24762700002156635
0.23087700003543432
0.33340100003442785
0.5456760000015493
0.25258800008032267
0.2201859999786393
0.27776900003573246
0.23784699999396253
0.26672800004234887
0.21349599990116985
0.22093699999459204
0.24334199997610995
0.262347999978374
0.20027600010052993
0.20482599995830242
0.1905359999909706
0.22653700000319077
0.6237300000293544
0.2805990000069869
0.5522970000129135
0.26695800011111714
0.23623700008101878
0.2432569999655243
0.22069700003157777
0.20340599996870878
0.23006700007499603
0.21311600005446962
0.21104600000398932
0.20925700005136605
0.2892180000344524
0.24445799999739393
0.24039699997047137
0.2053059999980178
0.20756599997184821
0.1923560000705038
0.21106600001985498
0.22020699998392956
0.2400470000338828
0.2120860000331959
0.5109650001031696
0.6863209999892206
0.26110299995707464
0.2757190000011178
0.24968299999272858
0.24627800007692713
0.6386589999465286
0.5305770000632037
0.22304699996311683
0.25997800003096927
0.1979160000473712
0.18967500000144355
0.23725699998067284
0.21723700001530233
0.23101700003280712
0.20764599992162402
0.20127699997374293
0.6644310000183395
0.24110700007895502
0.2071570000907741
0.19995599996036617
0.3016339999248885
0.2562280000120154
0.5719830000998627
0.49327499993978563
0.587638000070001
0.2897179999763466
0.1907460000438732
0.2798589999883916
0.2711780000481667
0.23197699999855104
0.24756799996339396
0.1970360000314031
0.22641600003225903
0.20314599998982885
0.6510890000299696
0.23299700001189194
0.2174459999650935
0.21311699993020738
0.29495900002984854
0.22672699992654088
0.5542070000501553
0.6328900000198701
0.25840899991180777
0.23616700002548896
0.2268769999318465
0.20750700002736266
0.2075959999956467
0.19322600007853907
0.21665600002052088
0.23325799998019647
0.23120699995615723
0.22571700003481965
0.34475000006750633
0.2224759999762682
0.22606699997140822
0.25322900000901427
0.2546380000012505
0.3049389999887353
0.2459870000848241
0.21829699994668772
0.21309700002802856
0.21168600005694316
0.240546999975777
0.2592780000441053
0.23346199998286465
0.22028199998658238
0.2318269999932454
0.2647380000553312
0.2532070000142994
0.28486899998370063
0.22907700008545362
0.7434429999193526
0.8293079999930342
0.3040990000044985
0.3107779999709237
0.30783800002609496
0.2417680000235123
0.2238660000557502
1.016594000020632
0.2504650000219044
0.2805589999752556
0.23726699998860568
0.7897259999936068
0.2560649999168163
0.22094899998137407
0.23925400000734953
0.21474699997270363
0.20296600007441157
0.43289400002777256
0.2822279999463717
0.23547999990114477
0.23451499998827785
1.2680790000558773
0.2786789999618122
0.6325690000039685
0.2894399999604502
0.28740799996285205
0.21159699997497228
0.2117770000040764
0.20879600003809173
0.22502699994220166
0.2760290000196619
0.49148499999773776
0.28708900003948656
0.27075800005604833
0.21591699999135017
0.19034600006762048
0.263257000028716
0.2427279999892562
0.23147699994297
0.4646339999681004
0.2201859999786393
0.65960000006271
0.22950700008550484
0.23712200004410988
0.20603100006155728
0.21446699997795804
0.19560600003387663
0.24116800000228977
0.2034760000242386
0.19339599998602353
0.6985310000118261
0.27332900003784744
0.7932940000046074
0.23573700002543774
0.20265700004529208
0.215287000060016
0.782096000079946
1.807894999956261
0.4175430000259439
0.26584800002638076
0.2572170000121332
1.6211399999974674
0.2652609999813649
0.31047899994973704
0.7325770000079501
0.3045889999384599
0.2956509999876289
0.31525999997938925
0.24224699996011623
0.2895669999816164
0.25465999999596534
0.24126699997850665
0.8820470000046043
0.3081090000023323
0.34278999999060034
0.3385200000138866
0.29745900008038006
0.3138020000506003
0.3034699999489021
0.2783879999697092
0.25182199999562727
0.920396999958939
0.27484800000365794
0.2937390000852247
0.9105180000688051
0.3199200000381097
