payload_size_bytes=10240
runs=1000
mean_ms=0.280
median_ms=0.229
stddev_ms=0.219
min_ms=0.177
max_ms=3.423
---raw---
0.27410899997448723
0.2275670000244645
0.2536880000434394
0.2785980000226118
0.2798279999751685
0.24664800002938136
0.249900999961028
0.2767390000144587
0.5102360000819317
2.8312340000411496
0.7871639999166291
0.608897999995861
0.289279000071474
0.6194689999574621
0.24073700001281395
0.429593000035311
0.2794980000544456
0.4080730000168842
1.0663119999207993
0.23841699999138655
0.2479379999158482
1.6935520000060933
0.2736980000008771
0.22232700007407402
0.22050699999454082
0.2648680000447712
1.8188249999866457
0.4237119999288552
0.2061559999901874
0.20310599995809753
0.20194700005049526
0.19355599999926199
0.21243599996978446
0.1907559999381192
0.23011700000097335
0.18868500001190114
0.19594599996253237
0.19174600004134845
0.2179660000365402
0.2042170000322585
0.19304600004943495
0.19589600003655505
0.2860989999362573
0.37929200004782615
0.22008700000242243
0.32640000006267655
0.23237699997480377
0.20416600000316976
0.20258600000033766
0.1952860000073997
0.2816679999568805
0.21234600001207582
0.1981960000421168
0.19569599999158527
0.20207600005051063
0.19386600001780607
0.20550599992930074
0.19460600003640138
0.2072459999453713
0.23281700009647466
0.23683699998855445
0.24252699995486182
0.648500000011154
0.23296699998809345
0.22455700002410595
0.22736699997949472
0.2123059999803445
0.19977599993126205
0.19234600006257097
0.20180599995001103
0.19678599994676915
0.20213600009810762
0.19358599990937364
0.20318599990787334
0.19150600007833418
0.19171500002812536
0.23062700006448722
0.205586999982188
0.2012659999763855
0.28669799996805523
0.21264699989842484
1.0786720000623973
0.24151699994945375
0.2137070000571839
0.2599279999913051
0.38103099996078527
0.2677379999340701
0.22699600003761589
0.2032570000665146
0.22557700003744685
0.20044600000801438
0.2141570000731008
0.22014600006059482
0.39397199998347787
0.2653679999866654
0.2447180000899607
0.2630180000551263
0.234076999959143
0.5744369999547416
0.28851900003701303
0.2590179999515385
0.23626699999113043
0.27567900008307333
0.23995799995191192
0.268748000053165
0.21687699995709409
0.25025800005096244
0.22376699996584648
0.24868699995295174
0.27927899998303474
0.25912700004937506
0.2741580000247268
0.2441369999814924
0.2557980000119642
0.23884699999143777
0.23267699998541502
0.2824989999226091
0.2099160000170741
0.2033060000030673
0.21693700000469107
0.2259070000718566
0.1989060000369136
0.2430370000183757
0.24227699998391472
0.2101669999774458
0.22984700001416059
0.21654599993325974
0.21463699999912933
0.20012599998153746
0.21073599998544523
0.21594700001514866
0.2062959999875602
0.22003599997333367
0.19117600004392443
0.2559079999855385
0.2348169999777383
0.2183860000286586
0.5520470000419664
0.28280900005484
0.23377699994853174
0.22238600001855957
0.19924599996556935
0.2055859999927634
0.1959160000524207
0.1930059999040168
0.2637679999679676
0.22303600007944624
0.2196269999785727
0.21092600002248219
0.20255599997653917
0.21710700002586236
0.20872599998256192
0.26123800000732444
0.22544699993432005
0.23080700009359134
0.2189870000393057
0.1950060000126541
0.2050260000032722
0.20827599996664503
0.23192700007257372
0.20440700006929546
0.256026999977621
0.19410599998082034
0.21853700002338883
0.19368499999927735
0.19807600006060966
0.19033600005968765
0.19287600002826366
0.19043600002532912
0.20396599995819997
0.2663180000581633
0.24728699997922376
0.22063699998398079
0.23629700001492893
0.3280099999756203
0.5727380000735138
0.2172359999121909
0.26946900004531926
0.21717699996770534
0.22163699998145603
0.20484699996359268
0.19044599991957512
0.20447700001113844
0.20710700005110994
0.21706600000470644
0.2123069999697691
0.2231769999525568
0.23872700000993063
0.22509699999773147
0.2526380000063
0.21184700005960622
0.26038700002573023
0.21577699999397737
0.23636700007045874
0.30294900000171765
0.21651700001257268
0.22401600006105582
0.2122670000517246
0.2360070000122505
0.21602599997549987
0.21851699989383633
0.20559600000069622
0.21941700003935694
0.2127960000279927
0.24852799992913788
0.22149599999465863
0.518285999987711
0.2169470000126239
0.23126700000375422
0.22934699995857954
0.20832700010942062
0.19845600002099673
0.18844600003831147
0.27749799994580826
0.4594140000335756
0.2562979999538584
0.23190699994302122
0.25695799990899104
0.2525630000036472
0.20208099999763363
0.25338800003282813
0.230837000003703
0.2152619999833405
0.2227269999366399
0.2191969999785215
0.21458100002291758
0.2163880000125573
0.2033660000506643
0.8274129999108482
0.24154800007636368
0.21474699997270363
0.21588599997812707
0.20018600002913445
0.20117600001867686
0.1969459999600076
0.21882700002606725
0.1903359999460008
0.20158600000286242
0.2134970000042813
0.250037999990127
0.2117469999802779
0.22573699993699847
0.24666800004524703
0.2201569999442654
0.20088600001599843
0.22158699994179187
0.20303600001625455
0.22318600008475187
0.21206600001733023
0.3949919999968188
0.4634739999573867
0.24968700006411382
0.4694750000453496
0.453173999972023
1.12819399998898
0.22902699993210263
0.2389570000786989
0.25603799997497845
0.20675700000083452
0.2680879999843455
0.21236600002794148
0.20877600002222607
0.20567600006415887
0.22330599995257217
0.24264699993636896
0.27932899990901205
0.3254700000070443
0.5239060000121754
0.23919700004171318
0.25782800003071316
0.22107699999196484
0.22364599999491475
0.19804600003681117
0.19463600006019988
0.20739600006436376
0.2127960000279927
0.5809179999687331
0.6993209999563987
1.2165680000180146
0.4683939999949871
0.7868239999879734
0.3347400000848211
0.27133799994771834
0.4718740000271282
0.23289700004625047
0.611158999959116
0.2904189999526352
0.29594900001939095
0.24877800001377182
0.7412520000116274
0.25671799994597677
0.3235499999618696
0.34084099991105177
0.2765880000197285
0.27719900003830844
0.3277299999808747
0.19532500004970643
0.2680380000583682
0.2260470000692294
0.1962659999890093
0.2354079999804526
0.2731380000113859
0.6441000000450003
3.4233240000958176
0.3695410000545962
0.49819499997738603
1.202157000079751
0.2303070000380103
0.44429399997625296
0.26165799999944284
0.3391200000351091
0.27357900000879454
0.31459000001632376
0.3068089999942458
0.32348000002002664
0.3207600000223465
0.4264030000058483
0.3735909999704745
0.35816100000829465
0.33467100001871586
0.3475110000863424
0.1933859999780907
0.21408699990388413
0.32672999998339947
0.2054169999610167
0.19126500001220847
0.2049969999688983
0.22213700003703707
0.24239799995484645
0.18941600001198822
0.48641500006851857
0.2473769999369324
0.48353499994391314
0.5850869999903807
0.7168920000140133
0.4515639999453924
0.21779700000479352
0.435784000046624
0.22243600005822373
0.2498979999927542
0.2554480000753756
0.21959600007903646
0.250886999992872
0.22768700000597164
0.46917500003473833
0.4713440000614355
0.27166800009581493
0.2619880000338526
0.3519210000604289
0.347889999943618
0.35067099997831974
0.29436900001655886
0.3209000000197193
0.3252000000202315
0.28057800000169664
0.3311000000394415
0.26815800003987533
0.2918390000559157
0.25066699993203656
0.2156470000045374
0.22831700005099265
0.2737089999982345
0.5472870000176044
0.25443800006996753
0.46268400001281407
0.6078579999666545
1.2243570000691761
0.29722199997195276
0.28634900002089125
0.5539669999734542
0.8527359999561668
0.2658979999523581
0.2555580000489499
0.2748379999957251
0.2449469999419307
0.1991560000078607
0.248707999958242
0.26095700002315425
0.272978999987572
0.4406840000683587
0.24010699996779294
0.5955579999863403
0.5979379999416778
0.3386110000747067
0.2674080000133472
0.3182200000537705
0.20958599998266436
0.22396700001081626
0.2388269999755721
0.20531600000595063
0.2722680000033506
0.24011699997572578
0.23024699999041331
0.20716699998502008
0.22404699996059207
0.2394570000205931
0.2520069999718544
0.20212599997648795
0.2633079999441179
0.28645899999446556
0.2655490000051941
0.2313960000037696
0.2771879999272642
0.19836600006328808
0.23481700009142514
0.2027059999818448
0.2329169999484293
0.22291699997367687
0.210945999924661
0.1903659999697993
0.2318669999112899
0.20988599999327562
0.6366589999515782
0.23748800003886572
0.21997600003942352
0.2116069999829051
0.26071199999933015
0.2698980000559459
0.31790499997441657
0.2337170000146216
0.242867999986629
0.23687700002028578
0.23147700005665683
0.22562200001630117
0.22432100001879007
0.2603580001050432
0.2201119999654111
0.21652699990681867
0.23014700002477184
0.23893200000202341
0.2491970000164656
0.24249299997336493
0.25216200003796985
0.25616400000672
0.2292810000881218
0.2353330000914866
0.23372699990886758
1.9167330000300353
0.25254800004859135
0.2612580000231901
0.26619800007665617
0.2940289999742163
0.6050090000826458
0.24985799996102287
0.228867000032551
0.21249600001738145
0.21494699990398658
0.26236700000481505
0.21057699996163137
0.23216599993247655
0.2563079999617912
0.21975300001031428
0.22427599992624891
0.205517000040345
0.2932630000032077
0.2796190000253773
0.2914289999580433
0.251877999971839
0.21635699999933422
0.24080700006834377
0.20078600005035696
0.2580230000148731
0.22340099997109064
0.22022699999979523
1.5761189999921044
0.28566900004989293
0.2557719999458641
0.2510929999743894
0.20592600003510597
0.6407790000366731
0.24674800010870968
0.28936900002918264
0.2238109999552762
0.25154200000088167
0.22518900004797615
0.2316370000698953
0.21263600001475425
0.23742700000184414
0.22587399996609747
0.2319970000144167
0.22353700001076504
0.24909800004024873
0.23060699993493472
0.24470700009260327
0.21243699995920906
0.2401170000894126
0.21317200003068137
0.22631700005604216
0.21819100004449865
0.2077960000406165
0.20725600006699096
0.2226770000106626
0.22764699997424032
0.2116069999829051
0.31219000004512054
0.26076800008922874
0.2518580000696602
0.2272870000297189
0.23476699993807415
0.19115600002805877
0.2315069999667685
0.20078699992609472
0.4793540000491703
0.21726200009197782
0.2092310000989528
0.21402600009423622
0.19312599999921076
0.22572199998194264
0.19790099997862853
0.23490700004913379
0.21752600002855615
0.2116059999934805
0.1912260000835886
0.17658499996286992
0.28177100000448263
0.2351250000174332
0.2793880000808713
0.513521000016226
0.22917699993740825
0.21680099996501667
0.2415669999891179
0.26398800002880307
0.21884700004193292
0.2092569999376792
0.20331700000042474
0.2466580000373142
0.19456699999409466
0.2066360000299028
0.19325599998865073
0.18827500002771558
0.37497100004202366
0.268466999955308
0.2096019999271448
0.2535780000698651
0.21721099994920223
0.20212599997648795
0.20869699994818802
0.22997700000360055
0.22605199990266556
0.26183800002854696
0.21565200006534724
0.21162200005164777
0.1949600000443752
0.22565200004009967
0.46632400005819363
0.2259919999687554
0.22705200001382764
0.1993659999470765
0.3675010000279144
0.20567100000334904
0.7670940000252813
0.22627700002431084
0.19610600008945767
0.20778600003268366
0.20844699997724092
0.22617199999785953
0.22438600001351006
0.20241599997916637
0.24355799996556016
0.23631199996998475
0.2556230000436699
0.20867099999577476
0.2052759999742193
0.24229699999978038
0.24070299991763022
0.2084819999481624
0.24237300010554463
0.19930600001316634
0.22076200002629776
0.4540139999562598
0.19930600001316634
0.18071599993163545
0.19004500006758462
0.2751079999825379
0.18847600006210996
0.6301689999190785
0.22042599994165357
0.18820599996161036
0.2105159999246098
0.19857699999192846
0.26629300009517465
0.23106700007247127
0.306098999999449
0.19634500006304734
0.20460099995034398
0.20753700005116116
0.20351600005596993
0.20767099999829952
0.20655600008012698
0.20671600009336544
0.22456200008491578
0.22847200000342127
0.19921599994177086
0.2545730000065305
0.582368000095812
0.2375470000970381
0.19917600002372637
0.22716699993452494
0.6478899999819987
0.2378369999860297
0.22947200000089651
0.24098699998376105
0.2288370000087525
0.22985199996128358
0.26982899998984067
0.23859199995968083
0.19980600006874738
0.23335699995641335
0.22586199997931544
0.2712529999371327
0.24426699997093237
0.22005599998919934
0.23619199998847762
0.20272099993690063
0.2093159999958516
0.21119699999871955
0.19701700000496203
0.2012659999763855
0.22589200000311394
0.2146170000969505
0.5855580000115879
0.29159899997921457
0.22852699999020842
0.25191700001414574
0.21607700000458863
0.2353119999725095
0.20961099994565302
0.31666400002450246
0.22157699993385904
0.22769700001390447
0.24031199995988572
0.22048200003155216
0.20790599990050396
0.21039599994310265
0.20020299996303947
0.2145090001022254
0.2079559999401681
0.19734600004994718
0.19379599996227626
0.193495999951665
0.19731999998384708
0.20860200004335638
0.27259300009063736
0.296170000069651
0.2517079999506677
0.5954279999969003
0.6568200000174329
0.25507300006211153
0.24654200001350546
0.2052419999927224
0.24767699994754366
0.2110760000277878
0.2273160000640928
0.19255600000178674
0.21347699998841563
0.19142600001487153
0.19351499997810606
0.18343499993989099
0.22691699996357784
0.2334069999960775
0.27769799999077804
0.3721360000099594
0.27179799997156806
0.22706699996888347
0.5425860000514149
0.620228999991923
0.22672699992654088
0.23260800003299664
0.2174459999650935
0.21551700001509744
0.2729280000721701
0.33189999999194697
0.20070600010058115
0.20788599999832513
0.23756699999921693
0.2371970000467627
0.20011600008729147
0.23003700005119754
0.28255799998078146
0.45736499998838553
0.2521879999903831
0.2313719999165187
0.2137469999752284
0.1989360000607121
0.23843199994644237
0.2215470000237474
0.6292390000908199
0.22621599998728925
0.1929659999859723
0.20951600004082138
0.270087999979296
0.2149770000414719
0.26584800002638076
0.2605979999543706
0.27646900002764596
0.22314600005302054
0.2144919999409467
0.23919700004171318
0.23917199996503768
0.21029600009114802
0.2571070000385589
0.23831800001516967
0.25614699995912815
0.22322200004509796
0.21858599995994155
0.23118199999316857
0.21134700000402518
0.2112170000145852
0.21391699999639968
0.28296900006807846
0.2323869999827366
0.2231380000239369
0.2322469999853638
0.19927599998936785
0.19720599993888754
0.2536279999958424
0.22263999994720507
0.21354400007567165
0.2222659999233656
0.21521700000448618
0.20250599993687501
0.2611840000099619
0.2454920000900529
0.2604740000151651
0.24608800003989018
0.26170699993599555
0.24722199998450378
0.19804600003681117
0.21067199998014985
0.19164599996202014
0.21503699997538206
0.240821000033975
0.21519200004149752
0.21406199994089548
0.2422019999812619
0.19287599991457682
0.6788309999592457
0.21949200004200975
0.23029699991639063
0.2611480000496158
0.3011819999301224
0.24307500007125782
0.2274270000270917
0.22691699996357784
0.22517700006119412
0.28928900007940683
0.22191700008988846
0.2177869999968607
0.2618180000126813
0.1973959999759245
0.249556999960987
0.21073599998544523
0.21389599999110942
0.21467199997005082
0.19948699991800822
0.21419400002287148
0.19964799992067128
0.20810600005916058
0.19400600001517887
0.2133259999936854
0.557527000069058
0.21193099996708042
0.23306699995373492
0.21277700000155164
0.2262660000269534
0.2341069999829415
0.4869949999601886
0.2757080000037604
0.26436300004206714
0.2501430000165783
0.23113600002488965
0.20377099997404002
0.21080099998016522
0.23794800006271544
0.19873700000516692
0.20370599997932004
0.20612200000869052
0.21650099995440542
0.2323770000884906
0.19712599998911173
0.20978600002763415
0.1916310000069643
0.21531699997012765
0.1973999999336229
0.2442300000211617
0.2181439999731083
0.2222260000053211
0.198686000089765
0.19696599997587327
0.20028599999477592
0.26988900003743765
0.2370570000493899
0.23040200005652878
0.22415600005842862
0.221062000036909
0.35422100006599067
0.22957700002734782
0.19164500008628238
0.1994360000026063
0.24590700002136145
0.24632800000290445
0.24197799996272806
0.23236700008055777
0.20623600005365006
0.21294600003329833
0.19252599997798825
0.20366600006127555
0.2246469999818146
0.21048700000392273
0.1850259999400805
0.23338699998021184
0.20653600006426132
0.23902699990685505
0.6870959999787374
0.24163700004464772
0.28051300000697665
0.24537800004509336
0.2009859999816399
0.22230599995509692
0.6146690000150556
0.2116370000067036
0.20290700001623918
0.24642699997912132
0.25064700002985774
0.21604699998079013
0.22876700006690953
0.20302600000832172
0.21869599993351585
0.19748600004731998
0.20744699997976568
0.4526339999983975
0.23739699997804564
0.27298800000608026
0.24782700006653613
0.30416900006002834
0.22814700002982136
0.20891700000902347
0.20574600000600185
0.23774699991463422
0.23957700000210025
0.20964700001968595
0.5228060000490586
0.2233370000794821
0.22802700004831422
0.25311700005659077
0.21104599989030248
0.2239760000293245
0.3110100000185412
0.21150700001726364
0.24358799998935865
0.48406500002329267
0.2233870000054594
0.28796799995234323
0.21997700002884812
0.24632800000290445
0.21170699994854658
0.307498999973177
0.20602600000074744
0.256657000022642
0.2009360000556626
0.21576599999661994
0.7099210000660605
0.24505800001861644
0.2037560000189842
0.21055600007002795
0.20177600003989937
0.2567679999856409
0.20233599991570372
0.23418700004640414
0.20851600004334614
0.2565490000279169
0.25101899996116117
0.23395499999878666
0.23563799993553403
0.2476770000612305
0.258687000041391
0.22121200004221464
0.19131600004129723
0.22045699995487666
0.1940760000707087
0.22887200009336084
0.20726100001411396
0.18988500005434616
0.22414199997911055
0.24277699992580892
0.22893800007750542
0.18569600001683284
0.2010460000292369
0.21762700009730906
0.25518799998280883
0.2703979999978401
0.25716799996189366
0.27207799996631366
0.2276769999980388
0.22703699994508497
0.3645809999852645
0.21444099991185794
0.20476600002439227
0.19719099998383172
0.2022060000399506
0.21082499995372928
0.1931360000071436
0.19654100003663189
0.21045599999069964
0.21762100004707463
0.22335699998166092
0.21106099995904515
0.230137000016839
0.20893100008834153
0.6972810000434038
0.25575799998023285
0.3198099999508486
0.24085699999432109
0.24468699996305077
0.21566700002040307
0.24612699996851006
0.24735700003475358
0.2520369999956529
0.2526879999322773
0.22570600003746222
0.21562700010235858
0.2720879999742465
0.2612609999914639
0.22531399997660628
0.22220699997888005
0.2164170000469312
0.23485799999889423
0.1988859999073611
0.2202169999918624
0.20542599997952493
0.2539769999430064
0.21817699996518058
0.19526599999153404
0.20534700001917372
0.22139700001844176
0.2501070000562322
0.5942679999861866
0.2821290000838417
0.2710280000428611
0.25438799991661654
0.22766699999010598
0.23436699996182142
0.2337870000701514
0.24468699996305077
0.3104190000158269
0.20377600003484986
0.21361599999636383
0.22279700010585657
0.2068269999426775
0.21703699997033254
0.20695699993211747
0.24358699999993405
0.22276699996837124
0.2402369999572329
0.21151600003577187
0.239916999930756
0.22017599997070647
1.459343999954399
0.3070700000762372
0.19572700000480836
0.23778700006005238
0.20655599996644014
0.28206899992255785
0.28125799997269496
0.22959700004321348
2.849477000040679
0.2580679999937274
0.19478599995181867
0.2615680000417342
0.22658800003227952
0.28873799999473704
0.30562999995709106
0.2505969999901936
0.2313270000513512
0.22478799996861198
0.2101960000118197
0.25402799997209513
0.21718899995448737
0.27140600002439896
0.239276999991489
0.21948699998119992
0.3572910000002594
0.26264799998898525
0.27179899996099266
0.2127960000279927
0.2544270000726101
0.24847700001373596
0.22045699995487666
0.22322099994198652
0.22025100008704612
0.22668699989480956
0.2734689999215334
0.2029450000691213
0.2093460000196501
0.2178570000523905
0.2006860000847155
0.20265200009816908
0.2233870000054594
0.19357500002570305
0.23432700004377693
