payload_size_bytes=10240
runs=1000
mean_ms=0.282
median_ms=0.213
stddev_ms=0.237
min_ms=0.150
max_ms=2.411
---raw---
0.17340499994134007
0.2622980000523967
0.3760219999549008
0.16406400004598254
1.1963160000050266
0.2614980000998912
0.2533470000116722
0.2410970000710222
0.42133199997351767
0.19438600008925278
0.2887349999127764
0.32643999998072104
0.2154560000917627
0.25477199994838884
0.24281799994696485
0.2247569999553889
0.2237059999288249
0.18528099997183745
0.19018599994069518
0.199956000074053
1.8461260000322
0.9345290000055684
0.21961699997063988
2.41126300011274
1.985805000003893
0.393452000025718
0.1741249999440697
0.18307499999536958
0.20739600006436376
0.16982500005724432
0.16702499999610154
0.16935499991177494
1.4855350000289036
0.24052800006302277
2.3621520000460805
0.25972800006002217
0.19241600000441395
0.2646980000235999
0.18267600000854145
0.15019399995708227
0.16819600000417267
0.16893500003334339
0.18072500006383052
0.15734500004782603
0.15664500006096205
0.1979460000711697
0.15872500000568834
0.21897700003137288
0.18760600005407468
0.16706500002783287
0.2099869999483417
0.18345599994518125
0.1925859999118984
0.15707399995790183
0.15505500005019712
0.19395599997551471
0.16323399995599175
0.16097499997158593
0.17024600003878732
0.1550150000184658
0.16302500000620057
0.16233500002726942
0.16513499997472536
0.24434700003439502
0.18324500001654087
0.2800779999461156
0.48652499992840603
0.7203110000091328
0.26722799998424307
0.17662499999460124
0.18281500001648965
2.410022999924877
0.2801680000175111
0.19543600001270534
0.22152600001845713
0.2130859999169843
0.2161370000521856
0.269606999950156
0.415322999970158
0.1819860000296103
0.22238700000798417
0.20663599991621595
0.18995599998561374
0.19720600005257438
0.18317599995043565
0.21936600001026818
0.20915699997203774
0.1706960000547042
0.17443600006572524
0.7070709999652536
0.1832550000244737
0.2155370000309631
0.19241600000441395
0.16164499993465142
0.15880499995546415
0.6463290000056077
0.31881999996130617
0.1837050000403906
0.18953599999349535
0.19826599998395977
0.3230700000358411
0.16617599999335653
0.17215599996234232
0.16712499996174301
0.16620500002773042
0.16411499996138446
0.6816709999384329
0.1805150000109279
0.17029499997534003
0.17948599997907877
0.1935759999014408
0.17525499993098492
0.1811050000242176
0.1592640001035761
0.1694750000069689
0.1623449999215154
0.5217660000198521
0.16998499995679595
0.16942499996730476
0.1658850000012535
0.22420700008751737
0.19622599995727796
0.2169159999994008
0.21414600007574336
0.2964389999533523
0.46904400005587377
0.5115259999683985
0.1965860000154862
0.184634999982336
0.17043499997271283
0.3725520000443794
0.4838349999545244
0.509716000010485
0.4699650000929978
0.17173599997022393
0.1991159999761294
0.586118000001079
0.17760500008989766
0.18622599998252554
0.6667899999683868
0.4839950000814497
0.1751049999256793
0.24083799996788002
0.1871560000381578
0.2032359999475375
0.5949879999889163
0.5230659999142517
0.36949100001493207
0.2196570000023712
0.19513600000209408
0.18552599999566155
0.20096600007946108
0.19337599997015786
0.18953500000407075
0.18963100001201383
0.19179000003077817
0.1909549999936644
0.1729150000073787
0.20786599998245947
0.20170599998436956
0.19108699996195355
0.5158660000006421
0.23228700001709512
0.9691789999806133
0.5961179999758315
0.20413599997937126
0.2439569999523883
0.18872599991937022
0.2854589999969903
0.18349599997691257
0.16614500009382027
0.17683600003692845
0.1761460000579973
0.6948620000457595
0.17488600008164212
0.1853649999929985
0.5277569999861953
0.48913599994193646
0.21306700000423007
0.24881700005607854
0.22709699999268196
0.209456999982649
0.238586999898871
0.5958780000128172
0.4020130000981226
0.18656499992175668
0.3055099999755839
0.4464239999606434
0.5202459999509301
0.45099400006165524
0.1803049999580253
0.7314919999998892
0.5556370000476818
0.21812700003920327
0.23167699998793978
0.19259599991983123
0.2222269999947457
0.49995500000932225
0.20205599992095813
0.23574800002279517
1.0238710000294304
0.45539400002780894
0.1825860000508328
0.27808799995909794
0.21792699999423348
0.22617799993440713
0.19671500001550157
0.2653679999866654
0.25322800001958967
0.20379600005071552
0.2151470000626432
0.23162700006196246
0.6607399999438712
0.20302600000832172
1.7437220000147136
0.2140259999805494
0.31845000000885193
0.9831909999320487
1.261207999959879
0.20520600003237632
0.23243700002240075
0.22238700000798417
0.22428699992360634
0.21686699994916125
0.1937459999226121
0.23245699992457958
0.26984800001628173
0.21790599998894322
0.1907460000438732
0.1816760000110662
0.2366380000466961
0.3884220000145433
0.23853700008658052
0.22153600002638996
0.23705699993570306
0.6195390000129919
0.22440700001880032
0.6876410000131727
0.28568799996264715
1.188486000046396
0.21066600004360225
0.20962599990070885
0.31110899999475805
0.19912599998406222
0.2129960000729625
0.196086000073592
0.17854500003977591
0.21077199994579132
0.23578699995141505
0.2212670000290018
0.236611999980596
0.22434200002408033
0.20226100002673775
0.20709599994006567
0.1970109999547276
0.21248099994863878
1.670979999971678
0.2206059999707577
0.2262369999925795
0.22114699993380782
0.1867759999640839
0.18355500003508496
0.711781999939376
0.26654800001324475
0.24690699990514986
0.22203699995770876
0.6109390000119674
0.2098769999747674
0.1825659999212803
0.24332700002105412
0.21065599992198258
0.21480600003087602
0.17582599991783354
0.21854599992821022
0.18295500001386245
0.1779060000899335
0.18877599995903438
0.16685499997493025
0.20318599990787334
0.17691499999727966
0.16955499995674472
0.1894760000595852
0.1912760000095659
0.50790499994946
0.22571700003481965
0.19703499992829165
0.2592539999568544
0.21702599997297511
0.19944600001053914
0.2185570000392545
0.24781199999779346
0.24556799996844347
1.5601869999954943
0.18675500007248047
0.18922599997495126
0.2114669999855323
0.2524470000935253
0.1959249999572421
0.1797749999923326
0.2054519999319382
0.3445149999379282
0.19575600003918225
0.21468700003879349
0.20543599998745776
0.21021600002768537
0.17989599996326433
0.18218500008515548
0.1712250000309723
0.1839160000827178
1.5890680000438806
0.31497500003752066
0.22808699998222437
0.18871500003569963
0.2334069999960775
0.18039999997654377
0.19621599994934513
1.5689370000018243
0.2538779999667895
0.17499500006579183
0.21446599998853344
0.21998700003678096
0.19259599991983123
0.2063260000113587
0.21498600005998014
0.20855200000369223
0.20958100003554136
0.2059710000139603
0.18330999989757402
0.19221100001232116
0.19815099994957563
0.32464900004924857
0.384442000040508
0.466243999994731
0.17326499994396727
0.3201700000090568
0.2670279999392733
0.24396300000262272
0.23750200000449695
0.22226600003705244
0.20089600002393126
0.24692799991044012
0.20250600005056185
0.2384980000442738
0.18774599993776064
0.17535599999973783
0.1788959999657891
0.18650599997727113
0.18445600005634333
0.46675400005824486
0.19441599999936443
0.19663600005515036
0.1878260000012233
0.37690199997086893
0.25744799995663925
0.19111599999632745
0.18120499998985906
0.20879200008039334
0.19602999998369341
0.18623500000103377
1.8106149999539412
0.24864800002433185
0.21859599996787438
0.22856700002193975
0.22115699994174065
0.2000759999418733
0.19042099995658646
1.18635700005143
0.4106469999669571
0.19585600000482373
0.24344799999198585
0.21096099999340368
0.21743699994658527
0.18482999996649596
0.18686600003547937
0.21313199999895005
0.17296999999416585
0.1869860000169865
0.2420969999548106
0.190535000001546
0.24532299994461937
0.2048370000693467
1.1620249999850785
0.25167199999032164
0.22009700001035526
0.25817700009156397
0.20039599996835022
0.21559700007856009
0.20213599998442078
0.20190600002933934
0.2774980000594951
0.23789700003362668
0.24470699997891643
0.3836419999743157
0.229009000008773
0.2035959998920589
0.22487399996862223
0.20866600004865177
0.20341600009032845
0.24863699991328758
0.23972700000740588
0.1998160000766802
0.21129899994321022
0.21233399991160695
0.2630469999758134
0.5307860000129949
0.6471300000612246
0.533575999952518
0.24952800004029996
0.2374480000071344
0.20746699999563134
0.19231599992508563
0.3095889999258361
0.18945500005429494
0.23098700000900863
0.1862459999983912
0.4726350000510138
0.21945700007108826
0.21532700009174732
0.23739000005207345
0.23714500002824934
0.24749700003212638
0.20279600005324028
0.2260569999634754
0.2182269998911579
0.2194370000552226
0.21337599991966272
0.2182770000445089
0.9111480000001393
0.3028500000255008
0.456534000022657
0.2537980000170137
0.2518799999506882
0.22909699998763244
0.26608799998939503
0.22465399990778678
0.21757599995453347
0.29298400011157355
0.26131300000997726
0.19899100004749926
0.18711500001700188
0.22625099995821074
0.1902210000253035
0.18135600009827613
0.19780100001298706
0.22339700001339224
0.21088699998017546
0.19125500000427564
0.1867749999746593
0.20911699994030641
0.20008699993923074
0.17969600003198138
0.8017750000135493
0.22807699997429154
0.2198280000129671
0.2524180000591514
0.18804900003033254
0.2001330000211965
0.24355799996556016
0.22452700000030745
0.24936699992395006
0.2640980000023774
0.23103700004867278
0.26416799994422036
0.25080799991883396
0.2733880000960198
0.21996599991780386
0.20971699996152893
0.2014260001033108
0.18014500005847367
0.1791360000424902
0.20180599995001103
0.19119599994610326
0.19407599995702185
0.19840099992052274
0.710316999970928
0.17906499999753578
0.18334500009586918
0.2544369999668561
0.4924549999714145
0.2382470000839021
0.2482070000269232
0.2616379999835772
0.25171999993744976
0.1882130000012694
0.2183569999942847
0.22434600009546557
0.2956790000325782
0.2024259999870992
0.2310269999270531
0.20055599998158868
0.2007660000344913
0.18904499995642254
0.19670599999699334
0.19503599992276577
0.18784500002766436
0.1924360000202796
0.20325600007709
0.9564389999923151
0.5410260000644485
0.2580880000095931
0.2715880000323523
0.20464500005346054
0.2756080000381189
0.2734090001013101
0.19596599997839803
0.22066899998662848
0.24473500002386572
0.37692099999731
0.23634900003344228
0.23132699993766437
0.23012700000890618
0.22445699994477764
0.20866400006980257
0.20005800001854368
0.23098500003015943
0.20012599998153746
0.19560600003387663
0.19335600006797904
0.20119600003454252
0.8434760000000097
0.24815799997668364
0.529705999952057
0.24683000003733468
0.25778500003070803
0.21372699995936273
0.23587999999108433
0.21593400003894203
0.19374600003629894
0.1918059999752586
0.2098070000329244
0.22321699998428812
0.2365270000836972
0.22367700000813784
0.19660600003135187
0.18766599998798483
0.2050260000032722
0.22609200004808372
0.1929610000388493
0.20395599995026714
0.20465600005081797
0.19984599998679187
0.19141499990382727
0.19076600005973887
0.25494800001979456
0.7906039999170389
0.19307600007323344
0.17826599992076808
0.6479099999978644
0.2690079999183581
0.20370600009300688
0.27253899997958797
0.2419879999706609
0.20072699999218457
0.23853700008658052
0.21405700010745932
0.2069659999506257
0.1874360000329034
0.2136069999778556
0.18314599992663716
0.21650700000463985
0.1919159999488329
0.20333599991317897
0.1949059999333258
0.1767850000078397
0.1977460000261999
0.2793779999592516
0.2313620000222727
0.1913109999804874
0.2074060000722966
1.1278540000603243
0.20061599991549883
0.30509199996231473
0.2236950000451543
0.3143699999554883
0.2113560000225334
0.24083699997845542
0.2848589999757678
0.21481599992512201
0.18145000001368317
0.1907000000755943
0.17798500005028473
0.18188499996085739
0.1817459999529092
0.1802660000294054
0.20935700001700752
0.4624440000497998
0.20211599996855512
0.21544599997014302
0.22265699999479693
0.20811100000628358
0.20951599992713454
0.2003810000132944
0.18662499996935367
0.5537470000263056
0.1894750000701606
0.5701869999938936
0.19790599992575153
0.1876549999906274
0.20778599991899682
0.20911600006456865
0.18211999997674866
0.24228200004472455
0.21651700001257268
0.33506099998703576
0.2720880000879333
0.3422099999852435
0.214657000014995
0.21925699991243164
0.20845699998517375
0.25540799992995744
0.22684700002173486
0.20616599999812024
0.2261270000190052
0.22766699999010598
0.19020600007024768
0.20006599993394047
0.1783359999762979
0.5794380000452293
0.21026600006734952
0.20617600000605307
0.28550799993354303
0.235976999988452
0.20194599994738383
0.259112999970057
0.2380269999093798
0.2246070000637701
0.2299970000194662
0.21401699996204115
0.18607099991641007
0.25104799999553506
0.21434700011013774
0.19878599994171964
0.23313600001984014
0.2033960000744628
0.2334290001044792
0.2350639999804116
0.19371600001250044
0.19764600006055844
0.19355599999926199
0.19889599991529394
0.2552079999986745
0.1944059999914316
0.6375489999754791
0.6844110000656656
0.19512599999416125
0.3829309999900943
0.21118200004366372
0.1714149999543224
0.27718899991668877
0.21061099994312826
0.20794699992165988
0.26980900008766184
0.2533290000883426
0.1926060000414509
0.3178499999876294
0.21439699992242822
0.31511999998201645
0.20456699996884709
0.2800390000174957
0.20870599996669625
0.22465699998974742
0.3267800000230636
0.20381600006658118
0.785134000011567
0.2630179999414395
0.43374299991683074
0.22653600001376617
0.18683500002225628
0.3085490000103164
0.272478999931991
0.21357700006774394
0.24903700000322715
0.2027059999818448
0.19611499999427906
0.19273600003089086
0.23336699996434618
0.20497599996360805
0.20340699995813338
0.18462499997440318
0.20531600000595063
0.19479500008401374
0.1844460000484105
0.20845699998517375
0.22669100007988163
0.23344300007011043
0.20440699995560863
0.1934160000018892
0.2069570000458043
0.7582729999739968
0.24727799996071553
0.2690190000294024
0.2487069999688174
0.26499800003421115
0.26687699994454306
0.22775699994781462
0.266217999978835
0.2719530000376835
0.18360000001393928
0.2874989999099853
0.2004959999339917
0.21959900004731026
0.2147069999409723
0.24462499993660458
0.2579580000201531
0.2223660000026939
0.19810600008440815
0.20676600001934275
0.19846600002892956
0.23305700005948893
0.2131770000914912
0.18866499999603548
0.7983239999020952
0.3073300000551171
0.2877379999972618
0.18236599998999736
0.24990800000068703
0.26230799994664267
0.24464799992074404
0.17321600000741455
0.2266269999608994
0.20368600007714122
0.19684599999436614
0.20740599995860975
0.19301599991194962
0.17878500000279018
0.19638600008420326
0.20383599996876
0.2013960000795123
0.2157870000019102
0.21175599999878614
0.19995599996036617
0.1871860000619563
0.18852600010177412
0.1854459999321989
0.2206789999945613
0.4660020000528675
0.6709399999635934
0.232737000033012
0.1869860000169865
0.1765360000263172
0.21850600001016574
0.6094379999694866
0.20068699996045325
0.2979799999138777
0.24286800010031584
0.18892599996434
0.23698799998328468
0.2420570000367661
0.23920199998883618
0.2367020000519915
0.1952360000814224
0.19733600004201435
0.19802599990725867
0.18778599996949197
0.2401669999017031
0.23243600003297615
0.27904799992484186
0.20658599999023863
0.20581599994784483
0.25240800005121855
0.20146599990766845
0.18935599996439123
0.18592599997191428
1.0394710000127816
0.24496699995779636
0.2407870000524781
0.20485600009578775
0.18163599997933488
0.18808600009379006
0.18906600007539964
0.3972020000446719
0.18604600006710825
0.2551479999510775
0.21342699994875147
0.18517500006964838
0.4077629999983401
0.2213169999549791
0.19480600008137117
0.18806599996423756
0.19434600005752145
0.1879659999985961
0.18958599991947267
0.1854350000485283
0.20750600003793807
0.28191800004151446
0.212696999938089
0.22515700004532846
0.24477800002387085
0.22005599998919934
0.21704200003114238
0.6615450000708734
0.6628309999996418
0.24022199988849025
0.2757180000116932
0.2589729999726842
0.2310569999508516
0.2322770000091623
1.0260709999556639
0.21665700000994548
0.22534599997925397
0.2521030000934843
0.22139099996820732
0.24499300002389646
0.2479019999555021
0.19902600001842075
0.18214500005342416
0.21639700003106555
0.17511500004729896
0.20318599990787334
0.18832600005680433
0.20004099997095182
0.18211500002962566
0.2051310000297235
0.19217600004139967
0.4038719999925888
0.24836800002958626
0.7488830000283997
0.2509529999770166
0.20150099999227677
0.23271700001714635
0.24165800004993798
0.19357600001512765
0.20648600002459716
0.21480600003087602
0.18069500004003203
0.25645300001997384
0.19709000002876564
0.2066360000299028
0.186385999995764
0.20498599997154088
0.2078660000961463
0.2085070000248379
0.1940160000231117
0.32397999996192084
0.36051100005352055
0.22145700006603874
0.6475289999343659
0.2435369999602699
0.17157499996756087
0.18986499992479366
0.19486600001528132
0.2335169999696518
0.20513700007995794
0.21788699996250216
0.7193430000143053
0.21565700001247023
0.22138700001050893
0.24605700002666708
0.20236599993950222
0.18889600005422835
0.21021600002768537
0.21660600009454356
0.20578600003773317
0.20873600010418158
0.18860600005154993
0.4551339999352422
0.23806699994111113
0.2756479999561634
0.2267180000217195
0.24677999999767053
0.6957179999744767
0.2542369999218863
0.20757599997978105
0.2039759999661328
0.19654599998375488
0.17658499996286992
0.2196669998966172
0.19509599997036275
0.17787499996302358
0.20894600004339736
0.192435000030855
0.23763299998336151
0.1925059999621226
0.1843850000113889
0.17978000005314243
0.20522699992397975
0.18977199999881122
0.19859100007124653
0.18709099992975098
0.21011100000123406
0.2141570000731008
0.19206100000701554
0.21480199995949079
0.18102100000305654
0.19044999999096035
0.19607599995197234
0.18822499998805142
0.2029559999527919
0.1908159999857162
0.6522009999798684
0.609888999974828
0.21466599991981639
0.1972860000023502
0.19115600002805877
0.19126099994082324
0.1820600000428385
0.2501090000350814
0.32667900006799755
0.2064660000087315
0.1920259999224072
0.21236600002794148
0.19527699998889148
0.22177200003170583
0.19429099995704746
0.22205600009783666
0.20866700003807637
0.21370199999637407
0.20238100000824488
0.18508500011193973
0.18295600000328704
0.18615599992699572
0.631598999916605
0.49727500004337344
0.38651099998787686
0.21464700000706216
0.19877600004747364
0.1946849999967526
0.18460600006164896
0.2071369999612216
0.21497599993836047
0.24181800006317644
0.2897790000133682
0.19407499996759725
0.19378599995434342
0.22509699999773147
0.18576499996925122
0.18479599998499907
0.21334699999897566
0.20246600001883053
0.19975600002908322
0.1775959999577026
0.21169199999349075
0.17931600007159432
0.21879099995203433
0.2112869999564282
0.20142099992881413
0.21155100000669336
0.1918660000228556
0.17599499994958023
0.1874060000091049
0.2200469999706911
0.1842049999822848
0.16946499999903608
0.17933499998434854
0.18984600001203944
0.19154599999637867
0.9287979999044182
0.7205910000038784
0.238577000004625
0.24586699998963013
0.1953460000549967
0.19536499996775092
0.17605499999717722
0.21639700003106555
0.18277499998475832
0.22193699999206729
0.20185599998967518
0.20324600006915716
0.22941700001410936
0.19688599991241063
0.2087550000169358
0.22288699994987837
0.1895850000437349
0.19670599999699334
0.21379700001489255
0.8437470000899339
0.22687700004553335
0.5850270000564706
0.2368880000176432
0.23719699993307586
0.2106470000171612
0.7853440000644696
0.29011799995259935
0.24351700005809107
0.2025960000082705
0.21692699999675824
0.2017959999420782
0.1957059999995181
0.20215500001086184
0.21215599997503887
0.17374499998368265
0.18422599998757505
0.1852560000088488
0.19068599999627622
0.2016170000160855
0.22244100000534672
1.256318000059764
0.2249719999554145
0.22079200005009625
0.18838099992990465
0.23714799999652314
0.22526700001890276
0.5829180000773704
0.6176390000973697
0.43026299999837647
0.24263000000246393
0.22505699996600015
0.23702499993305537
0.1988859999073611
0.2156499999728112
