payload_size_bytes=10240
runs=1000
mean_ms=0.296
median_ms=0.228
stddev_ms=0.247
min_ms=0.156
max_ms=4.486
---raw---
0.29762900010155136
0.2850390000048719
0.28458799999953044
0.27343900001142174
0.2965290000247478
0.324090000049182
0.9626390000221363
0.31296999998176034
0.2461369999764429
0.2245569999104191
0.22678699997413787
0.2220060000581725
0.23222699996949814
0.27136799997151684
0.7715929999676518
0.24255799996808491
0.24295799994433764
0.22362599997904908
0.2643279999574588
0.23826699998608092
0.23961800002325617
0.2066859999558801
0.3133089999209915
0.2329070000541833
0.3659609999431268
0.4437439999946946
0.3061789999492248
0.29517899997699715
0.2824890000283631
0.3519910000022719
0.2594580000732094
0.37908100000549894
0.29235900001367554
0.2803180000228167
0.32450000003336754
0.32256899999083544
1.6317700000172408
0.2774380000118981
0.22803700005624705
0.20628599997962738
0.2570379999724537
0.20529599999008497
0.20514600009846617
0.1837549999663679
0.16885500008356757
0.1727449999862074
0.20719700000881858
0.23709700008112122
0.3131290000055742
0.23861700003635633
0.37083099994106306
0.19627599999694212
0.290618999997605
0.17758499996034516
0.15620399994986656
0.196726000012859
0.17159499998342653
0.19652599996788922
0.20435599992651987
0.16355399998246867
0.16944499998317042
1.9232390000070154
1.17732100000012
1.3813009999239512
0.1788949999763645
0.4440630000317469
0.18943600002785388
0.48832499999207357
0.2390769999465192
0.24369799996293295
0.2552070000092499
0.20445600000584818
0.23226700000122946
0.20166599995263823
1.3828869999770177
0.3043089999437143
0.649738999982219
0.2981490000593112
0.23439700009930675
0.22572700004275248
0.1907549999486946
0.1953259999254442
0.18811600000390172
0.22091699997872638
0.2553179999722488
0.1976759999706701
0.24552699994728755
0.23520700005974504
0.2386879999676239
0.2746090000300683
0.26651799998944625
0.21777599999950326
0.18785600002502179
0.19376499994905316
0.26855800001612806
0.19885599999724946
0.20887700009097898
0.24904800000058458
0.26046799996493064
0.22467700000561308
0.2024860000346962
0.2634080000234462
0.6332289999591012
0.27101900002435286
0.2325570000039079
0.4283429999532018
0.21759699995982373
0.21776599999157042
0.2157569999781117
0.1943759999676331
0.25462799999331764
0.21721600001001207
0.21717699996770534
0.25206800000887597
0.2290469999479683
0.20814599997720507
0.2397670000391372
0.2168370000390496
0.23272700002507918
0.19420600006014865
0.1739350000207196
0.186325999948167
0.18130600005861197
0.2046660000587508
0.19594599996253237
0.22274699995250558
0.18954600000142818
0.20258600000033766
0.19391600005747023
0.1924960000678766
0.24891699990803318
0.22142700004224025
0.21485599995685334
0.19191600006251974
0.21348600000692386
0.2606979999200121
0.4695739999078796
0.2241170000161219
0.31349000005320704
0.2282670000113285
0.22625700000844517
0.191525999980513
0.21325599993815558
0.64215999998396
0.2163460000019768
0.2091759999984788
0.19471599989628885
0.1996360000475761
0.1895959999274055
0.19762599993100594
0.18752599999061204
0.2114259999643764
0.1893759999802569
0.22722699998212192
0.18993599996974808
0.187016000040785
0.22727700002178608
0.2228170000080354
0.24404800001320837
0.22556700002951402
0.18956600001729385
0.20782599995072815
0.22648699996352661
0.19158599991442316
0.23838799995701265
0.20744699997976568
0.5153860000746135
0.2329169999484293
0.22539700000834273
0.2123119999168921
0.1890649999722882
0.21440699993036105
0.9739339999441654
0.7291239999176469
0.7299620000367213
0.26211500005501875
0.5407470000591275
0.2403980000735828
0.21207700001468766
0.8379549999517621
0.21924700001818564
0.2164160000575066
0.25825799991707754
0.22382700001344347
0.7206220000171015
0.21161600000141334
0.5235559999618999
0.281058000041412
0.21144599998024205
0.24699799996596994
0.23581699997521355
0.22121699998933764
0.21890699997584306
0.24063800003659708
0.19848599993110838
0.22237700000005134
0.2096960000699255
0.482784999917385
0.2607979999993404
0.20962600001439569
0.1900360000490764
0.19699599999967177
0.18830600004093867
0.1943260000416558
0.18419499997435196
0.22262699997099844
0.191865000033431
4.485505999923589
0.5975089999310512
0.27291899993997504
0.23854800008393795
0.2625280000074781
0.22144699994441908
0.21328599996195408
0.4643139999416235
0.24282699996547308
0.24675800000295567
0.21746599998095917
0.2240569999685249
0.20960699998795462
0.2640590000737575
0.2171470000575937
0.21938600002613384
0.2176870000312192
0.1996360000475761
0.2088960000037332
0.2217369999470975
0.21137600003839907
0.23759700002301543
0.22144700005810591
0.20401599999786413
1.2142659999199168
0.22323700000015378
0.23840799997287832
0.28493900003923045
0.27730800002245815
0.2167270000654753
0.22233699996832001
0.21170600007280882
0.1996060000237776
0.27047800006130274
0.21449600001233193
0.21911700002874568
0.18993600008343492
0.21411700004136947
0.20080600006622262
0.3078600000208098
0.5330760000106238
0.2468769999950382
0.21295600004123116
0.2271869999503906
0.2247569999553889
0.19706600005520158
0.21156599996174918
0.20711700005904277
0.20939600005931425
0.25793800000428746
0.25597799992738146
0.21956699993097573
0.22471599993423297
0.2162569999200059
0.2509269999109165
0.7751440000447474
0.29367899992394086
0.19498599999678845
0.22602700005336374
0.19772600001033425
0.20329599999513448
0.1942659999940588
0.19859600001836952
0.1949359999571243
0.19973600001321756
0.19516600002589257
0.21418699998321244
0.195104999988871
0.19787600001563987
0.5551869999180781
0.28350799993859255
0.2891890000000785
0.24528799997369788
0.21942600005786517
0.1848859999427077
0.21364600002016232
0.19748600004731998
0.2433679999285232
0.19853600008445937
0.20817699999042816
0.20831599999837636
0.21372599996993813
0.20809600005122775
0.19371600001250044
0.1947959999597515
0.18838600010440132
0.5063260000497394
0.22615699992911686
0.21569700004420156
0.20950700002231315
0.19425599998612597
0.2039769999555574
0.20853599994552496
0.2186270000947843
0.24301800010562147
1.0353710000572391
0.4968549999375682
0.2501080000456568
0.2571080000279835
0.21946699996533425
0.21911700002874568
0.22045699995487666
0.21027699995102012
0.20728599997710262
0.208756999995785
0.20687599999291706
0.18982599999617378
0.1986560000659665
0.21925599992300704
0.19870599999194383
0.5277259999729722
0.2276769999980388
0.2085360000592118
0.26007799999661074
0.21637599991208845
0.2732179999611617
0.22832699994523864
0.2048559999821009
0.19920599993383803
0.2338269999881959
0.20069599997896148
0.6958410000379445
0.29911900003298797
0.2497880000191799
0.5166659999531475
0.2586880000308156
0.25406800000382646
0.21689599998353515
0.23050700008298008
0.24147799990714702
0.22009600002093066
0.21129699996436102
0.21353599993290118
0.23206699995625968
0.21505600000182312
0.49589500008551113
0.29066900003726914
0.2813889999515595
0.2239169999711521
0.24080799994408153
0.21389600010479626
0.2218370000264258
0.25231699999039847
0.23427799999353738
0.22625700000844517
0.20268599996597914
0.20849600002748048
0.2342880000014702
0.3319500000316111
0.21632699997553573
0.2325570000039079
0.2679780000107712
0.2337170000146216
0.21457599996210774
0.21854700003132166
1.3318700000581885
0.5080350000525868
0.22654699989743676
0.24453699995774514
0.22519700007705978
0.22703699994508497
0.2007769999181619
0.22967700010667613
0.23172700002760394
0.21397700004399667
0.4781650000040827
0.23539699998309516
0.2389170000469676
0.2080070000829437
0.2061159999584561
0.19970599998941907
0.20247599991307652
0.21971699993628135
0.20512599996891367
0.25283299999045994
0.23493699995924544
0.2163519999385244
0.26375700008429703
0.23644700002023455
0.2512720000140689
0.21436099996208213
0.2227569999604384
0.20495599994774238
0.19645600002604624
0.2271569999265921
0.21963699998650554
0.4704039999978704
0.24984800006677688
0.22740700001122605
0.22350699998696655
0.5494470000257934
0.2078759999903923
0.19583499999953347
1.7451830000254631
0.21665600002052088
0.2867890000288753
0.22545700005593972
1.1682849999488099
1.2250170000243088
0.2836989999650541
0.2146260000017719
0.5290870000180803
0.7197319999932006
0.20371599998725287
0.2035559999740144
0.20387600000049133
0.22280700000010256
0.21934599999440252
0.32530999999380583
0.6866709999258092
0.3481899999542293
0.20204600002671214
0.24344700000256125
0.24365799993120163
0.26144800006022706
1.7437340000014956
0.4019719999632798
0.2308069999799045
0.5697170000757978
0.8089650000329129
0.21200599996973324
1.287268999931257
0.31880000005912734
0.2745780000168452
0.2072670000643484
0.20872599998256192
0.214245999927698
0.2069270000220058
0.20582599995577766
0.19737599996005883
0.580538000008346
0.2887289999762288
0.2036160000216114
0.18955600000936101
0.19356600000719482
0.22346700006892206
0.2040059999899313
0.2526179999904343
0.20900600009099435
0.22203699995770876
0.20730599999296828
0.19660600003135187
0.6157980000125463
0.25630800007547805
0.264248000007683
0.20562700001391931
0.20027600010052993
0.19636599995465076
0.22141700003430742
0.19153599998844584
0.18548599996393023
0.21548699999129894
0.7245519999514727
0.2795290000676687
0.24816799998461647
0.22094700000252487
0.2076570000326683
0.23145700004079117
0.2556870000489653
0.2183870000180832
0.2448069999445579
0.22477699997125455
0.21717599997828074
0.21198699994329218
0.5476059999409699
0.23651699996207753
0.24566700005834718
0.21565700001247023
0.21354700004394545
0.23075700005392719
0.22578699997666263
0.2115359999379507
0.25154799993742927
0.2684980000822179
0.26075799996760907
0.22684699990804802
0.21908700000494719
0.6600200000548284
0.22643699992386246
0.23427700000411278
0.21881700001813442
0.23355799999080773
0.21656699993855
0.2148370000440991
0.19818600003418396
0.21184699994591938
0.23388700003579288
0.20279599993955344
0.2389969999967434
0.1927150000256006
0.2020970000558009
0.19599600000219652
0.7813739999846803
0.30873900004735333
0.2664180000238048
0.23552700008622196
0.21646699997290852
0.2570970000306261
0.2117770000040764
0.16406500003540714
0.21449700000175653
0.21250600002531428
0.20313599998189602
0.18748600007256755
0.21278600002005987
0.5076959999996689
0.24503800000275078
0.2556279999907929
0.20938599993769458
0.20220599992626376
0.19262599994362972
0.22433700007695734
0.1921159999938027
0.4180329999599053
0.2573880000227291
0.2679079999552414
0.2556570000251668
0.23145700004079117
0.2275670000244645
0.25687799995921523
0.5145249999713997
0.23641699999643606
0.21270599995659722
0.20662600002196996
0.21489599998858466
0.20526599996628647
0.19661599992559786
2.3623929999985194
0.5943880000813806
0.3134700000373414
0.2740280000352868
0.2240269999447264
0.1976060000288271
0.21400599996468372
0.21774699996512936
0.21288600009938818
0.21334600000955106
0.19734600004994718
0.21361699998578842
0.6926909999265263
0.3104989999656027
0.22804699995049305
0.19256600000971957
0.19686599989654496
0.20644599999286584
0.20478600004025793
0.22487700005058286
0.20122700004776561
0.2404370000022027
0.2776779999749124
0.22771700002977013
0.7744029999230406
0.23211699999592383
0.20078599993667012
0.1991159999761294
0.27642800000649004
0.22064699999191362
0.20139599996582547
0.19356600000719482
0.1866359999667111
0.19930600001316634
0.18430599993735086
0.1925059999621226
0.19258600002558524
0.18636599997989833
1.1963059999970937
0.1997460000211504
0.21026699994308728
0.21552600003360567
1.2506870000379422
0.23486700001740246
0.2819079999198948
0.2931390000640022
0.20147600002928812
0.21488699997007643
0.20684699995854317
0.21187699996971787
0.19627599999694212
0.20017600002120162
0.253277999945567
0.20803699999305536
0.21198699994329218
0.20094600006359542
0.1971360001107314
0.21165700002256926
0.1868760000434122
0.1940949999834629
0.18980599998030812
0.22554700001364836
0.2066859999558801
0.2860189999864815
0.22474699994745606
0.24963700002444966
0.21342699994875147
0.5745280000155617
0.28867899993656465
0.21322700001746853
0.22666699999263074
0.19811599997865414
0.19347600004948617
0.21246599999358295
0.2517570000009073
0.20377700002427446
0.19176599994352728
0.18985600001997227
0.2022360000637491
0.5242360000465851
0.2688580000267393
0.26391799997327325
0.24047799990967178
0.23050699996929325
0.2521980001120028
0.2018960000214065
0.20969599995623867
0.21140699993793532
0.20011599997360463
0.19927599998936785
0.19839599997339974
0.2663679999841406
0.31032000003961
0.25666800001999945
0.2025389999289473
0.3162500000826185
0.24514799997632508
0.27723599998807913
0.770882999972855
0.500794999993559
0.2981720000434507
0.19588400004977302
0.23483600000417937
0.2409379999335215
0.218106000033913
0.24264699993636896
0.2400770000576813
0.22929799990834
0.1992160000554577
0.2305019999084834
0.25139299998500064
0.23114700002224708
0.19739600008961133
0.2630080000471935
0.20968600006199267
0.4575240000121994
0.25635800000145537
0.2265770000349221
0.2160059999596342
0.23079799996139627
0.2755310000566169
0.23912500000733417
0.22169599992594158
0.23690600005465967
0.21594700001514866
0.21043599997483398
0.20539600006941328
0.2375579999807087
0.21074699998280266
0.22106700009771885
0.36826099994868855
0.29887899995628686
0.25883800003612123
0.2592480000203068
0.2746989999877769
0.4790939999566035
0.2791590000015276
0.2791279999883045
0.2881890000026033
0.2865889999839055
0.27877800005171594
0.29390899999270914
0.2935290000323221
0.2355870000201321
0.2529270000195538
0.23771200005739956
0.24165699994682655
0.23180699997737975
0.21029599997746118
0.22076599998399615
0.21317100004125678
0.22532700006649975
0.2400170000100843
0.21817699996518058
0.2131919999328602
0.22121699998933764
0.20747700000356417
0.2560420000463637
1.6423050000184958
0.2838990000100239
0.7856400000036956
0.23741800009702274
0.23971699999947305
0.2244720000135203
0.22153199995500472
0.24617200006105122
0.24601799998436036
0.2228669999340127
0.1964859999361579
1.2181670000472877
0.2538580000646107
0.253487000009045
0.2609379999967132
0.2889340000820084
0.5265560000680125
0.2317569999377156
0.26698299996041897
0.22932699994271388
0.19805599993105716
0.6658300000026429
0.20745700010138535
0.2184209999995801
0.26359299999967334
0.5133859999659762
0.314603999981955
0.2355080000597809
0.7681419999698846
0.308129000018198
0.22462700007963576
0.35074100003384956
0.5694879999964542
0.25821799999903305
0.21675699997558695
0.21676599999409518
0.18979599997237528
0.21529600007852423
0.2113120000331037
0.6562959999882878
0.2175020000549921
0.19566599996778677
0.19771600000240142
0.5801570000585343
0.6962809999322417
0.2709330000243426
0.22730699993189774
0.21544200001244462
0.23881699996763928
0.20431600000847538
0.27800899999874673
0.23141700000905985
0.20810700004858518
0.2173069999571453
0.33288499992067955
0.27158399996096705
0.21358699996198993
0.22230700005820836
0.5041349999146405
0.24306799991791195
0.22938699999031087
0.20038600007410423
0.19944600001053914
0.19679600006838882
0.18570500003534107
0.2111919999379097
0.23773700002038822
0.25101799997173657
0.24540699996578041
0.21395699991444417
0.22933700006433355
0.22038700001303368
0.2108069999167128
0.6130589999884251
0.2621680000629567
0.2350969999724839
0.1997159999973519
0.20487599999796657
0.2301759999454589
0.25350800001433527
0.22193699999206729
0.25026699995578383
0.25180800002999604
0.2156159999913143
0.2663579999762078
0.4560439999750088
0.23085199995875882
0.26904799995008943
0.5676019999327764
0.29119900000296184
0.2147970000123678
0.18902600004366832
0.25195300008817867
0.23835199999666656
0.2227070000344611
0.21580600002835126
0.21402699996997399
0.20735600003263244
0.21408700001757097
0.23455999996713217
0.2097829999456735
0.20019599992338044
0.2117169999564794
0.24523799993403372
0.4066219999003806
0.31008200005544495
0.241323999944143
0.2506370000219249
0.247437999973954
0.2996990000383448
0.2205360000289147
0.673310000024685
0.23169700000380544
0.21305600000687264
0.28411900007085933
0.6814940001049763
0.3160700000535144
0.25053800004570803
0.2160669999966558
0.23088699992968031
0.22435400001086236
0.23985699999684584
0.21331699997517717
0.5049860000099216
0.29728899994552194
0.8651469998994799
0.23852799995438545
0.23804699992524547
0.25441799994041503
0.20469599996886245
0.2172609999888664
0.2216619999444447
0.21105199994053692
0.20639199999550328
0.1938809999728619
0.21047099994575547
0.6376399999226123
0.22501199998714583
0.4639339999812364
0.22959699992952665
0.21345599998312537
0.21868699991500762
0.24597200001608144
0.24785799996607238
0.7539419999602615
0.23475800003325276
0.4540439999800583
0.2580670000043028
0.20972699996946176
0.21908700000494719
0.26219799997306836
0.20906599991121766
0.19406600006277586
0.5998389999604115
0.5627080000749629
0.24848299995028356
0.21549699999923178
0.19794599995748285
0.22097099997608893
0.3751719999627312
1.0585320000018328
0.22872699992149137
0.47526399998787383
0.25208800002474163
0.2368070000784428
0.35432000004220754
0.25346799998260394
0.2173419999280668
0.23640200004138023
0.888537000037104
0.21408200007044798
0.49084500005847076
0.23258700002770638
0.24086099995201948
0.24535699992611626
0.2849190000233648
1.1411650000354712
0.6149980000600408
0.2238060000081532
0.22624700000051234
0.20053700006883446
0.23624699997526477
0.21514699994895636
0.2679479999869727
0.24784699996871495
0.2566580000120666
0.21722699989368266
0.2350669999486854
0.5330459999868253
0.29007900002397946
0.2420580000261907
0.24274700001569727
0.22389699995528645
0.2612880000469886
0.2249670000082915
0.706942000078925
0.5588970000189875
0.25882699992507696
0.27409800009081664
0.2600880000045436
0.2925989999766898
0.2378069999622312
0.22803700005624705
0.23277700006474333
0.2271820000032676
0.21769600004972745
0.5986990000792503
0.6533340000487442
0.26314799993087945
0.2457479999975476
0.2442670000846192
0.22000700005264662
0.21308700002009573
0.5934280000019498
0.2240869999923234
0.21238600004380714
0.23243700002240075
0.22041699992314534
0.27906800005439436
0.2670379999472061
0.2606880000257661
0.22701700004290615
0.23138699998526135
0.21984700003940816
0.25295699992966547
0.2012319999948886
0.26933399999506946
0.25114799996117654
0.41759199996249663
0.2541480000672891
0.609718000077919
0.26165899998886744
0.2257469999449313
0.2817990000494319
0.23029700003007747
0.21478600001501036
0.25364800001170806
0.23441700000148558
0.8476660000269476
0.4505639999479172
0.24084999995466205
0.2394949999597884
0.20430600000054255
0.2934020000111559
0.24159399993095576
0.2484609999555687
0.2394939999703638
0.2081160000670934
0.21838699990439636
0.2278869999372546
0.20169599997643672
0.21668699992005713
0.3368600000612787
0.20504600001913786
0.2053059999980178
0.20752600005380373
0.2432569999655243
0.2081559999851379
1.2458580000611619
0.2462169999262187
0.25891699999647244
0.2653779999945982
0.27603800003817014
0.23063700007242005
0.6076290000009976
0.2916089999871474
0.22094600001310027
0.20869599995876342
0.5474760000652168
0.2849989999731406
0.239628000031189
0.21488599998065183
0.19991600004232168
0.19691599993620912
0.19484599999941565
0.18982599999617378
0.20954699994035764
0.9909100000413673
0.20368600007714122
0.24514699998690048
0.21564599990142597
0.2533569999059182
0.21096599994052667
0.23623699996733194
0.20539599995572644
0.2266870000084964
0.23398700000143435
0.21872700006042578
0.24010699996779294
0.21597600004952255
0.26142799993067456
0.2376669999648584
0.23314700001719757
0.20124599996051984
0.23725699998067284
0.19889600002898078
0.20687599999291706
0.20669600007749978
0.28349900003377115
0.21770599994397344
0.217257000031168
0.19340500000453176
0.23612699999375764
0.2683289999367844
0.25667299996712245
0.48247500001252774
0.2643230000103358
0.2686189999394628
