payload_size_bytes=10240
runs=1000
mean_ms=0.289
median_ms=0.228
stddev_ms=0.231
min_ms=0.164
max_ms=3.144
---raw---
0.2549580000277274
0.18879399999605084
0.19517599992013857
0.24656799996591872
1.00106100001085
0.4751550000037241
1.0112310000067737
0.20393599993440148
0.18415600004573207
0.2070259999982227
0.2378679999992528
0.2089570000407548
0.3911019999804921
0.24565699993672752
0.19358500003363588
0.3627910000432166
0.23757700000714976
0.6975119999879098
1.593108000065513
1.0400720000234287
0.28570900008162425
0.25687800007290207
0.3511510000180351
0.22511700001359713
0.18413499992675497
0.22608699998727388
0.5312760000606431
0.2482080000163478
0.3667209999775878
0.2015759999949296
0.2584579999620473
0.20985700007258856
0.26745800005301135
0.32945999998901243
0.21239599993805314
0.20925600006194145
0.7425320000038482
0.22599700002956524
0.8781469999803448
0.2648079999971742
0.2954290000616311
0.3045800000336385
0.20476600002439227
0.24127699998643948
0.5289659999334617
0.5829369999901246
0.23391700005959137
0.2550680000013017
0.2794990000438702
0.2800789999355402
0.2664880000793346
0.3922920000150043
0.28753800006597885
0.35141099999691505
0.6114289999459288
0.4523630000221601
0.24080699995465693
0.24937800003499433
0.26524800000515825
0.3043689999913113
0.27438799997980823
0.9872299999642564
0.2391379999835408
0.25351699991915666
0.4562939999459559
0.2547070000673557
0.22863700007746957
0.23038700010147295
0.2117760000146518
0.21746599998095917
0.23751700007323961
0.19440600010511844
0.19682600009218731
0.1958959999228682
0.23461700004645536
0.20752600005380373
0.19967599996562058
0.21909700001288002
0.19527599999946688
0.21911700002874568
0.19764600006055844
0.24644799998441158
0.21471599995948054
0.21069700005682535
0.760603000003357
0.4998250000198823
0.2757380000275589
0.20096599996577424
3.1444050000573043
0.7519929999943997
0.25154799993742927
0.21358599997256533
0.9055079999598092
0.4070530000035433
0.21291699999892444
1.1718549999386596
1.1792960000320818
0.5800070000532287
2.272789000016928
0.2812689999700524
0.2496470000323825
1.7489629999545286
0.33196100002896856
1.269428999989941
0.2397380000047633
0.19953599996824778
0.27386900001147296
0.19044500004383735
0.16413499997725012
0.22750700009055436
0.2636380000922145
0.21287600009145535
0.43184300000120857
0.4909849999421567
0.25958799994896253
0.36313099997187237
0.18556600002739287
0.30766899999434827
0.45423300002767064
0.2559079999855385
0.24603699989711458
0.2933289999873523
0.5113849999816011
0.46556400002373266
0.19158599991442316
0.6670799999710653
0.226897000061399
0.20691700001407298
0.20825599995077937
1.389161999895805
0.6224190000239105
1.2437080000609058
0.20726599996123696
1.7614629999798126
0.22713700002441328
1.9897199999832083
1.7006110000465924
0.2818579999939175
1.155714999981683
0.25592800000140414
0.19761600003675994
0.21241600006760564
1.9324190000133967
0.25428799995097506
0.22717699994245777
0.2935290000323221
0.3011290000358713
0.29364899990014237
0.2429479999364048
0.22895699999025965
0.2000660000476273
0.2018160000716307
0.44492300003184937
0.479823999967266
0.20755599996391538
0.22746700005882303
0.24203700002090045
0.5449760000146853
0.47048400006133306
0.2395970000179659
0.2804580000201895
0.23060699993493472
0.2603479999834235
0.24017800001274736
0.24777700002687197
0.2631580000524991
0.20915599998261314
0.3554009999788832
0.21989699996538548
0.22068900000249414
0.23528400004124705
0.22949699996388517
0.2621779999572027
0.2544900000884809
0.23232700004882645
0.21268499995130696
0.23709999993570818
0.5015159999857133
0.30262899997524073
2.311359999907836
0.2516179999929591
0.25957800005471654
0.2461069999526444
0.2530870000327923
0.2207469999575551
0.21953399993890343
0.2065459999585073
0.20677600002727559
0.19628600000487495
0.22517699994750728
0.19485500001792389
1.3425109999616325
0.2491200000349636
0.2524379999613302
0.28125599999384576
0.23183700000117824
0.26939899998978944
0.228176999939933
0.44907399990279373
0.2112559999432051
0.25783799992495915
0.20780700003797392
0.45487399995636224
0.4815150000467838
0.31223999997109786
0.19832599991786992
0.24372699999730685
0.2033159998973133
0.21577699999397737
0.1802650000399808
0.23943799999415205
0.21057699996163137
0.2648480000289055
0.22226700002647704
0.25181099999826984
0.21762400001534843
0.22158599995236727
0.22455700002410595
0.20633700000871613
0.22774700005356863
0.21234899998034962
0.20609400007742806
0.2149370000097406
0.19904599992059957
0.19368599998870195
0.5353770000056102
0.24027699998896423
0.2599880000389021
0.22332699995786243
0.20536600004561478
0.22904700006165513
0.22367700000813784
0.4825039999332148
0.2954090000457654
0.34055099990837334
0.21112700005687657
0.2949490000219157
0.21633699998346856
0.2096769999297976
0.23924700008137734
0.20265600005586748
0.23409699997500866
0.21791699998630065
0.2209669999047037
0.2083260000063092
0.20908599992708332
0.19902600001842075
0.2132269999037817
0.21190699999351637
0.1970360000314031
0.25849799999377865
0.1923359999409513
0.21924899999703484
0.21175300003051234
0.40799200007768377
0.23054700000102457
0.22642700002961647
0.20921600003021013
0.27333799994266883
0.2290370000537223
0.5871579999165988
0.28614899997592147
0.24847700001373596
0.21067599993784825
0.21461599999383907
0.18724599999586644
0.21048700000392273
0.20059600001332
0.22382700001344347
0.20096599996577424
0.19541599999683967
0.21543700006532163
0.2044970000270041
0.20430600000054255
0.18911600000137696
0.21804699997574062
0.22495600001093408
0.2254170000242084
0.215866999951686
0.20457699997677992
0.23331700003836886
0.44709600001624494
0.2817179999965447
0.2975190000142902
0.23915700000998186
0.2344679999168875
0.23421700007020263
0.2150959999198676
0.18736499998794898
0.23939699997299613
0.2135660000703865
0.36519100001441984
0.26366800000232615
0.2186059999758072
0.23005699995337636
0.20311699995545496
0.18507599997974467
0.2025359999606735
0.19277599994893535
0.2822989999913261
0.18811500001447712
0.20409599994763994
1.448582999955761
0.2613550000205578
0.23725699998067284
0.22206699998150725
0.25688799996714806
0.20960599999853002
0.5368659999476222
0.28605800002878823
0.29576899999028683
0.22181700001056015
0.23946700002852594
0.2554480000753756
0.23465700007818668
0.2157860000124856
0.2370669999436359
0.2378679999992528
0.2618170000232567
0.21893699999964156
0.2541480000672891
0.2071369999612216
0.24526799995783222
0.21599699994112598
0.24843700009569147
0.23890699992534792
0.22531700005856692
0.20868700005394203
0.21651700001257268
0.20088600001599843
0.1941560000204845
0.19864600005803368
0.19761600003675994
0.19484599999941565
0.22648699996352661
0.2248969999527617
0.19984599998679187
0.20333699990260357
0.2668780000476545
0.23258700002770638
0.1929960000097708
0.22389700006897328
0.22323700000015378
0.24682299999767565
0.19449599994914024
0.20655699995586474
0.2189169999837759
0.24288699989938323
0.22263100004238368
0.26838799999495677
0.20968699993773043
0.2619180000920096
0.19564600006560795
0.26243800004976947
0.24752800004534947
0.21143200001461082
0.21547099993313168
0.21559700007856009
0.24924699994244293
0.2017959999420782
0.20216699999764387
0.1932459999807179
0.22180600001320272
0.5795469999156921
0.2808909999885145
0.22825400003512186
0.21818799996253802
0.22316199999750097
0.2682120000372379
0.2221869999630144
0.26706900007411605
0.2576680000174747
0.21076600000924373
0.21326199998839002
0.19887599989942828
0.21338099998047255
0.2256020000004355
0.2049959999794737
0.19771600000240142
0.19650599995202356
0.19597100003920787
0.2274880000641133
0.2147359999753462
0.19764600006055844
0.2014010000266353
0.1921150000043781
0.19428099994911463
0.21246599999358295
0.21031100004620384
0.22236199993130867
0.21815200000219193
0.19613599999956932
0.19755100004203996
0.2186109999229302
0.25585299999875133
0.22308600000542356
0.23774700002832105
0.21772600007352594
0.22465699998974742
0.2551479999510775
0.21203599999353173
0.1935749999120162
0.7095710000157851
0.22202699994977593
0.20850099997460347
0.2054120000138937
0.2469879999580371
0.2102359999298642
0.21858300010535459
0.22595200005071092
0.2279569999927844
0.2158170000257087
0.29428900006678305
0.20237600006112189
0.2241659999526746
0.241237000068395
0.24127799997586408
0.25832799997260736
0.21796199996515497
0.2278070001011656
0.19674600002872467
0.25554699993790564
0.22091200003160338
0.29137800004264136
0.2037560000189842
0.18890599994847435
0.21485700005996478
0.6525790000750931
0.21665099995971104
0.2104159999589683
0.19086600002538034
0.2164259999517526
0.23976699992545036
0.2615079999941372
0.26569300007395213
0.22343699993143673
0.23701600002823398
0.20332600001893297
0.24968299999272858
0.19309599997541227
0.23651200001495454
0.295479999977033
0.24032299995724316
0.2274669999451362
0.19633599993085227
0.18875600005685556
0.19737100001293584
0.22859700004573824
0.2025669999738966
0.19746600003145431
0.5287059999545818
0.6218180000132634
0.47632500002237066
0.2616179999677115
0.23277700006474333
0.2736479999612129
0.2189460000181498
0.22424199994475202
0.2105820000224412
0.2691070000082618
0.24750299996867398
0.20276700001886638
0.21486699995421077
0.20933600001171726
0.20828599997457786
0.19147599994084885
0.2261570000428037
0.1921349999065569
0.20243599999503203
0.23117700004604558
0.22954700000354933
0.2039459999423343
0.1913149999381858
0.19319600005474058
0.2158219999728317
0.24150199999439792
0.717316000077517
0.22163200003433303
0.18496500001674576
0.19632600003660627
0.18991599995388242
0.2571029999671737
0.21616599997287267
0.22101699994436785
0.21707799999148847
0.2522229999613046
0.208817000043382
0.1999959999920975
0.22174699995503033
0.1937060000045676
0.18882500000927394
0.19927600010305468
0.2034770000136632
0.1952159999518699
0.18728600002759777
0.19311500000185333
0.22066700000777928
0.2919639999845458
0.3126699999711491
0.21590599999399274
0.2746879999904195
0.24442800008728227
0.23001299996394664
0.22676700007195905
0.20557000004828296
0.20877200006452767
0.20290600002681458
0.18476499997177598
0.27943299994603876
0.20869599995876342
0.23007699996924202
0.2246420000346916
0.20034599992868607
0.24878700003228005
0.2054760000191891
0.21654600004694657
0.19311599999127793
0.19146600004660286
0.23314199995638774
0.3914119999990362
0.25511800004096585
0.24737700005061924
0.22368700001607067
0.21453099998325342
0.232390999940435
0.34303000006730144
0.3040090000467899
0.20514599998477934
0.25293800001691125
0.21868600003926986
0.19614600000750215
0.18711600000642648
0.19932599991534516
0.20033099997363024
0.6151380000574136
0.26342299997850205
0.8353750000651416
0.22836599998754537
0.3578709998919294
0.2267669999582722
0.23137800008043996
0.24539800006095902
0.20276600002944178
0.2077359999930195
0.22226700002647704
0.24769699996340933
0.27132800005347235
0.29566900002464536
0.28519099998902675
0.32105800005410856
0.26619000004757254
0.2360869999620263
0.7867439999245107
0.28691599993635464
0.48980499991557735
0.23668800008636026
0.27502900002218666
0.6988110000065717
0.5614770000192948
0.2218459999312472
0.2613980000205629
0.26015799994638655
0.21983600004205073
0.21514599995953176
0.21024599993779702
0.2500479999980598
0.21327599995402124
0.25691799999094656
0.22793699997691874
0.2557369999749426
0.20568699994782946
0.23245699992457958
0.7880240000304184
0.5057050000232266
0.2610599999570695
0.6074880000142002
0.2527560000089579
0.23123699997995573
0.211426999953801
0.20876700000371784
0.7318130000157907
0.22152700000788172
0.22069700003157777
0.20010600007935864
0.21625700003369275
0.22779699997954594
0.20507699991867412
0.2039759999661328
0.20407600004546111
0.21435700000438374
0.20204700001613674
0.44843299997410213
0.25797799992233195
0.2785890000041036
0.24150700005520775
0.7052810000232057
0.22780699998747878
0.19787600001563987
0.21904699997321586
0.24350800003958284
0.21366700002545258
0.23078600008830108
0.212275999956546
0.7350329999553651
0.22321599999486352
0.232737000033012
0.217196999983571
0.212336000004143
0.22054700002627214
0.22520699997130578
0.23218700005145365
0.28475900001012633
0.23138699998526135
0.2381169999807753
0.21359699996992276
0.2293570000801992
0.21798700004183047
0.22794699998485157
0.21131599999080208
0.20986599997740996
1.110503999939283
0.27621800006727426
0.27278899995053507
0.2694890000611849
0.22087599995757046
0.22258700005295395
0.20092700003715436
0.18882599999869853
0.32120899993515195
0.27224899997690954
0.271439999892209
0.24165499996797735
0.3149200000507335
0.27914800000417017
0.2243970000108675
0.22375000003194145
0.23600499991971446
0.21566600003097847
0.21203699998295633
0.21748699998624943
0.21812599993609183
0.2299269999639364
0.744553000004089
0.2503270000033808
0.2527080000618298
0.26941799990254367
0.21768699991753238
0.2076860000670422
0.2685680000240609
0.27160800004821795
0.21980700000767683
0.2600409999331532
0.2473250000321059
0.282179000009819
0.20625699994525348
0.21018699999331147
0.2128270000412158
0.2360169999064965
0.22398700002668193
0.21217599999090453
0.2043959999582512
0.21609599991734285
0.18656499992175668
0.1826550000032512
0.18897600000400416
0.20306700002947764
0.19722600006844004
0.1897260000305323
0.36132100001395884
0.2962089999982709
0.27572900000905065
0.23438799996711168
0.2124070000490974
0.2223669999921185
0.28108899994094827
0.30463000007330265
0.22642700002961647
0.21394700002019817
0.19703599991771625
0.21148600001197337
0.2263779999793769
0.2181169999175836
0.1984460000130639
0.21167900001728412
0.21942399996532913
0.2404879999176046
0.23419700005433697
0.21749699999418226
0.23176700005933526
0.2588880000757854
0.23158700003023114
0.2915779999739243
0.26282799990440253
0.2640680000922657
0.22976699995069794
1.1349040000823152
0.24048699992818
0.2287069999056257
0.21266700002797734
0.19168599999375147
0.20651700003782025
0.23883699998350494
0.24263699992843613
0.22625899998729437
0.21910400005253905
0.21746699997038377
0.23197699999855104
0.5903580000676811
0.37609100002100604
0.23316800002248783
0.24413800008460385
0.208756999995785
0.2461379999658675
0.2246870000135459
0.37968399999499525
0.25857499997528066
0.28009899995140586
0.21519699998862052
0.20659599999817146
0.21555700004682876
0.1994960000502033
0.21001699997214018
0.1983859999654669
0.24379700005283667
0.2562280000120154
0.7106640000529296
0.8939470000086658
0.2420550000579169
0.24474699989696092
0.5753179999601343
0.21532599998863589
0.2169470000126239
0.17769499993391946
0.23714700000709854
0.23685700000442012
0.2200459999812665
0.21314600007826812
0.23664700006520434
0.2400470000338828
0.21872699994673894
0.2214070000263746
0.2543870000408788
0.2444969999260138
0.2293669999744452
0.2142670000466751
0.2031660000056945
0.23821699994641676
0.21234599989838898
0.20911600006456865
0.2359680000836306
0.4787950000491037
0.2731189999849448
0.2518580000696602
0.22142599993912881
0.252568000064457
0.21380700002282538
0.22430700005315884
0.22843700003249978
0.22122200005014747
0.21159099992473784
0.20370599997932004
0.23563699994610943
0.22243700004764833
0.2312569999958214
0.2476199999819073
0.25479500004621514
0.2517870000247058
0.21573699996224605
0.26394700000764715
0.41345299996464746
0.2550980000251002
0.2342169999565158
0.29541900005369826
0.2387170000019978
0.21966700001030404
0.24439800006348378
0.2390970000760717
0.24548700002924306
0.5548369999814895
0.22954700000354933
0.21712700004172802
0.2702279999766688
0.2284470000404326
0.22401700005048042
0.19976600003701606
0.21442699994622672
0.21130699997229385
0.20062599992343166
0.20128599999225116
0.22047599998131773
0.36223100005372544
0.2324170000065351
0.245961000018724
0.23064499998781685
0.22280700000010256
0.20772599998508667
0.20975600000383565
0.2671290000080262
0.22633699995822099
0.23770699999658973
0.221701999976176
0.2253820000532869
0.22921699996913958
0.25881700003083097
0.3052179999940563
0.2142769999409211
0.21765700000742072
0.1978860000235727
0.21248600000944862
0.21227600007023284
0.21769700003915204
0.23425699998824712
0.21414699995148112
0.2597100000230057
0.2802279999514212
0.24136499996529892
0.21035100007793517
0.2101669999774458
0.23394300001200463
0.21018699999331147
0.21091700000397395
0.20322599993960466
0.2405219998991015
0.24100699999962671
0.2356219999910536
0.21430599997529498
0.20392599992646865
0.1921060000995567
0.7698230000414696
0.24021799993079185
0.18913599990355578
0.250740000069527
0.22395400003460963
0.21903700007896987
0.2992400000039197
0.2632980000498719
0.2431169999681515
0.23859700002049067
0.20046600002388004
0.2692379999871264
0.2108059999272882
0.2260559999740508
0.21742199999152945
0.21338700003070699
0.20564599992667354
0.20402099994498712
0.21721599989632523
0.21124199997757387
0.20807099997455225
0.2587879999964571
0.23521700006767787
0.2185570000392545
0.23712600000180828
0.2354770000465578
0.20653699993999908
0.20916599999054597
0.3041920000441678
0.21900399997321074
0.264818000005107
0.2877489999946192
0.24439699996037234
0.22125700002106896
0.21831699996255338
0.22989700005382474
0.21229699996183626
0.20905599990328483
0.22423600000820443
0.20743599998240825
0.20780599993486248
0.19016600003851636
0.19175600004928128
0.20040599997628306
0.23502700003064092
0.205105999953048
0.2414890000181913
0.25063499992938887
0.2736079999294816
0.2431080000633301
0.248007999971378
0.21857600006569555
0.2916490000188787
0.2213469999787776
0.2269059999662204
0.23313700000926474
0.29348999999001535
0.4848840000022392
0.2866579999363239
0.2524970000195026
0.22615699992911686
0.22030599996014644
0.22561699995549134
0.21181600004638312
0.2248669999289632
0.2187660001027325
0.29161899999508023
0.21065700002509402
0.22431799993682944
0.2121969999961948
0.2159560000336569
0.19642600000224775
0.22677700007989188
0.21208099997238605
0.25609200008602784
0.28306900003371993
0.27993900005185424
0.2858779999996841
0.253277999945567
0.2629099999467144
0.22511400004532334
0.2718380000032994
0.25621800000408257
0.31235199992352136
0.22761399998216802
0.22195700000793295
0.22763900005884352
0.22870700001931255
0.2255339999237549
0.24838699994234048
0.2455469999631532
0.22257600005559652
0.4098020000355973
0.2299970000194662
0.23169700000380544
0.22324600001866202
0.22800200008532556
0.2099760000646711
0.251873000024716
0.2479679999396467
0.2216269999735232
0.2212670000290018
0.2512179999030195
0.22949699996388517
0.2407969999467241
0.21010599994042423
0.21309599992491712
0.19065599997247773
0.6359190000466697
0.2176870000312192
0.1903659999697993
0.22358699993674236
0.19657600000755338
0.2059370000324634
0.29500200002985366
0.2659760000369715
0.23426699999617995
0.23103700004867278
0.3670410000040647
0.26643900002909504
0.2425879999918834
0.2006570000503416
0.23391100000935694
0.2020059999949808
0.21359599998049816
0.21967099996800243
0.2868889999945168
0.21718599998621357
0.35095999999157357
0.22498700002415717
0.21610700002838712
0.22003200001563528
0.19731600002614869
0.1955660000021453
0.23181199992450274
0.21773699995719653
0.2407570000286796
0.2003160000185744
0.2243059999500474
0.23005699995337636
0.2543580000065049
0.2664279999180508
0.6256189999476192
0.6280490000563077
0.26113800004168297
0.26862799995797104
0.2457070000900785
0.2861890000076528
0.24913799995829322
0.26468400005796866
0.20612599996638892
0.19948599992858362
0.19789600003150554
0.1954260000047725
0.20631600000342587
0.2055209999980434
0.22432200000821467
0.23635299999114068
0.2154019999807133
0.2009559999578414
0.2149770000414719
0.2617220000047382
0.2796289999196233
0.24208699994687777
0.2517579999903319
0.22944700003790786
0.22142700004224025
0.7417729999588119
0.2147260000811002
0.2036959999713872
1.0020309999845267
0.23684699999648728
