payload_size_bytes=10240
runs=1000
mean_ms=0.385
median_ms=0.234
stddev_ms=0.390
min_ms=0.163
max_ms=3.961
---raw---
0.23305700005948893
0.23660700003347301
0.20642599997700017
0.23422699996444862
0.23189700004877523
0.25163800000882475
0.2300669999613092
0.2795179999566244
0.2351769999222597
0.7271819999914442
0.23842699999931938
0.24517800000012357
0.33492000000023836
0.22015700005795225
0.26643900002909504
0.20057599999745435
0.24242800009233179
0.20689600000878272
0.220706000050086
0.2167570000892738
0.230137000016839
0.2059360000430388
0.19632599992291944
0.20277600003737462
0.20331600001100014
0.6163189999597307
0.25561799998286006
0.21973599996272242
0.21866699989914196
0.2200459999812665
0.20813600008295907
0.2111169999352569
0.20884599996406905
0.25270799994814297
0.2322779999985869
0.2186069999652318
0.2275670000244645
0.22811700000602286
1.2419079999972382
1.0401319999573388
0.2708490000031816
0.20918699999583623
0.22437699999500182
0.18570600002476567
0.1920849999805796
0.1718959999834624
0.24816799998461647
0.18913600001724262
0.16882600004919368
0.18956500002786925
0.4745150000644571
0.27811799998289644
0.283028000012564
0.2798589999883916
0.6022779999739214
0.38052100001095823
0.3808610000533008
0.20185599998967518
0.32078999993245816
0.5037850000917388
0.3455510000094364
0.2337870000701514
2.1599660000219956
0.5069250000815373
0.2757780000592902
0.2089369999112023
0.20487599999796657
0.6110780000199156
0.24384699997881398
0.2327769999510565
0.23021699996661482
0.2773880000859208
0.250607999987551
0.2230960000133564
0.2612880000469886
0.21039599994310265
0.199956000074053
0.19645600002604624
0.18394599999282946
0.17923500001870707
0.1828350000323553
0.18899600001986983
0.22568700001102115
0.6939610000245011
0.21397699993030983
0.18574599994281016
0.16426500008037692
0.21619599999667116
0.19029600002795632
0.30223900000692083
0.20351600005596993
0.19091499996193306
0.18160600006922323
0.16856500008088915
0.18130499995550053
0.1652450000619865
0.20542599997952493
0.1882159999695432
0.16357499998775893
0.19959600001584477
0.18171600004279753
0.20949600002495572
0.42949299995598267
0.17401599995992
0.2356170000439306
0.2356780000809522
0.6878099999312326
0.18828599991138617
0.21025599994572985
0.1679550000517338
0.16265500005374633
0.17581500003416295
0.16590500001711916
0.4279930000166132
0.19892600005277927
0.5362670000295111
0.22621699997671385
2.1983870000212846
1.6063279999798397
0.687161999962882
0.23549799993816123
0.21340700004657265
0.19718599992302188
0.18816600004356587
0.18868600000132574
0.18404499996904633
2.8385609999759254
0.2864089999548014
0.7849040000564855
0.2474369999845294
0.27358800002730277
0.19616600002336781
0.2061870000034105
0.1889549999987139
0.23619199998847762
0.20757599997978105
0.3072590000101627
0.24736799991842418
0.6401550000418865
0.25993799999923795
1.374251999891385
2.3472210000363702
0.2644180000288543
0.23398700000143435
0.24422699993920105
0.20329599999513448
0.21921699999438715
0.8550759999934598
0.8238749999236461
1.8277960000432358
0.2867890000288753
0.8836119999386938
1.3306800000236763
0.25817799996730173
1.9656989999248253
0.7807739999634578
0.2351570000200809
0.2700080000295202
0.3506009999227899
0.2135759999646325
0.23395699997763586
0.20071599999482714
1.2643979999893418
0.2603379999754907
0.5496969999967405
0.7685140000148749
0.9926399999358182
0.6671209999922212
0.21808700000747194
0.25199699996392155
0.21934699998382712
0.1850859999876775
1.7131220000692338
0.24796800005333353
0.2509870000722003
0.26658799993128923
0.19959600001584477
0.2494780000006358
0.21559699996487325
1.1281550000603602
0.5015450000200872
0.9944810000206417
0.19402600003104453
0.18718599994826945
1.7597940000086965
0.5470770000783887
0.28381899994656123
0.23520700005974504
0.8269049999398703
2.0717229999718256
0.23333699994054768
1.7237030000387676
0.2618280000206141
1.5933079999967958
0.24653699995269562
1.8169349999652695
0.20938600005138142
0.21935600000233535
1.5227159999540163
1.713871999982075
0.27583799999320036
0.2053059999980178
0.769733000083761
0.18636499999047373
0.44660399998974754
0.2711729999873569
0.28992900001867383
0.24310799994964327
0.17603599997073616
0.20370599997932004
0.1783250000926273
0.2018960000214065
0.2812730000414376
0.22427700002936035
0.27435899994543433
1.2049370000113413
0.22596700000576675
0.24147700003140926
1.4725949999956356
0.22181700001056015
0.17126500006270362
0.17176500000459782
0.3819609999027307
0.2076860000670422
0.20185599998967518
0.49317499997414416
1.9788700000162862
0.21320599989849143
0.2535979999720439
1.5110759999288348
1.9719100000656908
0.38398199990297144
1.4632149999442845
0.3585429999475309
1.2793759999567555
0.28792900002372335
0.21414699995148112
1.33588099993176
1.9321089999948526
0.26851899997382134
1.6981620000251496
0.26967799999511044
0.1988059999575853
0.19306599995161378
0.19280600008642068
1.0153510000918686
0.30080900000939437
1.6805110000177592
0.2561269999432625
0.2043659999344527
0.1704549999885785
0.21911600003932108
0.22624700000051234
0.7860140000275351
0.26753800000278716
0.18946500006222777
0.18310600000859267
1.1160540000219044
2.213226999970175
3.9607200000091325
0.29415899996365624
0.3243390000307045
1.7509059999838428
1.6711910000140051
0.28641800008699647
2.2538959999565122
0.28420900002856797
0.22056699992845097
0.2428970000210029
0.2138770000783552
0.17985600004521984
2.028791000043384
0.6484200000613782
0.2252470000030371
0.22548699996605137
0.2672780000239072
0.4612139999835563
0.21525699992253067
1.7621939999798997
0.26101800006017584
0.20765599992955686
0.20276600002944178
0.7184620000089126
0.20532600001388346
0.1722249999147607
2.1337350000294464
0.2051960000244435
1.4214740000397796
0.23000700002739904
0.19659600002341904
0.24563799991028645
1.2723580000510992
0.24415699999735807
0.22424700000556186
0.1952959999016457
1.2496169999849371
0.22471699992365757
0.22177700009251566
0.2274870000746887
0.217896999970435
0.20728700008021406
0.7860539999455796
0.2625480000233438
0.19922600006339053
1.5128860000004352
0.2825679999887143
1.654131000009329
0.2928489999476369
0.524125999959324
1.0648530000025858
0.22715600005085435
2.058622999925319
0.3765960000237101
0.2339669999855687
0.20141599998169113
0.2198970000790723
0.2068160000590069
0.18384499992407655
0.17206500001520908
0.5416770000010729
0.24625699995795003
0.22788300009324303
0.1981960000421168
0.279097999964506
0.22781700010909844
0.21316599998044694
0.4234179999684784
0.22965200003000064
0.22959599994010205
0.20608700003776903
0.2014059999737583
0.18416499995055347
0.18684599990592687
0.19284600000446517
0.20141600009537797
0.18686500004605477
0.17178499990677665
0.23975700003120437
0.44897499992657686
0.5142049999449227
0.7099919999973281
0.19973100006609457
0.23311099994316464
0.2068869999902745
0.19162599994615448
0.23033699994812196
0.21292200005973427
0.20081100001334562
0.20985599996947712
0.1941870000337076
0.2067460000034771
0.2015110000002096
0.21250099996450444
0.2538789999562141
0.19819599992842996
0.20747099995332974
0.20164099998964957
0.25132700000085606
0.20382599996082718
0.21331699997517717
0.2252219999263616
0.26975399998718785
0.19400500002575427
0.22473199999240023
0.25195699993219023
0.1969759999838061
0.24394199999733246
0.20648600002459716
0.21287599997776852
0.18559099999038153
0.19652699995731382
0.18906600007539964
0.20853699993494956
0.2209659999152791
0.18423599999550788
0.20009100001061597
0.2077409999401425
0.18218599996089324
0.1943260000416558
0.18619499996930244
0.1737649999995483
0.2603479999834235
0.1808309999660196
0.18172600005073036
0.21288599998570135
0.49298500005079404
0.24780799992640823
0.21693600001526647
0.300389000017276
0.5914580000307978
0.19089600004917884
0.2988589999404212
0.19944600001053914
0.18720499997471052
0.3030999999964479
0.2871080000659276
0.2609980000443102
0.22161100002904277
0.28584900007899705
0.2556980000463227
0.18408100004307926
0.1833950000218465
0.2716280000640836
0.2774280000039653
0.22984699990047375
0.2044170000772283
0.20144600000548962
0.2324870000620649
0.20617600000605307
0.6729909999876327
0.6494200000588535
0.2968190000274262
0.20474599989483977
0.33193000001574546
0.2317569999377156
0.2960389999770996
0.2363969999805704
0.20873700009360618
0.1998150000872556
0.21804699997574062
0.272108000103799
0.21819599999162165
0.28166900005999196
0.25736800000686344
0.22628600004281907
0.190886000041246
0.19723600007637287
0.22738699999536038
0.2349279999407372
0.8244950000744211
0.5225559999644247
0.2415699999573917
0.23191699995095405
0.23190499996417202
0.42037200000777375
0.22322699999222095
0.6750300000248899
0.6235920000108308
0.29014599999754864
0.22492999994483398
0.20666599994001444
0.23178499998266489
0.9376179999662781
0.7203820000540873
2.115254000045752
0.778974000013477
1.0712619999821982
0.28275400006805285
0.20142099992881413
0.7709039999781453
0.23875700003372913
0.676961000067422
0.32022999994296697
0.23071700002219586
0.3012739999803671
0.22002399998655164
0.1964760000419119
0.19364299998869683
0.2861190000658098
0.20606900000075257
0.23673500004406378
0.7060340000180076
0.22966500000620726
0.17933499998434854
0.22509699999773147
0.22622599999522208
0.2166719999650013
0.22617199999785953
0.18593600009353395
0.9841199999982564
0.2436370000395982
0.20212599997648795
0.23101699991912028
0.1946760000919312
0.26977900006386335
1.039681999941422
0.20560699999805365
0.252787000022181
0.22079600000779465
0.5691779999779101
0.2998390000357176
0.20132599991029565
0.2716180000561508
0.21350700001221412
0.2515080000193848
0.48366400005761534
0.4470830000400383
0.2451579999842579
0.23219800004881108
1.0130650000519381
0.5761730000131138
0.27921799994601315
1.2753380000276593
0.49355600003764266
0.9845309999718665
0.6065879999823665
0.2607279999438106
1.0198510000236638
0.2283169999373058
0.2229560000159836
0.1847059999136036
0.6814600000097926
0.5539679999628788
0.24048300008416845
0.24921800002175587
0.238577000004625
0.8876570000211359
0.22363200002928352
0.2069560000563797
1.1071740000261343
0.5933090000098673
0.2562479999141942
0.28543899998112465
0.2743179999242784
0.2034859999184846
0.2299170000696904
0.2329169999484293
0.22285700003976672
0.2052759999742193
0.31208899997636763
0.22985700002209342
0.2745489999824713
0.3150289999211964
0.7902749999857406
0.5740369999784889
0.23096699999314296
0.24385800008985825
0.21289600010732102
0.2348470000015368
0.20479600004819076
0.21345100003600237
0.23174299997208436
0.23796200002834667
0.189565999903607
0.25974199991196656
0.22047699997074233
0.24762700002156635
0.2158969999754845
0.24042799998369446
0.2362870000069961
0.2162310000812795
0.984464999987722
0.5910830000175338
0.3180899999506437
0.2504269999690223
0.24903799999265175
0.2261870000666022
0.2746229999956995
0.22772199997689313
0.22823699998753
0.226267000016378
0.21735699999680946
0.20471599998472811
0.21594700001514866
0.20180700005312247
0.20637700004044746
0.7138969999687106
0.6354299999884461
0.31135899996570515
0.24525700007416162
0.23519799992754997
0.22618599996349076
0.22422700010338303
0.23141700000905985
0.22260700006881962
0.2325319999272324
0.21369600005982647
0.2553430000489243
0.2285169999822756
0.2133560000174839
0.23457700001472404
0.7029420000890241
0.2640519999204116
0.28420900002856797
0.27280300002985314
0.2332669999987047
0.29035800002930046
0.219166999954723
0.19704599992564908
0.20791600002212363
0.2273170000535174
0.22582700000839395
0.3144590000374592
0.5442970000331115
0.26222799999686686
0.24177700004202052
0.22351699999489938
0.21358699996198993
0.24166699995475938
0.2071270000669756
0.23488700003326812
0.21953600003143947
0.2724779999425664
0.25807800000166026
0.271699000109038
0.24945699999534554
0.22473700005321007
0.24193699994157214
0.20750699991367583
0.23633700004666025
0.21463600000970473
0.23071700002219586
0.49022499990769575
0.2734580000378628
0.25649799999882816
0.23194699997475254
0.21446699997795804
0.21354600005452085
0.22078599999986182
0.2500770000324337
0.21358600008625217
0.24508800004241493
0.28992800002924923
0.6368389999806823
0.2968190000274262
0.2418370000896175
0.32876000000214844
0.3290900000365582
0.2161159999332085
0.19512599999416125
0.26841900000817986
0.21001599998271558
0.20712599996386416
0.21980700000767683
0.7499829999915164
0.21660600009454356
0.27780799996435235
0.2970199999481338
0.22348699997110089
0.3057889999809049
1.7232420000254933
0.21099599996432516
0.24066799994670873
0.6990619999669434
0.21085599996695237
0.19980600006874738
1.113604000011037
0.697850999927141
0.2553780000198458
0.7369329999846741
0.22286200010057655
0.22418200001084188
0.1865550000275107
0.2141769999752796
0.5523569999468236
0.20943600009104557
0.6082480000486612
0.2539569999271407
0.22816699993200018
0.19750600006318564
0.244828000063535
0.21361599999636383
0.3841719999400084
0.2624879999757468
0.205166000000645
0.23333700005423452
0.432823000096505
0.1950660000602511
0.18799600002239458
0.30242899993027095
0.513016000013522
0.20860600000105478
0.5636979999508185
0.22015600006852765
0.2176169999756894
0.23450700007288106
0.18454500002462737
0.19021599996449368
0.7071109999969849
0.2233469999737281
0.27837799996177637
0.27619399998002336
0.22741199995834904
1.613829000007172
0.2464179999606131
0.2320270000382152
0.21554700003889593
0.2241659999526746
0.19898599998668942
0.21066599992991542
0.2810280000176135
0.2151569999568892
0.23976699992545036
0.20148600003722095
0.27838900007282064
0.28064900004665105
0.28747900000780646
0.197995999997147
0.2407169999969483
0.20168600008219073
0.7497830000602335
0.20736600004056527
0.21909700001288002
0.19274499993571226
0.2427279999892562
0.19926600009512185
0.2202460000262363
0.24087700001018675
0.235337000049185
0.21566600003097847
0.28166900005999196
0.1689559999249468
0.21383700004662387
0.21256699994864903
0.18004599996856996
1.5804990000560792
0.22548699996605137
0.19326599999658356
0.2055859999927634
0.23482699998567114
0.22522699998717144
0.18876499996167695
0.27193400001124246
0.17829000000801898
0.2092119999588249
0.17761000003702065
0.19679599995470198
0.171685000054822
0.1685450000650235
0.9036569999807398
0.6677100000160863
0.21540600005209853
0.28466899993873085
0.21780600002330175
0.24740700007441774
0.22037799999452545
0.21327599995402124
0.17674599996553297
0.1835049999954208
0.9975509999549104
0.6666099999392827
0.2542979999589079
0.19218499994622107
0.2180369999678078
0.21196600005168875
0.1698649999752888
0.19099599990113347
0.23358700002518162
0.6088879999879282
0.23692800004937453
0.21267600004648557
0.21731699996507814
0.20514599998477934
0.1791849999790429
0.1929960000097708
0.18499600002996885
0.1816750000216416
1.016476000017974
0.5834580000509959
0.25794799989853345
0.24642200003199832
0.21109599992996664
0.18428600003517204
0.21231599998827733
0.19931600002109917
0.19732600003408152
0.5916229999911593
0.2310820000275271
0.2224970000952453
0.19201599991447438
0.1717160000680451
0.23612699999375764
0.1848059999929319
0.20636600004309003
1.2363170000071477
0.7555839999895397
0.2635179999970205
0.28212400002303184
0.20437599994238553
0.2008459999842671
0.22131700006866595
0.21596600004158972
0.21415200001229096
0.2825730000495241
0.49405499999011226
0.5609669999557809
0.2827030000389641
0.31064500001320994
0.30235899998842797
0.3036690000044473
0.2243359999738459
0.22195700000793295
0.2387569999200423
0.24424200000794372
0.7254519999833065
0.24232800001300348
0.21565700001247023
0.7473829999753434
0.30734999995729595
0.24578600005042972
0.21948699998119992
0.19707599994944758
0.25136699991890055
0.19571600000745093
0.25929900004939554
0.2296410000326432
0.23078700007772568
0.21920599999702972
0.6864260000156719
0.5328469999312802
0.24160700002084923
0.2652590000025157
0.20549600003505475
0.25588700009393506
0.20905600001697167
0.20919600001434446
0.26192099994659657
0.45196099995337136
0.24741699996866373
0.21599599995170138
0.21609699990676745
0.8547959999987143
0.5331559999603996
0.4740470000115238
0.47680500006208604
0.578435999955218
0.2298169999903621
0.24530799998956354
0.19743500001823122
0.22713700002441328
0.20033600003444008
0.23446700004114973
0.7167720000325062
0.49907499999335414
0.3851120000035735
0.24033700003656122
0.7150709999450555
0.6079089999957432
0.2266269999608994
0.21723700001530233
0.1828360000217799
0.22445799993420223
0.38192400006664684
0.7358590000876575
1.5497699999968972
0.28986600000280305
0.28757899997344794
0.2778189999617098
0.22581700000046112
0.21946699996533425
0.21554700003889593
0.19677599993883632
0.7980840000527678
0.38450099998499354
0.24263800003154756
0.23511699998834956
0.24017700002332276
0.22877699996115552
0.2301769999348835
0.2083260000063092
0.1990460000342864
0.19286799999918003
0.25125000001935405
0.2285649999294037
0.24788500002159708
0.21447599999646627
1.2748990000090998
0.6658400000105757
0.4509329999109468
0.2673179999419517
0.9379589999980453
0.29376899999533634
0.22326999999222608
0.3913389999752326
0.23633700004666025
0.36858099997516547
0.2056560000482932
0.2256669999951555
0.298989000043548
0.3153100000190534
0.25064700002985774
0.6653130000131569
0.22024399993370025
1.0155510000231516
0.7433929999933753
0.25301699997726246
0.2129370000147901
0.2304820000063046
0.2310810000381025
0.2229269999816097
1.4034929999979795
0.23051699997722608
0.534205999997539
0.617828999907033
0.2289779999955499
0.19258500003616064
0.4456739999341153
0.2482830000190006
0.2527020000115954
0.21893600001021696
0.21601699995699164
1.0842420000471975
0.22811799999544746
0.19428600000992446
0.19707600006313442
0.6884910000053424
0.9197780000249622
0.19530600002326537
0.47234400005891075
0.24193600006583438
0.2022370000531737
0.2227869999842369
0.25013699996634386
0.21055700005945255
1.2217170000212718
0.4706439999608847
0.2596680000124252
0.5071250000128202
0.671479999937219
0.23709700008112122
0.6467300000849718
0.2325299999483832
0.23912500000733417
0.2043959999582512
1.0721520000060991
0.2850280000075145
0.5481369998960872
0.23877000000993576
0.20065399996838096
0.1999359999445005
0.29706899999837333
0.23173700003553677
0.204886999995324
0.19090600005711167
0.18604600006710825
0.22599700002956524
0.2123770000252989
0.5007350000596489
0.19588899999689602
1.64988800008814
0.24070899996786466
0.26191500001004897
0.22296800000276562
0.263180000047214
0.215433999983361
0.2317189999985203
0.20058400002653798
0.1980260000209455
0.23098700000900863
0.22075700007917476
0.19381599997814192
0.21953600003143947
0.2142370000228766
0.47027400000843045
0.22583700001632678
0.20461600001908664
0.17138499993052392
0.978831999987051
0.6864480000103867
0.2640379999547804
0.20651699992413342
0.3010990000120728
0.2685980000478594
0.2476869999554765
0.25473799996689195
0.28607199999441946
0.26853599990772636
0.21178700001200923
0.23792699994373834
0.19769599998653575
0.20387600000049133
0.2618879999545243
0.24485699998422206
0.20496600006936205
0.18102599995017954
1.17645500006347
0.24875700000848155
0.4558739999538375
0.23226199994041963
0.2029259999289934
0.3552749999471416
0.20896700004868762
0.22194700000000012
0.22310700001071382
0.2661380000290592
0.2518089999057338
0.23639700009425724
0.20261500003471156
0.9919099999251557
0.3082089999679738
0.24802799998724367
0.24389700001847814
0.25533699999868986
0.22523799998452887
0.1898660000279051
0.25866800001494994
0.2341859999432927
0.23192699995888688
0.22691599997415324
0.23387700002786005
0.2243359999738459
0.2220479999550662
0.19226500000968372
0.7989750000660933
0.4643239999495563
0.2023170000029495
0.24169799996798247
0.2484279999634964
0.28385899997829256
0.28145900000708934
