payload_size_bytes=10240
runs=1000
mean_ms=0.309
median_ms=0.224
stddev_ms=0.290
min_ms=0.151
max_ms=3.649
---raw---
0.6344890000491432
0.7640240000910126
0.608178999982556
0.3533899999865753
0.5151760000217109
0.6108879999828787
0.2412080000340211
0.799793999931353
0.22407699998439057
0.22601699993174407
0.5423270000619596
0.32264000003578985
0.7419120000804469
1.4944460000378967
0.44496299994989386
0.25866800001494994
0.3979220000474015
0.21296599993547716
0.17554500004735019
0.7002119999697243
0.23753699997541844
0.9332379999023033
0.22729700003765174
0.6019180000294
0.7073819999732223
0.7661139999299849
0.5274159999544281
0.5574570000135282
0.20611699994788069
0.4759849999800281
0.9120780000557716
0.36550200002238853
0.23042700001951744
1.6858410000395452
0.22885699991093134
0.5405769999242693
1.2322979999908057
0.4680340000504657
1.509906000023875
1.0010110000848726
0.4133830000228045
0.17697500004487665
0.8721760000298673
0.31404900005327363
0.7659230000172101
1.938169000027301
1.979700000106277
1.0240509999448477
0.2324170000065351
0.17047599999386875
0.2136370000016541
0.18547600006968423
0.3529709999838815
0.17680499991001852
0.21034600001712533
0.2554269999563985
0.8085140000275715
3.0964439999934257
1.7397830000618342
0.2305269999851589
0.18546599994806456
0.18410500001664332
0.193074999970122
1.2984190000224771
3.611049000028288
0.3071190000127899
0.1914160000069387
0.3764510000792143
0.8543459999827974
0.3484099999013779
3.649479999921823
0.32911999994666985
0.24891700002172001
0.26851799998439674
0.2671979999604446
0.23584699999901204
0.1681049999433526
0.1656050000065079
0.20468600007461646
0.19484599999941565
0.22209700000530574
0.19939600008456182
0.19135599995934172
0.23413700000673998
0.5343760000187103
1.1204339999721924
1.054651999993439
0.9477290000177163
0.29376899999533634
0.5908599999884245
0.17682499992588419
0.609788000019762
0.361250999958429
0.2721460000429943
1.244398000039837
0.5900379999275174
0.22156700003961305
0.23734700005206832
0.1702050000176314
0.4591539999410088
0.259177999964777
0.7075910000367003
0.2700380000533187
0.5750069999521656
0.22940700000617653
0.679659999946125
0.7337419999657868
0.2230659999895579
0.6074380000882229
0.17752499991274817
0.2509480000298936
0.3043699999807359
0.27035899995553336
0.2897790000133682
0.26116700007605687
0.2779989999908139
0.22762699995837465
0.2643579999812573
0.1817859999846405
0.2046469999186229
0.2784890000384621
0.35500100000263046
0.17937600000550447
0.29461899998750596
0.5370259999608606
0.233376999972279
0.5168760000060502
0.2054459999953906
0.6565099999988888
0.22069699991789093
0.20484700007727952
0.3796620000002804
0.2065469999479319
0.28445899999951507
0.3596009999000671
0.28078800005459925
0.2748379999957251
0.2833479999253541
0.6011979999129835
0.1913859999831402
0.694350999992821
0.5684380000730016
0.2294369999162882
0.5025850000492937
0.6979009999668051
0.6683200000452416
0.2880289999893648
0.2332970000225032
0.18369599990819552
0.6872110000131215
0.5058850000523307
0.2210160000686301
0.2478979999978037
0.2475479999475283
0.22480699999505305
0.23651800006518897
0.22954700000354933
0.24246700002095167
0.3034190000335002
0.3874120000091352
0.27723800008061517
0.2374770000415083
0.4358130000809979
0.17237600002317777
0.16432499990060023
0.7775440000159506
0.21201699996709067
0.23256700001184072
0.39288199991460715
0.19525599998360121
0.2063560000351572
0.17550500001561886
0.16493499992975558
0.17057500008377247
0.21795600002860738
0.7360930000004373
0.2119170000014492
0.1906060000465004
0.5287760000101116
0.19527599999946688
0.18675599994821823
0.16552499994304526
0.16730499999084714
0.16206499992676981
0.17221499990682787
0.16493499992975558
0.16487499999584543
0.16034500004025176
0.6887309999683566
0.16846500000156084
0.16611499995633494
0.22604599996611796
0.17970600003991422
0.29609899991100974
0.2264030000560524
0.2722629999425408
0.176255000042147
0.21287599997776852
0.21073599998544523
0.19903200006865518
1.7111160000240488
0.2239770000187491
0.4259330000877526
0.18988099998296093
0.28264800005217694
0.2653779999945982
0.1641650000010486
0.5784180000318884
0.836059999983263
0.25434799999857205
0.18471500004579866
0.20304700001361198
0.17761599997356825
0.16596500006471615
0.22079699999721925
0.18725500001437467
0.2798589999883916
0.24656799996591872
0.17550500001561886
0.17671500006599672
0.20081600007415545
0.21337599991966272
0.2286569999796484
0.700441000049068
0.18592599997191428
0.17206500001520908
0.1741060000313155
0.1635649999798261
0.8670370000345429
0.30067000000144617
0.5281769999783137
0.19772600001033425
0.18629599992436852
0.16568500006997056
0.15165399997840723
0.6140590000995871
0.1682650000702779
0.1802960000532039
0.1842049999822848
0.1692649999540663
0.7260620000124618
0.18415599993204523
0.21901599995999277
0.1782550000370975
0.20047700002123747
0.2931790000957335
0.20761600001151237
0.2173359999915192
0.8175049999863404
0.20700600009604386
0.19049599995923927
0.20173600000816805
0.16935500002546178
0.19331600003624771
0.18082499991578516
0.20370599997932004
0.1819850000401857
0.49481500002457324
0.20704600001408835
0.16045500001382607
1.1181340000803175
0.23629700001492893
0.20968700005141727
0.17248599999675207
0.7373419999794351
0.17895500002396147
0.16742499997235427
0.18033599997124838
0.16470500008836098
0.17649500000516127
0.16855499995926948
0.1961160000973905
0.17096499993840553
0.16172499999811407
0.16803500000150962
0.16318500001943903
0.15936500005864218
0.16319500002737186
0.159445000008418
0.1705250000441083
0.16519500002232235
0.1588850000189268
0.23839700008920772
0.23623699996733194
0.20366599994758872
0.18015599994214426
0.1925459999938539
0.18681500000639062
0.6920509999872593
0.18075499997394218
0.19206600006782537
0.22976700006438477
0.17923500001870707
0.18013500005054084
0.16572499998801504
0.6809310000335245
0.18633500008036208
0.16628500009119307
0.17441500006043498
0.15859500001624838
0.16038399996887165
0.2153670000097918
0.21416599997792218
0.19374600003629894
0.5013349999671846
0.1875159999826792
0.19654200002605648
0.24239100002887426
1.7139520000455377
0.2560179999591128
0.2784780000411047
0.18516500006171555
0.17129499997281528
0.17856599993137934
0.17043500008639967
0.1701749999938329
0.2160669999966558
0.718595999956051
0.6072439999798007
0.2480379999951765
0.22322699999222095
0.17375499999161548
0.3200899999455942
0.20282100001622894
0.17905000004247995
0.1903649999803747
0.18252600000323582
1.8979269999590542
0.18863599996166158
0.32414899999366753
0.20341699996606621
0.2777890000515981
0.18836600008853566
0.23026099995604454
0.2028760000030161
0.1848350000273058
0.18730600004346343
0.1773449999973309
1.0524909999958254
0.20082100002127845
0.2036959999713872
0.16621499992197641
0.1827659999662501
0.17936599999757163
0.17877499999485735
0.16728499997498147
0.17254499994123762
0.1865960000486666
0.22223700000267854
0.16922499992233497
0.171754999996665
0.15829500000563712
0.1865259999931368
0.19133499995405145
0.20793699991372705
0.2272469999979876
0.19487600002321415
0.18890499995904975
0.7343020000689648
0.6669900000133566
0.19726599998648453
0.1710249999860025
0.1765360000263172
0.1601050000772375
0.2194479999388932
0.1757049999469018
0.27721799995106267
0.8977070000355525
0.19583599998895806
0.16735499991682445
0.16734500002257846
0.1560050000080082
0.2897680000160108
0.20497700006671948
0.19339499999659893
1.2375379999411962
0.20054599997365585
1.1021729999356467
0.19415599990679766
0.18205599997145328
0.21582600004421693
0.1881059999959689
0.18868500001190114
0.21706699999413104
0.21699199999147822
0.6810309999991659
0.6916659999660624
0.32231900001988834
0.20738700004585553
0.2242560000240701
0.1822660000243559
0.18800500004090281
0.19680599996263481
0.19263499996213795
0.20342599998457445
0.1858959999481158
0.21063700000922836
0.21278700000948447
0.19150599996464734
0.2156470000045374
0.20783600007234782
0.894307000066874
0.20394600005602115
0.29605899999296525
0.31802500006961054
0.2586929999779386
0.34959099991738185
0.25973300000714517
0.17785099998945952
0.2600520000441975
0.17306600000210892
0.17401900004188064
0.7094219999999041
0.1815350000242688
0.16573499999594787
0.17132499999661377
0.23067700010415138
0.18479599998499907
0.19462600005226705
0.1653550000355608
0.2298169999903621
0.20916599999054597
0.18597600001157844
0.19705600004726875
0.18066999996335653
0.17683499993381702
0.23381199991945323
0.248286999976699
0.18509100004848733
0.24329300003955723
0.18350500010910764
0.20941100001437007
0.17726500004755508
0.17010499993830308
0.1714149999543224
0.16700499998023588
0.16414499998518295
0.18155500004013447
0.4397839999228381
0.21805200003655045
0.2410380000128498
0.17206400002578448
0.23763800004417135
0.2595479999172312
0.2046660000587508
0.17911500003719993
0.22058699994431663
0.20236600005318905
0.22539700000834273
0.1595249999581938
0.1511440000285802
0.5764279999311839
0.5548059999682664
0.26043799994113215
0.2575479999222807
0.17684499994174985
0.22094799999194947
0.16997000000174012
0.22184700003435864
0.16709499993794452
0.2057210000430132
0.19438499998614134
0.2903790000345907
0.1813960000163206
0.17959000001610548
0.17962099991564173
0.2900880000424877
0.19706600005520158
0.17491500000232918
0.19315500003358466
0.2079370000274139
0.5294960000128413
0.24475700001858058
0.29135899990251346
0.21942199998647993
0.23724800007585145
0.23546199997781514
0.19660600003135187
0.21468599993568205
0.19958600000791193
0.21353699992232578
0.18816100009644288
0.20141599998169113
0.2437020000343182
0.19674600002872467
0.2520069999718544
0.21018699999331147
0.5792380000002595
0.2417370000102892
0.2463470000293455
0.24724700006117928
0.24307800003953162
0.21790599998894322
0.2669679998916763
0.19461600004433421
0.2644580000605856
0.22283699991021422
0.21302599998307414
0.21836700000221754
0.21945599996797682
0.19091599995135766
0.21373699996729556
0.600018000000091
0.30312900003082177
0.26584700003695616
0.31134900007145916
0.22867699999551405
0.28222900004948315
0.24002800000744173
0.2468469999712397
0.23001700003533188
0.17180500003632915
0.19937600006869616
0.16787499998827116
0.17746499997883802
0.21637600002577528
0.54192699997202
0.21600700006274565
0.26876799995534384
0.25557699996170413
0.2880989999312078
0.9659199999987322
0.2338970000437257
0.6714510000165319
0.6425990000025195
0.27301800002987875
0.23014700002477184
0.27721799995106267
2.3100500000055035
0.4749439999613969
0.28891900001326576
0.20108700005039282
0.2614079999148089
0.2639580000050046
0.20823600004860054
0.23652699997001037
0.23660700003347301
0.2220080000370217
0.22745100000065577
0.17892100004246458
0.21241600006760564
0.1910659999566633
0.19524599997566838
0.18544500005646114
0.199326000029032
0.9892399999671397
0.23722699995687435
0.20884599996406905
0.23685200005729712
0.21700199999941105
0.2561580000701724
0.22105700008978602
0.2253259999633883
0.682519999941178
0.6636409999600801
0.2029859999765904
0.18941600001198822
0.16702499999610154
0.20138600007157947
0.20668700005899154
0.19834599993373558
0.19583599998895806
0.2004159999842159
0.19247600005201093
0.23948699993070477
0.18541600002208725
0.21898099998907128
1.3698159999648851
0.2625179999995453
0.19949099998939346
0.636255000017627
0.2228979999472358
0.22777700007736712
0.1849770000035278
0.18738599999323924
0.19174600004134845
0.20366700005070015
0.20638599994526885
0.22985800001151802
0.20511100001385785
0.21093199995902978
0.2170860000205721
0.18282100006672408
0.17243500008135015
0.16139500007739116
0.6347149999328394
0.8599060000733516
0.19409600008657435
0.22017699996013107
0.19204499994884827
0.20872200002486352
0.19657999996525177
0.24248700003681734
0.2375279999569102
0.18795599999066326
0.18676599995615106
0.1830149999477726
0.16814499997508392
0.6968010000036884
0.311938999971062
0.20913699995617208
0.28719900001306087
0.18820100001448736
0.23454699999092554
0.2322770000091623
0.30689399989114463
0.18410099994525808
0.21754099998361198
0.1951859999280714
0.2050560000270707
0.19566599996778677
0.21779700000479352
0.205166000000645
0.5190759999322836
0.5971229999204297
0.21799099999952887
0.18288600006144407
0.2342430000226159
0.19870999994964222
0.24548299995785783
0.18858600003568426
0.19588600002862222
0.17504599998119375
0.18620599996665987
0.19590600004448788
0.1916150000624839
0.22328200009269494
0.25972699995691073
0.30946999993375357
0.7132169999977123
0.2509969999664463
0.2626280000868064
0.21118600000136212
0.24595299998964038
0.24841200001901598
0.22048200003155216
0.2613679999967644
0.33407000000806875
0.24904800000058458
0.1969759999838061
0.18581599999833998
0.2155169999014106
0.2882580000687085
0.23129699991386587
0.22937699998237804
0.3083189999415481
0.2494430000297143
0.287653000100363
0.21265199995923467
0.248007999971378
0.23667700008900283
0.23804699992524547
0.23128700001961988
0.21391699999639968
0.2361470000096233
0.2145160000281976
0.21305100005974964
0.20182600007956353
0.21677700010513945
0.22384700002930913
0.32474000011006865
0.5998090000502998
0.26920800007701473
0.2202160000024378
0.527926000017942
0.23250699996424373
0.29982000000927655
0.2816490000441263
0.24633800001083728
0.22000700005264662
0.3072289999863642
0.25168799993480206
0.2367869999488903
0.2420179999944594
0.2311969999482244
0.22473699993952323
0.2705290000903915
0.5617569999003535
0.2238670000451748
0.24204800001825788
0.22497700001622434
0.21623700001782709
0.19150599996464734
0.2226459999974395
0.22959700004321348
0.210945999924661
0.24528699998427328
0.25271800006976264
0.2670879999868703
0.24920700002439844
0.2043369999000788
0.22549600009824644
0.24066700007097097
0.2296469999691908
0.24145799989128136
0.26915799992366374
0.7088710000289211
0.2886190000026545
0.2559879999353143
0.26606300002640637
0.25125299998762785
0.24567800005570462
0.2227869999842369
0.23462699994070135
0.22455600003468135
0.22224800000003597
0.23536799994872126
0.2745890000142026
0.23123599999053113
0.24072700000488112
0.24581799993939057
0.29901899995365966
0.22462699996594893
0.21519599999919592
0.21576699998604454
0.21298599995134282
0.20281600006910594
0.21729700006289931
0.22522200004004844
0.2149770000414719
0.2401570000074571
0.23240699999860226
0.25853299996470014
0.228867000032551
0.23432700004377693
0.2092859999720531
0.21721600001001207
0.2179970000497633
0.41742199994132534
0.2517379999744662
0.3322490000527978
0.21933700008958112
0.2109670000436381
0.2312569999958214
0.22811700000602286
0.20094600006359542
0.21926699992036447
0.22534699996867857
0.21366700002545258
0.2348169999777383
0.23725700009435968
0.19779599995217723
0.22705700007463747
0.22038700001303368
0.24827699996876618
0.20670599997174577
0.22299700003713951
0.21361700009947526
0.2288370000087525
0.24376700002903817
0.24133699992034963
0.23123699997995573
0.22986700003002625
0.5503869999756716
0.28875399993921746
0.22139199995763192
0.2274959999795101
0.20979700002499158
0.21432100004403765
0.1930710000124236
0.20263600004000182
0.20767600005910936
0.20317600001362734
0.19588600002862222
0.19145600003867003
0.20867599994289776
0.2176469999994879
0.2131859999963126
0.20016600001326879
0.2253269999528129
0.19912599998406222
0.20553600006678607
0.3158200000825673
0.2302270000882345
0.29756900005395437
0.5885179999722823
0.2299569999877349
0.2162760000601338
0.3261400000837966
0.2252380000982157
0.21542599995427736
0.21672699995178846
0.21118600000136212
0.20672599998761143
0.2293969999982437
0.20241599997916637
0.2022060000399506
0.22597100007715198
0.22905699995590112
0.20901699997466494
0.209726000093724
0.22829700003512698
0.22558699993169284
0.23789700003362668
0.24619700002403988
0.22850699997434276
0.2076260000194452
0.2037560000189842
0.23469699999623117
0.5502370000840529
0.2397119999386632
0.26270800003658223
0.22058600006857887
0.20457599998735532
0.20650700002988742
0.22030699994957104
0.2113860000463319
0.19378599995434342
0.2400170000100843
0.2194020000843011
0.21029599997746118
0.259177999964777
0.2127960000279927
0.21198699994329218
0.21621600001253682
0.23448699994332856
0.2739919999612539
0.28437800006031466
0.22593699998196826
0.5830480000668103
0.23429700001997844
0.2216820000739972
0.2772180000647495
0.2945190000218645
0.24227799997333932
0.23169200005668245
0.2517279999665334
0.24689700001090387
0.2265869999291681
0.21508600002562162
0.22667700000056357
0.20198599997911515
0.24347700002635975
0.576437000063379
0.3011090000200056
0.2819779999754246
0.24608299997908034
0.2104010000039125
0.240537000081531
0.2626980000286494
0.2277469999398818
0.23216199997477815
0.2174670000840706
0.22971700002472062
0.2325269999801094
0.68140600001243
0.23247699994044524
0.20061600002918567
0.19764600006055844
0.2075160000458709
0.20609599994259042
0.22789700005887426
0.5417959999931554
0.23174699992978276
0.31412999999247404
0.22288699994987837
0.2186369999890303
0.21988699995745264
0.258756999983234
0.20915699997203774
0.6513900000300055
0.2112760000727576
0.21747199991750676
0.21415699995941395
0.72661700005483
0.2315059999773439
0.3117649999921923
0.29458400001658447
0.23810699997284246
0.2792280000676328
0.3012490000173784
0.27979799995137
0.2594180000414781
0.21421700000701094
0.25138800003787765
0.2198769999495198
0.20847700000103941
0.24063199998636264
0.24937800003499433
0.24081699996258976
0.5053359999465101
0.23736799994367175
0.20800699996925687
0.21452600003613043
0.2026759999580463
0.18493499999294727
0.19925599997350218
0.19385600000987324
0.21034600001712533
0.34118599990051734
0.2317470000434696
0.2151460000732186
0.2789789999724235
0.2506280000034167
0.22174599996560573
0.22186699993653747
0.22086700005274906
0.22838699999283563
0.21148600001197337
0.2863590000288241
0.2710779999688384
0.25293300006978825
0.23472700002002966
0.1939859999993132
0.6471700000929559
0.24200699999710196
0.21794700001009915
0.21182099999350612
0.24753799993959547
0.22119699997347197
0.30848900007640623
0.33160999998926854
0.29293000000052416
0.23988700002064434
0.2313280000407758
0.6867299999839815
0.3313599999046346
0.22919699995327392
0.21570699993844755
0.23621700006515312
0.21541700004945596
0.19671600000492617
0.23079699997197167
0.20489600001383224
0.2658580000343136
0.22968200005379913
0.2139969999461755
0.1970060000076046
0.21469700004672632
0.237937000065358
0.5931580000151371
0.2342070000622698
0.2191359999414999
0.198695999984011
0.20215200004258804
0.20415700009834836
0.19825599997602694
0.20439600007193803
0.1939159999437834
0.2206020000130593
0.19614600000750215
0.22219599998152262
0.22532100001626532
0.24306299997078895
0.5345759999499933
0.5417210001041894
0.28233900002305745
0.22662200001377641
0.2566880000358651
0.24987300002976554
0.2614379999386074
0.24928699997417425
0.2246969999077919
0.20757599997978105
0.2025960000082705
0.20497599996360805
0.2404379999916273
0.5868680000276072
0.2616280000893312
0.22543699992638722
0.2369170000520171
0.22813700002188853
0.19661599992559786
0.20730699998239288
0.19557600001007813
0.20962700000382029
0.2402669999810314
0.20940600006724708
0.3121599999076352
0.217257000031168
0.23222699996949814
0.2196870000261697
0.21530599997277022
0.19811600009234098
0.22731699993983057
0.20677600002727559
0.24213800008965336
0.2035859999978129
0.22184600004493404
0.5199810000249272
0.21829599995726312
0.199965999968299
0.22191200002907863
0.23184799999853567
0.2430119999417002
0.18764599997211917
0.23202199997740536
0.24853800005075755
0.21873599996524717
0.24638800005050143
0.22725700000592042
0.22388700006104045
0.2052459999504208
0.2632980000498719
0.21706699999413104
0.2029160000347474
0.22652699999525794
0.48459499998898536
0.22440599991568888
0.222036000081971
