payload_size_bytes=10240
runs=1000
mean_ms=0.325
median_ms=0.224
stddev_ms=0.331
min_ms=0.160
max_ms=3.574
---raw---
0.1957859999492939
0.28757899997344794
0.4841549999810013
0.2317470000434696
0.19269599999915954
0.17382499993345846
0.21157599996968202
1.1611749999929089
0.19321600007060624
1.9730099999151207
3.5742189999155016
0.8959770000274148
0.2695279999898048
0.22336699998959375
0.21178600002258463
0.2182470000207104
0.20983599995361146
0.24609799993413617
0.44465299993134977
0.20805700000892102
0.17925600002399733
0.194125999996686
0.18253499990805722
0.1679349999221813
0.16423500005657843
0.18209500001376
0.18148599997402926
0.18707499998527055
0.16288500000882777
0.2623579999863068
0.5927479999172647
0.21077600001717656
0.2545879999615863
0.181464999968739
0.18286599993189157
0.16648500002247602
0.21693600001526647
0.174355000012838
0.18214600004284875
0.17208600002049934
0.17314499996246013
0.22201700005552993
0.1793850000240127
0.19010599999091937
0.20139599996582547
0.20979600003556698
0.18825500001184992
0.21523700002035184
0.17848499999217893
0.17187499997817213
0.5899379999618759
0.21788599997307756
0.18888599993260868
0.21566600003097847
0.16649500003040885
0.18747599995094788
0.1658050000514777
0.15960400003223185
0.17902599995522905
0.16892499991172372
0.17892599998958758
0.24466700006087194
0.18249499999001273
0.17957600005047425
0.17812500004765752
0.1880759999721704
0.18545499995070713
0.25487699997484015
0.1854360000379529
0.22736699997949472
0.174985000057859
0.18394599999282946
0.1866349999772865
0.20105600003716972
0.19529600001533254
0.19864599994434684
0.2608779999491162
1.980080000066664
0.5582170000479891
1.3804220000110945
0.19389600004160457
0.18970600001466664
0.4710540000587571
0.19277599994893535
0.22301699993931834
0.5781369999340313
0.16946500011272292
0.1773449999973309
0.18540600001415442
0.17399500006831659
0.18245500007196824
0.22994699997980206
0.8761770000091929
0.22846699994261144
0.1938059999702091
1.3047099999994316
0.23112700000638142
0.1918849999356098
0.22796700000071723
0.8812070000203676
0.20631600000342587
2.076643000009426
0.5113959999789586
0.5884779999405509
0.24530700000013894
0.2893890000450483
0.23684800009959872
0.24973699999009114
0.1759049999918716
0.20055599998158868
0.17066499992779427
0.2086169999984122
0.7613430000219523
0.9314280000580766
0.2832590000707569
0.19732600003408152
0.20188600001347368
0.20825599995077937
2.4099029999433697
0.29225900004803407
0.24348700003429258
0.9930109999913839
0.28982900005303236
1.6478400000323745
0.27642899999591464
0.22390600008748152
0.4661340000211567
0.9198479999668052
0.24267799994959205
0.19515600001795974
0.19251599997005542
1.2244669999290636
0.22146700007397158
0.20439600007193803
0.21326600005977525
1.45381400000133
0.2176070000814434
0.22150600000259146
1.2550789999750123
0.2508180000404536
0.2108959999986837
1.4608840000391865
0.48023499994087615
0.24055699998370983
0.2016160000266609
0.944028000049002
1.9862200000488883
0.9965709999733008
0.9490590000496013
0.2773290000277484
0.19839599997339974
0.21134600001460058
0.196095999967838
0.18396500001927052
0.761182999895027
0.20651600004839565
2.143575999980385
0.25378800000908086
0.238637000052222
0.2646379999760029
0.19524600008935522
0.24304700002630852
0.19184600000698993
0.24952799992661312
1.6327089999776945
0.2620679999836284
0.23840699998345372
0.21288700008881278
1.1604450000959332
0.2348569998957828
0.1845649999268062
0.1990460000342864
0.2105859999801396
0.9867100000064966
1.9125389999317122
0.24561700001868303
0.21355700005187828
0.23570700000163924
0.19337599997015786
0.8835669999598394
0.27579800007515587
0.18967500000144355
0.38024200000563724
0.42057300004216813
0.2534470000910005
0.20881699992969516
0.21585700005744002
0.1843949999056349
0.19641599999431492
2.6186000000052445
0.24186699999972916
0.23422699996444862
1.0385819999783052
1.9684500000494154
1.9735399999945002
0.27625899997474335
1.6409590000421304
0.21788699996250216
0.2856290000181616
0.2459969999790701
0.23025699999834615
0.23655699999380886
0.18667500000901782
0.2157860000124856
0.1934850000679944
0.18979599997237528
0.22896699999819248
0.22802799992405198
0.1873759999853064
0.20247499992365192
0.2187769999864031
0.2014350000081322
0.19829600000775827
0.24318800001310592
0.20434699990801164
0.20896700004868762
0.24640200001613266
0.2437730000792726
0.19642600000224775
0.21046599999863247
0.21287600009145535
0.21806699999160628
0.20510600006673485
0.19712599998911173
0.21268599994073156
0.21043599997483398
0.21759700007351057
0.24684299989985448
0.20911699994030641
0.1821250000375585
1.2609440000233008
0.9134570000242093
0.2408180000657012
0.23552700008622196
0.1959859999942637
1.5390659999638956
0.2093159999958516
0.9757400000580674
0.8538350000435457
0.2513370000087889
1.726662999999462
0.23671799999647192
0.25550800000928575
0.5971880000288365
0.24948800000856863
0.2351570000200809
0.29727900005127594
0.20099599998957274
0.1971060000869329
0.2066060000061043
0.20347599991055176
0.21232699998563476
0.24929699998210708
0.2641579999362875
0.24910799993449473
0.20888699998522497
0.20956600008048554
0.2209570000104577
0.23892700005490042
0.20301600000038889
0.25336700002753787
0.21379700001489255
0.2293969999982437
0.20445600000584818
0.2311169999984486
0.2150070000652704
0.21772700006295054
0.2032570000665146
0.20241599997916637
0.1943759999676331
0.19978599993919488
0.19895600007657777
0.208817000043382
0.19080499998835876
0.2311969999482244
0.2391369999941162
0.23830800000723684
0.5367969999952038
0.2622370000153751
0.223097000002781
0.20324600006915716
0.257717999943452
0.25733799998306495
0.24323700006334548
0.21006600002237974
0.1960560000497935
0.18256600003496715
0.2147059999515477
0.5174359999955414
0.2930880000349134
2.1736259999443064
0.5005850000543433
0.29861999996683153
0.23671799999647192
0.2243560001033984
0.23488700003326812
0.2803289999064873
0.2149059999965175
0.2103960000567895
0.21119699999871955
0.21579600002041843
0.20324599995547032
0.19807599994692282
0.511834999997518
0.2221770000687684
0.20655599996644014
0.21352700002807978
0.19330599991462805
0.21911700002874568
0.19846599991524272
0.25245799997719587
0.21386699995673553
0.595387999965169
0.2352669999936552
0.249677000056181
0.201296000000184
0.22938699999031087
0.21775700008674903
2.516247000016847
0.297028999966642
0.25409700003820035
0.3113699999630626
0.22257599994190969
0.27100900001642003
0.21162600000934617
0.5459909999672163
0.25220800000624877
0.25138700004845305
0.20393700003751292
0.23127700001168705
0.21020700000917714
0.22122600000784587
0.2188020000630786
0.21352600003865518
0.19990600003438885
0.19962600003964326
0.4709539999794288
0.25324800003545533
0.2177860000074361
0.20317600001362734
0.2193069999520958
0.20183599997380952
0.19377600006009743
0.19818600003418396
0.36290100001679093
0.2278869999372546
0.2482169999211692
0.5629969999745299
0.28540899995732616
0.25290799999311275
0.21872599995731434
0.23679700007050997
0.20638599994526885
0.23844800000460964
0.22229600006085093
0.2311169999984486
0.1920460000519597
0.2177170000550177
0.5482859999119682
0.24765700004536484
0.22028699993370537
0.2259669998920799
0.2324969999563109
0.22142700004224025
0.22248599998420104
0.2497279999715829
0.22262599998157384
0.24005800003124023
0.23153699999056698
0.5481069999859756
0.30977899996287306
0.21070699995107134
0.22025600003416912
2.428044999987833
0.3747509999811882
0.2420080001002134
0.25386799995885667
0.2748980000433221
0.2520080000749658
0.24005700004181563
0.25307800001428404
0.6027279999898383
0.3022689999170325
0.2260470000692294
0.22184700003435864
0.19217499993828824
0.2843990000656049
0.19828599999982544
0.20099599998957274
0.2111060000515863
0.2480970000533489
0.2280669999663587
0.47022400008245313
0.29004900000018097
0.23197699999855104
0.19513600000209408
0.22079699999721925
0.21795700001803198
0.2763779999668259
0.23589699992498936
0.2126560000306199
0.22659700005078776
0.1995459999761806
0.5700570000044536
0.2953089999664371
0.21566600003097847
0.19681599997056765
0.19836599994960125
0.20545600000332342
0.19201600002816122
0.21386599996731093
0.22353700001076504
0.20033600003444008
0.34968099998877733
0.4523140000856074
0.2675879999287645
0.21895700001550722
0.2033660000506643
0.2157060000627098
0.22833699995317147
0.22842700002456695
0.21011699993778166
0.2221259999259928
0.20111599997107987
0.19602599991230818
0.49415499995575374
0.26253800001541094
0.20689600000878272
0.21231699997770193
0.21996599991780386
0.22205699997357442
0.19901600001048791
0.23523700008354353
0.22044599995751923
0.20011599997360463
0.2130159999751413
0.18587500005651236
0.2134970000042813
0.5107659999339376
0.26447799996276444
0.2362870000069961
0.3014589999565942
0.25065700003779057
0.21261699998831318
0.22387700005310762
0.2009370000450872
0.19969599998148624
0.5834879999611076
0.27175799993983674
0.2133560000174839
0.19572600001538376
0.19597599998633086
0.19651600007364323
0.1909150000756199
0.21389699998053402
0.20520600003237632
0.2167260000760507
0.19593599995459954
0.19955599998411344
0.21060699998542987
0.44354400006341166
0.26468800001566706
0.22697700001117482
0.22980699998242926
0.24836800002958626
0.20438599995031836
0.24058700000750832
0.20340600008239562
0.21667700002581114
0.2478979999978037
0.22037599990198942
0.5506170000444399
0.313839000000371
0.2090660000249045
0.19948600004227046
0.19446600003902859
0.23996699997042015
0.20110699995257164
0.19298600000183797
0.19846599991524272
0.20275600002150895
0.2017860000478322
0.500734999945962
0.2581480000571901
0.20301600000038889
0.20275600002150895
0.2363969999805704
0.27800800000932213
0.22738699999536038
0.2064660000087315
0.2124469999671419
0.22567700000308832
0.20540699995308387
0.19870599999194383
0.22411699990243505
0.21889699996791023
0.23458800001208147
0.19600600001012936
0.19430600002579013
0.196095999967838
0.191795000091588
0.19167599998581863
0.2020360000187793
0.20180600006369787
0.22993699997186923
0.18875599994316872
0.19732600003408152
0.20037599995248456
0.5734179999308253
0.26928800002679054
0.25677799999357376
0.21235700000943325
0.19511599998622842
0.2110760000277878
0.20692600003258121
0.22727700002178608
0.21825600003921863
0.22610700000313955
0.19456600000467006
1.872326000011526
0.27825899996969383
0.23369699999875593
0.24426799996035697
0.22678699997413787
0.22567700000308832
0.25459799996951915
0.2474670000083279
0.21098600007007917
1.7336930000055872
0.2622779999228442
0.26632800006609614
0.2102560000594167
0.2235570000266307
0.2044259999820497
0.21388600009686343
0.19419600005221582
0.2255570000215812
0.2201559999548408
0.2093169999852762
0.20067700006620726
0.2412879999837969
0.5160050000085903
0.2946390000033716
0.25730799995926645
0.22739700000329321
0.2603770000177974
0.2183870000180832
0.20699600008811103
0.19627599999694212
0.23596700009420601
0.21726599993598938
0.20697700006166997
0.196786000060456
0.19682599997850048
0.21142600007806323
0.2698380000083489
0.22094700000252487
0.22331700006361643
0.2038059999449615
0.19484599999941565
0.19602600002599502
0.2147659999991447
0.20178599993414537
0.22404699996059207
0.25846799996998016
0.28128799999649345
0.21817699996518058
0.2771480000092197
0.2232770000318851
0.2232859999367065
0.21366700002545258
0.22169600003962842
0.21284700005708146
0.219796999999744
0.6839110000100845
0.26967799999511044
0.27133799994771834
0.2162869999438044
0.2367770000546443
0.21875599998111284
2.032502000020031
0.36108100005094457
0.24143699999967794
0.2160270000786113
0.2266870000084964
0.223255999912908
0.23435700006757543
0.2186970000366273
0.22085700004481623
0.20794599993223528
0.2304170000115846
0.2013260000239825
0.22135599999728583
0.6202790000315872
0.30107899999620713
0.23488700003326812
0.2419770000869903
0.20782599995072815
0.18735599996944075
0.19896599997082376
0.23844700001518504
0.24360699990211288
0.24421800003437966
0.2119470000252477
0.20977600001970131
0.22146700007397158
0.6153780000204279
0.25585800005956116
0.22357699992880953
0.19765599995480443
0.20161599991297408
0.230206999958682
0.1952159999518699
0.19391600005747023
0.1970859999573804
0.20044600000801438
0.21884599993882148
0.2034460000004401
0.19931600002109917
0.20346600001630577
0.20539599995572644
0.19072600002800755
0.1989060000369136
0.3067000000100961
0.2208859999655033
0.22525700001096993
0.21539599993047887
0.22553700000571553
0.2064059999611345
0.20102600001337123
0.20614599998225458
0.20965599992450734
0.2425080000421076
0.22656700002698926
0.23366799996438203
0.21571699994638038
0.6628899999441273
0.2433870000686511
0.20709599994006567
0.22927700001673657
0.25117799998497503
0.2527579999878071
0.21968599992305826
0.22830700004305982
0.43483299998570146
0.2595680000467837
0.23293200001717196
0.21398199999111966
0.22040600003947475
1.7639839999219475
0.2822190000415503
0.22019599998657213
0.28836399997089757
0.7885839999062227
0.25518300003568584
0.815394000028391
0.2532990000645441
0.23228700001709512
1.739002000022083
0.24426699997093237
0.2560179999591128
0.2552680000462715
0.2776080000330694
0.6175290000101086
0.26735799997368304
0.7486319999543412
0.23968300001797616
0.2059469999267094
0.21597600004952255
0.2555480000410171
0.26623300004757766
1.6777900000306545
0.276343999985329
0.6430249999311854
0.3679520000332559
0.22644700004548213
0.23567699997784075
0.22813700002188853
0.2059459999372848
0.6551799999670038
0.23891199998615775
0.20083599997633428
0.25354299998525676
0.24398699997618678
0.2888600000687802
0.22188599996297853
0.2079760000697206
0.2251099999739381
0.7131139999501102
0.2350170000227081
0.7940440000311355
0.22644700004548213
0.5694870000070296
0.2834189999703085
0.22624700000051234
0.20703600000615552
0.19549599994661548
0.21370599995407247
0.25163800000882475
0.23739699997804564
0.23127700001168705
0.2397370000153387
0.3176300000404808
0.21939699990980444
0.2329209999061277
0.22600700003749807
0.2681679999341213
0.5483869999807212
0.2615690000311588
0.21533700009968015
0.19480600008137117
0.20930699997734337
0.22565699998722266
0.20809600005122775
0.21292700000685727
0.24826699996083335
0.21232699998563476
0.6074489999718935
0.22008700000242243
0.2187759999969785
0.215227000012419
0.20367599995552155
0.213605999988431
0.18669600001430808
0.20423599994501274
0.20174099995529104
0.7026819999964573
0.5268360000627581
0.25490799998806324
0.22259699994719995
0.18715599992447096
0.209461999929772
0.19865599995227967
0.20834600002217485
0.23682699998062162
0.5754979999892385
0.6193240000129663
0.2711380000164354
0.2819380000573801
0.2112869999564282
0.22498099997392274
0.22763699996630749
0.22741700001915888
0.2386869999781993
0.2025669999738966
0.5504769999333803
0.2839779999703751
0.22590799994759436
0.22180700000262732
0.19157600002017716
0.6194289999257307
0.22262699997099844
0.27516900001955946
0.7044010000072376
0.2780779999511651
0.22968700000092213
0.25902799995947134
0.21131699998022668
0.2093410000725271
0.2175770000576449
0.20659599999817146
0.2449419999948077
0.21176699999614357
0.22771700002977013
0.21956700004466256
0.23742799999126873
0.2335760000278242
0.5565970000134257
0.2605979999543706
0.22323700000015378
0.23325699999077187
0.2877980000448588
0.2059670000562619
0.21124699992469687
0.3506209999386556
0.2426569999443018
0.6690200000321056
0.270366999984617
0.2178379999122626
0.26869800001350086
0.25336900000638707
0.22718700006407744
0.20712599996386416
0.24284699998133874
0.5896180000490858
0.26166800000737567
0.21277700000155164
0.19910599996819656
0.20778600003268366
0.2018960000214065
0.2981090000275799
0.24590699990767462
0.30632899995453045
0.24432699990484252
0.31093999996301136
0.5929879999939658
0.25153699994007184
0.22412699991036789
0.22355599992351927
0.2346270000543882
0.22128599994175602
0.21461200003614067
0.3152640000507745
0.20877700001165067
0.5369770000243079
0.25827700005720544
0.23966700007349573
0.2778080000780392
0.24408699994182825
0.2126060001046426
1.0245510000004288
0.26009799989878957
0.27699899999333866
0.2195170000049984
0.2099170000064987
0.21150600002783904
0.2631979999705436
0.1921959999435785
0.27253899997958797
0.18587599993225012
0.28261900001780305
0.21235600002000865
1.2584980000838186
0.652269000056549
0.3024489999461366
0.250037999990127
0.24848699990798195
0.2883289999999761
0.2318669999112899
0.19935699992856826
0.21342699994875147
0.20749700001942983
0.22016699995219824
0.23074599994288292
0.26569900001049973
0.28213799998866307
0.20051599994985736
0.19575599992549542
0.8000240000001213
0.5859529999270308
0.4897290000371868
0.22596700000576675
0.20486599999003374
0.21027599996159552
0.24154799996267684
0.2426269999205033
0.22100700005012186
0.20011599997360463
0.23522699996192387
0.23018600006707857
0.19219600005726534
0.19034599995393364
0.24341300002106436
0.2007059999868943
0.5481370000097741
0.5188159999534037
0.2477619999581293
0.2176469999994879
0.30181900001480244
0.22487599994747143
0.22489700006644853
0.22681600000851176
0.21125600005689193
0.19326599999658356
0.1864860000750923
0.2784490000067308
0.6679509999685251
0.2750879999666722
0.23607199989328365
0.23634699994090624
0.2597929999410553
0.21588199990674184
0.24714699998185097
0.20969100000911567
0.22096700001839054
0.21516600008908426
0.22318700007417647
0.2169809999941208
0.5940380000311052
0.5500419999862061
0.22351699999489938
0.2640679999785789
0.24551799992877932
0.2945140000747415
0.3129639999315259
0.23616800001491356
0.22617199999785953
0.23033100001157436
0.21170700006223342
0.21401200001491816
0.1973349999389029
0.21201200001996767
0.5575960000214764
0.2761680000276101
0.21425700003874226
0.22480300003735465
0.2487379999820405
0.1984159999892654
0.24977299995043722
0.21793600001274172
0.23562700005186343
0.1950960000840496
0.2149370000097406
0.2244360000531742
0.27425400003266986
0.22421599999233877
0.6898709999632047
0.26451199994426133
0.26634799996827496
0.24768800005858793
0.2447279999842067
0.21854599992821022
0.23460700003852253
0.2228669999340127
0.20750600003793807
0.19414600001255167
0.19838600007915375
0.18435600009070185
0.2107160000832664
0.5992080000396527
0.2797279998958402
0.23679699995682313
0.23655699999380886
0.507334999952036
0.23866699996233365
0.2389969999967434
0.2308670000275015
0.23865800005751225
0.20998600007260393
0.27582800009895436
0.21432699998058524
0.22351199993408954
0.19258500003616064
0.22281199994722556
0.7351719999633133
0.27625799998531875
0.21225699993010494
0.20450700003493694
0.19516600002589257
0.2102570000488413
0.22438700000293466
0.21145599998817488
0.2689180000743363
0.22842700002456695
0.3806920000215541
0.25976799997806665
0.25551699991410715
0.22083600003952597
0.2169470000126239
0.21433599999909347
0.8756869999615446
0.2321079999774156
0.21640700003899838
0.5897280000226601
0.2378670000098282
0.2099859999589171
0.19656599999962054
0.24731700000302226
0.2770939998981703
0.18812099995102471
0.22048599998925056
0.23655699999380886
0.21433699998851807
0.22268700001859543
0.21633599999404396
0.21637700001519988
0.19889099996817095
0.20517600000857783
0.20305599991843337
0.18645599993760698
0.24235199998656753
0.20022600006086577
0.23645700002816739
0.199956000074053
0.22680699999000353
0.23762200009969092
0.21534600000450155
0.2159210000627354
0.2621980000867552
0.7455119999804083
0.270027999931699
0.2241669999420992
0.21120600001722778
0.19962599992595642
0.2347879999433644
0.2145259999224436
0.21981700001560966
0.22724099994775315
0.20659599999817146
0.2439520000052653
0.2215070001057029
0.19731600002614869
0.18940600000405539
0.4972350000116421
0.5392960000563107
0.2800779999461156
1.2411280000605984
0.23978600006557826
0.272618000053626
0.7593579999820577
