payload_size_bytes=10240
runs=1000
mean_ms=0.278
median_ms=0.224
stddev_ms=0.423
min_ms=0.143
max_ms=12.542
---raw---
0.853221000056692
0.26672800004234887
0.2057660000218675
0.18943099996704404
0.2595779999410297
0.23751699995955278
0.1997460000211504
0.21881600002870982
0.22453700000824028
0.4995550000330695
0.1899019999882512
0.23697699998592725
0.20600099992407195
0.19525599998360121
0.18468600001142477
0.19561600004180946
0.20049600004767854
0.18826600000920735
0.2305269999851589
0.940927999977248
0.2528180000354041
0.18713600002229214
0.20002599990220915
0.18471600003522326
0.1800549999870782
0.18874600004892272
0.19343600001775485
2.292139000019233
0.21861699997316464
0.18957600002522668
0.4547380000303747
0.19164100001489714
0.47642900005939737
0.25101799997173657
0.19829600000775827
0.2814529999568549
0.49028500006897957
0.21872699994673894
0.2621080000153597
0.21116099992468662
0.2237769999737793
0.20575600001393468
0.21886699994411174
0.2026759999580463
0.1882360000990957
0.21762699998362223
0.18702500005929323
0.1953460000549967
0.5778480000344643
0.2062959999875602
1.2884189999340379
0.24240799996277929
0.24054700008946384
0.20666600005370128
0.19853599997077254
0.19441599999936443
0.21447599999646627
0.24518699990494497
0.7444829999485592
0.3514300000233561
0.3115889999207866
0.2964889999930165
0.20652699993206625
0.18753599999854487
0.20824600005653338
0.2060460000166131
0.24829699998463184
0.24143699999967794
0.2595479999172312
0.2325269999801094
0.2755379999825891
0.2834480000046824
0.2766679999695043
0.20982599994567863
0.21098599995639233
0.23093699996934447
0.1995769999894037
0.19862600004216802
0.20434599991858704
0.20951599992713454
0.24293700005273422
0.2823490000309903
0.23187799990864733
0.2623179999545755
0.20588699999279925
0.1914460000307372
0.20211699995797971
0.22026700003152655
0.28679900003680814
0.21215699996446347
0.20136699993145157
0.18898599989825016
0.21101699996961543
0.20605700001397054
0.24163799992038548
0.24794800003746786
0.2548979999801304
0.20813599996927223
0.2381169999807753
0.2350669999486854
0.18871500003569963
0.21776599999157042
0.20329599999513448
0.252007999961279
0.33354000004237605
0.2297869999665636
0.22059599996282486
0.21914700005254417
0.24034800003391865
0.2695890000268264
0.23555800009944505
0.22635700008777349
1.4185429999997723
0.2949189999981172
0.24321700004747981
0.2660380000634177
0.19358500003363588
0.31831000001147913
0.18628600003012252
0.20160600001872808
0.20368599996345438
0.19034599995393364
0.2108669999643098
0.19410600009450718
0.20503600001120503
0.20110599996314704
0.2299269999639364
0.18661599995084543
0.18794599998273043
0.22748699996100186
0.18956500002786925
0.16488500000377826
0.18382499990821088
0.18058499995277089
0.24846799999522773
0.1927259999092712
0.20135599993409414
0.18971600002259947
0.2391369999941162
0.24961699989489716
0.23546699992493814
0.23784799998338713
0.24753799993959547
0.20725600006699096
0.6816909999542986
0.1957859999492939
1.3285799999493975
0.2504880000060439
0.20927599996412027
0.18650499998784653
0.21909600002345542
0.19976599992332922
0.18490499996914878
0.20269599997391197
0.1844559999426565
0.18952499999613792
0.17885499994463316
0.2019659999632495
0.2741280000009283
0.29221900001630274
0.2406780000683284
0.2158870000812385
0.18888599993260868
0.20138699994731724
1.1012129999699027
0.212696999938089
0.21385700006248953
0.18946599993796553
0.2062959999875602
0.18858600003568426
0.20283599997128476
0.1899059999459496
0.2085670000724349
0.17943600005310145
0.21759700007351057
0.1836159999584197
0.19430600002579013
0.2074860000220724
0.14302399995358428
0.20130600000811683
0.1898660000279051
0.1902550000068004
0.22846699994261144
0.2352069999460582
0.20567599995047203
0.7640630000196325
0.24333700002898695
0.22768700000597164
0.208756999995785
0.19063599995661207
0.19654699997317948
0.22193699999206729
0.20301699998981348
0.18147599996609642
0.20427599997674406
0.19140599999900587
0.18622600009621237
0.20030700000006618
0.20366600006127555
0.20493600004556356
0.18600500004595233
0.22919699995327392
0.18974600004639797
0.18637499999840657
0.19328600001244922
0.2108570000700638
1.2106570000014472
0.2582680000386972
0.21860700007891865
12.541560999920875
0.4006570000001375
0.5694769999990967
0.26864800008752354
0.23698699999386008
0.23465699996449985
0.22782700000334444
0.19225599999117549
0.19662600004721753
0.21624700002575992
0.23718700003882986
0.6127740000465565
0.23161700005402963
0.2364769999303462
0.19175499994616985
0.22636700009570632
0.3607609999107808
0.20092600004772976
0.2762280000752071
0.19650599995202356
0.2662480000026335
0.18053499991310673
0.20763600002737803
0.21389699998053402
0.22523699999510427
0.21265199995923467
0.2501780001011866
0.21292700000685727
0.20311200000833196
0.19990600003438885
0.19312599999921076
0.2032359999475375
0.19821599994429562
0.20543599998745776
0.4683939999949871
0.24113699998906668
0.2611689999412192
0.19509599997036275
0.19992599993656768
0.2275670000244645
0.2092770000672317
0.7275020000179211
0.20365599993965589
0.21636099995703262
0.20285599998715043
0.22454699990248628
0.18886599991674302
0.25479200007794134
0.19962700002906786
0.2670280000529601
0.20885100002487889
0.209675999940373
0.2454320000424559
0.21773200001007353
0.221410999984073
0.19998599998416466
0.26089299990417203
0.2835939999386028
0.2701890000480489
0.2278869999372546
0.3449130000490186
0.21867899999961082
0.23965200000475306
0.25202699998772005
0.2044960000375795
0.22725700000592042
0.2173369999809438
0.22768700000597164
0.21243599996978446
0.208817000043382
0.6035079999264781
0.6276889999980995
0.2192960000684252
0.22210199995242874
0.19054599999890343
0.2138160000413336
0.23351800007276324
0.2500829999689813
0.25769699993816175
0.2510980000351992
0.21942699993360293
0.1963159999149866
0.19535600006292952
0.20276199995805655
0.22372099999756756
0.20739199999297853
0.224371999934192
0.23369600000933133
0.26295800000752934
0.2162519999728829
0.20821099997192505
0.22344199999224656
0.2195460000393723
0.19347600004948617
1.670501000035074
0.30301999993298523
0.5511909999995623
0.2473280000003797
0.20211100002143212
0.22490699996069452
0.19807599994692282
0.23149200001171266
0.2040119999264789
0.21300100002008548
0.2229269999816097
0.24684800007435115
0.20616599999812024
0.1800450000928322
0.22157699993385904
0.21409199996469397
0.20852599993759213
0.20092099998691992
0.21478600001501036
0.2086859999508306
0.20077600004242413
0.18587600004593696
0.2689880000161793
0.2561530000093626
0.6013080000002446
0.6110430000489941
0.19889600002898078
0.2535930000249209
0.2025960000082705
0.2092559999482546
0.18541600002208725
0.2061870000034105
0.19548599993868265
0.18529599992689327
0.2068810000537269
0.24260199995751464
0.2053109999451408
0.21771199999420787
0.2043910000111282
0.2471329999025329
0.20037100000536157
0.21577600000455277
0.1997159999973519
0.291318999984469
0.2397479998990093
0.2527020000115954
0.21845099990969175
1.1734060000208046
0.7211169998981859
0.2935039999556466
0.22255100009260786
0.22070199997870077
0.2280620000192357
0.20831699998780095
0.28783400000520487
0.23275299997749244
0.23301199996694777
0.23889700003110192
0.21527199999127333
0.19168599999375147
0.24187199994685216
0.20827599996664503
0.2561270000569493
0.2720679999583808
0.22363699997640651
0.2287969999770212
0.2218469999206718
0.22322599988910952
0.2102560000594167
0.20334600003479864
0.28803899999729765
1.093452999953115
0.23854200003370352
0.696032000064406
0.22410700000818906
0.21536599990668037
0.1994670000158294
0.2365670000017417
0.26961300000039046
0.2534529999138613
0.22683700001380203
0.23514199995133822
0.2147620000414463
0.21683199997823976
0.2117760000146518
0.23123699997995573
0.22339700001339224
0.20941699995091767
0.3989519999549884
0.24090700003398524
0.22647799994501838
0.22990699994807073
0.20387600000049133
0.26812800001607684
0.20127699997374293
0.5616569999347121
0.22926700000880373
0.7018510000307288
0.24116699989917834
0.23849699994116236
0.20706599991626717
0.2311169999984486
0.22620799995820562
0.25623800001994823
0.2342969999062916
0.2383620000045994
0.2176209999333878
0.25149800001145195
0.2271720001090216
0.19659500003399444
0.21593100007066823
0.22428199997648335
0.21400100001756073
0.22782700000334444
0.2748389999851497
0.2320769999641925
0.2317170000196711
0.2279860000271583
0.5013260000623632
0.23486700001740246
0.2194169999256701
0.24462799990487838
0.18863499997223698
0.7384520000641714
0.2124959999036946
0.3945020000628574
0.23845800001254247
0.22360200000548502
0.25308199997198244
0.19602600002599502
0.2290469999479683
0.22050699999454082
0.1997760000449489
0.18503499995858874
0.237093000009736
0.2330120000806346
0.418492999983755
0.22862700006953673
0.37838100001863495
0.5955090000497876
0.4787350000015067
0.2697479999369534
0.234767000051761
0.6852559999970254
0.26991900006123615
0.20380199998726312
0.2221559999497913
0.22246200001063698
0.24617300005047582
0.2376570000706124
0.19930600001316634
0.21387599997524376
0.24302799999986746
0.21555699993314192
0.21570599994902295
0.22502699994220166
0.23809799995433423
0.20923599993238895
0.2337219999617446
0.22786199997426593
0.7301830000869813
0.23154200005137682
0.6263090000402372
0.26486299998396134
0.22063699998398079
0.1960560000497935
0.379391000024043
0.19871500001045206
0.22185199998148164
0.22495099995012424
0.2230719999261055
0.22584199996344978
0.22307599999749073
0.2664279999180508
0.22311600002922205
0.23918800002320495
0.23060699993493472
0.2559129999326615
0.2502930000218839
0.23852200001783785
0.2646630000526784
0.2918179999369386
0.26781799999753275
1.1930470000152127
0.22485599993160577
0.6142290000070716
0.24656699997649412
0.2042760000904309
0.23618699992766778
0.19818600003418396
0.2111119999881339
0.1927549999436451
0.22604200000841956
0.2212360000157787
0.22207699998944008
0.24683699996330688
0.2561879999802841
0.22335200003453792
0.23901700001260906
0.24034700004449405
0.22180700000262732
0.22897099995589087
0.21752700001798075
0.2342870000120456
0.2240470000742789
0.24749700003212638
0.7222120000278665
0.6429900000739508
0.2911090000452532
0.23928200005229883
0.20349699991584203
0.17633499999192281
0.1995759999999791
0.20313099992108619
0.4714450000165016
0.3264900000203852
0.2709079999476671
0.23499700000684243
0.21983600004205073
0.2870789999178669
0.2293170000484679
0.21225600005436718
0.21296599993547716
0.2239469999949506
0.22597700001369958
0.2246469999818146
0.23389000000406668
0.25766499993551406
1.2577890000784464
0.28064800005722645
0.24472800009789353
0.32463099989854527
0.8156040000812936
0.23134699995353003
0.2916690000347444
0.20844100004069332
0.2264409999952477
0.20244600000296487
0.23548700005449064
0.2141019999726268
0.19234599994888413
0.19027500002266606
0.18668599989268841
0.22502199999507866
0.20545600000332342
0.1952949999122211
0.20568599995840486
0.2118869999776507
0.1985860000104367
0.19680599996263481
0.22005599998919934
0.22351699999489938
0.21724600003381056
0.21986600006584922
0.2662480000026335
0.2526430000671098
0.2066069999955289
0.21734200004175364
0.7030619999568444
0.21878699999433593
0.2267669999582722
0.23937699995713047
0.20435599992651987
0.23170700001173827
0.23310699998546625
0.21021599991399853
0.21250599991162744
0.22584700002425961
0.22479699998712022
0.22101699994436785
0.22725700000592042
0.23468699998829834
0.22959699992952665
0.2017959999420782
0.2576699999963239
0.24833800000578776
0.23375699993266608
0.20532600001388346
0.2697679999528191
0.2189870000393057
0.3151099999740836
0.21098600007007917
0.2048169999397942
0.22843700003249978
0.2308670000275015
0.19342600000982202
0.19109599998046178
0.2024570000003223
0.2166670000178783
0.21566599991729163
0.2738780000299812
0.21978699999181117
0.26992899995548214
0.2103369999986171
0.3249889999779043
0.2196820000790467
0.2239809999764475
0.22534200002155558
0.26608200005284743
0.25336800001696247
0.24072700000488112
0.1838160000033895
0.21331699997517717
0.20328499999777705
0.20992700001443154
0.2464880000161429
0.2574280000544604
0.2221869999630144
0.2222490001031474
0.41072999999869353
0.21336700001484132
0.24706800002149976
0.2123020000226461
0.22196099996563134
0.2161720000231071
0.2567230000067866
0.21191199994063936
0.23602200008099317
0.18858600003568426
0.22203200001058576
0.21715100001529208
0.23961700003383157
0.21334600000955106
0.1978159999680429
0.2510279999796694
0.2091809999456018
1.1939759999677335
0.2144559999806006
0.21464200005993916
0.21176599989303213
0.21462199993038666
0.2710029999661856
0.2936490000138292
0.2205719999892608
0.1853049999454015
0.2162360000284025
0.23926200003643316
0.2370570000493899
0.5810170000586368
0.23194200002762955
0.198630999989291
0.2202919999945152
0.2000709999947503
0.2225370000132898
0.19826599998395977
0.20368200000575598
0.23160099999586237
0.23555699999633362
0.20803600000363076
0.17811499992603785
0.24393700005020946
0.6517299999586612
0.22792800007209735
0.22699199996623065
0.21019599989813287
0.19385600000987324
0.28219900002568465
0.7867680000117616
0.2591579999489113
0.23917700002584752
0.24425699996299954
0.23677699994095747
0.2398780000021361
0.27990900002805574
0.21147600000404054
0.20558700009587483
0.23791700004949234
0.2830189999940558
0.2461270000821969
0.277811000046313
0.1927160000150252
0.21065400005682022
0.22835700008272397
0.2503880000404024
0.20028599999477592
1.1282450000180688
0.22813700002188853
0.24654000003465626
0.3733620000048177
0.21609399993849365
0.5622790000643363
0.2521760000036011
0.23726699998860568
0.6173289999651388
0.22531699994488008
0.21867600003133703
0.20230100005846907
0.20982600005936547
0.20207600005051063
0.20865600004071894
0.2292909999823678
0.2169770000364224
0.1999359999445005
0.2044009999053742
0.21206600001733023
0.2958890000854808
0.2703829999290974
0.3001289999247092
0.21039699993252725
0.20924599994032178
0.38267200000063895
0.1941560000204845
0.2556270000013683
0.2413470000419693
0.23158700003023114
0.22216699994714872
0.21286699995926028
0.1991560000078607
0.23036599998249585
0.3656009999986054
0.2504379999663797
0.24733199995807809
0.20444099993710552
0.2146820000916705
0.19808599995485565
0.20803100005650776
0.2107560000013109
0.41264300000420917
0.24907800002438307
0.24322700005541265
0.24315699999988283
0.21296199997777876
0.22444200010340865
0.209096000048703
0.21284600006765686
0.20833200005654362
0.23085700001956866
0.19920099998671503
0.19659600002341904
0.24815700010094588
0.5874229999562885
0.26743199998691125
0.2578779999566905
0.25774700009151275
0.21537700001772464
0.23868800008131075
0.42119399995499407
0.22636699998201948
0.23503199997776392
0.2276769999980388
0.20513600009053334
0.220706000050086
0.20731100005377812
0.23272199996426934
0.19749599994156597
0.25312299999313836
0.21682200008399377
0.22513699991577596
0.19190499995147547
0.19777099998918857
0.22074700007124193
0.6807299999991301
0.24689700001090387
0.22342700003719074
0.2580889999990177
0.22503600007439672
0.21677199993064278
0.20681099999819708
0.20473600000059378
0.19111500000690285
0.212336000004143
0.4791540000042005
0.2431479999813746
0.25929800005997095
0.21277600001212704
0.2334670000436745
0.21145699997759948
0.22561699995549134
0.1938549999067618
0.22062699997604795
0.19444600002316292
0.2556580000145914
0.22550699998191703
0.24064699994141847
0.19339100003890053
1.14070399990851
0.22487700005058286
0.1945449999993798
0.23477699994600698
0.2258020000454053
0.22839700000076846
0.2386869999781993
0.271988000008605
0.3025820000175372
0.2917169999818725
0.22831700005099265
0.32205299999077397
0.2464149999923393
0.28037799995672685
0.2033360000268658
0.22058600006857887
0.21831699996255338
0.2318269999932454
0.21779600001536892
0.24361700002373254
0.21744700006820494
0.1937660000521646
0.21825700002864323
0.7331320000503183
0.20830599999044352
0.252698000053897
0.25504799998543604
0.38857200001984893
0.24516700000276614
0.28027899998051
0.22564700009297667
0.20539599995572644
0.25539800003571145
0.2204669999628095
0.21415699995941395
0.1983060000156911
0.2115059999141522
0.26953799999773764
0.23555699999633362
0.19984599998679187
0.2223669999921185
0.20932600000378443
0.2005510000344657
0.2167310000231737
0.2060159999928146
0.2085360000592118
0.21223199996711628
1.0189710000076957
0.26435800009494415
0.2103069999748186
0.24488199994721072
0.22558800003480428
0.3670840000040698
0.2295340000273427
0.2599480000071708
0.25346699999317934
0.3867020000143384
0.22856700002193975
0.23291700006211613
0.22872699992149137
0.2520479999930103
0.20205700002406957
0.22744700004295737
0.2033060000030673
0.22819699995579867
0.18601500005388516
0.19204599993827287
0.19690600004196313
0.2065459999585073
0.21645099991474126
0.6004179999763437
0.24365700005546387
0.2199660000314907
0.24735199997394375
0.25283799993758294
0.22737200004030456
0.22379699998964497
0.288593999925979
0.2460680000240245
0.26725800000804156
0.3068610000127592
0.25856499996734783
0.26194800000212126
0.20147600002928812
0.23085700001956866
0.21795700001803198
0.24542699998164608
0.21776699998099502
0.2234569999473024
0.20789600000625796
0.27801099997759593
0.2507469999954992
0.264964999928452
0.650790000008783
0.24570699997639167
0.25229700008821965
0.20199599998704798
0.19715600001291023
0.29411900004561176
0.1911360000121931
0.2522580000459129
0.17040599993833894
0.16894499992758938
0.17005500001232576
0.21460599998590624
0.1925459999938539
0.17549599999711063
0.17839600002389489
0.21250700001473888
0.21250899999358808
0.20663299994794215
0.24227699998391472
0.2542880000646619
0.20883600006982306
0.23331699992468202
0.24452800005292374
0.2568270000438133
0.22473900003205927
0.19851399997605768
0.27721899994048727
0.5476769999859243
0.22751599999537575
0.1966160000392847
0.2631979999705436
0.18489499996121594
0.2993790000118679
0.19298600000183797
0.2941390000614774
0.22929700003260223
0.19536599995717552
0.18821600008323003
0.24744000006649003
0.3617590000430937
0.23123699997995573
0.20390899999256362
0.27059599995027384
0.22119599998404738
0.2206760000262875
0.21402699996997399
0.1976159999230731
0.20585499999015155
0.16982599993298209
0.22877699996115552
0.747853000007126
0.271427999905427
0.2209589999893069
0.19623600007889763
0.1998830000502494
0.2160270000786113
0.21182700004374055
0.25196299998242466
0.23514700001214806
0.19960099996296776
0.20128599999225116
0.258338000094227
0.1908560000174475
0.22847699995054427
0.23477699994600698
0.23201700003028236
0.1990259999047339
0.20188600001347368
0.18808599998010322
0.2675189999763461
0.22285700003976672
0.206435999984933
0.20651700003782025
0.22057700005007064
0.7734239999308556
0.20678800001405762
0.2009840000027907
0.17480499991506804
0.5910769999672993
0.1957360000233166
0.2701180000030945
0.24825700006658735
0.2516880000484889
0.2627679999704924
0.40054199996575335
0.2349269999513126
0.25385699996149924
0.21063599990611692
0.21975699996801268
0.20288899997922272
0.2645850000817518
0.22527599992372416
0.2264080000031754
0.19362599994110496
0.24306699992848735
0.49562500009869837
0.6288090000907687
0.23144700003285834
0.21464700000706216
0.19997599997623183
0.26552799999990384
0.3454509999301081
0.25624099998822203
0.23944400004438648
0.22857700002987258
0.21502599997802463
0.18445500006691873
0.1775550000502335
0.1900849999856291
0.22027700003945938
0.19221499997001956
0.19917599991003954
0.19093499997779873
0.18080500001360633
0.19740700008696876
0.20283099991047493
0.18573099998775433
0.16696499994850456
0.20059600001332
0.20848600001954765
0.5050670000628088
0.4149029999780396
0.21743299998888688
0.3365110000004279
0.22132600008717418
0.27660900002501876
0.33166900004744093
0.22435699997913616
0.29771900005926
