Mean: 4.046 ms
Median: 3.968 ms
StandardDeviation: 1.258 ms
Min: 2.214 ms
Max: 41.449 ms
2.2137630003271624
3.451094999036286
3.7839579999854323
4.325423000409501
5.056367997894995
5.715766001230804
3.789718000916764
3.8102989965409506
4.930022998451022
3.6338700010674074
4.127930002141511
3.891188000125112
3.3656669984338805
5.050338000728516
3.416731000470463
3.5523490005289204
3.6879069994029123
3.915671000868315
3.456436999840662
3.7596639995172154
3.4005870002147276
3.534210001816973
4.000557997642318
3.490667000733083
4.026517999591306
4.837963999307249
3.422539000894176
3.8262790003500413
3.4358669981884304
3.4233219994348474
5.516252997040283
3.692391997901723
4.2052530006913
4.275129998859484
4.281617999367882
4.048328002681956
3.392973001609789
3.620780997152906
3.602360000513727
3.890189000230748
3.934582000511
4.890715001238277
4.6280369970190804
3.426876002777135
3.799604000960244
3.5741550018428825
4.136558000027435
3.3651990015641786
3.4897049990831874
3.376398999535013
3.45338699844433
4.461812000954524
3.791017999901669
3.667865999886999
3.793609001149889
3.641595001681708
3.1635710001864936
4.293504000088433
3.665647000161698
3.813471001194557
3.956877000746317
3.868774998409208
3.8067539971962105
3.171270996972453
4.295973001717357
4.21841700153891
4.574884002067847
4.431458000908606
3.6149150000710506
4.034648998640478
4.2470730004424695
3.801549999479903
4.3316030023561325
3.364774998772191
4.919879000226501
4.212471998471301
3.982237998570781
3.4362869992037304
3.9673920000495855
3.9009049978631083
3.5230729990871623
3.490516999590909
4.492787000344833
3.904686000169022
4.679510002461029
4.324424000515137
3.986046001955401
3.835823998088017
3.8587140006711707
4.339594001066871
4.250753001542762
3.5366289994271938
4.178562001470709
3.7717429986514617
3.892185999575304
3.3313099993392825
3.784772998187691
3.4586620022309944
3.867514999001287
4.0900890016928315
4.723485002614325
4.093639003258431
3.8405839986808132
3.5452980009722523
4.437366998899961
4.434817001310876
4.59106899870676
4.289233998861164
4.029788000480039
3.603158998885192
3.754453002329683
4.455485999642406
4.01738800064777
3.193839998857584
3.454746001807507
3.470687999652
4.358535999926971
3.648341000371147
3.211827999621164
4.249028002959676
4.096905002370477
3.9952269980858546
3.9629990023968276
3.7809440000273753
3.887995997502003
3.9049449987942353
3.3990759984590113
4.078980000485899
4.1467890005151276
4.719681997812586
3.2922940008575097
3.554880000592675
3.428787000302691
3.820914000243647
3.4864529989135917
3.8717649986210745
3.787124001974007
3.835564999462804
3.4056219992635306
3.6608210029953625
4.546398002275964
4.100430000107735
3.7216720011201687
3.7570629974652547
3.8796459994046018
4.0185269972425885
4.039548999571707
3.810000001976732
4.21765299688559
4.078213998582214
3.8170549996721093
4.153975001827348
3.2701039999665227
3.894395002134843
3.7558179974439554
5.04185700265225
3.958607001550263
3.8237539993133396
3.5911300001316704
3.9338759997917805
3.4021959982055705
3.1998369995562825
2.9961569998704363
3.3350750018144026
4.079874997842126
3.5299589981150348
3.6422250013856683
3.9023360004648566
3.5295579982630443
4.078334997757338
4.307519000576576
3.7878040020586923
3.694405997521244
4.434866001247428
3.6688700020022225
3.3564049990673084
3.6557910025294404
3.7444430017785635
3.5786890002782457
3.6565510017680936
3.416766001464566
3.605640999012394
3.8195229972188827
4.12125900038518
3.6465809971559793
3.303498997411225
4.004927999631036
3.7863430006837007
4.033369001263054
3.7038820009911433
3.305474001535913
3.9212860028783325
3.3953160018427297
3.4978530020453036
3.6019200015289243
3.169471001456259
3.957226999773411
4.009407999546966
3.9907979989948217
4.890864998742472
3.864070000417996
3.907997001078911
3.5783589992206544
3.8570450014958624
3.968737000832334
3.9396859974658582
3.452691998973023
3.7089430006744806
3.5336280016053934
3.652191000583116
3.4596460027387366
3.677401000459213
3.5640040005091578
3.8197840003704187
3.4553469995444175
3.428095998970093
3.7584030033031013
3.9502670006186236
3.2086520004668273
4.3749249998654705
3.657109999039676
3.5150279982190114
4.164470999967307
4.071249000844546
3.469518000201788
4.136909999942873
3.8182649986993056
3.7622929994540755
3.456577000179095
5.860793997271685
3.7685330025851727
3.47206700098468
3.625270997872576
3.56651000038255
3.756473000976257
3.7025409983471036
5.324333000316983
4.133624999667518
3.2738430018071085
3.5019479983020574
3.844865001155995
3.9615579989913385
4.1191099990101065
3.6619710008380935
3.6929620000591967
4.121379002754111
3.934350999770686
3.2312559997080825
3.6588799994206056
3.488618000119459
3.643885000201408
3.7060609975014813
3.5538390002329834
3.1900719986879267
3.590348998841364
3.8605999980063643
4.2932529977406375
3.590274998714449
4.658009998820489
3.7183719978202134
3.5303889999340754
3.3480199999758042
3.4157759982917923
3.04245000006631
3.7786040011269506
3.598620001866948
3.722571000253083
3.5974099992017727
3.929426999093266
3.9525969987153076
3.4730770021269564
3.5341639995749574
3.6149100014881697
3.859464999550255
3.91707599919755
4.050988001836231
3.544128998328233
3.589279996958794
3.96470800114912
4.108908997295657
3.640599999926053
3.9353259999188595
3.9376569984597154
4.493178003031062
3.394126000785036
4.280604000086896
3.7246220017550513
3.421696001169039
3.568420001101913
3.647841000201879
3.5457830017548986
3.2746840006439015
4.157254999881843
3.8193840009626
3.443396999500692
3.7360930000431836
3.996117000497179
3.6899519982398488
3.704352002387168
3.6678360011137556
3.742572996998206
3.4932369999296498
3.4113060028175823
3.8765659992350265
3.5967200019513257
3.3476360003987793
3.745073001482524
3.4843680004996713
3.382044997124467
7.015106999460841
3.7791779977851547
4.262544000084745
3.804451996984426
3.704652001033537
3.3355049999954645
3.4620269980223384
3.5797650016320404
4.133249996812083
3.4241959983773995
3.853624999464955
3.862334997393191
4.277945998182986
4.427391002536751
4.162361001363024
3.6389109991432633
4.01903900274192
3.836045001662569
4.0213079992099665
3.994706999947084
4.313753001042642
3.7218319994281046
4.23179999779677
4.117140000744257
4.471406002267031
4.011542998341611
4.252434999216348
3.855269998894073
4.000116998213343
3.691231999255251
4.062498999701347
3.8462550000986084
3.8267739982984494
4.113849001441849
3.935491000447655
3.3603610027057584
3.7886240024818107
4.286273000616347
3.8887759983481374
3.618137998273596
3.7923810014035553
3.980557001341367
3.4299370017834008
4.099518999282736
4.256249998434214
5.3839149986743
4.5955390014569275
4.3114340005558915
4.2049410003528465
3.6287949988036416
4.497483001614455
4.212161999021191
3.8091529968369287
4.053168999234913
3.7946230004308745
4.6550250008294825
4.920809999021003
4.059828999743331
3.780604001804022
3.8280640001175925
3.936064000299666
3.5512790018401574
4.273132999514928
3.650602997367969
3.733951998583507
3.9816470016376115
4.343262000475079
4.274404000170762
4.186461002973374
3.671680999104865
3.9148440009739716
4.279228000086732
4.078608999407152
4.029930001706816
3.5330889986653347
3.729591997398529
4.209882001305232
4.108738001377787
3.4170660001109354
3.7865039994358085
3.7598639974021353
4.048206999868853
3.4752380015561357
3.6958570017304737
3.9372239989461377
3.7182920023042243
3.8929160000407137
3.9903469987621065
3.9323169985436834
3.7413130012282636
4.291168999770889
3.881686003296636
4.2051719974551816
3.9152560020738747
4.342609998275293
3.8335839999490418
3.689871999085881
3.9014660032989923
4.088730001967633
4.5461379995686
4.03488899974036
3.8236889995459933
4.526499000348849
3.9600740019523073
4.230016998917563
4.536239997833036
4.471607000596123
4.383595001854701
4.419090000737924
3.924815999198472
4.148521002207417
4.463101999135688
4.285001999960514
4.619596998963971
4.028887000458781
4.26690300082555
4.032164000818739
4.548477001662832
4.144225000345614
4.422825000801822
3.730543001438491
4.345596000348451
3.7346530007198453
3.873345001920825
4.249382000125479
3.9133649988798425
3.9100549984141253
4.496626999753062
4.185892001260072
4.689730998507002
5.090546001156326
3.978245000325842
3.809433997957967
4.276857998775085
4.071624000062002
4.029978001199197
4.149479998886818
4.606589001923567
4.583818001265172
4.428595999343088
4.374156000267249
4.079284000908956
4.118141998333158
4.361893999885069
3.994588001660304
3.885506001097383
4.518467998423148
4.130569999688305
3.924625998479314
41.4485200017225
4.607768998539541
4.463241999474121
4.249668003467377
4.475416997593129
4.241942999215098
4.7665229976701085
4.333868997491663
4.412915997818345
4.097449000255438
4.24060799923609
4.185552003036719
4.020102998765651
3.5895290020562243
3.9114540013542864
4.185827001492726
5.3161180003371555
4.33659199916292
3.498327001580037
4.1068700011237524
4.462156000954565
3.5769349997281097
4.296028000680963
4.300510998291429
3.719412001373712
3.827050000836607
4.349529997853097
3.9789870024833363
4.476027002965566
4.274867998901755
3.8003029985702597
3.945746000681538
4.267901000275742
4.262997998011997
4.561190002277726
3.9897370006656274
4.029837997222785
4.328268998506246
3.8137990013638046
3.598919000069145
4.498507001699181
4.080144000909058
4.525600001215935
4.028433999337722
4.34688400127925
4.041678999783471
3.45589700009441
3.983806000178447
3.7844899998162873
3.7233620023471303
3.7143719964660704
3.609480001614429
4.001847999461461
4.579191998345777
4.0773999971861485
3.664051000669133
4.026169001008384
3.89527099832776
3.6628810012189206
4.57244700010051
4.755570997076575
5.842100999871036
4.262053000275046
4.075363998708781
4.233301999192918
3.7585530008072965
3.773553002247354
3.1909269964671694
4.0632070013089105
4.005148002761416
3.7675879975722637
4.440950997377513
4.012902998510981
4.162365999945905
3.9922979995026253
4.626058998837834
4.41697399946861
4.6780599986959714
5.087995999929262
3.98319200030528
3.935106000426458
3.9052759966580197
3.639580998424208
3.6510610007098876
3.954257001169026
4.142494999541668
3.944985997804906
4.273222999472637
3.938116002245806
4.527848002908286
4.168101000686875
4.091390001121908
4.061124000145355
4.4683760024781805
4.309542997361859
3.5805970001092646
3.8357520024874248
4.715885999758029
3.773742999328533
4.061878997163149
4.101198999705957
4.4935420010006055
3.7577909970423207
4.572138001094572
4.427521002071444
3.9686029995209537
3.9679670007899404
3.9315060021181125
4.032750999613199
3.9628869999432936
4.082462000951637
4.310196000005817
4.037303999211872
4.638120000890922
3.5852490000252146
4.406235002534231
4.025783000543015
4.283592999854591
3.4515049992478453
4.292374000215204
3.606289999879664
4.145672999584349
4.516490000241902
3.9949669990164693
3.6648309978772886
3.7895239984209184
4.977197000698652
4.423195998242591
4.3154940030945
3.913181000825716
4.56971800304018
4.513526997470763
4.253751998476218
4.404684001201531
4.178120998403756
4.3843790008395445
4.252192000421928
4.227418998198118
4.059569000673946
5.229917001997819
4.352346000814578
4.072448999068001
4.191771000478184
4.569798002194148
4.125939998630201
3.801774000748992
4.155785998591455
3.866899998683948
3.751642998395255
4.03532299969811
4.432144000020344
4.018648000055691
4.488086997298524
3.8772449988755397
3.9799469996069092
3.7711429977207445
3.6876010017294902
4.550958001345862
3.771382998820627
3.820304998953361
3.877115002978826
3.642540999862831
4.108860000997083
4.221282000798965
4.150100001425017
3.8223800002015196
3.400566001801053
3.735423000762239
4.213082000205759
4.428495998581639
3.5701269989658613
4.211790997942444
4.680547997850226
3.6029399998369627
3.3226499981537927
4.042149001179496
4.043218999868259
3.8816300002508797
3.8416019997384865
5.151580000529066
4.846063999139005
4.906042999209603
3.7013470027886797
3.810384001553757
3.521896000165725
4.317083999922033
4.9851470030262135
4.198260998236947
4.122816000744933
3.6542289999488275
3.703972000948852
4.128700002183905
4.206033998343628
4.121568003029097
3.8905660003365483
4.431456000020262
3.8012229997548275
3.8112849979370367
3.7232419999781996
3.760088002309203
3.749568000785075
3.7793730007251725
4.06961399858119
4.1034799978660885
3.8352279989339877
3.8741649987059645
3.858554999169428
3.7344980009947903
3.74797200129251
3.422762001719093
5.056139998487197
3.8151740009197965
3.647530000307597
5.0004049990093336
3.8995960021566134
3.9091269973141607
4.136930998356547
4.0774359986244235
4.458856998098781
5.1020639984926675
3.7960029985697474
3.980802997830324
3.8873949997650925
3.7157419974391814
3.8998749987513293
4.474757999560097
4.0673260009498335
4.013860001577996
4.251848000421887
3.737028000614373
3.9975930012587924
4.022047000034945
3.7985839990142267
4.735801998322131
4.307980001613032
4.018298001028597
4.460625998035539
3.6533109996526036
3.6852609991910867
3.9076379980542697
3.7836880001123063
4.31777899939334
4.433395999512868
4.169399999227608
3.967712000303436
4.224341999361059
4.11321000137832
3.71384300160571
5.487657002959168
4.143067999393679
4.0490410028724
4.368903999420581
3.6862259985355195
4.498135000176262
4.2652580013964325
4.240371999912895
4.012661000160733
4.368041001725942
4.503370000747964
3.981129000749206
3.728979001607513
4.126957999687875
4.420315999595914
3.961576003348455
4.459196999960113
4.39107600323041
4.007175000879215
3.5360729998501483
4.362610001408029
3.665226999146398
3.9674379986536223
4.248921999533195
3.3337899985781405
3.6199790010869037
4.577833999064751
3.905605997715611
3.9637260015297215
3.447397000854835
3.899261002516141
3.5563790006563067
4.336899000918493
3.9461519991164096
4.2188890001853
3.7235870004224125
3.328694001538679
4.400593003083486
3.870905002258951
4.366925000795163
3.9110029974835925
3.7220279991743155
3.9449670002795756
3.928926002117805
3.7913029991614167
3.9209050009958446
3.6305079993326217
3.9248280008905567
3.3010439983627293
4.2330020005465485
3.4829569995054044
4.245766998792533
3.7889129998802673
3.8441699980467092
3.8769040002080146
4.331662999902619
4.124014998524217
4.172410001046956
3.6558290012180805
3.5651979997055605
3.520457998092752
4.400542999064783
3.732523000508081
3.978618999099126
4.1534610027156305
3.6644740030169487
3.625110002758447
3.9366540004266426
4.857159001403488
3.7086070005898364
4.118471999390749
3.734470999916084
4.21736199859879
4.208594000374433
4.334373999881791
3.6027870010002516
3.43352399795549
4.036526999698253
3.6472279971349053
3.799142999923788
3.987816999142524
4.254272997059161
4.262370999640552
3.5709890034922864
3.21632999839494
3.9708530021016486
4.123560000152793
3.9363959986076225
3.736267997737741
4.163969999353867
3.811681999650318
3.567649000615347
3.9327660015260335
3.8590369986195583
4.937997000524774
4.014327998447698
4.32519900277839
4.054264001752017
4.08579900249606
4.059011000208557
4.228566998790484
4.177742001047591
4.1194599980372
4.437026000232436
4.091224996955134
4.2974440002581105
4.224101001454983
3.866945000481792
3.505388001940446
4.143071000726195
3.70050700075808
3.6102200028835796
4.363049996754853
4.432715999428183
3.572605000954354
3.6662810016423464
4.015958002128173
4.2536719993222505
4.025873997306917
3.1809530009923037
4.144056001678109
4.137505002290709
3.880430998833617
4.625189998478163
4.34978500197758
4.300559001421789
4.065983997861622
3.6235309999028686
3.853899997920962
4.043295997689711
4.205547000310617
4.621278996637557
3.970846999436617
3.8470190011139493
4.233662999467924
3.8578439998673275
3.839785000309348
3.883485002006637
4.376004999357974
3.4157959998992737
4.057058999023866
4.261868001776747
3.9472219978051726
3.708701999130426
3.860066000925144
3.6971120025555138
3.9378869987558573
4.0352679970965255
4.373913001472829
4.102380000404082
3.8699560027453117
3.3820210010162555
3.4636319978744723
3.816155000095023
3.6251780002203304
3.708582000399474
4.228550002153497
3.5203289990022313
4.64090499735903
3.5346639997442253
4.729119998955866
4.6197979972930625
3.9261819983948953
4.333723998570349
3.4510069999669213
3.950327001803089
3.8349649985320866
4.22532100128592
3.8327639995259233
3.9921679999679327
4.465205998712918
4.349994000222068
3.75133999841637
3.978017997724237
3.8350739996531047
3.9423159978468902
4.881533997831866
3.755912999622524
4.679490997659741
3.8749349987483583
4.301232998841442
3.850624998449348
3.9175560013973154
4.208670998195885
3.9471460004278924
3.7829889988643117
3.7403610003821086
3.656566001154715
3.7589329986076336
3.882450000673998
3.443693000008352
4.017977000330575
4.1450360004091635
3.7908039994363207
4.524248000961961
3.734433001227444
4.27805299841566
3.856110000924673
4.900375999568496
4.219397000269964
4.226041997753782
4.563890001008986
3.6133600005996414
3.9875570000731386
4.566823001368903
3.8776350011175964
3.7774289994558785
4.277459000149975
3.7088320023030974
4.256688000168651
4.207701000268571
4.508666999754496
3.958335997594986
3.8743250006518792
3.8329740018525627
3.908195998519659
4.519452999375062
4.7604130013496615
3.663586001493968
5.662294999638107
3.763072996662231
4.175060999841662
3.6067199980607256
4.09227799900691
4.107190001377603
3.6432010019780137
3.908080998371588
4.050709001603536
4.223922001983738
3.6581860003934707
3.8942850005696528
4.294360998756019
4.288512998755323
4.056527999637183
5.108903998916503
4.547368000203278
4.828975001146318
4.461886001081439
4.2173719994025305
4.160160999163054
4.443795998668065
4.327513997850474
4.335493998951279
4.6274999986053444
4.487535999942338
4.790159000549465
4.454460999113508
4.407636002724757
4.239398000208894
4.192512002191506
4.084549000253901
3.215762000763789
3.994337999756681
4.261173002305441
3.9130549994297326
3.6116499977651983
4.039708997879643
4.143375997955445
4.25866800287622
4.114598999876762
3.856993000226794
3.50260800041724
4.058840000652708
3.8754840024921577
3.698145999806002
4.319684998336015
3.8208639998629224
4.153480000240961
4.438351999851875
4.225001001032069
4.319309999118559
4.558627999358578
4.261437999957707
4.122749000089243
4.281462999642827
4.206700999930035
4.490267001528991
4.497497000556905
4.114199000468943
4.309773998102173
4.511172999627888
4.587594001350226
3.78413299767999
4.5411990031425375
4.308483999921009
4.718722000689013
3.971376998379128
4.508256999542937
4.071917999681318
5.12483900092775
4.584277998219477
4.531368002062663
5.933825003012316
4.937955000059446
