Mean: 3.762 ms
Median: 3.682 ms
StandardDeviation: 1.496 ms
Min: 2.755 ms
Max: 49.713 ms
5.53815699822735
4.021587999886833
3.2589749971521087
3.9300239986914676
4.552499001874821
4.603211000357987
4.78333400315023
4.4174360009492375
4.382565002742922
3.9007359991956037
3.988682001363486
4.9518240011821035
3.961695001635235
4.307933999371016
4.776092002430232
5.128197997692041
3.6108499989495613
4.089707999810344
4.02674900033162
4.4526349993248004
4.807514000276569
3.789467999013141
3.766884001379367
4.5575689982797485
4.523775998677593
4.53700999787543
5.298001000483055
3.633628999523353
4.358026999398135
3.720371998497285
3.75124499987578
4.0827009979693685
3.9137380008469336
4.376283999590669
3.9613970002392307
3.978046999691287
4.6062569999776315
3.653600000689039
3.925664997950662
3.899013998307055
3.5896499975933693
3.5391189994697925
3.462496999418363
3.118521002761554
3.5279010007798206
3.661920000013197
3.629999999247957
3.5239380013081245
3.2481229973200243
4.390364003484137
3.5032070009037852
3.185982001014054
3.454452002188191
3.545129999110941
3.497427998809144
3.8203260010050144
3.8693140013492666
3.8548369993804954
3.8221249997150153
3.415975999814691
3.661040998849785
3.4501170011935756
3.209079997759545
3.54116000016802
3.357326000696048
4.3925770005444065
3.472637999948347
3.8688650020048954
4.460478998225881
3.7540229968726635
3.449258998443838
3.5703790017578285
3.7028539991297293
3.2211920006375294
4.119258999708109
4.073840002092766
3.783241001656279
3.683833001559833
3.996957999333972
3.0596389988204464
3.4312460011278745
4.091347000212409
3.549658998963423
4.042468997795368
4.260703000909416
3.7049429993203375
3.6463280011957977
3.681860998767661
4.125182000279892
4.1372999985469505
3.6672829992312472
3.759451999940211
3.367244997207308
3.6710819986183196
3.589500000089174
3.872732999298023
3.4885980021499563
4.5711370003118645
3.7791009999637026
3.9260080011445098
3.3745079999789596
4.071469000336947
3.7392519989225548
3.5861789983755443
3.538258002663497
4.001367997261696
3.632289997767657
3.866703998937737
3.3762659986678045
3.7229919980745763
3.312914999696659
3.9110709985834546
4.653107997000916
4.452886998478789
3.7219139994704165
4.040746000100626
3.6406110011739656
3.5822089994326234
3.253393999330001
3.505587999825366
3.8407660031225532
3.881925000314368
3.735422000318067
3.9320559990301263
3.6647909983003046
3.567588999430882
3.910554998583393
3.695231000165222
3.7413230020320043
3.9270849993044976
3.9730280004732776
3.6698240000987425
4.0988289983943105
3.4613360003277194
3.544849001627881
3.538949000358116
3.2189810008276254
3.774512999370927
3.3749950016499497
3.5116660001222044
4.07650900160661
3.3303240015811753
3.1294930013245903
3.908766000677133
3.699019998748554
4.067457000928698
4.5142989984015
3.9540869984193705
3.3729069982655346
3.890926000167383
3.4222780013806187
3.700111999933142
3.3884350013977382
3.604638997785514
3.505307999148499
3.542337999533629
4.0645869994477835
3.861835000861902
3.4135170026274864
3.4702170014497824
3.204024997103261
3.419186999963131
3.480906998447608
3.672790997370612
3.7731960001110565
3.8499449983646628
3.721281002071919
4.052898999361787
3.6789839978155214
4.012277000583708
4.0628290007589385
3.8803450006525964
3.596440001274459
3.698741998960031
3.777682999498211
3.7870739979553036
3.302231998532079
3.524791001837002
3.853854999761097
3.695590999996057
3.934497999580344
3.3051149985112716
3.8400349985749926
4.086075001396239
4.11665000137873
4.581518001941731
3.824113999144174
3.9432160010619555
3.8625359993602615
3.760283998417435
3.974356997787254
3.3498049997433554
3.2899440011533443
3.6735709982167464
3.4518069987825584
3.6622009974962566
3.9297570001508575
3.3735549986886326
3.433518999372609
3.9016959999571554
4.0308059978997335
3.947356999560725
3.6074000017833896
3.424206999625312
3.9597969989699777
3.371316000993829
3.444006997597171
3.659860998595832
3.404314000363229
4.13136000133818
3.865105001750635
3.759374001674587
3.7394430000858847
3.396938001969829
3.3291340005234815
3.3085939976444934
3.5376609994273167
4.10283699966385
3.2554230019741226
3.465694997430546
3.9305560021603014
3.1327690012403764
3.316414000437362
4.161941000347724
3.72356200023205
3.9359359980153386
3.507978002744494
4.155153001192957
3.228342997317668
4.993588001525495
3.696349998790538
4.930025999783538
3.7552750000031665
3.4792570004356094
3.6259309999877587
3.9132880010583904
4.247992001182865
3.394587998627685
3.1365860013465863
3.295414000604069
3.210152000974631
4.042558000946883
3.670681002404308
3.5623000003397465
3.9315159992838744
3.7562729994533584
3.9120350011216942
3.2416379981441423
3.259384000557475
3.5264580001239665
3.4019960003206506
3.8029240022297017
3.7320919982448686
3.3577560025150888
3.4501670015743002
3.5143380009685643
4.002756999398116
3.6167500002193265
3.8568089985346887
3.7247309992380906
3.9803969993954524
4.069570000865497
3.2934440023382194
3.6682709978776984
3.49467799969716
3.3400510001229122
3.1118799997784663
3.2642379992466886
3.481363000901183
3.4865670022554696
3.5004880010092165
3.8523550028912723
3.6407009974936955
3.598314000555547
3.756823000003351
3.4702170014497824
3.3587649995752145
3.9578110008733347
3.6881310006720014
3.378646000783192
3.9965569994819816
3.940706003049854
3.2717380017857067
3.3701600004860666
3.5978400010208134
3.4405970000079833
3.4815869985322934
3.350765000504907
3.895228001056239
4.468361999897752
4.2531019971647765
3.868050000164658
3.5577890012064017
3.364999996847473
3.985116996773286
4.116280000744155
3.892450000421377
3.5377039966988377
3.2704530021874234
3.6207309967721812
3.9102749979065266
4.093584000656847
3.7270920001901686
3.480187999230111
3.6003900022478774
3.7194309988990426
3.2070069973997306
3.790532999119023
3.3516650000819936
6.5670469994074665
3.737643000931712
3.84848400062765
3.404761002457235
3.7209629990684334
3.1479710014536977
3.5767090012086555
4.041773998324061
3.491858002234949
3.591718999814475
3.6329210015537683
3.5411379976721946
3.901891002897173
3.482088002783712
3.6185399985697586
3.301734002889134
3.3025440025085118
3.7982440007908735
3.5937450011260808
3.542147998814471
3.964596999139758
3.598013998271199
3.7641830022039358
4.272353002306772
4.020837997813942
3.8967260006756987
3.7279720017977525
3.225823002139805
4.210766001051525
3.2676289993105456
3.7324719996831845
3.304644000309054
4.2087510009878315
3.6822060028498527
3.7266819999786094
3.464476998487953
3.771493000385817
4.561048997857142
3.6615509998227935
3.669161000289023
3.4332619979977608
3.157040999212768
3.1237210023391526
3.455255999142537
3.748506998817902
3.3735249999153893
4.070638999110088
3.630920000432525
4.358173999207793
3.961878002883168
3.032928998436546
3.456476999417646
3.657370998553233
3.4565269997983705
3.98308199874009
3.675990999909118
3.463222001300892
3.7813630005985033
3.8182339994818904
3.663669998786645
3.2233320016530342
3.972217000409728
3.6268149997340515
3.6066399989067577
4.423425001732539
5.033831999753602
3.7566430000879336
3.8349439964804333
3.530739002599148
3.5170129995094612
4.00069800161873
3.9149860022007488
3.7290879990905523
4.122590002225479
3.8135790018714033
4.005848000815604
3.379254998435499
4.226362001645612
4.002983001555549
4.048754999530502
4.319150000810623
4.53695800024434
3.688992001116276
3.4015109995380044
3.842464000626933
3.833163998933742
3.5131879994878545
3.956083000957733
3.6906019995512906
4.080089001945453
3.773522999836132
3.2625629974063486
3.4832669989555143
3.352003997861175
3.793644002143992
3.500172999338247
3.2953090012597386
3.316234000521945
3.829084998869803
3.5078490000159945
3.8529240009665955
4.012073000922101
4.088558998773806
4.26972199784359
3.9936329994816333
4.684586001530988
3.946247001294978
3.534559000399895
3.610089999710908
3.5820539997075684
3.56078899858403
3.2579530015937053
3.91624099938781
3.688456999952905
3.1977420003386214
2.9759280005237088
3.7185920009505935
3.8830350022180937
3.715861999808112
4.126445001020329
3.299564003100386
3.997142001026077
3.4494270003051497
3.3696950013109017
4.491826999583282
4.049259001476457
4.1120900023088325
3.967906999605475
3.2638430020597298
3.4884480010077823
3.7151709984755144
3.665426000225125
4.724841997813201
3.56475900116493
3.446886003075633
3.827286996965995
3.9539170029456727
3.4033750016533304
3.6787860008189455
2.7554640000744257
3.7341530005505774
3.547076998074772
3.099960002145963
3.697862000990426
3.1262010015780106
3.5788089990091976
4.070129001775058
3.607008999097161
3.44575800045277
3.745262998563703
3.3944070019060746
3.424061000259826
49.71269399902667
3.784847998758778
4.157471001235535
3.3319149988528807
3.5635890017147176
3.3685960006550886
3.5590980005508754
3.4768179975799285
3.5158280006726272
3.8430050008173566
3.2399530027760193
3.304974001366645
3.532467999320943
3.7654580009984784
3.2436910005344544
3.4470390019123442
3.5602800016931724
3.38436600213754
3.478438000456663
3.490177001367556
3.7500830003409646
3.9821469981689006
3.7541380006587133
3.9299459967878647
3.510647999064531
3.7480329992831685
4.04654500016477
4.253726998285856
3.7273269990691915
3.9185060013551265
3.824684001301648
3.6685019986180123
3.4996479989786167
3.642496001702966
3.8914059987291694
3.8196089990378823
3.3748450005077757
3.6226310003257822
3.4146250000048894
3.492577998258639
3.9110260004235897
3.6676510026154574
3.6508009980025236
3.625771001679823
3.4594960015965626
3.650400998594705
3.7896329995419364
3.481937998003559
3.5705349982890766
3.735193000466097
3.28832399827661
3.561678997357376
3.8988449996395502
3.579360000003362
3.6576910024450626
4.054118999192724
3.5699690015462693
3.4106460007023998
3.544849001627881
3.334684999572346
3.8987660009297542
3.952011997171212
3.867315001116367
3.5807890017167665
3.3816850009316113
3.6575810008798726
3.6918609985150397
3.5942899994552135
3.3004340002662502
3.651920000265818
3.289273998234421
3.93064600211801
3.8375699987227563
3.3146450005006045
3.319859999464825
3.9010599975881632
3.968892000557389
3.785183998843422
3.570969001884805
3.3167439978569746
3.2443230011267588
3.8713009998900816
3.6940359968866687
3.8921649975236505
3.2821960012370255
3.9494970005762298
4.538048000540584
3.624119999585673
3.830989997368306
3.604910001740791
3.664271000161534
3.2743439987825695
3.7560139971901663
3.6831409997830633
3.4353369992459193
3.3796850002545398
3.5460189974401146
3.7308729988581035
3.0484579983749427
3.20557099985308
3.3387000003131106
3.1518010000581853
3.503597999952035
3.586943999835057
3.8424349986598827
3.7634240034094546
4.922575997625245
3.7760230006824713
3.9132009987952188
3.487816997221671
3.3281199976045173
3.886985003191512
3.714563001267379
3.862826000840869
4.45219600078417
3.730006999830948
3.8490449987875763
4.171561002294766
3.5806390005745925
3.9967430020624306
3.904045999661321
3.554308001184836
3.7249220004014205
3.636130000813864
4.014318001281936
3.9115649997256696
3.761133000807604
3.5106380018987693
4.014392998215044
3.8233790000958834
3.4611770024639554
3.2339680001314264
4.165826998359989
3.040888997929869
3.649599999334896
3.4193459978268947
3.3584230004635174
3.4615570002642926
3.525638003338827
3.333310000016354
4.080497998074861
3.568919000827009
3.4656879979593214
3.6508509983832482
3.5284730001876596
3.7903129996266216
3.921625997463707
3.6785209995287005
3.039718998479657
3.970156998548191
3.6547710005834233
3.608499999245396
3.8289139993139543
3.678050998132676
3.701761997945141
3.227492001315113
3.7280520009517204
3.2158510002773255
3.2375420014432166
3.4037159966828767
3.793727999436669
3.682681002828758
3.2401040007243864
4.004918002465274
3.559728000254836
4.043583001475781
3.566933999536559
3.3614749991102144
3.953524999815272
3.7599329989461694
3.568797001207713
3.202869000233477
3.874483998515643
3.3277239999733865
3.1396009981108364
3.6969030006730463
3.8986350009508897
3.8582940032938495
3.6869440009468235
3.5964590024377685
3.500246999465162
3.5951299978478346
3.521225997246802
4.276461997505976
3.875133999827085
4.114636998565402
3.784994001762243
3.860534998239018
3.7379929999588057
3.263834001700161
3.9287660001718905
3.295482998510124
3.917074998753378
3.598577000957448
4.0998220028996
3.7354800006141886
3.5389689983276185
3.538667002430884
3.4999480012629647
3.9436370025214273
3.763644999708049
4.03513700075564
3.9747570008330513
4.1976190004788805
3.9562269994348753
3.2741430004534777
3.8766129982832354
4.262113001459511
3.757432001293637
4.123529997741571
3.8608140021096915
3.4442859978298657
3.6458409995248076
3.32933400204638
3.5739779996220022
3.6451609994401224
3.9401759968313854
3.304634003143292
3.883145000145305
3.6405799983185716
3.4633869981917087
3.535968000505818
3.563238999049645
3.1559999988530762
3.3631350015639327
3.5356779990252107
3.204592998372391
3.2079299999168143
3.8126530016597826
3.3152649994008243
3.5512089998519514
4.258533001120668
3.5916600027121603
3.8637850011582486
3.7578330011456273
3.659470999991754
3.626156998507213
3.8780159993621055
3.755722998903366
3.681202000734629
3.943157000321662
3.986768002505414
3.6331859992060345
3.7457030011864845
3.827395998087013
3.4704569989116862
3.743623998161638
3.904114997567376
3.943954001442762
3.2902539969654754
3.7559949996648356
3.341821000503842
3.52152599953115
3.6126699997112155
3.6403900012373924
4.2135219991905615
3.7407119998533744
3.8067139976192266
3.99477700193529
3.963097002269933
4.265650997695047
3.9954980020411313
4.107759003090905
4.0510879989597015
3.6148899998806883
3.5287179998704232
3.6898809994454496
3.646389999630628
3.6780900009034667
3.6612889998650644
3.6409310014278162
3.8679969984514173
4.0816309992806055
3.7772329997096676
3.611734999140026
3.923448002751684
3.5867070000676904
3.7076549997436814
3.7434939986269455
3.944527001294773
3.571328998077661
3.7014019981143065
3.927636000298662
3.6445109981286805
3.975149000325473
3.9729070012981538
3.9894659967103507
3.5778989986283705
3.751402997295372
3.7876229980611242
4.0140980017895345
4.235092001181329
4.186723002931103
3.9871070002845954
3.5285859994473867
4.057621001265943
3.3858339993457776
3.9497750003647525
3.929814000002807
4.68557899876032
3.7701030014432035
3.7724329995398875
4.523830000835005
3.368014997249702
3.5715990015887655
3.856145001918776
3.5723689979931805
3.723541998624569
3.8657730001432355
3.7733030003437307
3.7530619993049186
3.4830580007110257
3.815764001046773
3.7875039997743443
3.9141260022006463
3.707662999659078
3.6838729974988382
3.482735999568831
3.621568001108244
3.3522019984957296
3.5740089988394175
3.5475389995553996
3.05580899657798
3.4018439982901327
3.959776000556303
3.480798000964569
3.3232240020879544
3.4430570012773387
3.7061620023450814
3.9254910007002763
3.6854499994660728
3.584278001653729
4.05631700050435
3.9533989984192885
3.8123860031191725
2.9985110013512895
3.2977119990391657
3.234903000702616
3.403736001928337
3.6770719998457935
3.919105998647865
3.727111998159671
3.623429001891054
4.013448000478093
4.140469998674234
2.975996001623571
3.4401749981043395
3.522358998452546
3.615739002270857
3.432099001656752
3.2917639982770197
3.488988000754034
3.5913579995394684
3.6676519994216505
3.8514059997396544
4.191479998553405
3.9987290001590736
3.3417250015190803
3.490515999146737
3.6554519974743016
4.247844000929035
3.318603998195613
4.24375199872884
3.443396999500692
3.883946999849286
3.3323850002489053
4.142378998949425
3.7105439987499267
3.6328399983176496
3.8248569981078617
3.7975739978719503
4.048208000313025
3.424094000365585
3.5504779989423696
4.014059999462916
3.7185529981798027
3.4084779981640168
3.7690070021199062
3.207103000022471
3.57506000000285
3.45369699789444
3.7631310005963314
3.0282180014182813
3.2693040011508856
3.848755000944948
3.7259230011841282
3.648801000963431
3.5257800009276252
4.181723001238424
3.769860999454977
4.080138998688199
3.554579001502134
3.8812150014564395
3.714343001774978
3.7799050005560275
3.8478249989566393
3.698021999298362
3.798674002609914
3.5232490008638706
3.617917998781195
3.584478999982821
3.4166059995186515
3.517329001624603
3.6274920021241996
3.6637709999922663
3.6774830005015247
3.6214280007698108
4.423497997777304
4.333622000558535
3.548968998074997
3.6034799995832145
4.305533999286126
3.5258199968666304
3.400233999855118
3.8557439984288067
3.574750997358933
3.54598900230485
3.530097001203103
4.082019997440511
3.4765979980875272
3.298724001069786
3.7521029989875387
3.447278002568055
3.5186780005460605
3.5646670003188774
3.457849998085294
3.7619830000039656
3.5279360017739236
4.463085999304894
3.270893997978419
4.078581001522252
3.788353998970706
3.9210559989442118
3.7965439987601712
3.406677999009844
3.0825089997961186
3.008987998327939
3.6415610011317767
3.5486189990479033
3.6824409980908968
3.693030997965252
4.17181100056041
3.717382001923397
3.9720470012980513
3.7982539979566354
3.875704998790752
3.7384620009106584
3.703400998347206
3.3525049984746147
3.8022840017220005
4.01416699969559
3.803404000791488
3.870864999043988
3.5087629985355306
3.6585009984264616
4.075721000845078
4.0528409990656655
3.69764399874839
4.192303000309039
3.786904999287799
4.082368999661412
4.269045999535592
4.0886089991545305
4.128598997340305
4.975577001459897
3.989102999184979
3.3142659995064605
3.462446002231445
3.5901800001738593
3.5911589984607417
3.6361200000101235
3.54920899917488
3.9637570007471368
3.5314189990458544
3.518890000123065
3.6125989972788375
4.088378002052195
4.22071200227947
3.7142820001463406
3.7492849987756927
3.5137900013069157
4.088898000190966
3.6053490002814215
3.4147459991800133
3.7329219994717278
3.8267659983830526
4.262113001459511
3.311504002340371
3.6117219970037695
3.4625570006028283
3.38104500042391
3.7359829984779935
3.681202000734629
3.6565509981301147
3.340472001582384
3.504439999233
3.4017349971691146
3.9296760005527176
4.17364299937617
3.5823500002152286
3.3712829972500913
3.7566030005109496
3.5734720004256815
3.6181599971314427
3.5618809997686185
3.2097529983730055
4.2997739983547945
3.4419240000715945
3.2086120008898433
3.931746003217995
3.7446799979079515
3.7263819976942614
3.9568760003021453
3.8269240030786023
3.568339001503773
3.2843240005604457
3.3759649995772634
3.4732979984255508
3.5316779976710677
3.6500810019788332
4.218840000248747
3.4189760008302983
3.43111500114901
3.340964001836255
3.500738999719033
3.315235000627581
3.1979300001694355
3.7213329997030087
3.3848780003609136
3.3473349976702593
3.4969480002473574
3.848094002023572
3.5881189978681505
3.7016599999333266
3.589118001400493
3.5745300010603387
3.733592999196844
3.3555129994056188
3.3167740002681967
