Mean: 3.780 ms
Median: 3.676 ms
StandardDeviation: 2.032 ms
Min: 2.235 ms
Max: 66.898 ms
2.2346220030158293
3.1444350024685264
4.054024000652134
3.1718419995740987
3.67445099982433
3.5208980007155333
3.6733710003318265
4.343463999248343
3.7934729989501648
4.9085099999501836
3.6316610021458473
3.481376999843633
4.214622000290547
3.9115409999794792
4.806003998965025
4.353643998911139
3.516027998557547
3.6775309999939054
3.4421160016790964
3.639610000391258
3.77569299962488
4.10172999909264
3.7061319999338593
3.7590829997498076
3.727572999196127
3.6852619996352587
3.6419099997146986
3.6683700018329546
3.9879379983176477
3.868346000672318
3.7982040012138896
3.7144759990042076
3.519108002365101
3.4589620008773636
3.37311499970383
4.124549999687588
3.7062919982417952
3.280224002082832
3.447776998655172
3.734936999535421
4.156940998655045
3.5642889997689053
3.4165260003646836
3.5537490002752747
4.226971999742091
3.4842780005419627
3.1350800018117297
3.5705600021174178
4.036197999084834
3.8414439986809157
3.951667000364978
3.678721001051599
4.040779000206385
4.011897999589564
3.277609001088422
3.8315349993354175
3.8669549976475537
3.730197000550106
3.7684230010199826
4.165201000432717
3.585850001400104
3.846392999548698
3.6583449982572347
3.558468000846915
3.735272999620065
3.6211400001775473
3.985412000474753
4.438965999725042
3.7840379991394
3.5937200009357184
4.071239000040805
3.6744319986610208
3.556938998372061
3.4998179980902933
3.392570000869455
3.9208069974847604
3.400985002372181
3.64117099888972
4.099153997231042
3.3591450010135304
3.731542001332855
3.4437060021446086
3.755364999960875
3.800514001341071
3.539356999681331
3.842914000415476
3.8815250009065494
3.6040800005139317
3.6624329986807425
3.941173999919556
5.024006997700781
3.1992920012271497
3.5161699997843243
3.470659998129122
3.63643799937563
3.3262129982176702
3.2542129993089475
3.57639600042603
3.4701479999057483
3.397865999431815
5.402755003160564
4.340743998909602
3.3960490000026766
3.430269000091357
3.355234999617096
3.8875499994901475
3.7404120012070052
3.9924849988892674
4.242863000399666
3.1562790027237497
3.2910039990383666
3.871405999234412
4.093579998880159
3.591040996980155
3.6686009989352897
3.3934159982891288
3.686462001496693
3.3163970001623966
3.5979599997517653
3.5346090007806197
3.949636000470491
3.618871996877715
3.178349001245806
3.6791310012631584
2.994988000864396
4.145629001868656
4.098018998774933
3.837311000097543
3.8066660017648246
3.8853359983477276
3.312951997941127
3.443206998781534
4.163009998592315
3.6688310028694104
4.23688599767047
3.6603329972422216
3.3226049999939278
3.499028000078397
3.539479002938606
4.095789998245891
3.937853998650098
3.508318000967847
3.497718000289751
3.811452999798348
3.797426001256099
4.035477999423165
3.9696149979135953
3.3115139995061327
3.5359460016479716
4.059422000864288
3.3412550001230557
3.6255900013202336
3.761733001738321
3.765822999412194
3.8215839995245915
3.660922000563005
3.5586829981184565
3.4131770007661544
3.490907998639159
3.6134600013610907
3.3898740002769046
3.4924479987239465
3.558128999429755
3.7527200001932215
4.425096001796192
3.211901999748079
3.6927900000591762
3.5427370021352544
3.22140199932619
3.0954700014262926
4.554349001409719
4.096479999134317
3.8867059993208386
4.014488000393612
3.5558999989007134
3.9997180028876755
4.123626997170504
3.4470329992473125
3.19658200169215
3.4203859977424145
3.396767999220174
3.087098000833066
3.2434259992442094
3.587379997043172
3.9867169980425388
3.4422950011503417
4.476636000617873
2.98616800137097
3.3226149971596897
3.4507669988670386
3.6789719997614156
3.3981460001086816
3.980033998232102
3.551958998286864
3.8571440018131398
4.268071999831591
3.6138409996056
3.8239340028667357
4.089229001692729
4.035078000015346
4.039767998619936
3.3393869998690207
3.9692669997748453
3.926686000340851
4.111300000658957
3.3385150018148124
3.340735001984285
3.5704590009117965
4.115732001082506
4.2663679996621795
3.527057997416705
3.219870999600971
3.817332999460632
3.5402610010351054
3.7442930006363895
3.6279180021665525
3.5922389979532454
3.892635999363847
4.140059998462675
3.3258149996981956
3.860834000079194
3.8498650028486736
3.3477340002718847
3.725026999745751
4.24382400160539
4.442317000211915
3.9168359980976675
3.264414001023397
3.554869002982741
6.893011999636656
4.000216998974793
3.6412310000741854
4.5270980008353945
3.5753399970417377
3.93259699922055
3.5840019991155714
4.04450800124323
3.802415001700865
3.488236001430778
3.8417639989347663
3.663060997496359
3.479420000076061
3.584960002626758
4.021008000563597
3.7304130019037984
3.8602149979851674
3.612921998865204
3.3744350002962165
3.1778810007381253
3.925355998944724
3.753762000997085
3.580320000764914
3.7087999990035314
3.5540200005925726
3.942207000363851
3.75259499924141
3.5728880029637367
4.616659000021173
3.9945379976416007
3.7180719991738442
3.3597250003367662
3.242292001232272
3.700532000948442
3.5377380008867476
3.2216209983744193
3.5683570022229105
3.4003670007223263
3.741863001778256
3.398364002350718
3.6301689979154617
3.5078659966529813
3.211456998542417
3.50229800096713
2.8999040005146526
3.3313579988316633
3.5157909987901803
3.514388998155482
3.564640999684343
3.7153220000618603
3.524378000292927
3.453687000728678
4.899293002381455
3.7497119992622174
3.385255997272907
3.7368929988588206
4.065228000399657
3.4363040031166747
4.3195219986955635
4.112811999220867
3.5609970000223257
3.6715300011564977
3.9109259996621404
3.8222760013013612
3.8848350013722666
3.7080220026837196
3.6976900009904057
3.7489830028789584
3.5844800004269928
3.582263998396229
4.712788999313489
3.8900559993635397
3.6910710005031433
3.361525999935111
3.81893499798025
4.125579998799367
3.919105998647865
3.6470180020842236
3.314124001917662
3.6223200004315004
6.546366999828024
4.574728998704813
3.6845489994448144
3.6211400001775473
3.302933997474611
3.4148209997511003
3.8451569998869672
3.3025239972630516
3.7123020010767505
3.300214997580042
3.363323001394747
3.6514209969027434
3.903515997080831
3.802013998210896
4.273934002412716
3.7474599994311575
3.6784819967579097
3.693554001074517
3.688259999762522
3.5162370004400145
3.9117840024118777
3.5153229982824996
3.641218998382101
3.5683179994521197
3.9161159984359983
3.4792469996318687
3.4423469987814315
3.47579799927189
3.78332199761644
3.650402999483049
4.001979999884497
3.495045002637198
3.6797409993596375
4.020606000267435
3.7847459971089847
3.37949399909121
3.728864001459442
3.933746000257088
3.693822000059299
4.039645999000641
3.6220180008967873
3.4351069989497773
3.220104998035822
3.7628279969794676
3.520449001371162
4.280066001228988
3.7268240012053866
3.8280739972833544
4.197631998977158
3.3167090005008504
3.49467799969716
3.325002999190474
4.465157999220537
3.8188849975995254
3.936944998713443
3.8674160023219883
3.546829000697471
4.268382999725873
3.9824550003686454
4.439555999852018
4.4908370000484865
4.115380001167068
4.169574000115972
4.098979999980656
4.213421001622919
3.699551998579409
4.149778997089015
3.5534580019884743
4.006377999758115
4.011908000393305
3.7649910009349696
3.910824001650326
3.6011990014230832
3.542189002473606
3.5925690026488155
3.9882569981273264
4.456196998944506
3.675298001326155
3.2781820009404328
3.1866019999142736
4.147178999119205
3.654746000393061
3.2172280007216614
3.6387489999469835
3.6317810008767992
3.431835000810679
3.282334000687115
3.821134003374027
3.4399149990349542
3.958097000577254
4.0150179993361235
4.159101001278032
3.816293999989284
3.7757050013169646
3.2851659998414107
3.850843000691384
3.993367001385195
3.529257999616675
3.3284849996562116
3.4275059988431167
3.8749659979657736
3.4444750017428305
3.674641000543488
3.803112002060516
3.759302999242209
3.666142998554278
3.7540129997069016
3.628280002885731
3.4389860011287965
3.5009979983442463
3.6361309976200573
3.7048419981147163
4.173282002739143
3.819818997726543
4.170821001025615
4.382874998555053
4.023837998829549
4.069754002557602
3.299301999504678
3.5670300021592993
3.2022739978856407
3.327695001644315
3.4114160007447936
3.875025002344046
3.3779730001697317
3.5351500009710435
4.362285002571298
3.681771002447931
3.2703440010664053
3.2109419989865273
4.608098999597132
3.682663998915814
3.8767639998695813
3.971876998548396
4.225371998472838
3.9202640000439715
3.6441910015128087
3.805704000114929
3.9617020011064596
3.8905949986656196
3.9315060021181125
5.153292000613874
3.714536996994866
3.560650999133941
4.080160000739852
4.3274650015519
3.3867849997477606
3.8129150016175117
3.489067999908002
3.703739999764366
3.7501619990507606
3.2778829991002567
66.89791800090461
4.552067999611609
3.626255002018297
4.020437998406123
4.121180001675384
3.894350000336999
3.553018999809865
3.4431670028425287
3.261472997110104
4.179021998425014
4.001588000392076
3.5645790012495127
4.469346997211687
3.653861000202596
3.334195000206819
3.9097859989851713
3.3778690012695733
4.240603000653209
3.7821529986103997
3.444496000156505
3.1847019999986514
4.121490997931687
3.588515002775239
3.7087820019223727
4.113309998501791
4.212822001136374
3.6414549977052957
3.3838659983302932
4.050457999255741
3.643235999334138
3.3305500001006294
2.887226000893861
3.5527979998732917
3.460317999270046
3.41502599985688
3.9500880011473782
3.5391230012464803
3.3798559998103883
3.460967000137316
3.4954180009663105
3.4811309997166973
3.6771810009668116
3.461775999312522
3.5210380010539666
3.4127859980799258
3.6161749994789716
3.7959539986331947
3.757772999961162
3.385046002222225
3.8010749995009974
5.463602999952855
3.961886999604758
3.666802000225289
3.5195490017940756
3.471146999800112
3.9218260026245844
3.6224700015736744
3.7449029987328686
3.670951999083627
3.7887840007897466
3.883486999257002
3.6943519990018103
4.1192999997292645
3.5632949984574225
3.5360239999135956
3.861256998789031
3.9757369995641056
3.3310549988527782
3.3282650001638103
3.850114000670146
3.522367998812115
3.9870670007076114
3.623051001341082
4.054117998748552
3.4861900021496695
3.0787690011493396
3.2931380010268185
3.5500140002113767
3.3131150012195576
3.293694000603864
3.4645369996724185
3.6735220019181725
3.7839189972146414
3.72909200086724
3.734023001015885
3.406706000532722
3.8756150024710223
4.0569599987065885
4.038147999381181
3.1838219983910676
3.529058001731755
3.8277940002444666
3.608420000091428
3.658330999314785
3.3101139997597784
3.24172299951897
3.245612999307923
3.5206579996156506
4.463473000214435
3.318634997413028
3.625609999289736
3.5241680016042665
3.854809998301789
3.367515000718413
3.5671500008902512
3.271423000114737
4.195816996798385
3.666994998638984
4.1851860005408525
3.724782000062987
4.036258000269299
3.7845879996893927
3.7855829978070688
3.963257000577869
3.5103530026390217
3.917125999578275
4.059058999700937
3.5694990001502447
3.6576610000338405
3.809324000030756
3.777704001549864
3.8238640008785296
3.5244640021119267
3.9014659996610135
3.843524998956127
3.96961300066323
3.837993001070572
3.5627489996841177
3.5756549987127073
3.507558998535387
3.608980001445161
3.7690529970859643
3.7088680001033936
3.5975989994767588
3.212332998373313
3.4063560015056282
3.6952210029994603
3.636409997852752
3.6197399967932142
3.981262998422608
4.1416010026296135
3.4750970007735305
3.272373000072548
3.7744889996247366
4.057439000462182
3.5673290003614966
3.349104998051189
3.026678998139687
3.756973001145525
3.0715350003447384
3.522517999954289
3.6134300025878474
3.922521002095891
3.3649799988779705
3.839335000520805
3.4330870003032032
3.8294290025078226
3.77078299788991
3.3970469994528685
3.5631089995149523
3.2300889979524072
3.202367999620037
3.821714002697263
4.026879003504291
3.719262000231538
3.710682998644188
3.859185002511367
3.69654200039804
3.5848799998348113
3.7039609997009393
3.378684999916004
4.27212300201063
3.295664002507692
3.8345540015143342
3.6429909996513743
4.079614001966547
3.644299998995848
3.50977899870486
3.304983998532407
3.380174999620067
3.401371999643743
3.4440119998180307
3.8861749999341555
3.5526190004020464
3.476797999610426
3.625720000854926
3.4968680010933895
3.221777002181625
3.0673789988213684
3.2045029984146822
3.480068000499159
4.199491999315796
3.484107000986114
3.6767920028069057
3.5050679980486166
3.6386009996931534
3.1823409990465734
4.90377499954775
3.756213001906872
3.9770469993527513
3.5014530003536493
4.173811001237482
3.457966999121709
5.255922002106672
3.6222700000507757
3.8393540016841143
3.6244100010662805
3.6437099988688715
3.6786019991268404
4.183375000138767
3.2566839981882367
2.757542999461293
3.570333999959985
3.4005559973593336
4.048978000355419
3.3636049993219785
3.5435290010354947
3.835285002423916
3.7594380009977613
3.7691130019084085
3.7342229989008047
4.3762550012615975
4.396405001898529
3.516292999847792
3.6656019983638544
3.999287000624463
3.246152999054175
3.554348997568013
3.9469820003432687
3.3070150020648725
3.526937998685753
4.561409001325956
3.512327999487752
3.9093960003810935
3.7250730019877665
3.500429000268923
3.699057997437194
3.6571670025296044
3.6186100005579647
3.6997110000811517
3.7667129981855396
3.7287420018401463
3.914441000233637
3.7468519985850435
3.9309359999606386
3.4424559999024495
3.9169160008896142
3.7937839988444466
3.310553998744581
3.692382000735961
3.7592430016957223
3.7483630003407598
3.5855699970852584
3.9233160023286473
4.338479000580264
4.084479001903674
4.021818000182975
3.434817001107149
4.565219001960941
3.1824969992158003
3.752327000256628
3.2134619978023693
3.6611610012187157
3.2336930016754195
3.3785559971875045
3.456436999840662
3.5557390001486056
3.4181369992438704
3.889060000801692
3.40418600171688
3.474511999229435
3.5264489997643977
3.7615229994116817
3.9380359994538594
3.6522810005408246
3.936451001209207
3.8307640024868306
3.4739969996735454
4.263142000127118
3.562629000953166
3.389856003195746
3.4929770008602645
3.7371270009316504
3.3426700028940104
4.462560998945264
3.226812998036621
3.937636000046041
3.9488520014856476
3.87108600261854
3.565098999388283
3.2467839992023073
3.8559450003958773
4.049508002935909
4.067488000146113
3.720893000718206
3.764832999877399
3.865455000777729
3.471378000540426
3.7066619988763705
3.586303999327356
3.7370419995568227
3.482768002868397
3.665571999590611
3.7204319996817503
3.693407001264859
3.8200290000531822
3.4137869988626335
3.536008000082802
3.66569100151537
3.6674920011137147
3.3067999975173734
3.605294001317816
4.062484000314726
3.2371630004490726
3.459486000792822
3.6486910030362196
3.8835559971630573
3.5304679986438714
3.9030550033203326
3.8132750014483463
3.936247001547599
4.036947997519746
3.8834240003779996
3.3131830023194198
3.561133999028243
3.4795070023392327
3.9491570023528766
4.078339999978198
4.328979001002153
3.8775659995735623
3.4656360003282316
3.444537000177661
3.5743039989029057
4.216091998387128
3.9944170021044556
3.5370879995753057
3.498907000903273
3.6098810014664195
3.448306997597683
3.87943999885465
3.838794000330381
3.7524130020756274
3.6250299999665003
3.8351840012182947
3.5287110003991984
3.5127580013067927
3.676184998766985
3.506037999613909
3.6685710001620464
4.196631001832429
3.408695996768074
3.596594000555342
3.901030999259092
3.5433189987088554
3.578370000468567
3.4951479974552058
3.225631997338496
3.4222760004922748
3.432221998082241
3.7291820008249488
4.083988998900168
3.411206998862326
3.7622529998770915
3.693031998409424
3.410411001823377
4.017967999971006
3.509132999170106
3.3742059968062676
3.5095779967377894
3.468677001364995
3.466947000561049
3.8108740009192843
3.259828001318965
3.787743000430055
3.5449780007184017
3.513438001391478
4.115919000469148
3.438166000705678
3.527507997205248
3.8954839983489364
3.9636969995626714
3.496317996905418
3.434016998653533
3.9599470001121517
4.054692999488907
3.9229760004673153
3.760212999623036
3.4984980011358857
3.3748249989002943
3.6120549993938766
3.445526999712456
3.2336629992641974
3.3378999978594948
3.565789000276709
3.2171429993468337
3.7155480022192933
3.8556350009457674
3.882343997247517
3.2939740012807306
3.235432999645127
3.689482000481803
3.486358000373002
4.105249998247018
3.585877999285003
3.7098709981364664
3.4681969991652295
3.540927002177341
3.5875089997716714
3.6325710025266744
4.2115739997825585
3.7576929971692152
3.3378540028934367
3.892564996931469
3.379448000487173
3.385585998330498
3.75076300042565
4.337406000558985
4.954336000082549
3.7070040016260464
3.7139019987080246
3.50031299967668
3.5635189997265115
3.416771000047447
3.680249999888474
3.6880520019622054
3.2120719988597557
4.159400999924401
3.748314000404207
3.776454999751877
3.6996819981141016
3.619701998104574
3.6254409969842527
3.7160319989197887
3.4970880005857907
3.9790989976609126
4.133280999667477
3.5371489975659642
3.453007000643993
3.8501029994222336
3.6910319977323525
3.9370449994748924
3.330683997774031
3.5811009984172415
3.957991997594945
5.190255000343313
3.8308139992295764
3.9134079997893423
3.4171349980169907
4.028168998047477
3.8110140012577176
3.6032909993082285
3.3419949977542274
3.693672002555104
4.062489002535585
3.733300996827893
3.3947470001294278
3.9639249989704695
3.7697230000048876
3.911022999091074
3.7324330005503725
3.596819999074796
4.224022002745187
3.5539790005714167
3.9345670011243783
5.004426999221323
3.752962998987641
4.016898001282243
3.9628449994779658
3.128180000203429
3.4491360020183492
4.017590003059013
3.882676002831431
3.7814329989487305
3.952654999011429
3.655699998489581
3.9289289998123422
3.529679001076147
3.6514390012598597
4.067179001140175
4.136098999879323
4.0039559971774
3.6544149988912977
3.9711369972792454
3.6029110015078913
3.7968440010445192
3.4636669988685753
4.119628003536491
3.103169998212252
3.6425250000320375
4.3275230018480215
3.950528996938374
3.7800550016982015
3.899646999343531
3.9560669974889606
4.0206230005424
4.145908998907544
3.3681139975669794
3.2429630009573884
3.0719200003659353
3.9807479988667183
3.657950997876469
3.780724000534974
3.0843800013826694
4.625348999979906
3.4371949986962136
3.7724030007666443
3.18506400071783
3.9047439968271647
3.74690299940994
3.3590230013942346
3.5881579970009625
3.3696550017339177
3.3667170027911197
3.834677001577802
3.5455290017125662
3.8651350005238783
3.1158810015767813
3.4133970002585556
5.1868609989469405
3.5147979979228694
3.695882001920836
3.281182998762233
3.6316910009190906
3.9692969985480886
3.9298469964705873
3.94041699837544
4.350383998826146
4.110199999558972
3.6845710019406397
3.2312129987985827
4.068000998813659
3.910666000592755
3.8609449984505773
3.5895199980586767
4.045718000270426
3.1620910012861714
4.001482000603573
3.4275770012754947
3.4043960004055407
