Mean: 3.726 ms
Median: 3.679 ms
StandardDeviation: 0.400 ms
Min: 2.603 ms
Max: 7.670 ms
7.6697990007232875
3.8473959975817706
4.001345001597656
4.422725996846566
3.56486900273012
4.848354998102877
3.6769609978364315
4.957818000548286
5.101247003040044
4.642629999580095
4.755141999339685
5.021040000428911
4.270900000847178
5.112458999064984
4.3615049980871845
4.455677000805736
3.3226659979845863
4.762407999805873
4.157666000537574
3.5139869978593197
4.091972998139681
3.5454489989206195
3.53672300116159
3.4895979988505132
3.958836001402233
4.724436999822501
3.679451001517009
4.645949997211574
4.42878299872973
2.907697002228815
4.116588999750093
3.5177600002498366
3.4835980004572775
3.6630529975809623
3.481945997918956
3.30543399832095
3.5699680011020973
3.8569759999518283
4.004630001873011
2.9664770008821506
3.475345998595003
3.4192060011264402
3.705644001456676
4.078788999322569
4.185391997452825
3.9617170004930813
3.501317998598097
3.5429639974609017
4.1365700017195195
3.5691689990926534
3.9035850022628438
3.6474419976002537
3.1493909991695546
3.4764270021696575
3.6967019987059757
3.4798680026142392
3.9751369986333884
3.522808001434896
3.3724560016707983
3.5340929971425794
3.995857998233987
3.5041570008615963
3.3236900017072912
3.953757000999758
3.939412003092002
4.543227998510702
3.9959870009624865
4.042812997795409
5.382395000196993
3.898625996953342
3.764097000384936
3.624610002589179
3.960366997489473
4.047678998176707
4.001418001280399
3.8724799996998627
3.7887140024395194
4.021887998533202
3.4190109981864225
4.074139997101156
3.313215001981007
3.9867579980636947
3.892524997354485
3.4944979997817427
3.8061330014897976
3.9164870031527244
3.706792002049042
3.5863100019923877
3.6676910021924414
3.4341120008321013
3.668236000521574
3.608079998230096
4.013128000224242
4.216761000861879
3.686886000650702
3.6087350017623976
4.382054001325741
3.6983079990022816
3.8368839996110182
4.0110879999701865
4.02384799963329
3.548434000549605
4.666436001571128
4.0590179996797815
3.6540809996949974
4.099624999071239
3.427145999012282
3.9126849987951573
3.407895997952437
3.69539700113819
3.5990889991808217
3.366794997418765
3.4215969972137827
3.406716001336463
3.5702999994100537
3.8022449989512097
3.864993999741273
3.6825210008828435
3.3435450022807345
4.140200002439087
3.4146560028602835
3.1738010002300143
3.4787220029102173
3.7168119997659232
5.091819002700504
3.620350002165651
3.9353360007226
3.2650329994794447
3.751552998437546
3.4396070004731882
4.027033002785174
3.6500309979601298
3.4107360006601084
3.69124099961482
3.6930159985786304
3.9614870001969393
4.062700001668418
3.7139919986657333
3.5926099990319926
3.1165549989964347
3.5130340002069715
3.5378090033191256
3.9750569994794205
3.753343000425957
3.4413920002407394
3.673390998301329
3.4605270011525135
3.4784880008373875
3.776872999878833
3.7286219994712155
3.1098100007511675
3.586618997360347
3.2391610002378
3.4591570001794025
4.38141400081804
3.343917000165675
3.679384000861319
3.3833460001915228
3.2791140001791064
4.0488380000169855
3.817744000116363
3.5027869998884853
4.051031002745731
3.4088950014847796
3.1934990001900587
3.2141699994099326
3.3920960013347212
3.652611998404609
3.536387997883139
3.0819349994999357
3.7005910016887356
3.5193670009903144
4.091828999662539
3.122376001556404
3.595260001020506
3.5449089991743676
3.6699349984701257
3.159936997690238
3.201455998350866
3.902776003087638
3.549774002749473
3.4862270003941376
3.3113950012193527
3.715066999575356
3.4997180009668227
3.8774159984313883
4.024918998766225
4.070519000379136
3.889740000886377
4.013788002339425
4.656429999158718
4.28056300006574
3.815574000327615
4.082799001480453
4.724972000985872
3.2364519975089934
3.960891997849103
3.513288000249304
3.697682001075009
3.48872799804667
3.3848060011223424
3.5949489974882454
3.4625529988261405
3.287633997388184
3.4958290016220417
3.3117450002464466
2.6032109999505337
3.9099759997043293
3.916705998562975
3.547019001416629
3.2208750017161947
4.0868110008887015
3.6548099997162353
3.5659490022226237
3.309024999907706
3.945406002458185
3.9201469990075566
4.018593001092086
3.871775999868987
3.5453039999993052
3.684650997456629
3.2827240029291715
3.3723349988576956
3.458837996731745
3.786638997553382
3.4823120004148223
3.5972559999208897
3.8005839996912982
3.7371170001279097
6.448601001466159
3.1952319986885414
3.5182989995519165
3.635801000200445
3.51824799872702
3.6863009991066065
3.3785859995987266
3.2699240000511054
3.448277999268612
3.712521996931173
3.8029790011933073
3.6146599995845463
3.3172049988934305
3.4143570010201074
4.005683000286808
4.146580999076832
3.392485999938799
4.506486999162007
3.816419000941096
3.3096959996328223
3.563548998499755
3.9066110002750065
3.6578500003088266
3.7974150000081863
3.6145710000710096
3.386389998922823
3.57955000072252
3.5355389991309494
3.866873998049414
3.524988002027385
3.9620569987164345
3.3590550010558218
3.8056839985074475
4.276342999219196
3.8422840007115155
3.7035770001239143
4.14604099933058
3.823085000476567
3.652960996987531
3.8129639979160856
3.566280000086408
3.679521003505215
4.024907997518312
3.577698997105472
4.107681001187302
4.073448999406537
3.844294998998521
3.5566490005294327
3.6900419981975574
3.216557000996545
3.550228997482918
3.971416001149919
3.6192699990351684
3.525018000800628
4.022137996798847
3.642381001554895
3.7770540002384223
3.7355230015236884
3.520918999129208
3.644040996732656
4.149110001890222
3.105681000306504
3.764633998798672
4.1313100009574555
3.4976380011357833
3.5847589970217086
3.6532699996314477
3.4727720012597274
3.6369500012369826
3.6233009996067267
3.2428880003863014
3.7684220005758107
4.986356998415431
3.206000998034142
3.480917999695521
3.784052998526022
3.191581999999471
3.204542001185473
3.376024000317557
3.7366230026236735
5.933125998126343
3.857743999105878
3.7853930007258896
2.9236120026325807
3.705732000526041
3.451507000136189
3.14236100166454
3.3945259965548757
3.2101370015880093
3.9587770006619394
4.1919710020010825
3.020528998604277
3.4097470015694853
3.7192320014582947
4.3129240002599545
3.3280200004810467
3.758532999199815
3.5340790018381085
3.5015889989153948
3.6032800016982947
3.450478001468582
3.353785999934189
3.442712000833126
3.512143000989454
3.5853000008501112
3.1586259974574205
3.874066002026666
3.5140779982612003
3.5281489981571212
4.141721001360565
3.5081589994661044
3.4917490011139307
3.4996440008399077
3.9217170015035663
3.255422998336144
3.3331039994664025
3.1507719977525994
3.416587001993321
4.101989001355832
3.653220999694895
3.811194001173135
3.6762240015377756
3.5515159979695454
3.5528410007827915
4.165600999840535
3.891255000780802
3.298384999652626
4.006159997516079
3.604107001592638
3.9162460016086698
3.85043499773019
3.53109699790366
3.597779999836348
2.9230940017441753
3.3910860001924448
3.444877002038993
3.7896639987593517
3.495468001347035
3.2544860005145893
3.891075997671578
3.9131359990278725
3.342384999996284
3.396576998056844
2.628701000503497
3.22178400165285
2.792473998852074
3.8974659983068705
3.5242789999756496
3.7131419994693715
3.596669001126429
3.751634998479858
3.926203997252742
4.048309001518646
4.0892209981393535
2.8265149994695093
3.8928159992792644
3.485828001430491
3.6029090006195474
4.089033998752711
3.6674910006695427
3.753683002287289
3.278246000263607
3.782944000704447
3.4988380029972177
4.2425120009284
3.6996919989178423
4.181209002126707
3.3995970006799325
3.7012430002505425
3.594830002839444
3.753875000256812
3.4758649999275804
3.6834409984294325
3.307355997094419
3.8229940000746865
3.912165000656387
3.924395998183172
4.7668529987277
3.8557459993171506
3.4956480012624525
3.4278960010851733
3.860797001834726
3.6713609988510143
3.451057000347646
3.3582649994059466
3.493457999866223
4.123038997931872
3.48151900107041
3.562210000382038
3.687811997224344
4.220661998260766
4.174743000476155
3.597480997996172
4.115459996683057
3.5446410001895856
3.785803000937449
4.358016001788201
4.687100001319777
3.396336000150768
3.9739179992466234
3.333194999868283
3.993975002231309
3.7155370009713806
3.847422998660477
3.899196999554988
3.7026930003776215
4.327243001171155
3.898364997439785
4.263232000084827
3.992846999608446
3.632400002970826
3.581809000024805
3.6053999974683393
3.483319000224583
3.1278499991458375
3.5277989991300274
3.657641998870531
3.4742280004138593
4.254874998878222
3.3224250000785105
3.5910890001105145
3.7881320022279397
3.913866003131261
4.5928379986435175
3.3490329988126177
3.4527070019976236
4.45730600040406
3.9835280003899243
4.207201000099303
4.098000001249602
4.383184998005163
3.7876540009165183
3.8683170023432467
4.055448996950872
4.008398002042668
3.6583910004992504
3.9679569999861997
3.54909899760969
3.9796349992684554
4.521348000707803
3.9520649988844525
4.178101000434253
4.002998000942171
3.879705000144895
4.276749998098239
4.346298999735154
4.262334998202277
4.208272002870217
3.8587250019190833
3.989517001173226
3.8339739985531196
4.0513179992558435
3.6654010000347625
3.276415998698212
3.8606170019193087
3.6401299985300284
3.5589789986261167
3.881322998495307
4.272714999387972
4.041748001327505
3.99203800043324
3.943653999158414
3.769663002458401
4.698730997915845
3.460776999418158
3.3683749970805366
3.552407000825042
3.6425159996724688
3.888366001774557
4.295833001378924
4.266340998583473
3.937317000236362
3.85241499679978
4.015020000224467
3.87151500035543
3.9801240018277895
4.527436001808383
4.06289599777665
3.4674190028454177
3.3742759987944737
3.686272000777535
3.7191230003372766
3.875214999425225
3.392685997823719
3.453455999988364
3.24412299960386
3.5670789984578732
3.5263409990875516
3.4433250002621207
3.350664999743458
3.8928850008232985
3.8326850008161273
3.487016001599841
3.685632997076027
3.8191019993973896
4.27394500002265
3.6111899971729144
3.640840997832129
3.298153998912312
3.526658001646865
3.638000998762436
3.331514999445062
4.0822439987096
3.8429740015999414
3.4855880003306083
3.8691340014338493
4.0817089975462295
3.5825900013151113
3.380065998499049
3.6605509994842578
3.9977870001166593
3.7762330030091107
4.0627890011819545
3.819703997578472
3.866586001095129
3.643160998763051
3.6694109985546675
3.4319059996050783
3.565908999007661
3.9866949991846923
3.8330520001181867
3.5444489985820837
3.3040839989553206
3.36430699826451
3.387156000826508
3.9900470001157373
3.5067870012426283
4.0773569999146275
3.9935569984663744
4.034862999105826
3.6518710003292654
3.711562996613793
3.808723999100039
3.497157998936018
3.6473229993134737
3.3365640010742936
3.990937999333255
3.573259997210698
3.4147740007028915
3.6562810018949676
3.4365969986538403
3.457118000369519
3.547488999174675
3.5060080008406658
3.6751709994859993
3.692611997394124
3.3655840015853755
4.167912997218082
4.084068998054136
4.810632002772763
3.905904999555787
3.6609029993996955
3.7951539998175576
3.5362160015210975
3.4479569985705893
3.2359030010411516
4.129369001020677
4.04861599963624
3.404613999009598
3.9367059980577324
4.09133799985284
3.8038439997762907
3.4004280023509637
3.465396999672521
3.951548998884391
3.2508510012121405
3.597287999582477
3.4700490032264497
3.834381997876335
3.852491998259211
3.5709069998119958
3.5778070014202967
3.6217400011082646
4.052248998050345
4.0693890005059075
3.480106999631971
3.5114380007144064
3.5451490002742503
3.465436999249505
3.5379779983486515
3.235393000068143
4.190888997982256
3.4979359988938086
4.174295001575956
3.7097919994266704
3.735582999070175
4.460456999368034
3.9935959975991864
3.336674999445677
3.713319998496445
3.429786000197055
3.9985690018511377
3.685361996758729
3.8426320024882443
3.2000999999581836
3.573297999537317
3.860804998112144
3.791373997955816
3.788421003264375
3.7507829983951524
3.4424570003466215
3.275074002885958
4.040428000735119
3.406555999390548
3.9621169999009
4.051210002216976
3.541010999470018
3.5063680006715003
3.810423000686569
3.541430996847339
3.5962399997515604
3.7263049998728093
3.8404639999498613
3.8339050006470643
3.4269759999006055
3.698970002005808
3.9256460004253313
3.880739997839555
3.8045439978304785
3.3703059998515528
3.4858879989769775
3.6079380006412975
3.9385540003422648
4.217043999233283
3.979840003012214
3.46123599956627
3.885173999151448
3.6991710003349
3.465966998192016
3.485217999696033
3.852295001706807
3.6721940014103893
3.712314002768835
3.749953000806272
3.722649998962879
3.434365997236455
3.565139002603246
4.027538001537323
3.517139997711638
3.635061002569273
4.248727000231156
3.89198400080204
3.818466000666376
3.6247530006221496
3.6404009988473263
5.758993000199553
3.7805629981448874
4.359524999017594
4.143060999922454
3.6491299979388714
3.9008580024528783
3.5276760027045384
3.106050000496907
4.028659001050983
3.539368000929244
4.05430799946771
3.6931619979441166
3.752163000172004
4.05010000031325
3.587750001315726
3.655541000625817
3.7312430031306576
3.616959998907987
3.262993999669561
3.869265001412714
3.7718309977208264
3.616538000642322
3.4131050015275832
3.399855999305146
3.307684000901645
3.781105002417462
3.8873649973538704
3.2767939992481843
3.48894800117705
3.3917559994733892
3.5066780001216102
3.5740870007430203
3.892254997481359
3.819204997853376
3.5943990005762316
3.9911870007927064
3.399736000574194
3.5413590012467466
3.3297939990006853
3.390616002434399
3.743393001059303
3.596063001168659
3.690781999466708
3.4039159982057754
3.4646969979803544
3.4292970012756996
3.2743840019975323
3.4511770027165767
4.324413999711396
3.5105860006297007
3.5551389992178883
3.42016500144382
3.792052000790136
4.277404997992562
3.940416001569247
3.8103990009403788
3.763032997085247
3.914368000550894
4.240762002154952
3.6209899990353733
3.496664998237975
3.308404000563314
3.1825620026211254
4.306045000703307
3.407706000871258
3.6439390023588203
3.912958000000799
3.640588001871947
3.4686830003920477
3.769094000745099
3.7502919985854533
3.973552000388736
3.2894549985940102
3.602159002184635
4.263017999619478
3.7501330007216893
4.13759100047173
3.5438880004221573
3.441487002419308
3.3617859990044963
3.408237000257941
3.2791440025903285
3.3937259977392387
3.7630939987138845
3.4005160014203284
4.301213997678133
3.807447999861324
3.6629610003728885
3.9293059999181423
3.500503000395838
3.5292680004204158
3.9864930004114285
3.6492309991444927
3.5555089998524636
3.419675998884486
3.344409997225739
3.679866000311449
3.6772920029761735
3.2488729993929155
3.235038002458168
3.3720760002324823
6.303556998318527
4.011098000773927
3.729021998879034
3.858889002003707
3.6960309989808593
3.3853349996206816
3.6071100003027823
3.351045001181774
3.487017998850206
3.2191329992201645
3.3281949981756043
3.4235470011481084
3.9637570007471368
3.2475779989908915
3.7564630001725163
3.4010060007858556
4.252691996953217
3.688790999149205
3.5804199978883844
4.2142869970120955
3.9189510025607888
4.571308996673906
3.334644999995362
3.772522999497596
3.960321999329608
3.8377849996322766
3.567813997506164
3.7497030025406275
3.5734049997699913
3.627455997047946
3.4804380011337344
3.6906519999320153
3.829409000900341
3.726192000613082
3.7821629994141404
3.803113999310881
3.8266440024017356
3.5485889966366813
4.082473002199549
3.6041300008946564
3.731688000698341
4.227561003062874
4.033053999592084
4.103398998267949
3.5695389997272287
3.511713999614585
3.7013620021753013
3.2923139988270123
3.7467019974428695
3.383605999260908
3.5445339999569114
3.9674620020377915
3.6464510012592655
3.779662998567801
3.554159000486834
3.2122680022439454
3.678542001580354
3.852413999993587
3.7034619999758434
4.38953000048059
3.011427997989813
3.7937589986540843
3.9862640005594585
3.6530809993564617
3.733753001142759
3.790213002503151
3.9150810007413384
3.3747759989637416
3.7763530017400626
4.08525500097312
3.592320001189364
3.7448629991558846
3.9194310011225753
3.421240999159636
3.732483000931097
3.7531129964918364
3.8333589982357807
3.4405570004309993
3.743083001609193
3.7152119984966703
3.9522269980807323
3.681022000819212
3.838418997474946
3.373525003553368
4.1712300007930025
3.2744630007073283
3.9082100011000875
3.547019001416629
4.015952999907313
3.554958999302471
3.8214339983824175
3.8509389996761456
3.6849269999947865
3.7156220023462083
3.6090100002184045
3.8480440016428474
3.7052199986646883
3.6199509995640256
3.699511999002425
3.463176999503048
3.9445069996872917
3.727074999915203
3.32397499732906
3.346047000377439
2.8538049991766457
3.673960000014631
3.7867239989282098
3.5879090028174687
3.7163919987506233
3.484147000563098
3.485067998553859
3.502878000290366
3.7055920001876075
3.7054819986224174
3.728031999344239
3.6167599973850884
3.712212001119042
3.9554569993924815
4.2375429984531365
3.241873000661144
3.334144999826094
4.265503997885389
3.4686180006247014
3.637931000412209
3.1320710004365537
3.574258997105062
3.4657870019145776
3.5349690006114542
3.392326001630863
3.7506929984374437
3.558349002560135
3.666710999823408
3.2808690011734143
3.5233379967394285
3.643420001026243
4.384244999528164
3.4888970003521536
3.4259370004292578
3.655541000625817
3.4816669976862613
3.746833001059713
3.426155999477487
2.942246999737108
3.9346770026895683
3.1445200002053753
3.1838639988563955
3.5238290001871064
3.2492929967702366
3.8602360000368208
3.2622540020383894
5.497242000274127
4.755707999720471
3.7100910012668464
3.8335200006258674
3.539828998327721
3.0996300010883715
3.481987998384284
3.966145999584114
3.797192999627441
3.4144359997299034
3.360876002261648
3.730922999238828
3.8605949994234834
4.016136997961439
3.4060750003845897
3.5292489992571063
3.3678859981591813
3.422655998292612
3.365345000929665
3.3307499979855493
4.053847998875426
3.54370800050674
4.130175999307539
3.78382299822988
4.050817999086576
4.002369998488575
3.9322359989455435
4.125554001802811
4.227601999446051
3.1188100001600105
3.2032620001700707
3.444876998401014
3.5659890017996076
3.741678003279958
3.626031000749208
3.5693790014192928
3.7940540023555513
3.2541740001761355
3.4972479988937266
4.036147998704109
3.728711999428924
3.6450810002861544
3.7149679992580786
4.227351997542428
3.7123729998711497
4.013203000795329
3.5323180018167477
3.79705399973318
3.692196998599684
3.7289329993654974
4.329944997152779
3.5845599995809607
3.4194170002592728
3.984721999586327
3.6551109988067765
3.852794998238096
3.7229419976938516
4.130631001316942
4.109049001272069
3.7524920007854234
3.6990410008002073
3.7898129994573537
3.39740600247751
3.412386002310086
3.7544730002991855
4.235152002365794
4.271633002645103
3.6223099996277597
3.7075830005051102
3.1148909984040074
3.5326789984537754
3.3603949996177107
3.6392160000104923
3.230703001463553
3.549879002093803
