Mean: 3.694 ms
Median: 3.628 ms
StandardDeviation: 0.385 ms
Min: 2.673 ms
Max: 5.864 ms
5.214946999331005
3.4909430032712407
3.712246998475166
4.058566002640873
3.731343000254128
3.3977240018430166
4.417454998474568
3.393635000975337
4.323343000578461
3.7368609991972335
3.927493999071885
4.507836998527637
3.546959000232164
3.706782001245301
4.278342999896267
3.4383650017844047
3.347493002365809
5.784019998827716
4.73276199772954
4.959006000717636
4.880764998233644
4.732091998448595
4.620210998837138
4.707159001554828
3.368383000633912
4.0202460004366
4.212480002024677
4.363814998214366
4.08648099983111
4.350581999460701
4.140188000747003
4.0506289988115896
4.211752002447611
4.136395997193176
3.8543250011571217
3.430189000937389
4.578402000333881
4.133267000725027
3.7274040005286224
3.308371997263748
3.6855719990853686
4.055698998854496
4.179026000201702
3.23744799970882
3.333504999318393
3.8874359997862484
3.4955410010297783
4.1102299983322155
3.6804160008614417
3.688196997245541
3.449982999882195
3.8519240006280597
3.702022000652505
3.3598999980313238
3.683807000925299
4.385047999676317
3.36461300321389
3.9740610009175725
4.073338997841347
3.973976999986917
3.7528680004470516
4.260939000232611
3.904420998878777
3.8380919977498706
3.93812699985574
3.370225000253413
3.983085000072606
3.8601070009463
3.8953160001256038
3.5912899984396063
4.34859199958737
3.916157002095133
3.9588939980603755
4.136277999350568
3.4003690016106702
3.5580550029408187
3.7637879977410194
3.8642430008621886
3.4068310014845338
3.3249449988943525
3.541186000802554
3.820642003120156
3.8861799985170364
3.4961460005433764
3.324496999994153
3.7597339978674427
3.3194839998031966
3.62649000089732
3.386194999620784
3.661147002276266
3.409601002203999
3.9903380020405166
3.7656909989891574
3.597669998271158
3.805738997471053
3.5025580000365153
3.823361999820918
3.7766710011055693
3.540309000527486
3.5349189965927508
3.7184360007813666
3.4774880004988518
3.740727999684168
3.605024998250883
3.3409549978387076
3.375932999915676
3.2971439977700356
3.4268190029251855
3.5505640007613692
4.10236899915617
4.409804001625162
3.7724689973401837
3.8621219973720144
3.5057929999311455
3.763633001653943
3.4902680017694365
3.5434689998510294
3.604449997510528
3.127411000605207
3.4961769997607917
3.0088740022620186
3.095680000114953
3.456015001574997
3.260599998611724
3.6661609992734157
3.295298996818019
3.69962900003884
3.4169919999840204
3.7411650009744335
3.253852999478113
3.7802949991601054
3.3689019983285107
3.786108998610871
3.2714740009396337
3.3084239985328168
3.8314129997161217
3.6014170000271406
3.5746140019909944
3.92500599991763
3.393743001652183
3.505818000121508
3.046495003218297
3.510552996885963
3.226357999665197
3.281306999269873
3.4785280004143715
4.075584998645354
3.489450999040855
3.5606239980552346
3.9020430012897123
3.9117240012274124
3.4207729986519553
3.2711080020817462
3.2474250001541805
3.382910999789601
3.3520600009069312
3.3872060012072325
3.317343998787692
3.527503999066539
4.077305999089731
3.6540020009852014
3.850314998999238
3.8426650025940035
3.4327280009165406
3.7211519993434194
3.3369550001225434
3.547094001987716
4.021577999083092
3.726732000359334
3.768798000237439
3.540659003192559
3.5016509973502252
3.583519999665441
3.0228040013753343
3.3904149968293495
3.252099999372149
3.5657389998959843
3.227166998840403
3.878194998833351
3.4678519987210166
3.732232999027474
3.9101940019463655
4.131992998736678
3.4919549980259035
3.834454000752885
3.3167090005008504
3.7337350004236214
4.192197000520537
3.608645001804689
3.8557799998670816
3.8735849993827287
3.986240000813268
3.5578290007833857
3.589546999137383
3.462217002379475
2.893016000598436
3.3613529994909186
3.0199379980331287
3.491699997539399
3.3765330008463934
3.629235001426423
3.4140160023525823
3.281679000792792
3.652620998764178
3.597554998123087
3.4978980002051685
3.423826001380803
3.3448449976276606
3.49098500009859
4.495246001170017
3.6201420007273555
3.366491000633687
3.6189300008118153
3.423597001528833
3.89527099832776
3.504594002151862
3.038490998733323
3.4561430002213456
3.7685509996663313
3.365415002917871
3.9593549990968313
3.5294689987495076
3.442406999965897
4.048126000270713
3.1068499993125442
3.2974109999486245
3.4571869982755743
3.572007000911981
3.56257400198956
5.854802002431825
3.368431000126293
3.3509810018585995
3.13133000236121
3.803981002420187
3.1460780010093004
3.0714439999428578
3.1856890018389095
3.253777998907026
3.270896999310935
3.95680200017523
3.4783060000336263
3.6646789994847495
3.507258999889018
3.7342640025599394
3.7630629994964693
3.9923969998199027
3.3496049982204568
3.36850600069738
3.661032002128195
3.4882380023191217
3.4972200010088272
3.7619030008499976
3.479274997516768
3.466164998826571
3.860763001284795
4.4793220004066825
3.5310690000187606
3.9103560011426453
3.672516002552584
3.8066339984652586
4.242852002789732
3.8979229975666385
3.6619610000343528
3.882696997607127
3.8641339997411706
3.2579439975961577
3.9013460009300616
3.6552519995893817
3.8220440001168754
3.2389629996032454
3.1872910003585275
3.4377170013613068
3.092219998507062
4.322821001551347
3.3706649992382154
3.6172549989714753
3.464017001533648
3.8988759988569655
3.5084959999949206
2.673210001375992
3.5847889994329307
3.439118998358026
3.7510519978241064
4.057918999023968
3.592597000533715
3.2298149999405723
3.0747790005989373
3.269714001362445
3.713612000865396
3.431727000133833
3.53261899726931
3.4813130005204584
3.7809009991178755
3.4656149982765783
3.3152440009871498
3.507748002448352
3.8364520005416125
3.4899580023193266
4.289914002583828
4.064088996528881
3.2011280018195976
3.5719300030905288
3.8343239975802135
3.9535910000267904
3.263162998337066
3.704122002091026
3.3703560002322774
3.1797009978618007
3.0420889997913036
5.545168001845013
4.3565849991864525
3.471067000646144
3.7067310004204046
3.4065760009980295
3.45193700195523
3.234173000237206
3.1136309989960864
3.641290997620672
2.974056998937158
3.1835119989409577
3.385735999472672
3.8083940016804263
3.6935520001861732
3.5826290004479233
3.4804370006895624
3.439875999902142
3.776154000661336
3.5839189986290876
3.1143649976002052
3.649061000032816
3.9058160000422504
4.260333997081034
4.118171000300208
3.9019659998302814
3.751521999220131
3.6467210011323914
3.717153002071427
3.242413000407396
3.42337600159226
3.485178000119049
3.7116880012035836
3.8762959993619006
3.5514690025593154
3.4108170002582483
3.838273998553632
3.5002279983018525
3.579669999453472
3.9357419991574716
3.8086540007498115
3.390125999430893
4.116090000024997
3.9763069980836008
3.619741000875365
3.813448998698732
3.677130996948108
3.647681001893943
3.3821859979070723
2.8923959980602376
3.350924998812843
3.669682002509944
3.5311780011397786
3.965127001720248
3.2990840009006206
3.044287997909123
3.389475001313258
3.8933159994485322
3.376936001586728
3.1130210008996073
3.557060001185164
3.5452490010356996
3.20138200186193
3.1651059980504215
3.382964998309035
4.989016997569706
2.8456469990487676
3.2020819999161176
4.272862999641802
3.5605189987109043
3.468358001555316
3.3142239990411326
3.3294049972028006
3.5482589992170688
3.0337400021380745
3.090850997978123
3.5403779984335415
3.530098001647275
4.004278001957573
3.8289449985313695
3.520259000652004
3.54672799949185
3.2303820007655304
4.186411002592649
3.9710569981252775
3.660200000012992
3.7631679988407996
3.686307001771638
3.411320998566225
3.3333690007566474
4.071548999490915
3.288774001703132
3.342499003338162
4.2455830007384066
4.684060997533379
4.16858999960823
3.4987469989573583
3.8035389989090618
3.816684999037534
3.4510469995439053
3.4323559993936215
4.164966001553694
3.763502998481272
3.562627996871015
3.431076002016198
3.3630750003794674
4.005187998700421
4.013038000266533
3.589269999793032
3.7240819983708207
3.7247320033202413
3.5904700016544666
3.9223659987328574
3.4416979979141615
3.832894999504788
3.6188750018482096
3.5229380009695888
3.568574000382796
3.554648999852361
3.923526997823501
3.6340000006021
3.506679000565782
3.3009639992087614
3.3035439992090687
3.537189000780927
3.9466060006816406
3.7415430015244056
3.845934999844758
3.536509000696242
3.394201001356123
3.3917859982466325
3.7410480035759974
3.9742669978295453
3.7270180000632536
3.971382000599988
4.6522410011675674
3.71938199896249
4.039928000565851
4.1858910008159
4.134669001359725
4.802409002877539
3.7010510022810195
4.221797000354854
3.4025009990727995
3.5149529976479243
3.615010999055812
3.969156001403462
3.3149959999718703
3.5336339969944675
4.484926997974981
4.356540001026588
4.19371099997079
4.109638997761067
3.9878280003904365
3.87368600058835
3.725552000105381
3.425618000619579
3.475647001323523
3.66611100253067
3.455436999502126
3.6406299986992963
3.9260960002138745
3.787583998928312
3.946557000745088
3.7526529995375313
3.8401050005631987
3.4687260013015475
4.241501999786124
3.521337999700336
3.751561998797115
3.825035000772914
4.39140500020585
3.873490000842139
4.037368002173025
3.7079620014992543
3.609564999351278
3.4774169980664738
3.5937489992647897
3.6433259992918465
3.1730310001876205
3.934306001610821
3.5432689983281307
3.5536789982870687
3.6854070021945518
3.785612996580312
3.5783539969997946
3.708421001647366
3.545509000105085
3.747822000150336
3.9396059983118903
4.784623000887223
4.311673001211602
3.4067310007230844
3.454495999903884
2.7720140024030115
4.15511599931051
4.010338001535274
3.530588001012802
3.9537709999422077
3.7156529979256447
4.1371859988430515
3.5023679993173573
3.852183999697445
3.4047160006593913
2.9334709979593754
3.3003049975377508
3.8621050007350277
3.7461870015249588
3.575669998099329
3.1614819999958854
3.5360690017114393
3.3910159982042387
3.394209998077713
3.182851000019582
3.705732000526041
3.429596999922069
3.8152239976625424
3.1371209988719784
3.7980640008754563
3.6495800013653934
3.6586999995051883
3.2520029999432154
3.4078370008501224
3.7445170019054785
4.536923999694409
3.9922460018715356
4.258592001860961
4.267123000317952
3.8151040025695693
3.4394569993310142
3.9100460016925354
4.0309880023414735
3.892414999427274
3.4420470001350623
3.804554002272198
3.457506998529425
3.4893529991677497
3.6221609989297576
3.5647389995574486
3.319884999655187
3.2500630004506093
3.3186940017913003
3.802203998930054
3.5051380000368226
3.6771459999727085
3.616129997681128
3.172661003191024
3.7923250019957777
3.819424000539584
4.088284000317799
3.484157998173032
3.17343599817832
3.509777998260688
3.7252029978844803
3.5410590026003774
3.8729049992980435
3.8356449986167718
3.357723999215523
3.2002520019887015
3.6893409996991977
3.743133001989918
3.5239089993410744
3.588709001633106
3.7102120004419703
3.6888510003336705
3.983816997788381
3.3193739982380066
4.139900000154739
3.579829997761408
4.332958997110836
3.6179399976390414
3.5375090010347776
3.621380998083623
3.5720490013773087
3.2641329999023583
3.236108001146931
4.006947001471417
3.248462002375163
3.611538999393815
3.3694410012685694
4.584554000757635
3.9454769976146054
4.09683899852098
3.3892550018208567
3.290533000836149
3.2121619988174643
3.5124269998050295
3.392106002138462
4.12424999740324
3.485147997707827
3.500217997498112
4.01582800259348
3.483686999970814
3.8955550007813144
3.7298419993021525
3.6864809990220238
3.3925360003195237
3.667976998258382
4.401034999318654
3.571049001038773
3.62493000284303
3.6512909973680507
3.523273000610061
3.920695999113377
4.150401000515558
3.6109499997110106
3.115210001851665
3.6029500006407034
3.89446500048507
4.184063000138849
3.5332379993633367
3.4557969993329607
3.701691999594914
3.649360001872992
3.2586330016783904
3.5905490003642626
3.9718080006423406
4.144059999816818
3.4495120016799774
3.567959000065457
3.8832460013509262
3.780693001317559
3.2965739992505405
5.12922400230309
3.580585002055159
3.468066999630537
3.380165002454305
3.8581049993808847
3.37593500080402
4.1439699998591095
3.2331729998986702
3.544248997059185
3.5785100008070003
3.8996699986455496
3.5986689981655218
3.565979000995867
3.5729689989238977
3.8989550012047403
3.6168299993732944
3.355464999913238
3.6838870000792667
3.920857001503464
3.9415720020770095
3.379904999746941
3.3921560025191866
3.5074290026386734
3.57997899845941
3.0932999979995657
3.9174859994091094
3.648005997092696
3.676141001051292
4.250112000590889
3.3480089987278916
4.055719000461977
4.022854001959786
3.5311479987285566
3.5871550026058685
3.8081540005805437
3.511178001645021
3.7930630023765843
4.060249000758631
4.472567001357675
3.3931450016098097
3.8383640021493193
3.9226160006364807
5.232294002780691
3.5649700002977625
3.275353999924846
3.536698997777421
3.2298519981850404
3.5186489985790104
4.041078002046561
3.668006000225432
4.204961001960328
3.8927660025365185
4.010762000689283
4.194805998849915
4.350829000031808
3.8694649992976338
3.9786849993106443
4.156851002335316
3.7696430008509196
3.9103159979276825
3.725892998772906
3.670841997518437
3.373805000592256
3.7066309996589553
3.6970920009480324
3.5952799989900086
3.9870750006230082
3.5347010016266722
3.6649159992521163
3.456276997894747
3.7330129998736084
3.704013997776201
3.5613479994935915
3.592408997064922
3.8842449976073112
3.5236709991295356
3.4209160003229044
3.64232100037043
3.4410160005791113
3.8380939986382145
3.178652001224691
3.3790480010793544
3.4164259996032342
3.2293420008500107
3.2775030012999196
3.780540999287041
3.987436997704208
3.7362030016083736
3.72700200023246
3.6197299996274523
3.2550430005358066
3.357825000421144
3.662680999696022
3.507450001052348
4.28702299905126
4.631290001270827
3.9870970031188335
3.2992039996315725
3.458616996795172
3.285421997134108
3.2947840009001084
3.7276339971867856
3.183811997587327
3.4222110007249285
3.7634379987139255
4.040918000100646
3.9548489985463675
3.862165001919493
3.878686999087222
3.4806289986590855
3.5181860002921894
3.7330129998736084
3.611962001741631
3.528959001414478
3.4711769985733554
3.433055000641616
3.741303997230716
3.3487250002508517
3.6291710021032486
3.2387329993071035
3.234251998947002
3.5784589999821037
3.5796800002572127
4.083898998942459
3.3306240002275445
3.87921600122354
4.362124000181211
4.227203000482405
4.176518999884138
4.16565100022126
3.4843379980884492
4.014947000541724
3.2522629990126006
3.9344859978882596
3.931376999389613
3.7014310000813566
3.618028997152578
3.4549749980214983
3.763303000596352
3.61989099837956
3.3991559976129793
3.5266089980723336
4.524617997958558
3.70634199862252
3.4560269996291026
3.373886000190396
3.7774980009999126
3.397980999579886
3.287902000010945
3.7321720010368153
5.026658000133466
3.6122199999226723
4.1467579976597335
4.243701998348115
4.317373000958469
4.141440000239527
4.120879999391036
4.305303002183791
4.027940001833485
4.571077999571571
4.168482999375556
3.9814189985918347
4.016377999505494
3.5162359999958426
4.033287998026935
4.062579002493294
3.435886999795912
3.5663390008267015
3.401106001547305
3.4576370017020963
3.510615999402944
4.157347997534089
4.017497001768788
3.5348109995538834
3.7059739988762885
3.519428999425145
4.0610389987705275
4.024254998512333
3.5837789982906543
3.9915199995448347
3.619581002567429
3.3550369989825413
3.921798001101706
4.167890001554042
4.198111000732752
4.267173000698676
3.330348998133559
3.593310000724159
3.672856000775937
4.0947489978861995
4.292632998840418
4.10505100080627
3.8547949989151675
4.150731001573149
3.8261119989329018
4.020939002657542
4.189676001260523
3.6973610003769863
4.102530001546256
3.4262859990121797
3.9185399982670788
3.490327999315923
3.770163999433862
3.8447520018962678
3.9368370016745757
4.409236000356032
3.723522000655066
3.8748059996578377
3.4286570007679984
3.561599001841387
3.704312002810184
3.317454997159075
3.8768379999964964
3.474008000921458
3.685781997774029
3.6413720008567907
3.3893070030899253
3.9990360019146465
3.709201999299694
3.6152599968772847
3.1825719997868873
3.534329000103753
3.3028660000127275
3.773450000153389
3.3001470001181588
3.7530249974224716
3.655808002804406
3.896456000802573
3.5722489992622286
3.373995001311414
3.344722998008365
3.961316000641091
3.1210540000756737
3.8362349987437483
3.6228829994797707
3.475498000625521
3.747203001694288
3.31180400098674
3.1256699985533487
3.501166000205558
3.612231001170585
3.939088997867657
3.3101740009442437
3.302473996882327
3.606160000344971
3.6509530000330415
3.9742469998600427
3.0597790027968585
3.082340001128614
3.820113000983838
3.682500999275362
3.4469149977667257
3.1076799969014246
3.234130999771878
3.9266259991563857
3.5256259980087634
3.513518000545446
3.4809370008588303
3.3241340024687815
3.4907379995274823
3.4625490006874315
3.535028998157941
3.4650170018721838
3.7629830003425013
3.256783002143493
3.8177240021468606
3.574828999262536
3.4157260015490465
3.3604349991946947
3.159328996844124
4.432402998645557
3.2747149998613168
3.5938399996666703
3.200891998858424
3.443436999077676
3.4479559981264174
3.120391000265954
3.2906550004554447
4.246451997460099
2.9603160000988282
4.85590500102262
3.572800000256393
3.5839590018440504
3.7768110014440026
3.3319639987894334
3.5506590029399376
3.12546100030886
3.2937539981503505
3.665791002276819
3.3729130009305663
3.5904000033042394
4.280581000784878
3.8193729997146875
4.394436000438873
5.864286002179142
3.4586190013214946
3.217282002879074
3.7726709997514263
3.281872999650659
3.5446479996608105
3.850474997307174
3.7576440008706413
3.577308001695201
3.1115299971133936
3.6997820025135297
3.370023001480149
3.407136999157956
4.014068003016291
3.745533002074808
4.180168998573208
3.9453860008507036
4.013714999018703
3.809434001595946
3.894916000717785
3.589459000068018
3.4095570008503273
3.4742950010695495
4.740712000057101
3.569288001017412
4.188310998870293
3.6559020009008236
3.2799040018289816
3.6007399976369925
3.1731019989820197
4.418164000526303
3.9840070021455176
4.266722000465961
3.3422149972466286
3.8113739974505734
4.028376999485772
3.893406999850413
3.8081339989730623
4.081099003087729
3.67385000208742
3.6907120011164807
3.2755339998402633
3.5383190006541554
3.521678998367861
3.701261997775873
3.7571129978459794
5.005486000300152
3.712436999194324
3.766882000491023
4.2552310005703475
4.484486002183985
3.840368997771293
4.084209998836741
4.119429999263957
4.125150997424498
3.544328999851132
3.7159220009925775
3.601141001126962
3.8610949995927513
4.196075999061577
4.995606999727897
3.4807769989129156
3.346583998791175
3.3552450004208367
3.9857269985077437
3.4563070003059693
3.860234999592649
3.8622640022367705
4.117901000427082
4.099376998055959
3.9454190009564627
3.940336999221472
4.4159470016893465
3.944346000935184
4.043787001137389
