Messages/sec=8.70
duration_sec=60.104
payload_size_bytes=8388608
total_messages=523
payload_throughput_MiB_sec=69.61
mean_rtt_ms=96.613
median_rtt_ms=99.544
stddev_ms=25.417
min_ms=61.635
max_ms=141.394
---raw_latencies_ms---
99.54397499996048
80.66138100002718
61.634551999759424
80.03043100006835
69.5051720003903
66.02355500035628
117.68346799999563
122.34007899996868
119.25445499991838
118.68588600009389
93.81187999997564
71.11656099959873
70.60315499984426
67.22391199991762
70.62313500000528
66.15154900009657
67.8964629996699
103.41553099988232
105.75270300023476
68.47616899995046
65.76493200009281
68.58347800016418
67.9389629999605
85.37199300008069
73.1538330001058
69.65214600040781
68.50384100016527
73.15430300013759
70.2723839999635
73.63299700000425
117.25383200018769
122.9971369998566
122.25246400021206
124.37664099979884
130.70665299983375
69.1393249999237
65.82083200009947
66.3575309999942
69.66688600005
67.0970210003361
68.7635180001962
67.54081700000825
67.52282500019646
66.96819899980255
69.6585050000067
65.88087299996914
70.12844300015786
68.09367799996835
104.58748700011711
71.36267800024143
78.75607200003287
65.62020599994867
70.74491000003036
70.61426399968695
71.34723799981657
73.30162700009168
71.02108699973542
69.84775199998694
66.88638100013122
63.892861000113044
69.25893400011773
69.95368800016877
65.48704999977417
108.20482700000866
121.4077479999105
120.45211200029371
75.19010400028492
94.71265699994547
119.15558900000178
121.50026099971001
122.00729699998192
112.58833900001264
124.09657999978663
123.09472900005858
120.43183199966734
121.3012940002045
121.67911699998513
87.14357000008022
67.18645099999776
66.10683799999606
70.54908299960516
72.46404099987558
73.56457500009128
75.3057679999074
68.02190600001268
68.98134599987316
72.45608199991693
70.99854700027208
65.93763199998648
66.96147399998154
67.94291799997154
65.63248399970689
66.75921300029586
63.9188620002642
68.57631299999412
68.35023600024215
66.05848700019123
67.4851190001391
64.34996499956469
67.96011400001589
67.85717699995075
81.39316799997687
64.97868499991455
66.07429299992873
72.94316600018647
68.03796699978193
69.66037599977426
65.40554699995482
67.52981099998578
66.68724499968448
65.09376200028782
66.28971800000727
67.93985399963276
65.71591600004467
69.92515399997501
68.1061000000227
88.55037100011032
121.34415900027307
120.19250400044257
119.68539600002259
118.26811300034024
67.52130400036549
66.32357600028627
67.40685700015092
68.70944699994652
73.96356699973694
68.92778500014174
116.29533199993602
120.20318499980931
120.96238399999493
122.54963300028976
69.71879799993985
79.00372999984029
69.30016599972078
72.67448800030252
99.28702600018369
118.56686199962496
120.69833900022786
122.20709500024896
121.68397699997513
121.99267500000133
120.99025500037897
120.96164900003714
83.27389899977788
73.56949499990151
68.99926599999162
69.50126100036869
67.62129499975345
68.36138800008484
73.89168400004564
70.26438499997312
70.97753599964562
71.62175599978582
69.47341000022789
69.6568359999219
67.27721399965958
106.66874000025928
69.35027700001228
74.32934799999202
70.61350499998298
69.01813699960258
67.21619200015994
69.81786200003626
65.77953099986189
68.77984899983858
71.96552699997483
78.54906600005052
73.66394800010312
76.81899599992903
100.39952900024218
120.94883400004619
120.19117599993479
98.80084099995656
74.63381800016577
69.42045999994662
72.29874499989819
75.0980019997769
66.34999600009905
75.19180700001016
65.7849070003067
74.90143499990154
68.69459599965921
73.50007300010475
70.47866099992461
113.28782100008539
123.20618200010358
122.06730100024288
123.0592480001178
122.94252499987124
69.1236510001545
68.25621300004059
69.2938850002065
72.14942200016594
69.43191900018064
73.83638300007078
71.18423200017787
69.7423799997523
68.65915600019434
73.11064199984685
65.04122599972106
118.42282299994622
119.61315700000341
131.81826499976523
141.3939459998801
129.09019400012767
134.720543000185
123.55886300019847
121.6026460001558
135.76529700003448
120.23044299985486
121.75084000000425
121.89516499984165
133.09301200024493
126.58472799967058
137.8481480001028
123.00761300002705
134.98550900021655
128.6021079999955
119.42467199969542
73.67948900036936
72.22286400019584
82.99938299978749
113.28279299959831
94.53856199979782
72.03951800011055
70.55177400025059
71.28111499969236
69.67677200009348
87.97294800024247
73.09877100033191
76.52165400031663
72.56976500002565
73.92254499973205
72.45500399994853
69.35936700028833
70.81083399998533
78.56950699988374
87.72775399984312
67.29280699983065
69.02646700018522
72.48218200038536
105.7746260003114
68.14653099991119
70.83070299995597
71.56984599987481
70.89840299977368
70.36864900010187
68.31689399996321
70.68999700004497
69.14964199995666
67.68347599972913
82.99228099986067
121.52879600034794
123.89612700008001
117.12785999998232
73.50600199970359
69.35767700042561
114.9474620001456
124.05638799964436
119.70016700024644
68.52187300000878
69.87212200010617
66.92485300027329
65.7480370000485
75.00159800019901
70.62945799998488
67.94715500018356
69.39985899998646
74.54310399998576
72.49957599970003
69.98253600022508
73.63832700002604
76.99478900030954
114.32173299999704
120.53572399963741
121.10763000009683
119.49168299997837
122.01094900001408
121.49302499983605
119.72966699977405
123.9987070002826
126.05975999986185
123.15988099999231
120.82164200000989
122.4947720002092
123.6109939995913
120.86793100024806
119.36807000029148
122.08929000007629
125.77718200009258
120.03257700007453
122.46688100003666
126.19160299982468
120.46902899965062
71.88229400026103
69.91563399969891
71.98524800014638
69.69476700032828
70.03148800004055
70.94383499998003
66.6501949999656
68.48674100001517
75.57082599987552
71.16263199986861
96.19646300006934
72.6218559998415
72.75190100017426
69.07466800021211
74.3212269999276
71.31155600018246
111.91800899996451
123.5426439998264
121.14474400004838
119.40289099993606
123.83712199971342
124.8546950000673
74.31054800008496
72.97849699989456
70.13380299986238
68.31959800001641
72.6215160002539
68.19694100022389
70.0257580001562
96.82007199990039
120.44638099996519
122.7314379998461
126.23797499963985
122.6871370004119
119.93153599996731
120.57569399985368
121.27700899964111
122.9345949996059
119.30056400024114
121.88480200029517
121.02405600035127
124.31413700005578
124.02205799980948
120.96179399986795
65.47851999994236
100.51658299971677
119.44560799975079
120.55050199978723
123.57173299960778
118.75229799989029
121.45902900010697
120.82053899985112
119.88640800018402
118.90661200004615
125.26529600017966
118.96207900008449
121.93021400025827
121.50704099985887
119.12543900007222
101.6007759999411
125.12670200021603
120.99777599996742
121.43423999987135
66.18750000006912
96.1310699999558
124.21859300002325
122.56956200008062
125.38752900036343
120.03402599975743
126.36642899997241
120.84114200024487
122.77005999976609
103.01867999987735
68.68383599976369
69.26368399990679
112.34674299976177
126.7686600003799
123.2765049999216
122.18248199997106
121.06145000007018
80.09077399992748
67.45955899987166
67.80226000000766
90.6448939999791
123.1612110000242
125.81806200023493
121.3260370000171
120.85814100009884
120.29925700016975
120.8665449998989
121.28050400042412
124.02495800006363
121.08584899988273
124.52332300017588
122.98541500013016
120.50051300002451
123.52275400007784
121.40846800002691
119.947737000075
115.48160799975449
68.77664900002856
80.41078299993387
70.34913699999379
72.53467300006378
71.07790200007003
75.1385619996654
71.62421699968036
69.08972899964283
117.55869099988558
120.64763800026412
121.07834200014622
122.95626500008439
126.03876000002856
122.03607099991132
125.85595399968952
122.63257499989777
118.50641299997733
122.0509290001246
120.49385500040444
120.46108899994579
122.90771900006803
126.18936800026859
120.98574800029382
121.03219799973886
119.76314000003185
121.92193400005635
121.65668599982382
123.01488699995389
118.8984469999923
73.47955100021863
70.96533599997201
72.03312799993
68.35256600015782
70.97193599975071
86.09857500005091
123.50185100012823
125.69492900001933
122.38837699987926
123.46641099975386
122.69089700021141
124.14680000028966
130.91748599981656
122.46142100002544
118.39771900031337
121.77205800026059
96.92567499996585
90.5882649999512
122.75017999991178
127.68611900037286
124.13962200025708
120.7406510002329
123.42015000012907
121.73966899990774
121.61524700013615
120.98884499982887
122.22888199994486
124.34666700028174
121.12551200016242
123.41657899969505
120.92995700004394
121.26860400030637
123.13564999976734
122.61804399986431
120.07437099964591
124.2119539997475
122.10133200005657
121.12648899983469
65.14830200012511
71.13443100024597
71.96210599977348
66.64029400008076
70.3785410000819
77.61972700018305
70.07997899972906
71.43937099999675
99.89468499998111
119.87334299965369
121.63442500013844
121.23874500002785
120.9578349998992
121.82218300040404
121.339935999913
121.72779299999092
121.47407900010876
132.66883000005691
121.69912700028362
84.81052600018302
76.0715619999246
68.7795889998597
73.06721899976765
104.17055600009917
82.91092900026342
68.3070250001947
69.88389299976916
106.48132700043789
121.52627399973426
125.26469400017959
122.85459300028378
119.94107500004247
120.39665899965257
120.81083299972306
122.47538100018573
121.47580900000321
120.81301099988195
120.60387399969841
124.51059500017436
123.55726399982814
123.72447899997496
121.62350299968239
126.3510500002667
118.63911399996141
122.95348599991485
126.81813400013198
121.94072600004802
125.32987700024023
119.84416499990402
122.81158099995082
125.64048600006572
123.62948700001652
119.30185700020957
124.28926599977785
120.59159399996133
120.27729400006137
120.80758999991303
121.71807799995804
120.13920399976996
122.4454930002139
122.97667600023487
129.09487199976866
