Messages/sec=7.80
duration_sec=60.138
payload_size_bytes=8388608
total_messages=469
payload_throughput_MiB_sec=62.39
mean_rtt_ms=109.060
median_rtt_ms=120.417
stddev_ms=25.219
min_ms=64.296
max_ms=209.448
---raw_latencies_ms---
81.42431999976907
66.55873199997586
64.72382599986304
66.83125099971221
102.16619499988155
105.18603800028359
79.66338000005635
69.84208200037756
69.07570800012763
68.66190599976107
93.30738400012706
114.18484900013937
68.8414510000257
68.4950109998681
71.0875289996693
69.88134300036108
70.03873799976645
70.78492999971786
74.88811500024894
68.34608600001957
70.20235500021954
112.97441599981539
125.1788609997675
107.47747599998547
65.75265700030286
68.31711099994209
65.10611200019412
71.5413670000089
66.93892900011633
64.29609500037259
85.55659000012383
69.1783120000764
69.50589200005197
69.36817699988751
67.15466000014203
70.28501500008133
67.87575199996354
77.77275299986286
70.89114300015353
74.33154900036243
111.80420700020477
121.43494200017813
122.68160800022088
120.85083300007682
120.56124599985196
119.7614809998413
123.44445999997333
126.86571399990498
123.71680900014326
121.88234399991416
125.01529000019218
122.27915400035272
122.21667299991168
119.85021200007395
121.84755199996289
121.86135499996453
121.30065499968623
121.85968299991146
120.88578200018674
121.03345000014087
121.81495999993786
119.71232999985659
123.77411999977994
122.72520799979247
122.06906699975661
70.58391400005348
118.74202700028036
91.90556199973798
71.96391799971025
76.46559299973887
71.12803999962125
71.21325399975831
71.46936200024356
67.00210500002868
68.75618800040684
90.32972700015307
95.91700399960246
127.05373300013889
122.9595359995983
120.2269340001294
93.17768999972031
70.3087179999784
68.76094900007956
76.42944200006241
73.20869399973162
99.24209500013603
122.45490999976028
121.93400399974053
121.64902600034111
120.1757409999118
120.65217600002143
121.76245899991045
127.51411599992934
122.46427299987772
121.23788600001717
115.60769300012907
124.07727899972087
121.30272700005662
122.78622000030737
120.58820499987633
121.19713200036131
108.8762169997608
70.12301999975534
71.12252100023397
74.11691099969175
72.47737099987717
74.8668149999503
73.64305600003718
64.93003300010969
69.66682500024035
68.00496599998951
65.86642199999915
66.66562000009435
67.04674699994939
67.8456699997696
67.30761500011795
78.15885399986655
64.8511000003964
67.73720700039121
66.16146899978048
69.42240399985167
66.16864899979191
70.51914099974965
75.25218600039807
71.13050999987536
107.00758099983432
121.24452600028235
124.55432399974598
123.3819079998284
76.68945000023086
93.3440660000997
107.33796599970447
124.44472999959544
107.1126839997305
110.22899900035554
103.46233199970811
114.23366000008173
106.0185299998011
106.90346999990652
124.26177500037738
97.70224900012181
104.71465099999477
113.56857999999193
96.89637200017387
103.33858800004236
103.45659299991894
103.10728700005711
127.17774500015366
108.96925999986706
71.9442340000569
73.29110599994237
71.3378560003548
101.02242899984049
120.75093600014952
121.11012200011828
123.45927099977416
121.43356199976552
122.75803000011365
120.08264199994301
125.23109499989005
121.32527900030254
120.39900800027681
122.3710869999195
125.9949370000868
123.44998199978363
121.50694199999634
120.314555999812
121.51821299994481
124.69605900014358
120.42811299988898
100.51747400029853
66.25221299964323
70.07201900023574
103.97853099993881
120.09860799980743
120.75014999982159
69.57652400024017
71.53445400035707
68.80309000007401
71.86037500014208
67.94472399997176
76.43303100030607
67.73284700011573
68.5686550000355
67.99859000011566
71.03718799999115
69.47719000027064
122.09987200003525
125.57983699980468
129.46272700037298
123.04979900000035
125.8037620000323
125.15434599981745
129.66521699991063
68.24223400008123
120.41729500015208
125.12420299981386
120.97453800015501
100.94148700000005
70.41307899999083
94.64876599986383
73.24850599979982
73.61706799974854
73.98194799998237
73.8380320003671
103.67058999963774
109.6546510002554
108.90738800026156
124.96827699987989
89.31616500012751
78.08589200021743
72.80140100010613
68.95397599964781
75.68614999991041
108.9555640000981
121.8015600002218
67.18916199997693
71.07277900013287
67.6272450000397
71.37682800021139
70.14740999966307
70.56891399997767
76.19696399979148
70.32911700025579
65.69178600011583
68.73791900034121
73.09607099978166
72.64394699996046
71.61495399986961
76.25634599980913
68.46854099967459
70.30708199999935
79.79724300003
70.38302800037854
116.01189500015607
139.3198929999926
127.02780900008293
126.20965499991144
128.6821690000579
125.1525119996586
104.1269940001257
73.7575400003152
112.42571599996154
85.241089000192
75.71458999973402
73.4224699999686
72.1995330000027
69.41493900012574
104.35298900029011
108.91433799997685
136.0017209999569
132.17549499995584
131.9713589996354
138.99468299996443
131.92453800002113
136.5682000000561
104.24341199995979
107.0182050002586
101.38156899984097
111.31891200011523
163.4177789997011
208.8417350000782
127.41379099998085
129.14069300040865
131.67677000001277
114.55706000015198
127.68501900018236
134.1037829997731
134.0352030001668
129.16475499969238
130.16785499985417
117.28535400015971
107.61318400000164
115.065475999927
101.12720200004333
100.86449399977937
108.43364400034261
101.52773400022852
106.8335160002789
104.38092100002905
98.96729599995524
105.87827700010166
125.41016100021807
132.20149699964168
128.27749500002028
125.78926100013632
130.6592300002194
128.53610499996648
126.40723100003015
125.871683999776
129.5352259999163
134.2499089996636
132.29538899986437
104.11828299993431
112.94856099993922
117.85997099968881
119.87248100012948
140.4070909998154
128.18702399999893
109.82989600006476
104.21345599979759
104.35490999998365
111.32858299970394
110.04139900023802
109.48172600001271
133.72131200003423
129.1510239998388
127.03830100008418
132.1978460000537
126.56884599982732
133.2493780000732
134.4874249998611
128.6063570000806
134.81213000022763
130.45986299994183
130.92606700001852
209.44778299963218
126.99859299982563
127.68210800004454
134.6834510000008
128.61790699980702
129.69447999967088
131.0283510001682
127.12264799984041
128.34939899994424
133.01219100003436
129.72719099980168
113.50321800000529
120.28209400023115
131.5333450002072
126.7712419999043
128.25496499999645
126.98700700002519
126.53375399986544
127.80551300011211
128.5552109998207
128.84092700005567
131.80034300012267
132.8213050001068
125.455181000234
135.34465700013243
133.591959000114
130.89538700023695
128.1411630002367
138.17786699974022
129.04693000018597
133.31537100020796
130.3258289999576
133.1692949997887
109.3167609997181
109.53970800028401
105.73357200019018
135.16889599986825
141.71613700000307
132.46733500000119
135.83465600004274
128.70403199985958
129.9554080001144
129.88681699971494
146.06990699985545
131.9925000002513
131.0666129998026
131.99489999988145
140.89051199971436
121.5352209997036
124.45421999973405
130.58687700004157
131.27104800014422
133.18121899965263
138.88634000022648
124.95445599961386
132.98367000015787
129.53915600019172
131.12384299984114
131.4633730003152
138.25517999976
134.75527200034776
138.07970500010924
133.1648039999891
130.59788700002173
142.51934999992955
130.73732700013352
131.4087429996107
130.6715890000305
142.34889499994097
129.30149799967694
134.63643099976252
135.63082099972235
128.91620500022327
133.93326899995373
132.84122799996112
131.8291259999569
114.60783199981961
105.20098699998925
104.0749720000349
103.39755099994363
102.14820299961502
104.19679500000711
104.01409499991132
104.97346100009963
120.39958600007594
111.64143299993157
104.14206299992657
110.12818900007915
104.92954799974541
104.7987940000894
103.6499490001006
101.4181139998982
115.2501569999913
127.16927399969791
127.2968180001044
112.48676700006399
127.71984100027112
129.9194569996871
126.94814699989365
126.44031099989661
126.67853099992499
126.22148699983882
129.98469800004386
121.51503099994443
125.96828699997786
126.98382000007769
126.10321100009969
124.96285599991097
130.6039790001705
98.42251200007013
101.71451999985948
96.5174709999701
103.23150599970177
125.11869399986608
128.60453600023902
126.79058300000179
132.6545920001081
133.77962599997772
126.46308100011083
129.36679099993853
103.47415900014312
110.84278599992103
121.39401900003577
128.90564600002108
130.9311379995961
130.74585300000763
127.93007599975681
135.53930800026137
134.72638299981554
129.51187499993466
132.8128950003702
129.73332199999277
131.84813699990627
141.38744699994277
129.27277100016
131.00166999993235
127.04077800026425
108.33908199992948
98.90785000015967
95.83360100032223
109.42121399966709
134.06122900005357
127.20781300004091
131.77358499979164
128.43018200010192
135.46183500011466
132.0355699999709
131.75440399982108
127.5450460002503
129.1177630000675
133.04185800006962
127.21478499997829
124.83318300019164
