Messages/sec=9.10
duration_sec=60.083
payload_size_bytes=8388608
total_messages=547
payload_throughput_MiB_sec=72.83
mean_rtt_ms=91.299
median_rtt_ms=75.207
stddev_ms=25.457
min_ms=63.773
max_ms=215.840
---raw_latencies_ms---
79.51063599966801
68.703368000115
74.05763999986448
65.94623700038937
68.26913899976716
67.76943800014124
106.33503000008204
122.83981099972152
119.66610599984051
120.28781500021068
125.70611800038023
119.42522799972721
123.7775109998438
75.20709600021291
70.88158199985628
114.15879200012569
123.44131999998353
122.5104029999784
120.27991700006169
91.92663299972992
110.15521699982855
94.76870000025883
70.11629099997663
107.43190399989544
120.18214499994428
124.45301199977621
122.45631199994023
120.23173400029918
121.49290300021676
71.18573200023093
70.86179200041443
70.70237799962342
68.25684400018872
72.5959569999759
67.11288099995727
72.00358699992648
69.3817780002064
72.80386200000066
80.06584099985048
68.81372099996952
73.20066800002678
68.23684800019691
66.71572499999456
121.90609400022367
215.83953600020322
128.3805310004027
67.47411800006375
70.5591139999342
68.75455899989902
73.1049709997933
66.87884099983421
66.56205300032525
66.44917899984648
68.37368800006516
71.2271630000032
67.37436699995669
64.99492900002224
67.13019500011796
72.7802609999344
67.34840599983727
68.53673700015861
65.15122900009374
66.92675399972359
69.56164300027012
87.61650100041152
119.14432900039174
96.37731900011204
65.33828600004199
67.37670600023193
106.64552900016133
67.22528199998123
72.89658499985308
69.25779399989551
72.15194200034603
70.12589000032676
85.7373550002194
71.77250099994126
67.51668200013228
69.19143100003566
71.5087229996243
72.95494600020902
66.7546790000415
69.78091100017991
70.73111999989123
66.29195300001811
70.73825899988151
71.06721899981494
93.80942999996478
120.64115600014702
68.49399100019582
107.02901100012241
123.34142899999279
122.18674299992927
80.7893950000107
70.66324800007351
69.47643099965717
72.24923500007208
68.5759540001527
102.71313100020052
121.11070300034044
124.03175999997984
121.54107300011674
128.4637419998944
122.38794899985805
119.26479299972925
119.56994499996654
122.82662200004779
122.06063900021036
119.93970300000001
121.84425099985674
120.74907799978973
119.38172700001815
118.88243300018075
122.50432200016803
119.00144500032184
123.73543900002915
121.89995400012776
125.20989399990867
116.64812500021071
126.56379300005938
122.57136400012314
121.5389869998944
119.02767899982791
122.2502240002541
120.13419200002318
121.87586299978648
118.85686300001908
123.2531939999717
123.76541899993754
126.01960800020606
122.37915900004737
118.6723969999548
123.14859100024478
121.54720199987423
119.71159099994111
121.38423899978079
119.70730700022614
120.0144259996705
120.51161499994123
123.11871100018834
120.10750200033726
120.4722400002538
121.00127499979862
120.3084349999699
120.72682000007262
121.57412199985629
123.0822000002263
120.268003000092
119.59977700007585
70.54064300018581
69.34906699962085
70.85509200032902
70.55453300017689
81.06030199996894
68.77231899989056
69.35870699999214
72.94907599998623
70.73951900019892
69.65119599999525
95.19008500001291
99.92621500032328
121.2636069999462
120.48009000000093
122.60605499977828
120.10083200038935
75.6264579999879
72.41519999979573
70.88339300025837
67.33998600020641
67.24711300012132
72.0435590001216
67.4648789999992
81.99490100014373
69.43423099983193
70.94785499975842
68.7806199998704
77.23541600034878
67.57753300007607
71.90471399962917
68.26557299973501
71.9162650002545
64.91346799975872
68.51825700005065
68.54249200023332
64.94423799995275
68.55328199981159
65.03770500012251
66.09950699976253
69.72719799978222
67.2326020003311
65.60957800002143
70.02270700013469
66.28332799982672
69.02241599982517
65.34313500014832
107.5660980000066
122.72265899991908
119.76786700006414
118.55466199995135
125.187723000181
120.99438499990356
119.29601300016657
126.7349509998894
118.77150700001948
120.17760099979569
64.7590720000153
66.02241099972161
69.92828400007056
65.81422999988717
66.99095500016483
65.71809700017184
76.10148100002334
67.22282200007612
67.8348599999481
67.32956499990905
71.45626100009395
67.7848600003017
73.63624600020557
69.47269000011147
72.6757769998585
71.93117499991786
70.15164999984336
119.93637400018997
124.32488599961289
88.38099600006899
70.12913400012621
84.70584299993789
112.42673800006742
103.46457199966608
110.98209200008569
104.21624600030555
102.04027100007806
104.65995000004114
108.27081000024918
105.73299199995745
95.72094800023478
114.10742600037338
105.97795400008181
124.44883999978629
110.83274199972948
107.84593800008224
106.19937599994955
115.25467199999184
108.11849399988205
105.80204400002913
109.2358979999517
99.91058500008876
86.52546899975277
85.63586599984774
85.1077760003136
82.8729579998253
83.35360199998831
75.73429999956716
76.79258300004221
107.9696699998749
131.3225090002561
132.96507199993357
132.6479599997583
131.24314700007744
134.85504699974626
134.16577599991797
127.93320700029653
125.33882700017784
120.47959200026526
124.47053200003211
123.65277700018851
121.3332080001237
121.72073800002181
121.72457099995881
124.76200100036294
123.0853870001738
121.64398799995979
124.6113859997422
122.733788000005
124.7429000000011
123.68957199987562
125.10917100007646
129.6305979999488
131.53264699985812
82.37576700003046
92.12912900011361
67.38087700023243
67.20209099967178
96.71875800040652
87.67293299979428
68.89237399991543
70.32752700024503
69.52996099971642
115.9166649999861
129.5663070000046
122.05048800024088
122.34768799999074
127.03752999959761
139.10792700016827
121.97956599993631
121.28034499983187
99.59841699992467
120.98929700005101
121.29247500024576
137.26115000008576
128.72004000018933
124.07731900020735
119.91049600010228
119.41487900003267
123.4027700002116
119.92709299966009
138.57452000002013
122.19184300010966
126.42448099995818
122.4702710001111
104.41012299997965
124.20531199995821
121.73702899963246
134.41633699994782
130.0690019998001
131.132623999747
124.31371699994997
66.14005900019038
66.9865849999951
70.75060999977723
72.64201699990736
69.71261799981221
69.74390899995342
70.92218399975536
72.64465700018263
67.5431950003258
67.74409900026512
70.80339000003733
68.14553999993223
76.91124600023613
70.55535300014526
70.84400100029598
68.04895799996302
71.22068399985437
68.97738499992556
82.77704500005711
66.45627899979445
68.86450199999672
72.68053699999655
70.54190300004848
78.90218800002913
115.04313400018873
79.7906940001667
69.96127599995816
102.49921799959338
123.66325499988307
106.68789399960588
69.89527399991857
69.97984600002383
69.81903099995179
70.39425700031643
65.6628639999326
66.33606600007624
68.14818100019693
70.24050400013948
66.82250400035628
68.29874499999278
108.70685200006847
122.35525899995991
71.90635000006296
67.13739099996019
65.93137499976365
63.77279300022565
64.33951000008165
68.67587999977331
66.371736000292
71.20361299985234
65.44758300015019
65.88991100034036
65.88870700034022
66.9937799998479
64.5817330000682
68.1155890001719
65.72578199984491
65.99519799965492
65.46543400008886
69.00157800009765
65.60404700030631
68.18171500026438
66.46170700014409
65.11928200006878
66.91619799994442
67.66529400010768
66.59969800011822
70.00677500036545
67.31663499977003
65.95952299994678
68.56538900001397
67.99048999982915
67.52072499966744
66.22185599962904
68.04962700016404
66.66185099993527
68.21070099977078
65.3667179999502
65.73181300018405
69.21880699974281
66.0968470001535
69.72209800005658
68.4995350002282
79.1167930001393
64.66531300020506
70.2585160001945
65.19648099992992
69.07800900035
67.4597500001255
65.59823299994605
103.05027100002917
119.82846999990215
121.55579299997044
122.3767169999519
124.07414100016467
122.39809700031401
69.48597300015535
67.51522100012153
68.38966800023627
69.07734700007495
69.2452130001584
71.79272199982734
67.38869599985264
72.23200400039786
65.7086259998323
67.95990499995241
66.82366999984879
67.47420900001089
90.58851999998296
120.18485099997633
112.07310500003587
68.06397799982733
67.06583300001512
66.41614399995888
68.73197799995978
65.86120000019946
69.51227199988352
65.12613899985809
67.6417740000943
68.48983099962425
65.37388600008853
66.92077299976518
72.26419500011616
98.83165200017174
120.06986699998379
120.51606099976198
120.3788960001475
121.48770000021614
118.16239000017958
122.1434600001885
120.72564700019939
121.67199600025924
122.72543900007804
76.04817199990066
70.26997399998436
96.54263599986734
122.09115799987558
93.84057199986273
68.59785300002841
70.54787300012322
70.96763600020495
78.27224799984833
68.38154800016127
98.93533500007834
120.9845239995957
74.93924700020216
70.06207899985384
70.86955300019326
65.01011499995002
74.87702399976115
69.20679299992116
78.83550699989428
67.4030580003091
72.91538500021488
73.43134299981102
67.922574000022
70.61414600002536
71.6402759999255
68.99485599979016
67.93935399991824
69.14131100029408
72.05385799989017
71.5058030000364
67.06496900005732
72.44360100003178
68.44065899986163
70.58513399988442
70.46692299991264
69.9517759999253
66.82198999988032
100.82891599995492
121.40013099997304
121.70177899997725
121.24177199984842
119.37006799962546
77.18360600028973
70.56182299993452
74.98365800029205
68.94675500006997
68.96108599994477
121.99851600007605
124.0157279999039
121.93845699994199
84.10977499988803
67.34461599990027
84.7980909998114
66.93856399988363
69.37705800010008
65.72027599986541
71.91681599988442
75.16465200023958
70.63068800016481
67.94934399977137
93.74116100025276
120.91981399998986
96.66508700001941
75.981567999861
70.6623959999888
64.20123100042474
106.92592700024761
121.07888199989247
120.79557900005966
123.61020500020459
132.50358499999493
69.01070799995068
71.76036000009844
81.1997569999221
68.44269000021086
75.72447099983037
69.5809039998494
74.53185400026996
68.883372000073
69.48723000004975
75.7842130001336
72.46226100005515
109.54781100008404
121.19188199994824
123.61458599980324
120.45082200029356
121.97927500028527
120.57319600035044
121.17741199972443
120.29171499989388
120.91581300001053
120.75328200035074
121.02168599994911
123.33906999992905
126.59589599979881
121.11524000010832
95.9444350000922
