Messages/sec=8.26
duration_sec=60.027
payload_size_bytes=8388608
total_messages=496
payload_throughput_MiB_sec=66.10
mean_rtt_ms=102.473
median_rtt_ms=119.888
stddev_ms=25.870
min_ms=62.081
max_ms=209.036
---raw_latencies_ms---
85.07636700005605
66.63707500001692
65.34771600036038
66.76530300001104
63.98338799999692
64.13317900023685
74.27211100002751
65.36540000024615
65.94357299991316
67.71091100017657
63.96524999991016
67.22268200019244
65.77797300042221
65.25802699979977
68.4854319997612
65.7630689997859
77.95116200031771
65.05550800011406
67.1225589999267
66.91019900017636
115.28456399992137
121.61229499997717
120.68259000034232
123.22305399993638
86.23476799994023
123.01026899967837
128.01935999959824
126.0349879999012
123.0737500000032
72.83943299989915
67.4475790001452
72.53451399992628
72.00588700015942
69.84401199997592
70.44026000039594
70.60184500005562
68.53508099993633
69.29175499999474
73.7142389998553
71.60930600002757
77.69059100019149
99.78949100013779
69.82070100002602
72.49806200024977
69.41502900008345
74.12381199992524
67.58123300005536
91.43274699999893
113.97559299985005
67.8227710000101
64.833199000077
66.18829099988943
69.0829689997372
109.11976500028686
122.09913300011976
120.71591900030398
123.19995300003939
120.71366899999703
121.60566400007156
70.07661899979212
70.23716399999103
67.96892500005924
100.2739560003647
122.7353280000898
122.7587289999974
120.92134700014867
123.73379000018758
122.73446900007912
120.80439100009244
128.37907299990547
125.12904100003652
126.51717299968368
121.58555699988938
123.99340699994355
123.39273999987199
129.1989280002781
209.03648000012254
139.9346409998543
123.55429299987009
123.06154899988542
120.07305099996302
121.00851500008503
119.36350999985734
119.43784200002483
122.75686999964819
125.08200900037991
101.85122400025648
120.15969200001564
98.21555300004547
67.04113599971606
71.87230299996372
78.00791999989087
66.71775599988905
67.50233000002481
74.31503099996917
77.34119999986433
70.32777599988549
68.81433999978981
71.92012499990597
66.64809499989133
68.73352799993881
113.92365200026688
124.30512700029794
122.70498099996985
119.90026300009049
121.67288799992093
70.28834599987022
77.22327700003007
83.47734600010881
125.55797400000301
127.6277779998054
121.66111600026852
121.53127299961852
125.11658099992928
122.52455299994836
125.46413100017162
122.9053950000889
120.8871049998379
120.11257199992542
121.41556899996431
120.01054799975464
122.15110099987214
119.93027500011522
121.35363700008384
119.04723900033787
122.20185300020603
121.70812799968189
122.28050499970777
121.14675300017552
119.74695000026259
120.37333599982958
110.27133099969433
121.95125600010215
122.36365699982343
96.77088999978878
73.49248299988176
69.6500770000057
76.26483700005338
69.18316199971741
64.22506100034298
67.13003899994874
68.68180699984805
68.49178100037534
71.57869399998162
67.20734200007428
66.09543800004758
68.40288700004749
66.53446099971916
69.58186300016678
70.83742700024231
65.2998089999528
86.87921899991125
66.05219199991552
67.93566499982262
67.14278399977047
73.2097730001442
65.56324199982555
67.44399400031398
64.53019199989285
65.07646099998965
66.59730299998046
66.06376199988517
101.11562400015828
123.09087799985718
120.954557999994
121.954604000166
120.70413700030258
122.32260700011466
79.82672399975854
74.44744200029163
70.1825920000374
112.43994500000554
125.08625999998912
121.01383000026544
121.86760300028254
120.81764000004114
121.53608100015845
118.88055099962003
119.32174600042345
121.61952499991457
79.5893980002802
73.53050399979111
65.53005999967354
70.99434000019755
68.72158700025466
69.48755100029302
72.82051299989689
67.06913700008954
69.365487000141
69.30751600020812
69.13134000024002
83.76348599995254
97.18089199986935
125.81278199968438
86.38828499988449
67.74896800015995
108.10160399978486
122.99973700010014
124.03053899970473
123.03019799992398
120.31888399997115
119.82011899999634
124.77084100009961
126.71556799978134
123.1012179996469
120.30309400006445
124.37198899988289
120.33425500021622
118.32886399997733
120.62931499986007
121.69048600026144
122.46812100011084
129.3997509997098
124.05284900023617
121.69400599987057
107.24165700003141
70.54697400008081
75.51582399992185
67.6535249999688
77.34539000011864
73.52500399974815
65.68979599978775
78.40517200020258
67.26115299989033
71.83970300002329
85.81137900000613
97.92029399977764
108.36076100031278
72.4072600000909
67.1811649999654
85.7049639998877
123.03760800023156
120.80936199981807
126.86301500025365
134.35463099995104
123.80034999978307
123.87548400010928
125.41355399980603
133.9875899998333
124.49536199983413
133.00206100029754
118.90503799986618
122.89926399989781
136.78753900012453
128.73516000036034
120.3358460002164
120.54953400001978
131.84904699983235
130.22457699980805
121.39808699976129
122.10170900016237
125.74032000020452
130.6648419999874
127.18943599975319
122.34232800028622
121.6839879998588
121.88145400023132
120.20158199993602
124.50884400004725
133.2953789997191
121.7838689999553
119.6989510003732
120.78451900015352
127.54078500029209
116.19914999982939
113.12124599999152
122.64810600026976
122.98799600011989
120.47317500037025
124.8614359997191
124.19868300003145
119.53200400012065
123.44408199987811
73.12187099978473
70.92027499993492
74.52793399988877
69.21245200010162
69.7848290001275
72.38865900035307
72.05835900003876
70.23184299987406
66.00191600000471
69.5672229999218
72.35311900012675
68.14837100000659
72.90980500010846
103.40635100010331
120.35746899982769
120.6097930003125
120.85961200000384
81.04942199997822
73.20184700029131
74.11755199973413
66.79771900007836
73.93991600019945
74.25071599982402
68.547892999959
76.07861099995716
68.23415500002739
68.79843000024266
70.82928199997696
70.41473900017081
65.93082400013373
62.08054499984428
114.53167199988457
121.46167999981117
122.73901900016426
120.79136900001686
119.78094899995995
122.0213460001105
120.15610100024787
121.41287999975248
122.09821800024656
124.61650700015525
118.8310000002275
121.25833699974464
123.91240800025116
120.16237099987848
120.25929399987945
118.52605400008542
127.30196899974544
122.25471600004312
122.63546499980293
121.16923300027338
120.12011200022243
128.98194900026283
121.34051800012458
122.82141100013177
120.47082300023249
123.69230900003458
120.78131899988875
122.06626799979858
119.48724399962884
120.0852010001654
121.33485699996527
127.03293999993548
96.63613800012172
66.57037300010415
91.53863099982118
120.74988099993789
119.83628999996654
120.20393299962961
119.14603200011697
120.20019100009449
123.07493999969665
120.0538980001511
120.53538400004982
122.51125200009483
118.66213800021796
119.72996900021826
69.7651489999771
97.41043900021396
121.82657399989694
122.62613499979125
128.58523500017327
120.45882000029451
124.24999699987893
127.92914500005281
122.20982200005892
120.44802000036725
125.26043600018966
122.75599000031434
150.69012999992992
187.60313799975847
124.52448299973184
120.60127399990961
123.22035800025333
110.77145499984908
120.3698159997657
118.77314100001968
120.50409099992976
122.66416499960542
120.8896419998382
119.81345999993209
120.4675510002744
121.23739299977387
121.97196399984023
120.05412200005594
123.30691599981947
119.87571300005584
120.34802700009095
122.26039400002264
124.55728699978863
123.20289299987053
119.55433499997525
123.20722300000853
114.11005899981319
80.31016999984786
66.1753689996658
64.8428800000147
73.47796199974255
66.93548399971405
69.91946700009066
66.2456420000126
67.66377599979023
74.08162100000482
70.38946800003032
67.71822699965924
73.35375900038343
67.2707429998809
71.45784099975572
64.81965900002251
71.9069239999044
68.13482000006843
98.43942099996639
122.61322699987431
121.83338400018329
123.44887100016422
127.122331999999
124.56424399988464
121.21107399980247
121.17214399995646
120.70358099981604
121.5622039999289
119.63293700000577
123.55418299966914
121.84542200020587
121.25438900011432
119.49670100011645
120.77039900032105
132.3994220001623
122.03369999997449
122.77723000033802
125.72038799999063
120.40407700033029
120.1609700001427
124.92071599990595
122.25404800028628
119.48340000026292
119.49317200014775
71.57515499966394
124.06173899989881
119.44590999974025
122.28041600019424
128.99475800031723
124.3985689998226
118.84695100025056
121.1258309999721
120.44805799996539
120.66728499985402
120.60441400035415
120.66463500013924
123.8171320001129
126.87903400001233
121.99346700026581
121.23770300013348
121.29899399997157
120.7642780000242
120.17166499981613
121.75315900003625
125.36249000004318
71.38662799980011
109.14538600036394
75.8407539997279
77.85580500012657
67.13175899994894
70.59529700018174
74.76445100019191
72.622236999905
75.79425299991271
78.16509499980384
69.1181800002596
78.4389430000374
98.97438699999839
122.80526999984431
122.24801399997887
121.13532300008956
122.33731600008468
124.1134100000636
130.57485600029395
123.92389500018908
128.47144299985302
122.32150599993474
127.4561220002397
124.18148200003998
121.33481599994411
120.65362500015908
120.235798000067
121.64941600030943
118.87732100012727
120.93407400016076
119.69085700002324
119.45564899997407
119.99077800010127
122.31148399996528
69.25685499982137
78.93680199958908
67.77350299989848
64.78970300031506
66.7413989999659
66.00366000020585
68.51121199997579
72.7338490000875
67.98441999990246
72.4754960001519
65.6647000000703
