Messages/sec=8.77
duration_sec=60.067
payload_size_bytes=8388608
total_messages=527
payload_throughput_MiB_sec=70.19
mean_rtt_ms=95.473
median_rtt_ms=85.919
stddev_ms=25.142
min_ms=63.986
max_ms=137.640
---raw_latencies_ms---
81.26184799994007
78.4977240000444
119.05959699970481
121.78768000012496
108.28730200000791
67.13562999993883
97.84989100035091
67.6622060000227
70.62431600024865
68.55543300025602
70.04354800028523
110.26211099988359
124.10760000011578
121.23046199985765
122.2230519997538
124.3898679999802
105.16992500015476
121.81220999991638
111.14693699983036
97.6438750003581
125.03442899969741
122.17349100001229
133.50446599997667
132.3051080003097
130.30098899980658
123.06077800030835
126.69399900005374
124.87947199997507
127.57833599971491
121.0694220003461
118.4857540001758
66.31689499999993
70.03222799994546
95.56103200020516
122.68812699994669
120.81629400017846
137.63988299979246
133.94721899976503
131.07268099975045
128.81918600032805
120.14331299997139
124.23376500009908
118.46044899994013
127.66329800024323
120.86670300004698
121.03504000015164
124.73377800006347
120.55781600020055
124.16152199966746
124.42125899997336
121.36298900031761
123.4560610000699
69.36151799982326
68.36517800002184
74.09355100026005
69.49048100022992
110.12617799997315
123.06455099997038
121.08620900016831
122.7036670002235
120.6916569999521
121.74100799984444
122.09535000010874
121.19171099993764
121.40703099976236
120.20816400035983
123.45926199986934
121.09579100024348
122.12379899983716
120.45106000005035
121.96317400002954
121.89781699999003
128.50554800024838
123.83196200016755
81.07945400024619
81.85402799972508
80.78402499995718
93.86397500020394
114.28057100010847
116.83031100028529
116.56571999992593
120.4398219997529
84.75028500015469
71.60014400005821
72.97787700008485
70.30599599966081
77.57801700017808
70.71534199985763
70.49157199980982
70.38062800029365
78.44627299982676
70.9368650000215
66.4020280000841
74.94463700004417
69.33970699992642
69.81757099993047
71.0692980001113
75.55449600022257
67.3000250003497
66.79826999970828
67.88303199982693
73.92157599997518
65.11650900029053
71.40494900022532
68.23218199997427
69.22354300013467
73.07900899968445
72.57918599998447
72.49189200001638
71.99356699993587
68.04714700001568
68.66614699993079
63.9855939998597
69.86612300033812
73.32136800005173
70.82160100026158
71.75293999989663
70.03630799999883
66.62685599985707
71.40696900023613
64.17958000020008
69.43583899965233
81.61754000002475
64.07086599983813
68.05617700001676
69.42181900012656
78.46285400000852
124.90936599988345
126.04758899988155
125.37807900025655
120.22792099969593
121.34644700017816
77.60042800009614
74.76778099999137
72.60904599979767
69.32539599984011
81.95455899976878
103.63535900023635
72.16326299976572
69.21699199983777
80.03250100000514
72.33881199999814
68.50273199961521
80.04305200029194
98.32851600003778
120.71587099990211
121.18208199990477
122.42535199993654
121.72729800022353
70.88935299998411
67.97933799998646
74.33060799985469
66.50119999994786
105.14953399979277
121.03900200008866
119.46741000019756
122.2676259999389
119.37677600008101
121.56703399978142
120.75052699992739
120.2487430000474
120.22498300029838
123.489731999598
121.84606200025883
119.29013300004954
120.89525300007153
123.7116980000792
122.03197600001658
123.49506700002166
119.27753400004804
122.031393999805
119.69037600010779
120.25778399993214
125.12081100021533
122.2335440002098
120.18738200004009
121.4707549997911
125.85297900022852
122.73301400000491
66.8441510001685
65.51649399989401
73.24295399985203
65.4572299999927
67.76477899984457
64.46947799986447
66.361687999688
64.86079500018604
77.31915900012609
121.60679699991306
119.26090199995087
122.19874700031141
77.93591700010438
70.81485200023963
73.5319929999605
70.91304699997636
67.74600900007499
74.74219000005178
71.84103200006575
71.6256309997334
100.52585399989766
122.74865400013368
121.27813500001139
124.40227800016146
122.0101959997919
120.600265000121
120.57410499983234
121.46655000015016
125.41568999995434
122.77166000012585
121.80802300008509
107.34380000030797
69.64512600006856
72.12525099976119
69.6888970001055
66.42394800019247
100.44657200023721
119.72442800015415
121.5060659997107
127.49388300017017
125.6024460003573
122.05315699975472
125.92804499990962
125.72654299992791
67.7012169999216
85.98151200021675
115.55864000001748
120.83967400030815
120.6162140001652
74.71242900010111
69.91472300023815
70.09575899974152
66.80372900018483
69.37946800007921
67.32397499990839
78.87777599989931
74.4981729999381
69.05863799966028
74.85217400017063
105.66126200001236
122.07542099986313
122.42044100003113
121.18311399990489
122.50969099977738
70.46774099990216
83.40707399975145
70.51304200012964
73.43122099973698
94.2388429998573
121.37022700017042
119.99377599977379
121.91043399980117
120.94115599984434
121.68337599996448
119.76554900002157
123.73947800006135
122.12281999973129
126.1083399999734
121.28219400028684
119.93313700031649
122.33809600002132
125.56025499998213
122.31083599999693
119.82016999991174
121.58914400015419
121.47489000017231
123.32584499972654
112.96015200014153
122.01090600001407
78.02210999989256
106.7167139999583
75.80499300001975
68.62271499994677
67.78966199999559
75.35099999995509
69.1061699999409
71.63450600000942
66.99742499995409
67.42180799983544
65.72255699984453
72.8660250001667
68.34351600036825
77.71331100002499
73.98180700010926
68.73990799977037
71.0016570001244
69.02222700000493
72.28977599970676
71.9522260001213
66.54268200009028
70.30434599982982
117.76546999999482
120.72370000032606
123.7463489997026
119.97649800014187
121.43560000004072
122.25270299995827
128.0335489996105
89.35646500003713
121.23050299987881
66.95132300001205
67.59696300014184
66.8566300000748
67.73761199974615
68.77036400010184
69.13671999973303
67.16892999975244
68.66446599997289
72.62109100020098
69.35770599966418
72.47672699986651
71.22042799983319
68.22853700032283
66.07637900015106
65.75280800007022
68.61300599985043
64.94944699988991
66.1173640000925
66.63951700011239
68.26938799986237
71.7828459996781
105.89866700001949
102.4203239999224
71.81609200006278
68.18047199976718
70.78764999960185
69.72339999992982
71.21073400003297
71.92391399985354
71.08975899973302
98.70312900011413
122.75839900030405
120.72233000026245
133.12274799955048
84.76787499967031
68.87828500020987
128.44516499990277
127.08010000005743
122.17106200023409
123.4797859997343
134.95617099988522
121.0382760000357
121.12088100002438
119.92487699990306
133.60990699993636
98.38975799993932
76.5067550000822
65.8588910000617
69.0344169997843
70.34634699994058
69.50985100002072
75.80031600036818
92.63905499983593
78.21309600012682
82.22628800012899
125.40280300027007
122.84507200001826
120.43086099993161
122.96497600027578
136.5978889998587
120.37011899974459
122.68790699999954
121.14182400000573
120.35151899999619
122.95955499985212
129.9974389999079
83.00808200010579
85.914789999606
80.78254400015794
68.95688599979621
84.80843699999241
82.93350999974791
64.33728499996505
71.59845700016376
85.9191079998709
71.4498810002624
73.160813999948
71.68122900020535
68.96399500010375
64.49449899992032
75.41559099990991
68.19669200012868
101.35276899973178
68.02370699961102
67.86628200006817
64.903571999821
67.73701800011622
64.85912500011182
69.53482300014002
65.51214500041169
71.5574240002752
68.62693099992612
71.52901299969017
68.91718499991839
72.48820099994191
70.90670500019769
116.8848700003764
121.71499899977789
121.2923790003515
122.57450400011294
119.52355299990813
119.54108099962468
119.972978000078
72.6058360000934
69.36660700011998
69.00585599987608
73.18820499995127
100.20635500040953
124.3010759999379
122.19557299977168
122.05902100004096
120.71343400020851
119.89616600021691
119.0042270000049
70.51171200009776
85.40968500028612
115.02508400008082
121.89719399975729
123.32187699985298
110.80245800030752
69.88715400029832
67.47193899991544
68.43930000013643
69.88015300021289
85.83167799997682
69.35296600022411
71.34049699971001
76.28028699991773
67.33077500030049
68.83722000020498
69.78816100036056
70.70661699981429
64.54868099990563
77.30254899979627
72.96272699977635
70.43353000017305
71.38854999993782
66.85364099985236
78.50615500001368
70.81749199960541
66.16580899981273
73.00282799997149
69.71644799978094
97.44996000017636
126.66558799992345
123.04135900012625
123.69728099974964
122.46851000008974
121.55870600008711
121.4222300000074
119.85105399980966
121.54891199998019
122.0861420001711
121.3496479999776
119.70440899995083
120.9089630001472
112.41982699993969
65.20725100017444
69.06681800001024
71.09173900016685
68.74896899989835
74.2664459999105
74.40071000019088
71.58273400000326
74.48137500023222
105.65995899969494
124.7939109998697
122.27411499998198
121.2159030001203
120.77826899985666
122.2085720000905
121.39581800011001
120.1158700000633
122.86485300001004
68.38270699972782
82.87050799981444
69.21525299958375
68.91700400001355
107.6455510001324
69.55870399997366
68.78884999969159
71.8092520000937
69.27938399985578
69.35804800014012
75.71531899975525
70.66643699999986
70.42257000011887
70.5721569997877
75.18026400020972
69.09105900012946
72.05001900001662
74.6248899999955
70.58165399985228
67.99697499991453
71.39353999991727
65.09503799998129
69.65280899976278
67.57125300009648
73.7012390000018
73.33915800018076
114.37817399973937
122.13947999998709
126.79095200019219
123.52618299973983
88.30962299998646
114.32002299989108
120.01671999996688
126.78053100034958
123.13501099970381
125.16169199989235
127.59911599960105
123.6722789999476
68.41836800003875
69.6553259999746
112.07200399985595
122.40641900007176
121.98585699979958
121.6173540001364
119.38685899986012
122.46777200016368
122.07415800003218
120.48808300005476
122.09275799978059
123.5365760003333
121.72923700018146
121.21776200001477
100.24733599993851
121.33118600013404
