payload_size_bytes=102400
runs=250
mean_ms=0.491
median_ms=0.431
stddev_ms=0.223
min_ms=0.320
max_ms=2.956
---raw---
2.9564729998128314
0.7667429999855813
0.5326430000422988
1.1928359999728855
0.461544000017966
0.5224559999987832
0.6408350000128848
0.4285280001568026
1.0721920000378304
0.9209679999457876
0.3543810000792291
0.4265330001089751
0.3585009999369504
0.7607229999848641
0.8129499999540712
0.5153409999820724
0.4575840000597964
0.5146549999608396
0.4225630000291858
0.5496070000390318
0.4944040001646499
0.8139839999330434
1.0452340000028926
0.6473500000083732
0.3302800000710704
0.36438200004340615
0.4325849999986531
0.4167669999333157
0.39087400000425987
0.4217250000237982
0.5019529999117367
0.6214690001797862
0.4966250000961736
0.6373180001446599
0.4290219999347755
0.4249829999025678
0.39276200004678685
0.40714200008551416
0.3928019998511445
0.41280300001744763
0.39016200003061385
0.33059599991247524
0.4657639999550156
0.43050999988736294
0.42613599998730933
0.4294279999612627
0.3551040001639194
0.5818580000322982
0.44565600001078565
0.4175419999228325
0.3230900001653936
0.39504199980910926
0.3852620000088791
0.38629200003015285
0.610579000067446
0.409490000038204
0.40344500007449824
0.42047700003422506
0.3780819999974483
0.3202530001544801
0.5146930000137218
0.5226460000358202
0.45848300010220555
0.3246799999487848
0.5761409997830924
0.44560399987858546
0.4123820001495915
0.3882040000462439
0.4019719999632798
0.40719700018598814
0.3881430000092223
0.4175399999439833
0.40721499999563093
0.4467300000214891
0.42196599997623707
1.5605640001012944
0.4284780000034516
0.4820789999939734
0.31990200000109326
0.38545100005649147
0.34021700002995203
0.39082700004655635
0.4683219999606081
0.6505169999400096
0.44388399987838056
0.4692370000611845
0.4233160000239877
0.40305199991053087
1.329610000084358
0.4145230000176525
0.677865000170641
0.4132779999963532
0.43558899983509036
0.4192850001345505
0.4075289998581866
0.417783000102645
0.4018319998522202
0.3888020000886172
0.4171519999545126
0.4050919999372127
0.34469100000933395
0.5108730001666117
0.5041150000124617
0.42794299997694907
0.4147629999806668
0.4150830000071437
0.4484030000639905
0.40847300010682375
0.4382259999147209
0.46043099996495584
0.42253299989170046
0.42307300009269966
0.41119299999081704
0.40753200005383405
0.42872299991358886
0.43950400004177936
0.6646049998835224
0.45660199998565076
0.4305130000830104
0.4478559999370191
0.4132500000650907
0.40306200003215054
0.3964519999044569
0.3879319999668951
0.40826200006449653
0.9007250000649947
0.45723399989583413
1.0138310001366335
0.4024830000162183
0.4305329998715024
0.4721839998182986
0.4077230000802956
0.3625929998634092
0.3446600001097977
0.38337199998750293
0.4062589998738986
0.4491729998790106
0.5194370000936033
0.4998940000859875
0.39377099983539665
0.408722999964084
0.43186300013076107
0.44836600000053295
0.4346749999513122
0.41544999999132415
0.48016400000960857
0.4182350000974111
0.4104270001334953
0.4284330000245973
0.3775760001190065
0.40549699997427524
0.4165840000496246
0.5036449999806791
0.4335030000675033
0.6071660000088741
0.41518299985909835
0.509276000002501
0.48002399989854894
0.3638809998847137
0.517085000183215
0.442403000079139
0.42036200011352776
0.4929950000587269
0.453808999964167
0.4129180001655186
0.42907299985017744
0.40433799995298614
0.4031329999634181
0.39543200000480283
0.5241610001576191
0.5330859999048698
0.40503500008526316
0.4550210001070809
0.444962999836207
0.41902500015567057
0.43447100006233086
0.44902400009050325
0.47617700010960107
0.44555999988915573
0.43186300013076107
0.6496099999822036
0.5766570000105276
0.5220970001573733
0.4544329999589536
0.45174899992161954
0.4161980000390031
0.46340400012923055
0.45556400004898023
0.42038199990201974
0.4209530000025552
0.40576200012765185
0.5954389998805709
0.49254500004281
0.427425999987463
0.4037599999264785
0.41850299999168783
0.4611140000179148
0.40571199997430085
0.4264330000296468
0.4334960001415311
0.5188529999031744
0.3488500001367356
0.5288360000577086
0.9525089999442571
0.6708109999635781
0.5205879999721219
0.45777199989061046
0.37898200002928206
0.398541999857116
0.3411899999719026
0.4328029999669525
0.38458099993476935
0.3793519999817363
0.39303200014728645
0.379814999860173
0.4110099998797523
0.4923750000216387
0.9072870000181865
0.39603200002602534
0.622718000158784
0.47950499993021367
0.4787759999089758
0.4386310001791571
0.4055120000430179
0.6642399998781912
0.4682390001562453
0.4491139998208382
0.3983670001161954
0.568879999946148
0.43820099995173223
0.4226030000609171
0.40683499992155703
0.8023220000268338
0.463064000086888
0.48305400014214683
0.4872449999311357
0.38188199982869264
0.6523100000777049
0.4217250000237982
0.4759519999879558
0.471804999961023
0.42734599992400035
0.4515420000643644
0.9695520000150282
0.4454709999208717
0.5561870000292402
0.4244930000822933
0.4577440001867217
0.47536400006720214
0.41705299986460886
