payload_size_bytes=102400
runs=250
mean_ms=0.533
median_ms=0.448
stddev_ms=0.265
min_ms=0.288
max_ms=2.138
---raw---
0.8737170001040795
2.1384149999903457
0.8622760001344432
0.4193530000975443
0.9959199999229895
0.8369050001419964
0.32284999997500563
2.018311000028916
0.601997999865489
0.28820900001846894
0.7103709999682906
0.6632900001477537
1.6482899998209177
0.9787499998310523
0.38348199996107724
0.4726839999875665
0.5025650000334281
0.49776500009102165
0.38447199995061965
0.9855900000275142
0.5555369998546666
0.5544370001189236
0.4205759998967551
0.37777100010316644
0.4351210000095307
0.3405029999612452
0.4750719999719877
0.7346620000134862
1.7022510000970215
0.4523860000062996
0.4979150000963273
0.47447400015698804
0.3718789998856664
1.2884889999895677
0.45908700008112646
0.5293860001529538
0.4656520000025921
0.4659369999444607
0.6240860000161774
0.84204600011617
1.4552939999248338
0.6051499999557564
0.4462720000901754
0.3701859998272994
0.41191199989043525
0.40549699997427524
0.3835769998659089
0.36128600004303735
0.49134400001094036
0.5031549999330309
0.3905120001945761
0.524871000152416
0.9412459999111888
0.36991900014982093
0.4230519998600357
0.34656399998311826
0.48668800013729197
0.42950800002472533
0.4818139998405968
0.37469199992301583
0.36935100001755927
0.4266430000825494
0.4190329998436937
0.9727500000735745
0.6733699999585951
0.41623299989623774
0.8105169999907957
0.47751700003573205
0.4536000001280627
0.40117200001077435
0.46750400019845983
0.36705100001199753
0.37350100001276587
0.3206500000487722
0.4567460000544088
1.048838999849977
0.7362220001141395
0.31591000015396276
0.9034069998961058
0.5357269999421987
0.47209400008796365
0.4826839999623189
0.41855299991766515
0.30082900002526003
0.4981269999007054
0.5103829998915899
0.397452000015619
0.39824300006330304
0.43055299988736806
0.4648839999390475
1.150336999899082
0.45146100001147715
0.4461930000161374
0.44653400004790456
0.48786699994707305
0.4466909999791824
0.46042400003898365
0.4669769998599804
0.527803999830212
0.49704599996402976
0.444366000010632
0.962587000003623
0.9579210000083549
0.4795920001470222
0.44200299998919945
0.4575339999064454
0.4111430000648397
0.5547989999286074
0.3183300000273448
0.44939099984731
0.5086809999284014
0.4061320000801061
0.39437700002054044
0.8062640001753607
0.3132890001324995
0.32671200006006984
0.47529200014650996
0.6492549998711183
0.504094999996596
0.4019820000848995
0.39404699987244385
0.3712220000124944
0.41977299997597584
0.5202360000566841
0.5082449999918026
0.42054300001836964
0.4946439999002905
0.489964999815129
0.43941399985669705
0.5457760000808776
0.3858919999402133
0.3760209999654762
0.423053000076834
0.45849899993299914
0.41683299991746026
0.41842800010272185
0.4619540000021516
0.3282700001818739
0.3536369999892486
1.37862699989455
0.44025299985150923
0.7563629999367549
0.7832229998712137
0.4620150000391732
0.45517600005950953
0.5291630000101577
0.3624060000220197
0.4211079999549838
0.4315730000143958
0.3916370001206815
0.3962890000366315
0.3850020000299992
0.3960689998621092
0.7844940000723
0.8593410000230506
0.4290330000458198
0.5020230000809534
0.39525900001535774
0.4162629998063494
0.39597499994670216
0.441580999904545
0.41275499984294584
0.4638840000552591
0.4662759999973787
0.6909210001140309
0.4838550000840769
0.4677120000451396
1.2286150001727947
0.5118750000292493
0.46281400000225403
0.6241999999474501
0.3434899999774643
0.45970400014994084
0.4026920000796963
1.4989049998348491
0.5000050000489864
0.47059899998203036
0.31391700008498447
0.4366099999515427
0.5161960000350518
0.44802399997934117
0.4300630000670935
0.44753399993169296
0.4093219999958819
0.4186830001344788
0.4522540000380104
0.8668969999234832
0.47575400003552204
0.48505399990972364
0.4351100001258601
0.4187330000604561
0.47436399995604006
0.4171230000338255
0.397452000015619
0.42618299994501285
0.42605300018294656
0.5723570000100153
0.5126559999553137
0.9166400000140129
0.48193400016316446
0.43935100006819994
0.41395200014449074
0.5018449999170116
0.39813199987293046
0.4029680001167435
0.41316700003335427
0.411727000027895
0.41927999996005383
0.4223400001137634
0.43536399994081876
1.1445439999988594
0.46766400009801146
0.4762739999932819
0.4129630001443729
0.39763299992046086
0.8053340000060416
0.4116050001812255
0.4223299999921437
0.41345300019202114
0.4104449999431381
0.31109000019569066
0.39586200000485405
0.46179200012375077
0.48764699999992445
0.4263030000402068
0.41786300016610767
0.41494000015518395
0.3906869999354967
0.44764799986296566
0.4093720001492329
0.36975200009692344
0.40647300011187326
0.48043500009953277
0.48714500007918105
0.617379000004803
0.5720070000734268
0.5093350000606733
0.4173120000814379
0.39737199995215633
0.41729299982762313
0.4202529999020044
0.4387229998883413
0.491159999910451
0.43741399986174656
0.4034020000744931
0.4016069999579486
0.4055770000377379
0.40188699995269417
0.42551599995022116
0.40897300004871795
