payload_size_bytes=102400
runs=250
mean_ms=0.550
median_ms=0.447
stddev_ms=0.374
min_ms=0.292
max_ms=4.900
---raw---
0.8665560001190897
1.0368569999172905
0.4122180000649678
0.42032299984384736
0.4845139999360981
0.5432989999007987
4.899906999980885
0.9287129998938326
0.7090519998200762
1.1636199999429664
0.5251319998933468
0.4664200000661367
0.7349410000188072
0.5534729998544208
0.5043199998908676
0.5110479999075324
0.677471000017249
2.178658000048017
0.5825279999953636
0.5629770000723511
1.1951550000048883
0.6165180000152759
0.4984149998108478
1.196105999952124
0.5553369999233837
0.8259149999503279
0.6140979999145202
0.5206610001096124
0.5352959999527229
0.506606000044485
0.4814339999938966
0.4674340000292432
0.37859100007153756
1.991197000052125
0.5661149998559267
1.0309140000117623
1.1266809999597172
0.42716500001915847
0.4701249999925494
0.40936000004876405
0.38015099994481716
0.35757000000558037
1.6636810000818514
0.7164609999108507
0.5503869999756716
0.9672740000041813
1.574111999843808
1.2156390000654937
0.38983900003586314
0.3489709999939805
0.3876119999404182
0.4049420001592807
0.4159229999913805
0.5237580000994058
0.44559399998433946
0.45534099990618415
0.44179399992572144
0.511481000103231
0.4464579999421403
0.5161310000403319
0.3989290000845358
0.8691460000136431
0.806244999921546
0.40409899997939647
0.6339589999697637
0.43712300021070405
0.44029399987266515
0.47419499992429337
0.5496109999967302
0.4470580001907365
0.45678399987991725
0.4789290001099289
0.45349400011218677
0.39752700013195863
0.4375390001314372
0.43585299999904237
0.9336759999314381
0.6133060001047852
0.42015300005004974
0.5011780001495936
0.3890809998665645
0.4348329998720146
0.4729940001197974
0.38321199986057763
0.3831490000720805
0.6534900001042843
0.36678099991149793
0.3718810000918893
0.5431820000012522
0.3949569997985236
1.011586000004172
0.40436300014334847
0.4216770000766701
0.6237390000478626
0.40393800009042025
0.4399740000735619
0.3747769999336015
0.4000270000688033
0.35879600000043865
0.4456830001799972
0.35704599986274843
0.7482169999093458
0.3614710001329513
0.38186200004020066
0.7628340001701872
0.4468560000532307
0.5325689999153838
0.3625250001277891
0.7048219999887806
0.4372389998934523
0.4274780001196632
0.4444490000423684
0.3812859999925422
0.46497899984387914
0.5461370001285104
0.42683800006670936
0.4081879999375815
0.29175700001360383
0.4657019999285694
0.3503709999677085
0.3915820000202075
0.7553919999736536
0.44948400000066613
0.36295099994276825
0.4191729999547533
0.4420359998675849
0.4158049998750357
0.6772799999907875
0.4060220001065318
0.39773599996806297
0.9393889999955718
0.48304500000995176
0.4451339998468029
0.4867150000791298
1.1334640000768559
0.5726370000047609
0.3861619998133392
0.35870399983650714
0.44804100002693303
0.42309199989176705
0.40270200020131597
1.0685120000744064
0.42893800014098815
0.4273279998869839
0.48714800004745484
0.42607000000316475
0.3944920001686114
0.49610499991104007
0.4142420000334823
0.41422799995416426
0.42960999985552917
0.4690910000135773
1.0506319999876723
0.44228299998394505
0.4311429997869709
0.44157299998914823
0.613309000073059
0.5683669999143603
0.5055159999756142
0.3806720001193753
0.4661530001612846
0.4231729999446543
0.42340300001342257
0.3863150000142923
0.34618800009411643
0.4221339997911855
0.4019770001377765
0.46213900009206554
0.3544109999893408
0.39814199999455013
0.6539900000461785
0.46141400002852606
0.4259330000877526
0.46051900017118896
0.37300899998626846
0.3738110001449968
0.486842000100296
0.49161900005856296
0.4974729999958072
0.4933230000006006
0.7512649999625864
0.8733070001198939
0.37240100004964916
0.3619809999690915
0.37286099995981203
0.6912929998179607
0.4678719999446912
0.381842000024335
0.4290429999400658
0.4484440000851464
0.3592210000533669
0.40316199988410517
0.3591699999105913
0.33190199997079617
0.5906349999804661
0.42146300006606907
0.37958100006108
0.38505600014104857
0.37170099994909833
0.39712200009489607
0.4085520001808618
0.4162119998909475
0.3794169999764563
0.41073800002777716
0.3931870000997151
0.4513939998105343
0.36583099995368684
0.5175549999876239
0.51544599978115
0.42829299991353764
0.43392799989305786
0.44802899992646417
0.480935000041427
0.41302199997517164
0.4040730000269832
0.39499199988313194
0.46710600008736947
0.4924330000903865
0.5507790001502144
0.46983199990791036
0.4173620000074152
0.4217729999709263
1.0906429999977263
0.3757119998226699
0.4547440000806091
0.472944999955871
0.42625199989743123
0.5103450000660814
0.4406340001423814
0.4084419999799138
0.4144130000440782
0.3578910000214819
0.47371400000884023
0.7902449999619421
0.9389780000219616
0.5137260000083188
0.36240100007489673
0.385591999929602
0.42684300001383235
0.46723600007680943
0.38777999998274026
0.44952400003239745
0.3088000000843749
0.4303030000301078
0.39608199995200266
0.3910820000783133
0.8711079999557114
0.5109459998493548
0.46766300010858686
0.6426800000554067
