payload_size_bytes=102400
runs=250
mean_ms=0.519
median_ms=0.450
stddev_ms=0.238
min_ms=0.271
max_ms=2.402
---raw---
0.6213890001163236
0.5825670000376704
0.3815719999238354
1.865618000010727
0.8190580001610215
0.7817379998869001
0.42799900006684766
1.5508270000736957
0.9898700000121607
0.5446359998586559
0.6538499999351188
0.9854099998847232
0.4519389999586565
2.40192800015393
1.1256289999437286
1.2696189999132912
0.4068920000008802
0.35669099997903686
0.3986620001796837
0.35835099993164476
0.4502639999373059
0.45900400004939
0.44111900001553295
0.48725000010563235
0.411532000043735
0.44309700001576857
1.6334760000518145
0.8787819999724888
0.7575429999633343
0.5529110001134541
0.44741400006387266
0.4979509999429865
0.4722369999399234
0.40304999993168167
0.4389260000152717
0.45085300007485785
0.44255300008444465
0.47867100010989816
0.3588740000850521
0.4532239997843135
0.3701120001551317
0.4404229998726805
0.3845370001727133
0.438538000025801
0.4502259998844238
0.5573050000293733
0.42618299994501285
0.4943740000271646
0.4249329999765905
0.45748399998046807
0.44620400012718164
0.865377000081935
0.4875749998518586
0.4865149999204732
0.37662099998669873
0.40426700002171856
0.569902000052025
0.5127460001403961
0.33649000010882446
0.4604039997957443
0.48713400019551045
0.5154059999767924
0.4158619999543589
0.4111719999855268
0.6361789999118628
0.5002269999749842
0.6272890000218467
0.3795590000663651
0.4227720000926638
0.47346400015157997
0.4170229999544972
0.45106400011718506
0.5022650000228168
0.43601300012596766
0.767902999996295
0.5756569998993655
0.45677399998567125
0.30042000003049907
0.34552100009932474
0.44864300002700475
0.437705999956961
0.8309830000143847
0.4186720000234345
0.6655859999682434
0.48134899998331093
0.440993999973216
0.5280359998778295
0.42683300011958636
0.44854299994767644
0.38911199999347446
0.45350300001700816
0.9126879999712401
0.4705799999555893
0.537631000042893
0.5375359999106877
0.5193360000248504
0.5023850001180108
0.434454000014739
0.38568200011468434
0.5262649999622226
0.4249130001880985
0.3697110000757675
0.4286850000880804
0.4357729999355797
0.8367350001208251
0.4879350001374405
0.45322200003283797
0.3940119997878355
0.4279719998976361
0.504044999843245
0.45904399985374766
0.4396530000576604
0.45771300005981175
0.42982300010407926
0.461613999959809
0.37324100003388594
0.8373210000627296
0.4653690000395727
0.6352489999699173
0.4828739999993559
0.46126500001264503
0.3740009999546601
0.4532539999217988
0.40788199999042263
0.48742500007392664
0.4189530000076047
0.4453430001376546
0.40837200003807084
1.0422010000183946
0.5004660001759476
0.4725240000880149
0.4189019998648291
0.38680199986629304
0.4452549999314215
0.4372409998723015
0.4527640001015243
0.4313440001624258
0.4436930000792927
0.3541799999311479
0.9423480000805284
0.36549099991134426
0.7378049999715586
0.3379779998340382
0.4560340000807628
0.4368349998458143
0.4522009999163856
0.5472570001074928
0.4270929998710926
0.46717400005036325
0.415373000123509
0.3624109999691427
0.5073450001873425
0.3834310000456753
0.4323029997976846
0.42436299986547965
0.5081460001292726
0.3941329998724541
0.40244599995276076
0.48859999992600933
0.4217749999497755
0.402471999905174
0.34108799991372507
0.41683300014483393
0.2713680000852037
0.40166300004784716
0.7708379998803139
0.37400200017145835
0.4084570000486565
0.46850399985487456
0.40360299999520066
0.3838370000721625
0.4513789999691653
0.45860899990657344
0.4534240001703438
0.4547080000065762
0.42867799993473454
0.40493899996363325
0.415950000160592
0.5172549999770126
0.9338890001799882
0.4927550000957126
0.42927300000883406
0.40493200003766106
0.41240200016545714
0.43564299994613975
0.6348700001126417
0.43967400006295065
0.4809040001418907
0.43182299987165607
0.4171319999386469
0.42878399995061045
0.4137519999858341
0.41937199989661167
0.5287359999783803
0.7252509999489121
0.5887530001018604
0.4246480000347219
0.45815899989065656
0.4105530001652369
0.43651800001498486
0.6255289999899105
0.47835500004111964
0.42214199993395596
0.32013000009101233
0.453804000017044
0.4076919999533857
0.4458959999737999
0.4470609999316366
0.4410829999415
0.4225659999974596
0.39708899998913694
0.40383299983659526
0.3923520000626013
0.48471899981450406
0.38550700014639006
0.43575300014708773
1.53146600018772
0.7126020000214339
0.49700499994287384
0.4347730000517913
0.561856999865995
0.4650840000977041
0.4560740001124941
0.4482159999952273
0.534254000058354
0.7582739999634214
0.40914499982136476
0.3961799998251081
0.4132130000016332
0.5206050000197138
0.4474539998682303
0.39176699988274777
0.36138800010121486
0.42192000000795815
0.5730969999149238
0.4608290000760462
0.7747940001081588
0.43225300009908096
0.4292479998184717
0.48641500006851857
0.4537639999853127
0.44647400000030757
0.5887769998480508
0.37058100019748963
0.46262700016086455
0.4871119999734219
0.8160250001765235
0.8369649999622197
0.46180399999684596
0.4581870000492927
