payload_size_bytes=102400
runs=250
mean_ms=0.503
median_ms=0.442
stddev_ms=0.227
min_ms=0.279
max_ms=2.181
---raw---
0.8216349999656813
0.7739940001556533
0.5522070000552048
0.4820240001208731
1.4824999998381827
0.43593299983513134
0.6771710000066378
0.40976199989017914
0.43698299987227074
1.1043839999729244
0.6285590000061347
0.4645940000500559
0.4337230000146519
0.5822050000006129
1.9145480000588577
0.8855569999468571
0.3360799998972652
0.3720510001130606
0.6189190000895906
0.5293960000471998
0.43574400001489266
1.0624120000102266
0.4669810000450525
0.4281629999240977
0.384432000146262
0.4845750002004934
0.4537639999853127
0.5898179999803688
0.32102999989547243
0.4069120000167459
0.7068909999361495
0.42573300015646964
0.41097200005424384
0.41511199992783077
0.318755000080273
0.40049700010058586
0.5924280001181614
0.38811200010968605
0.4693650000717753
0.4456329997992725
0.7784360000187007
0.4432910000105039
0.45694400000684254
0.39409199985129817
0.40393500012214645
0.38352199999280856
0.39051199996720243
0.46141100006025226
0.457743999959348
0.4554839999855176
0.46246900001278846
0.40992300000652904
0.4785989999618323
0.483349999967686
0.4470430001219938
0.39592000007360184
0.5039850000230217
0.4844649999995454
0.38994200008346525
0.4967029999534134
0.46762400006628013
0.4056319999108382
0.45051400002193986
0.3955120000682655
0.4782549999617913
0.41622200001256715
0.4002570001375716
0.39934200003699516
0.49451999984739814
0.4336660001627024
0.5648869998822192
0.7112499999948341
0.4643379998015007
0.8011300001271593
0.48272499998347485
0.3886019999299606
0.3597110001010151
0.4456830001799972
0.6155429998671025
0.45494400001189206
0.5417520001174125
0.4059719999531808
0.4213350000554783
0.4538169998795638
0.6887750000714732
0.4182349998700374
0.44322999997348234
0.5940930000178923
0.35564999984671886
0.4238880001139478
0.5169759999716916
0.4219630000079633
0.4055130000324425
0.3944019999835291
0.4587939999964874
0.42746200006149593
0.49157500006913324
0.4149180001604691
0.41484200005470484
0.44588299988390645
0.41218000001208566
0.33030700001290825
0.3812420000031125
0.399643000037031
1.5012860001206718
0.5726079998567002
0.4279130000668374
0.4092820001915243
0.4425829999945563
0.43573400012064667
0.41064399988499645
0.3573389999473875
0.4517140000643849
0.40732200000093144
0.4337489999670652
1.1477099999410711
0.820594000060737
0.47215400013556064
0.48134400003618794
0.5087760000606067
0.3955019999466458
0.42756300013024884
0.47631399979763955
0.5586669999502192
0.4608439999174152
0.4596459998538194
0.44823100006397
0.5024849999699654
0.44067299995731446
0.4221130000132689
0.4456640001535561
0.67140000010113
0.4589459999806422
0.39126399997257977
0.446393000174794
0.38738900002499577
0.37533900012931554
0.40400199986834195
0.39218200004143
0.3295129999969504
0.37317200008146756
0.4056230000060168
0.4035289998682856
0.41854200003399455
0.39071600008355745
0.40301999979419634
0.4059120001329575
0.41152300013891363
0.3707610001129069
0.37285200005499064
0.41317299996990187
0.9638989999984915
0.3907599998456135
0.43924299984610116
0.4825849998724152
0.41294300012850726
0.48586699995212257
0.4266999999344989
0.4447329999948124
0.3835069999240659
0.39719200003673905
0.3719410001394863
0.3948990001845232
0.9030349999648024
0.5614379999769881
0.4486650000217196
0.7166099999267317
0.40594200004306913
0.5803899998682027
0.48484199987797183
0.43448299993542605
0.519625000151791
0.4102230000171403
0.4327330000251095
0.4113719999168097
0.609429000178352
0.5019850000280712
0.4566939999222086
0.5123359999288368
0.41461299997536116
0.5554770000344433
0.41954500011343043
0.5138630001511046
0.47183499987113464
0.4086129999905097
0.3911220001100446
0.3996950001692312
0.35419799996816437
0.5463859999963461
0.4752949998874101
0.4225630000291858
0.6822700001976045
0.4304929998397711
0.40907200013862166
0.3847170000881306
0.4140319999805797
0.3984269999364187
0.39541299997836177
0.44869899988952966
0.3605260001222632
0.8288550000088435
0.40709799986871076
0.4791500000465021
0.6898560000081488
0.3719960000125866
0.44465399992077437
0.38822200008326035
0.27878900004907337
0.4286529999717459
0.5189759999666421
0.4498330001752038
0.3834920000826969
0.42418299995006237
0.4611740000655118
0.519584999892686
0.5217210000409978
0.47076900000320165
0.47718500013615994
0.40721200002735713
0.4907239999738522
0.45394399990073
0.5779369998890616
0.3940619999411865
0.4160329999649548
2.180666999947789
0.7052509999994072
0.4472329999316571
0.516965000088021
0.3770220000660629
0.4716369999187009
0.4657119998228154
0.472023999918747
0.41551300000719493
0.483684000073481
0.4370429999198677
0.43536300017876783
0.39559199990435445
1.2097260000700771
0.8898099999896658
0.42358300015621353
0.3846120000616793
0.3921290001471789
0.33323499997095496
0.41604800003369746
0.4353330000412825
0.3785320000133652
0.364962000048763
0.4504240000642312
0.47520399994027684
1.62054900010844
