payload_size_bytes=102400
runs=250
mean_ms=0.527
median_ms=0.451
stddev_ms=0.259
min_ms=0.321
max_ms=2.575
---raw---
0.690620999876046
2.5745779998942453
1.2508279999110528
0.7524729999204283
0.5120050000186893
0.5423359998530941
1.0152400000151829
0.5660080000779999
0.5755469999257912
0.5074949999652745
0.4868949999945471
0.4698640000242449
0.9386290000747977
0.9583189998920716
0.6494199999451666
0.9010769999804324
0.44820400012213213
0.5328760000793409
0.4366940002000774
0.44210600003680156
0.6180390000736224
0.5491869999332266
0.7163909999690077
2.4318220000623114
0.527416000068115
0.5800679998628766
0.6060079999770096
0.5261459998564533
0.4935449999265984
0.40733199989517743
1.1537349998889113
0.41969300013988686
0.43380300007811456
0.7473230000414333
0.40881300014916633
0.5688169999302772
0.4658540001400979
0.43399199989835324
0.4318629999033874
0.4542039998796099
0.4525540000486217
0.3787609998653352
0.39648200004194223
0.45660599994334916
0.4832520000945806
0.49053499992623983
0.5341419998785568
0.47785499987185176
0.48588999993626203
0.5023199998959171
1.1962510000103066
0.45412700001179473
0.4350500000782631
0.4381129999728728
0.5732869999519608
0.4476760000216018
0.3771929998492851
0.404290000005858
0.39568900001540896
0.42446300017218164
0.5885700002181693
0.44692100004795066
0.39403200003107486
0.4681840000557713
1.8926580000879767
0.36707700019178446
1.009469999871726
0.6092779999562481
0.4420810000738129
0.4322329998558416
0.40919200000644196
0.3787810001085745
0.38439900004050287
0.41582200015000126
0.4058860001805442
0.42381000002933433
0.405192000016541
0.5730570001105662
0.44499299997369235
0.44399400007932854
0.47891200006233703
0.89626700014378
0.5116550000821007
0.47553400008837343
0.41665899993859057
0.46076899980107555
0.4451060001429141
0.39696200019534444
0.42408499984958326
0.3910890000042855
0.4025200000796758
0.8198149998861481
0.46424699985436746
1.1414749999403284
0.48599399997328874
0.7589059998736047
0.5013729999063798
0.4725100000086968
0.5098030001136067
0.4670420000820741
0.49377499999536667
0.42109600008188863
0.38700200002494967
0.4190249999282969
0.4333430001679517
0.3890820000833628
0.41986300016105815
0.41533800003890065
0.6074180000723572
0.7042109998565138
0.495080000064263
0.7469429999673594
0.41440299992245855
0.45600899989040045
0.3931249998458952
0.39270199999918987
0.408434000064517
0.5030960001022322
0.43000699997719494
0.5413559999851714
0.4289790001621441
0.9937810000337777
1.3647910000145203
0.5247999999937747
0.6040819998816005
0.4608260001077724
0.42093199999726494
0.4074470000432484
0.3207019999535987
0.3946720000840287
0.4147930001181521
0.4486000000269996
0.8044749999953638
0.35880699988410925
0.3957419999096601
0.42751299997689785
0.5645139999614912
0.40848000003279594
0.41844299994409084
0.3973420000420447
0.4192930000499473
0.47830399989834405
0.4786850001892162
0.46021399998608103
0.6821710001077008
0.507895000055214
0.42893800014098815
0.4377840000415745
0.39803000004212663
0.4054129999531142
0.4771209999034909
0.4476889998841216
0.38833999997223145
0.42219000010845775
0.7752229998914117
0.40743599993220414
0.5588850001458923
0.8766359999299311
0.43099300000903895
0.4737839999506832
0.5164259998764464
0.40648300000611925
0.3963419999308826
0.4452539999419969
0.44786300009036495
0.4032629999528581
0.48803499998939515
0.38960100005169807
0.42953500019393687
0.49284500005342124
0.3962789999150118
0.4346640000676416
0.42354299989710853
0.46090900013950886
0.3916299999673356
0.4605120000178431
0.4160319999755302
0.4226129999551631
0.49257499995292164
0.5082099999071943
0.38130100006128487
0.4497309998896526
0.4027400000268244
0.4141119998166687
0.9371510000164562
0.3417979999085219
0.4350229999090516
0.46956500000305823
0.46214500002861314
0.47745400001986127
0.47967399996196036
0.43350199985070503
0.4524940000010247
0.43227299988757295
0.3835189997971611
0.5899729999327974
0.7375779998710641
0.38673199992445007
0.3874910000831733
0.4164130000390287
0.4684149998865905
0.450013999852672
0.4340539999247994
0.5285160000312317
0.36333100001684215
0.38540200011993875
0.3535200000897021
0.4612850000285107
0.33478000000286556
0.8407049999732408
0.3950549998990027
0.38711899992449617
0.8553459999802726
0.44061400012651575
0.43342300000404066
0.4685429998971813
0.44105400002081296
0.4485629999635421
0.47589900009370467
0.42469799996069924
0.44000899993079656
0.4550710000330582
0.369613999964713
0.7717240000602033
0.4669949998969969
0.4617010001766175
0.4117030000543309
0.7189319999270083
0.46563899991269864
0.5059719999280787
0.4336709998824517
0.4620039999281289
0.47691999998278334
0.4841999998461688
0.4233950000980258
0.45627300005435245
0.480302000141819
0.41361300009157276
0.41834299986476253
0.4369559999304329
0.4111209998427512
0.37705399995502376
0.47968100011530623
0.4224530000556115
0.7448879998719349
0.4867300001478725
0.4247130000294419
0.5298159999256313
0.4224320000503212
0.33527999994475977
