payload_size_bytes=102400
runs=250
mean_ms=0.506
median_ms=0.445
stddev_ms=0.203
min_ms=0.294
max_ms=1.941
---raw---
1.1759559999973135
0.4973350000909704
0.46796399988124904
0.6757699998161115
0.6901510000716371
0.3822620001301402
0.36793100002796564
0.4270429999451153
0.4476230001273507
0.6358800001180498
0.3866419999667414
0.963289000083023
0.6552929999088519
0.41903200008164276
1.941426000030333
0.38916100015740085
0.5694370001947391
0.8341059999565914
0.4568150000068272
0.3955530000894214
0.4820940000627161
0.42883300011453684
0.5055050000919437
0.48923999997896317
0.41090000013355166
0.4920449998735421
0.48062699988804525
0.4400410000471311
0.42385000006106566
0.48443500008943374
1.188296000009359
0.4518929999903776
0.9505489999810379
0.4735100001198589
0.42025000016110425
0.38263900000856665
0.44400799993127293
0.6060260000140261
0.45036099982098676
0.41318800003864453
0.48135299994100933
0.8050269998420845
0.43117299992445624
0.4997250000542408
0.3209389999483392
0.5057700000179466
1.1941259999730391
0.3800110000611312
0.4674140000133775
0.4793650000465277
0.43996299996251764
0.4119420000279206
0.4019269999844255
0.42588300016177527
0.4096580000805261
0.4182980001132819
0.44544100001076004
0.38547000008293253
1.40283299992916
0.45219300000098883
0.9354380001695972
0.4245479999553936
0.4438089999894146
0.6332689999908325
0.3826550000667339
0.3743639999811421
0.43911900002058246
0.3135740000743681
0.6206670000210579
0.396619999946779
0.6129240000518621
0.4715750001196284
0.40472199998475844
1.0138800000731862
0.5628970000088884
1.0162910000417469
0.45788400007040764
0.49212399994758016
0.475665000067238
0.43117399991388083
0.4067969998686749
0.6274959998791019
0.4706840002199897
0.4529240000010759
0.4898350000530627
0.7103820000793348
0.41993299987552746
0.40456299984725774
0.41169299993271125
0.419676000092295
0.533566000058272
0.4598040000018955
0.3980520000368415
0.42396999992888595
0.44824900010098645
0.4255369999555114
1.3475709999966057
0.6040690000190807
0.46358400004464784
0.4407159999573196
0.43907400004172814
0.4551009999431699
0.4128319999381347
0.4122849998111633
0.42032099986499816
0.41643500003374356
0.29395199999271426
0.6073780000406259
0.39060199992491107
0.6807249999383203
0.4004420000001119
0.5431659999430849
0.36079100004826614
0.41384299993296736
0.36716199997499643
0.40188699995269417
0.4072870001436968
0.4206329999760783
0.4533030000857252
0.3984239999681449
0.42020000000775326
0.4237230000398995
0.4375340001843142
0.39349100006802473
0.37679100000787
0.4401539999889792
0.4095920000963815
0.4534239999429701
0.4061919999003294
0.5018660001496755
0.4779470000357833
0.4043590001856501
0.38458199992419395
0.4903940000531293
0.4034230000797834
0.44311400006336044
0.43326600007276284
0.38638900014120736
0.4087219999746594
0.5621780001092702
0.4270320000614447
0.722682000059649
0.4524339999534277
0.52954700004193
0.38684199989802437
0.450273000069501
0.459855999906722
0.38451199998235097
0.4620009999598551
0.3904120001152478
0.49277500011157827
0.46832400016683096
0.5014149999169604
0.4573039998376771
0.4050919999372127
0.5726770000364922
0.47254400010388053
0.3636009998899681
0.47148400017249514
0.4717340000297554
0.4714750000403001
0.46688400016137166
0.4142129998854216
0.5258789999516011
0.4468009999527567
0.5717770000046585
0.4767540001466841
0.6469800000559189
0.44643399996857625
0.4802039998139662
0.4391630000100122
0.37156400003368617
0.4522510000697366
0.8288950000405748
0.34652099998311314
0.49372400007996475
0.4058629999690311
0.42811200000869576
0.3899119999459799
0.46934499982853595
0.41826100004982436
0.42486400002417213
0.4145880000123725
0.40731700005380844
0.37170599989622133
0.3716710000389867
0.6516850000934937
0.738022999939858
0.47514500010947813
0.5789580000055139
0.45388400008050667
0.41161500007547147
0.3834990000086691
0.4295749999982945
0.4409209998357255
0.47009700006128696
0.43679999998857966
0.49642600015431526
0.8380450001368445
0.5982210000183841
0.45424099994306744
0.41638299990154337
0.467865000018719
0.41893200000231445
0.5212959999880695
0.44029599985151435
0.5018559998006822
0.3651989998161298
0.44089300013183674
0.847744999873612
0.5667870000252151
0.4109270000753895
0.4360410000572301
0.4963420001331542
0.37589199996546085
0.41932299996005895
0.5198649998874316
0.37766200011901674
0.4411439999785216
0.4072929998528707
0.7287920000180748
0.4119730001548305
0.6527790001200628
0.41893200000231445
0.3744309999547113
0.7431330000144953
0.4807380000784178
0.4229609999129025
0.4212979999920208
0.44063099994673394
0.3761840000606753
0.4954099999849859
0.48731499987297866
0.37727099993389857
0.4472790001273097
0.37656599988622474
0.410002999842618
0.42618799989213585
0.3896270000041113
0.5370090000269556
0.4520109998793487
0.3862639998715167
0.9965599999759434
0.7263420000072074
1.6381170000840939
0.6965009999930771
0.45518299998548173
0.4143819999171683
0.3983720000633184
0.35172100001545914
