payload_size_bytes=102400
runs=250
mean_ms=0.544
median_ms=0.451
stddev_ms=0.313
min_ms=0.314
max_ms=2.914
---raw---
1.13528499991844
0.5974680000235821
0.35271100000500155
2.9143330000351853
1.0568370000783034
0.48201399999925343
0.4910449999897537
0.6855809999706253
0.5197759999191476
0.9416780001174629
0.4097449998425873
0.3143999999792868
0.4479529998206999
0.4905420000795857
0.48320500013687706
0.6103279999933875
0.5120760001773306
0.43388599988247734
0.37207399986982637
0.3722909998487012
0.34940999989885313
0.4786719998719491
0.5690269999831798
0.45717600005446
1.147899999978108
0.5420360000698565
0.40122199993675167
0.43564299994613975
0.47724399996695865
0.4276529998605838
0.40161199990507157
0.4682360001879715
0.4014820001430053
0.6720129999848723
0.42951000000357453
1.309180000134802
0.46190400007617427
0.5077359999177133
1.7681860001630412
0.4565799999909359
0.512946000071679
0.4066730000431562
0.3987719999258843
0.4652769998756412
0.4046519998155418
0.4086129999905097
0.39504200003648293
0.462460999870018
1.676562000056947
0.4860060000737576
0.4423049999786599
0.398582000116221
0.44699099998979364
0.4495659998156043
0.3964889999679144
0.393517000020438
0.3972319998410967
0.45686900011787657
0.40387500007454946
0.40957300006994046
0.44189000004735135
0.39116200014177593
0.43950300005235476
0.4107820000172069
0.49910600000657723
0.4620549998435308
0.43487199991432135
0.4154279999966093
0.45528800001193304
0.5108949999339529
0.4077819999110943
0.39704199980405974
0.4209129999708239
0.49651499989522563
0.4570139999486855
0.4109029998744518
0.5231160000676027
0.5887980000807147
0.4265329998816014
0.46263400008683675
0.4679740000028687
0.4260430000613269
0.4384240000945283
1.1915350000890612
0.38585199990848196
0.5066450000867917
0.48282500006280316
0.4190119998384034
0.4311529999085906
0.42113300014534616
0.45539399980043527
0.41267300002800766
0.4284149999875808
0.3770780001559615
0.43801300012091815
0.48820799997884023
0.4577409999910742
0.4031220000797475
0.47867400007817196
0.4028719999951136
0.39896199996292125
0.41422300000704126
0.749214000052234
0.42657299991333275
0.4308570000830514
0.4200680000394641
0.5361989999528305
0.4690920000030019
1.7536430000291148
0.8226639999975305
0.502675999996427
0.42866300009336555
0.38364200008800253
0.41239200004383747
0.40831499995874765
0.3976600000896724
0.4213359998175292
0.3894320000199514
0.4835120000734605
0.5375599998842517
0.4241110000293702
0.5190659999243508
0.5000470000595669
0.4402510001000337
0.4615459999968152
0.4004790000635694
0.4098429999430664
0.41417300008106395
0.4378329999781272
0.4442430001745379
0.4212329999973008
0.33208000013473793
0.40577799995844543
0.4163080000125774
0.4023029998734273
0.4114019998269214
0.4597340000600525
0.36731199998030206
0.8968669999376289
0.4705740000190417
0.41330299995934183
0.5082800000764109
0.39952199995241244
0.40482000008523755
0.4005330001746188
0.41989299984379613
0.49937200014937844
0.5364659998576826
0.3918620000149531
0.6089980001888762
0.41125299981104035
0.40044699994723487
0.4173070001343149
0.4639549999865267
0.4239859999870532
0.576824000063425
1.099663000104556
0.3857570000036503
0.42652699994505383
0.9213680000357272
1.63806199998362
0.4058590000113327
0.3506400000787835
0.4373179999674903
0.4250489998867124
0.31984899987946847
0.5338119999578339
0.44060800018996815
0.4389959999571147
0.40387900003224786
0.9725990000788443
0.6617530000312399
0.46579499985455186
0.38169900017237524
0.37318199997571355
0.44511399983093725
0.3660700001546502
0.4831200001262914
0.4584690000228875
0.46890499993423873
0.43028799996136513
0.4209699998227734
0.5043129999648954
0.5320010000104958
0.515640000003259
0.38828300012028194
0.3959410000788921
0.44814400007453514
0.5409069999586791
0.49083500016422477
0.39614199999959965
0.3780819999974483
0.43742399998336623
0.5369259999952192
0.5304859998886968
0.829315999908431
0.48262399991472194
0.6578400000307738
0.5526869999812334
0.42313199992349837
0.4401330002110626
0.451543000053789
0.49963500009653217
0.4852849999679165
0.4722340001990233
1.0772429998269217
0.955558999976347
1.9074679998993815
0.4994450000594952
0.44001500009471783
0.47216200005095743
0.46987400014586456
0.47067399987099634
0.480377000030785
0.45339300004343386
2.0726029999877937
0.4700650001723261
0.46838399998705427
1.782404000095994
0.5533070000183216
0.47221399995578395
0.3994340002009267
1.3039199998274853
1.0428120001506613
0.5370660001062788
0.5145350000930193
0.35939100007453817
1.0220209999260987
0.37120100000720413
0.43900600007873436
0.4435809998994955
0.4585140000017418
0.8525759999429283
0.49278500000582426
0.44039299996256887
0.7308819999707339
0.5589169998074794
0.40991199989548477
0.5380959999001789
0.455134000048929
0.40340199984711944
0.44517599985738343
0.4743519998555712
0.7181110001965862
0.38934200006224273
0.37544099996011937
0.47552399996675376
0.8135949999541481
0.4013020000002143
0.33452000002398563
