payload_size_bytes=102400
runs=250
mean_ms=0.538
median_ms=0.441
stddev_ms=0.314
min_ms=0.287
max_ms=2.662
---raw---
0.8958369999163551
0.4760449999139382
0.37878199987062544
0.3767039997910615
0.3840520000721881
0.40399299996352056
0.49428499983150687
0.7367750001776585
1.0160059998725046
0.5830780000906088
0.5377660002068296
0.5365760000586306
0.42800300002454605
0.4184019999229349
0.4113919999326754
0.3855410000142001
0.6485999999767955
0.429532999987714
1.4575339998827985
0.4051720000006753
0.3879209998558508
0.45754300003864046
0.5253960000572988
0.6539500000144471
0.4612870000073599
0.4777149999881658
0.40476200001648976
0.4082719999587425
0.505932999885772
0.6050080000932212
0.5268259999411384
0.698341000088476
0.5879469999854336
0.42550800003482436
1.6023239998048666
0.4797049998614966
0.389582000025257
0.37970200014569855
0.3640209999957733
0.37211200015008217
0.4537560000699159
0.3769109998756903
0.4588439999224647
0.398224000036862
0.46839899982842326
0.4313980000461015
0.5239309998614772
0.45351299991125416
0.4314029999932245
2.162596000061967
0.5543569998280873
1.022279999915554
0.5022350001127052
0.9409809999851859
0.39480899999944086
0.43593399982455594
0.43648299993037654
0.43248299994047557
0.4617239999333833
0.44383399995240325
0.5906379999487399
0.41316700003335427
1.3813909999953466
0.37756100005026383
0.43010700005652325
0.4366229998140625
0.4164630001923797
0.6400419999863516
0.4766039999140048
0.5411419999745704
0.47524499996143277
0.39299200011555513
0.4147079998801928
0.4349629998614546
0.5496219998804008
0.4609640000126092
0.31487999990531534
0.4740550000406074
0.45561399997495755
0.5439870001282543
0.5173960000774969
0.4378930000257242
0.4020829999262787
0.46401899999182206
0.40643700003784033
0.4017550002117787
0.39697400006843964
0.41412299992771295
0.28655300002355943
0.388312000040969
0.5723700000999088
0.4689719999078079
0.4865550001795782
0.425583000151164
0.3937319997930899
0.3907119998984854
0.4378830001314782
1.0029909999502706
0.43997199986733904
0.33801099993979733
0.5011450000438344
0.449873999968986
0.4645440001240786
2.6619909999681113
0.49026499982574023
0.29521900000872847
0.4123119999803748
0.4308930001570843
0.4308940001465089
0.4534429999694112
0.4289230000722455
0.386005999871486
0.30352399994626467
0.48039000012067845
2.384108000114793
0.4944250001699402
0.37654100015060976
0.40957300006994046
0.4137019998324831
0.49546099990038783
0.4127269999116834
0.4359939998721529
0.37074400006531505
0.42805999987649557
0.3877229999034171
0.42783300000337476
0.41324299991174485
0.43222299996159563
0.4614530000708328
0.3874919998452242
0.8603159999438503
0.4341239998666424
0.37945099984426633
0.4246030000558676
0.4407040000842244
0.37660200018763135
0.46851399997649423
0.43176200006200816
0.43133400004080613
0.5931880000389356
1.3829930001065804
0.5229359999248118
0.4156549998697301
0.43393000009928073
0.6881809999867983
0.45329399995353015
0.4668869999022718
0.3577590000531927
1.2949680001383967
0.5601969999133871
0.44698300007439684
0.4336740000780992
1.0530130000461213
0.5644360001042514
0.42054300001836964
0.4550240000753547
0.4532140001174412
0.4409640000631043
0.4487139999582723
0.4056220000165922
0.4909970000426256
0.712919000079637
0.6296290000591398
0.7188419999692996
0.5015650001496397
0.3828810001778038
0.5222659999617463
0.4057370001646632
0.4607989999385609
0.38777700001446647
0.39453699992009206
0.9606390001408727
0.3985020000527584
0.4039729999476549
0.39304400002038165
0.744242999871858
0.4153720001340844
0.6366269999489305
0.4232730000239826
0.2950289999716915
0.43570599996201054
0.44178200005262624
0.41184700012308895
0.3781519999392913
0.4962929999692278
0.40194400003201736
0.457789000165576
0.4471730001114338
0.31659999990552024
0.36422099992705625
0.41434299987486156
0.4047619997891161
0.45866400000704743
0.4129819999434403
0.3593110000110755
0.4477340000903496
0.4032519998418138
1.7126580000876857
0.7009959999777493
0.3267800000230636
0.4478790001485322
0.5289270000048418
0.5248459999620536
0.4899920002117142
0.4321210001307918
0.43600600019999547
0.43404500001997803
0.3466199998456432
0.38480899979731475
0.456353999879866
0.4427940000368835
0.4923050000797957
1.3937700000496989
0.35115000014229736
0.46027399980630435
0.43005300017284753
0.44072300011066545
0.37214199983282015
0.38907199996174313
0.430872999913845
0.42135300009249477
0.448673999926541
1.8048750000616565
0.41340200004924554
0.7362419999026315
0.4159520001394412
0.4310879999138706
0.41795799984356563
0.4137729999911244
0.515895000035016
0.5314559998623736
0.4147619999912422
0.40090299989969935
0.6252489999951649
0.6820009998591559
0.4955150000114372
1.2148600001182785
0.4729519998818432
0.8519969999269961
0.3623709999374114
0.3922419998616533
0.41368199981661746
1.521076000017274
0.5627330001516384
0.4935489998842968
0.46982499998193816
0.5093780000606785
0.7515029999467515
0.46773200006100524
0.4415440000684612
