payload_size_bytes=51200
runs=500
mean_ms=1.260
median_ms=1.154
stddev_ms=0.462
min_ms=0.567
max_ms=4.143
---raw---
1.4647839998360723
2.5053660001503886
2.0273370000722934
1.5682230000493291
1.8819980000444048
1.203345999783778
1.0321909999220225
1.214267000250402
1.9400390001464984
1.1350340000717551
1.2674030003836378
1.169359999948938
1.0602719999042165
1.737503000185825
1.1417169998821919
1.3028160001340439
1.5972490000422113
1.3428209999801766
1.0543750004217145
1.203325999995286
1.1650729998109455
1.1999060002381157
1.639930000237655
1.4219849999790313
1.6813490001368336
1.5052759999889531
2.3713619998488866
1.3085900000078254
1.158706000296661
1.3163789999453002
1.8768119998640032
1.3348879997465701
1.5334929998971347
1.243332999820268
1.0759229999166564
1.4217829998415255
1.2530650001281174
1.1891149997609318
1.0334010003134608
1.0852320001504268
1.1372149997441738
1.0501319998184044
1.528186000086862
2.117214000008971
3.0312819999380736
2.882298000258743
1.349241000298207
1.3568509998549416
1.0715429998526815
1.099492999856011
1.4048230000298645
1.2883300000794407
1.073232999715401
1.0535420001360762
1.2635990001399477
1.5438369996445545
1.6313800001626078
1.9849300001624215
1.9131089998154494
1.3257000000521657
1.2229270000716497
1.5386169998237165
1.5720779997536738
1.2154370001553616
1.4899050001986325
1.2201170002299477
1.1611750001065957
1.271023000299465
1.2678279999818187
1.1811260001195478
1.6496299999744224
1.1491850000311388
1.5789649996804656
4.101333000107843
1.9747900000766094
1.1816850001196144
1.5243959996951162
1.1256839998168289
2.603669000109221
4.143465999732143
2.5295059999734804
1.1317389999021543
1.1284239999440615
2.183281999805331
1.1265240000284393
1.6906319997360697
2.453973999763548
1.4585450003323785
1.941469000030338
1.1049830000047223
2.7824750000036147
1.1944759999096277
2.7832740001940692
1.2111109999750624
1.1567950000426208
1.1282440000286442
0.9581489998709003
1.251757000318321
1.179160999981832
1.1652859998321219
1.0272509998685564
1.5423119998558832
1.1359899999661138
1.0885629999393132
1.1347550002938078
1.3703409999834548
1.5153909998844028
1.6040040000007139
1.2462079998840636
3.6861319999843545
0.9291579999626265
1.1930069999834814
1.1480149996714317
1.0674830000425573
1.2526079999588546
1.182095999865851
1.0498010001356306
2.5734880000527482
2.4478149998685694
1.3455809998959012
1.2067070001648972
2.8360350002003543
1.130284999817377
1.132814999891707
1.243406999947183
1.0791529998641636
1.5161970000008296
1.1044930001844477
1.1160340000060387
1.160835000064253
4.066033000071911
1.1507250001159264
1.096911999866279
1.12431400020796
1.2963189997208246
1.2119220000386122
1.3162459999875864
2.376471999923524
1.4804549996370042
1.1566960001800908
1.1933649998354667
1.202277000174945
1.1709059999702731
1.6889520002223435
1.1554640000213112
1.10572499988848
1.144806999946013
1.3021700001445424
1.287716999740951
1.2172269998700358
1.2877899998784414
1.1531540003488772
1.14442499989309
1.217786999859527
1.3807109999106615
1.2651889996959653
1.0834529998646758
0.9555790002195863
1.4432430002671026
1.307799000187515
1.024312000026839
1.0321230001864024
1.6141700002663129
1.295379000112007
1.2120569999751751
1.2471909999476338
1.3486779998856946
1.0999739997714642
1.0098410002683522
1.03665100004946
1.0466839999025979
1.1349039996275678
1.0024049997809925
1.2483379996410804
1.0869530001400562
1.5015849999144848
1.2384050000946445
1.1694859999806795
1.0002999997595907
0.9554270000080578
1.2794290000783803
1.2916489999952319
1.1887560003742692
1.0434319997330022
0.9872999999060994
1.3351200000215613
1.0874630002035701
1.0270060001857928
1.506574000359251
1.0340039998482098
1.0064260000035574
1.2486880000324163
1.1699860001499474
1.1703870000019378
1.1448520003796148
1.0408309999547782
1.5469570003006083
1.057381999999052
1.1190229997737333
1.10835399982534
1.1560650000319583
1.2040169999636419
0.924098999803391
1.0779920003187726
1.1111839999102813
1.086932999896817
1.1622399997577304
1.9988159997410548
1.0366040000917565
1.0808229999383911
1.1484920000839338
0.9828190000007453
1.013561000036134
1.0338209999645187
0.9548390003146778
1.20352699968862
1.038014000187104
1.283769000110624
1.576742999986891
1.1349050000717398
1.1576759998206398
1.1497790001158137
1.0704920000534912
1.3375059997997596
1.5290410001398413
0.9988300002987671
1.310674999785988
1.5046759999677306
0.9769900002538634
1.036140999985946
1.1146940000799077
1.1079740002060134
1.0815870000442374
1.1434250000093016
1.0881059997700504
1.0651930001586152
1.309697000124288
1.077632999567868
1.0674170002857863
1.4651689998572692
0.8736569998291088
1.5164459996412916
1.190515999951458
1.2496379999902274
0.7728030000180297
0.6503499998871121
0.7319230003304256
0.8572589999857883
1.3618339999084128
1.0189759996137582
2.7121050002278935
0.841026000216516
1.6273669998554396
0.6815010001446353
0.6730000000061409
1.5913880001789948
0.761132999741676
0.8773560002737213
1.193656000396004
0.616227999671537
0.6282989997998811
0.7986249997884443
0.6942410000192467
0.6645700000262877
0.680600000123377
1.227082000241353
1.2990790000912966
1.2650439998651564
0.7196910000857315
1.0480330001882976
1.0087390000990126
0.9997259999181551
0.965588999861211
1.8301710001651372
1.336410000021715
1.3863919998584606
0.9998459995586018
1.1003330000676215
1.0075609998239088
1.0454669995851873
0.811254999916855
0.6860710000182735
0.7708830003139155
1.0390309998911107
0.8974869997473434
1.7031820002557652
0.80517400010649
0.6912909998391115
0.973210000211111
0.7456929997715633
1.0447820000081265
1.3517310003408056
0.6724400000166497
0.6575899997187662
0.6861410001874901
0.9357389999422594
0.8802970000942878
1.0013199998866185
0.6750900001861737
1.8055750001622073
1.0080000001835288
1.0367320001023472
0.673969999752444
0.7932640000944957
0.8055449998209951
1.7315330001110851
0.8603559999755817
1.1564460000954568
0.8919369997784088
1.1244739998801379
0.9649089997765259
1.5599570001540997
0.6407320001926564
0.7097190000422415
0.8066139998845756
1.5423569998347375
1.0856330000024172
0.7723630001237325
0.9948500000973581
0.8274960000562714
1.9427989996074757
0.8093040000858309
1.3443610000649642
0.6534599997394253
0.6628500000260829
0.6876309998915531
0.6150879999040626
0.7689330000175687
0.5672170000252663
0.8433349998995254
0.6584000002476387
1.2846099998569116
0.6454499998653773
1.243296999746235
0.6482799999503186
1.117344999784109
1.4689340000586526
0.8458960001007654
0.9300980000261916
0.6820130001869984
0.7120899999790709
0.6209690000105184
1.614718999917386
0.9866410000540782
0.6001209999340062
0.924985999972705
0.7230019996313786
1.423204000275291
0.8003440002539719
0.6873810002616665
1.1231240000597609
0.7144010000956769
0.6152089999886812
1.3625409997075622
1.2178269998912583
1.2386129997139506
1.7345080000268354
1.3237289999779023
1.2219109999023203
1.5378870002678013
1.2808480000785494
1.2764050002260774
1.761697999882017
2.2076320001360727
1.4992450001045654
1.352383999801532
1.8231030003335036
2.0726840002680547
1.2296969998715213
1.0396259999652102
1.2217120001878357
1.0014499998760584
1.2547679998533567
1.0308609998901375
1.010790999771416
0.9221799996339541
1.1395619999348128
0.9882710000965744
1.3628719998450833
1.1333239999657962
1.3514759998543013
1.1335350000081235
1.0488870002518524
1.4760650001335307
1.2686619998021342
1.2078739996468357
1.2246900000718597
1.1689729999488918
1.8071970002893067
1.5857680000408436
1.066812999852118
1.0219400001005852
1.9288589996904193
1.0825170002135565
1.0491739999451966
1.7942699996638112
1.1207469997316366
1.1739739998120058
1.0328409998692223
1.1349050000717398
1.0498930000721884
1.051609000114695
0.964155000019673
1.1604010001065035
1.0125900003004062
1.3115450001350837
1.0073909998027375
0.960768999902939
1.0712400003285438
0.9779699998944125
1.3514910001504177
1.0710720002862217
1.1276069999439642
1.0467019997122406
1.6533799998796894
1.2504380001701065
1.0415090000606142
1.355781000256684
2.019605999976193
1.4751740000065183
2.0123659996897914
1.2559580000015558
1.2521779999588034
1.5439570001944958
0.930989000153204
1.0829259999809437
1.5830459997232538
1.8130140001630934
1.8801869996423193
1.7545029995744699
2.0257520000086515
1.9027869998353708
1.7728939997141424
2.0327720003479044
1.949618999788072
2.0762940002896357
2.330060000076628
0.9914399997796863
1.0299949999534874
1.5187529998001992
0.9469480000916519
1.0671729996829526
1.1983569997937593
1.0643720002008195
1.0866830002669303
1.089222999780759
1.0204209997937141
1.0467619999872113
0.9610590000193042
1.0895389996221638
1.0021099997175043
1.5333769997596391
1.120752000133507
1.1119099999632454
1.059912000073382
1.0161000000152853
0.9666400001151487
1.4076779998504207
1.1192540000592999
1.0219310001957638
1.0276909997628536
1.0854030001610226
1.5564719997200882
1.183276000119804
0.9509279998383136
1.0187559996666096
0.9961900000234891
1.1289340000075754
1.100421000046481
1.2632860002668167
1.0637119999046263
1.1745060000976082
1.1556680001376662
1.0222810001323523
1.1577550003494252
1.1538580001797527
1.0062880000987207
1.037461000123585
1.5813599998182326
1.2020839999422606
1.5932559999782825
1.061831999777496
1.0626030002640618
1.0181799998463248
1.1363340004209022
0.9742889997141901
1.5770180002618872
1.432587000181229
1.1027210002794163
1.0833930000444525
1.4847649999865098
1.1470469999039778
1.2120370001866831
1.2714389999928244
1.8672189999051625
0.748533000205498
1.0887359999287582
1.428402999863465
1.0555819999353844
1.1322350001137238
