payload_size_bytes=51200
runs=500
mean_ms=1.257
median_ms=1.151
stddev_ms=0.644
min_ms=0.570
max_ms=8.360
---raw---
1.7995449998124968
1.0019610003837442
3.1991669998205907
3.4714749999693595
1.6739329998927133
8.081544000106078
8.35979400017095
1.1520650000420574
1.2684479997915332
1.0520609998820873
1.1470859999462846
1.1847309997392586
1.051065999945422
1.057973000115453
1.0648330003277806
1.2696539997705258
1.0384870001871604
1.1183530000380415
3.5228169999754755
1.0539119998611568
1.9657799998640257
3.5415870001997973
1.0538319997976942
1.888438000150927
1.865986999746383
6.128706999788847
1.3245899999674293
2.6037489997179364
1.2705880003522907
1.9750400001612434
3.668021000066801
2.8791780000574363
1.1298850004095584
1.1458349999884376
3.444415000103618
1.0461609999765642
3.4802949999175326
0.7661829999960901
0.7053110002743779
0.656909999634081
0.6810310001128528
0.6505799997285067
0.6516389998978411
1.127684000039153
0.6047489996490185
0.7813269999132899
0.6447900000239315
0.8266449999609904
2.831873999639356
0.7238819998747203
0.9389390002070286
1.2392670000735961
1.1863760000778711
1.1317639996377693
1.1508649999996123
1.6738710000936408
1.2983689998691261
1.8076139999720908
1.0720430000219494
1.0339709997424507
1.1235840001972974
1.4237629998206103
1.2701189998551854
1.1559350000425184
1.14695499996742
1.2732989998767152
1.715832000172668
1.5247159999489668
1.0451819998706924
1.328660000126547
1.133043999743677
1.0108559999935096
1.2369350001790735
1.0454419998495723
1.2643189998016169
1.3341899998522422
1.229382000019541
1.129721999859612
1.3808989997414756
1.3825250002810208
1.3559979997808114
1.2321780000092986
1.277380999908928
1.1918140003217559
1.4296839999587974
1.1789000000135275
1.5084060000845056
1.0252459996991092
0.9661549997872498
0.914133000151196
1.405712999712705
1.209617000313301
1.5780279995851743
0.6190379999679863
0.7772839999233838
1.4332730002024618
0.9487190000072587
1.3670839998667361
1.1420619998716575
0.7116819997463608
1.5387369999189104
0.987819000329182
0.8979670001281193
0.6678099998680409
0.8504960001118889
1.0906940001405019
1.513415999852441
0.6136179999884916
0.7162409997363284
1.224167000145826
0.731802000245807
0.6261990001803497
1.1842859998978383
1.7518429999654472
0.7416920002469851
0.6637999999838939
1.456144000258064
0.7455330000993854
0.9665600000516861
0.7759729996905662
0.7298119999177288
1.6299190001518582
1.252559000022302
0.7004510002843745
0.6571799999619543
1.1824160001197015
1.0787559999698715
1.2607449998540687
1.3044100001025072
0.8347560001311649
0.7249619998219714
1.4297829998213274
0.997263000044768
0.8038840001063363
0.6451970002672169
0.7161720000112837
0.5885980003768054
1.2674679996962368
0.9735589997035277
0.6060390001039195
0.6008279997331556
0.6427389998862054
0.5704370000785275
0.8540959997844766
1.225057999818091
1.341509999747359
0.6917409996276547
0.61709899955531
0.9783390000848158
0.6721009999637317
1.0275360000377987
2.1521710000342864
1.8034549998446892
1.4814149999438087
1.1879450003107195
2.207287000146607
1.3195500000620086
1.0650020003595273
1.2533080002867791
1.636854000025778
1.1178240001754602
1.1424250001255132
1.1522199997671123
1.2478929997996602
1.205310999921494
1.1271439998381538
1.1023840002053475
1.1374939999768685
1.0476530001142237
1.1935850002373627
1.0588320001261309
1.2069559998053592
1.3105900002301496
1.33963300004325
1.2247490003574057
1.1147189998155227
1.0989230004270212
1.3646610000250803
1.1392480000722571
1.2701209998340346
1.0634320001372544
1.2814240003535815
1.0990430000674678
1.089804000002914
1.2023320000480453
1.2196970001241425
1.1630999997578328
1.1263840001447534
1.0565319998931955
1.1390200002097117
1.2294079997445806
1.1405840000406897
1.230596999903355
2.3696879998169607
1.23346100008348
1.020848000280239
1.2272980002308032
1.1984379998466466
1.0544210003899934
0.9775159996934235
0.9683090001999517
1.297288999921875
1.2863440001638082
1.2787969999408233
1.069390000338899
1.1046660001738928
1.3410189999376598
1.182631000119727
1.0247489999528625
1.116502000058972
0.9931399999913992
1.0383620001448435
1.0800549998748465
1.2728659999083902
1.3628309998239274
1.05871699997806
2.027162000103999
1.0652820001268992
1.1386749997654988
1.1438599999564758
1.1334839996379742
1.727415999994264
1.1927539999305736
1.1326839999128424
1.5943479997986287
1.121293999858608
1.0662320000847103
1.035814999795548
1.3080470002932998
1.0751130002972786
1.0576130002846185
1.0852929999600747
1.1395840001569013
1.2668899998971028
1.7124699998021242
1.3532910002140852
1.2404280000737344
1.1347539998496359
1.1941359998672851
1.23484699997789
1.192026999888185
1.051931999882072
1.060732000041753
1.2671729996327485
1.1809739999080193
1.3421529997685866
0.9712390001368476
1.1438090000410739
1.1553650001587812
1.1421849999351252
1.131070000155887
1.1200439998901857
1.3382859997363994
1.1104689997409878
1.1757130000660254
1.5275239998118195
1.1745169999812788
1.7957760001081624
1.3741100001425366
1.1506249998092244
1.2872090001110337
1.2933889997839287
1.085053000224434
1.1039539999728731
0.9887900000649097
1.098393000120268
1.0771469997052918
1.2171329999546288
1.3485100002981198
1.129040000250825
1.1612920002335159
1.2609569998858206
1.154337999651034
1.2794569997822691
1.3649800002895063
1.2503980001383752
1.669930999923963
1.240636999682465
3.6299109997344203
1.2791819999620202
1.7929119999280374
1.2543679999907908
1.12354700013384
1.1422890001995256
1.3135799999872688
1.2281379999876663
1.1545200000000477
1.1584550002226024
1.6115590001390956
1.2535689998003363
1.3134699997863208
1.429982999979984
1.104933000078745
0.9630690001358744
1.0438320000503154
1.1654859999907785
1.0958439997921232
1.1426050000409305
1.1249340000176744
1.0205509997831541
1.6338790001100278
1.2137399999119225
1.28742200013221
1.2178370002402517
1.0693630001696874
1.1613050000960357
1.2656479998440773
1.1763760003304924
1.2939299999743525
1.2750739997500204
1.2360969999463123
1.301594999858935
1.244662999852153
1.2789880001946585
1.2139770001340366
1.1996970001746377
1.2492680002651468
1.206277000164846
1.321879999977682
1.2742129997604934
1.1537099999259226
1.050327000029938
1.1684700002660975
1.2797419999515114
1.1893430000782246
1.0402919997432036
1.2467890001062187
1.0046309998870129
1.2813029998142156
1.1575319999792555
1.1266219999015448
1.0070799999084556
1.2006619999738177
1.0766820000753796
1.0719970000536705
1.0884749999604537
1.225584999701823
1.099983000131033
1.250346999768226
1.0613419999572216
1.0702029999265505
0.9839389999797277
1.3743520003117737
1.2786880001840473
1.5521529999205086
1.3849609999851964
1.03172099989024
1.2254600001142535
1.0768319998533116
1.2965869996151014
1.2628889999177773
1.3440730003821955
1.2992599999961385
1.3342629999897326
1.2222519999340875
1.1336090001350385
1.1748560000341968
1.1158639999848674
1.275293999697169
1.2673880000875215
1.1388860002625734
1.1401689998820075
1.0662270001375873
1.3235419996817654
1.093924000088009
1.2457779998840124
1.3105070001984132
1.105356000152824
1.12418400021852
1.069540000116831
1.1912859999938519
1.1852789998556545
1.1917639999410312
1.0911140002463071
1.1946560002797924
1.2234069999976782
1.2504679998528445
1.4257030002227111
1.5582180003548274
1.1932560000786907
1.141834000009112
1.0173499999837077
2.1175239999138284
1.1217340002076526
1.1908100000255217
1.3738300003751647
1.141244000336883
1.1862610003845475
1.163271000223176
1.3188220000301953
1.265785999748914
1.7036720000760397
1.886127000034321
1.3635059999614896
2.367676999710966
0.9735100002217223
0.9701990002213279
0.9764599999471102
1.6373299999941082
1.1983720000898757
0.9935100001712271
0.9394680000696098
1.1494939999465714
1.0403060000498954
1.415818000168656
1.1229540000385896
1.448844000151439
1.080962999822077
0.996599999780301
1.063043000158359
0.9991259998969326
1.1950069997510582
0.9821399999054847
0.9357719995932712
0.9003079999274632
1.021320999825548
1.0728709999057173
1.001180999992357
0.9532889998808969
1.0928210003839922
1.032540999858611
1.0503610001251218
1.0471420000612852
0.9684899996500462
1.0594850000416045
1.3363269999899785
0.8942170002228522
0.9108780000133265
0.8130450000862766
1.658700999996654
0.8310750004056899
0.8795480002845579
0.6169190000946401
0.6674090000160504
1.2224570000398671
0.9421600002497144
1.236056999914581
1.134274999913032
0.9370679999847198
1.3909720000810921
1.1910180000995751
0.9940720001395675
1.9017330000679067
1.4690449997942778
0.9847500000432774
1.0593749998406565
1.1135559998365352
1.0466220001035254
1.5948479999678966
1.1265289999755623
0.9729719999995723
0.9533860002193251
0.964403999660135
1.4717950002705038
1.0716980000324838
1.1347760000717244
1.1696040000970243
1.0216809996563825
1.323089999914373
1.044983999690885
1.0122280000359751
1.0678020003069832
1.0283320002599794
2.414366999801132
0.9630790000301204
1.0475359999873035
1.017296000100032
1.183060999665031
1.1097189999418333
1.1789430000135326
1.1320609996801068
1.3172150001992122
1.0776269996313204
1.0446720002619259
1.3023249998695974
0.968020000073011
0.9442840000701835
2.0250309999028104
1.2335000001257868
1.2186039998596243
1.1139839998577372
1.165787999980239
0.993821000065509
1.0925829997177061
1.3455899998007226
1.1785760002567258
1.2028689998260234
1.0856530002456566
1.097227999707684
1.0422070004096895
1.0184509997088753
1.0020409999924595
1.1014990000148828
1.068582000243623
1.1400839998714218
1.3130659999660566
1.1344849999659345
1.0971839997182542
1.1180540000168548
1.2079260000064096
