payload_size_bytes=51200
runs=500
mean_ms=1.293
median_ms=1.155
stddev_ms=0.623
min_ms=0.555
max_ms=7.564
---raw---
1.9044969999413297
1.3631599999825994
1.1010650000571331
0.9802590002436773
2.292039999701956
2.6255200000377954
1.5177060004134546
1.029861000006349
1.2024870002278476
1.1630559997684031
1.4607739999519254
0.9660290002102556
0.9993300000132876
1.0442220000186353
1.0068199999295757
1.0018799998761097
1.153374999830703
1.4990250001574168
0.9770090000529308
1.2560780000967497
1.0829630000444013
1.2709269999504613
3.146435999951791
1.0350520001338737
1.0649430000739812
3.762944999834872
1.1313540003357048
1.0784920000332932
1.266338999812433
1.0916239998550736
2.4848149996614666
1.3025020002714882
2.8781050000361574
1.321850000294944
1.0698719997890294
1.4512440002363292
1.0340409999116673
1.2389579997034161
1.5701870001976204
1.1147640002491244
2.4760650003372575
3.941280999697483
1.0321110003133072
1.1155050001434574
1.4019509999343427
1.3260600003377476
1.1786160002884571
1.171185999737645
1.3039790001130314
2.990281000165851
0.995021000107954
1.0398409999652358
1.237037999999302
1.1567040000954876
1.647901000069396
4.108665000330802
1.1302150001029077
1.1542949996510288
1.039480999679654
2.0940539998264285
1.197067000248353
1.255317999948602
1.0942129997602024
1.243038000211527
1.1431550001361757
1.2802690002899908
3.120065000075556
1.3288300001477182
4.238368999722297
1.2928189999001916
1.1334440000609902
1.071512000180519
1.19828700007929
1.3362350000534207
0.9805849999793281
1.0317709998162172
1.0652119999576826
1.000476000172057
0.9984999996959232
1.187714000025153
1.1947240000154125
1.0832040002242138
1.2394969999149907
1.074302000233729
1.3746649997301574
1.1696850001499115
1.1345930001880333
1.2905089997730101
1.2108359997000662
1.1155090001011558
1.1490150000099675
1.095352999982424
1.1849010002151772
0.9376090001751436
1.197385000068607
1.1927669997930934
1.0796219999065215
0.9994840002036653
1.5687649997744302
1.245169999947393
1.1358169999766687
1.0530869999456627
1.011011000173312
1.1209680001229572
1.04828700023063
1.195342000301025
1.1481449996608717
1.2329370001680218
1.039922000018123
1.1031630001525627
1.3141550002728764
1.1015640002369764
1.2137160001657321
1.027232000069489
1.1374240002623992
1.092923000214796
1.2608090000867378
0.9996809999393008
1.1361599999872851
1.3295749999997497
1.1424550002629985
1.2253069999133004
1.0849959999177372
1.1232219999328663
1.2899889998152503
1.1012790000677342
1.2046339998050826
1.4205140000740357
2.7239490000283695
1.022751000164135
1.170415000160574
1.0989789998347987
1.1467750000520027
3.3345159999953466
1.694811999641388
1.22193699962736
1.042221000261634
1.5951079999467765
1.254208000318613
1.0882229998969706
7.563879999906931
1.2356970000837464
2.4044140000114567
1.971010000033857
1.9539790000635548
1.9321079998917412
1.0533719996601576
2.8445460002330947
1.1907260000043607
1.0905730000558833
1.2813500002266665
2.2606579996136134
3.71587300014653
1.1456649999672663
1.215590999890992
1.2432779999471677
1.189291000173398
2.7992760001325223
1.5327860000979854
1.1804920000031416
0.9974800000236428
1.5817829998923116
1.0405220000393456
2.5692879999041907
1.240402999883372
2.3860020000938675
1.0598519997984113
2.8291100002206804
2.360621999741852
4.064174000177445
1.136503999987326
1.1403240000618098
1.4078730000619544
1.2792679999620304
2.8828380000049947
1.0992630000146164
0.9471190001022478
1.0814930001288303
2.6354199999332195
0.9719690001475101
1.0745829999905254
1.1737559998437064
3.065893999973923
1.583268000103999
0.9956409999176685
1.147563999893464
1.0331509997740795
1.5013850002105755
1.1305650000394962
1.2207820000185166
1.3871720002498478
1.0911980002674682
1.1251289997744607
1.1995659997410257
1.0737029997471836
1.1768160002247896
3.1609400002707844
1.1313739996694494
1.2177369999335497
2.7943400000367546
1.0849130003407481
1.104812999983551
1.2726790000670007
1.0984280002048763
1.1708659999385418
2.690692000214767
1.8125250003322435
1.7398519999005657
5.309789999955683
1.0562229999777628
1.0330610002711182
0.9567890001562773
1.049622000209638
1.0490919999028847
1.8519959999139246
0.996729999769741
0.9909509999488364
1.0218309998890618
1.1527249998835032
1.0822029998962535
1.193091999994067
1.1281590000180586
0.9733249999044347
0.9731400000418944
1.0345619998588518
2.499409999927593
1.1563349999050843
1.1448949999248725
1.0301510001227143
1.0230610000689921
1.1658660000648524
1.2812280001526233
1.123953999922378
1.0395819999757805
1.0853339999812306
0.9891650001918606
0.9575889998814091
1.2276019997443655
1.0170159998779127
1.160859999799868
1.2101070001335756
1.7105520000768593
1.0414609996587387
1.1524450001161313
1.1278049996690243
1.0643030000210274
1.205435999963811
1.2362779998511542
1.2236269999448268
1.4211230000000796
1.1488649997772882
1.0649119999470713
1.50443600023209
1.2814199999411358
1.2120769997636671
1.144535000094038
1.1777660001826007
1.3774619997093396
1.2143570002081105
1.0703769999054202
3.220492999844282
1.5749579997645924
1.0325209996153717
1.0932740001408092
1.0512469998502638
1.1068379999414901
1.1865460000990424
1.0086309998769138
1.0777730003610486
1.4562050000677118
1.1006230001839867
1.0248710000269057
1.0662919999049336
0.9921450000547338
1.0016800001722004
1.0920929998974316
0.9403839999322372
0.977359999978944
1.0739079998529633
0.9506289998171269
0.9330439997938811
1.1356449999766483
1.2192760000289127
1.1243250000916305
1.1462950001259742
1.116422999984934
1.2024560001009377
1.1939969999730238
1.2023459998999897
1.2727990001621947
1.1768160002247896
1.3854830003765528
1.152525000179594
1.085313000203314
1.2421530000210623
1.3533060000554542
1.1667250000755303
1.1449349999566039
1.2772989998666162
1.1414040000090608
1.0716679998949985
1.7100179998124077
1.2196070001664339
1.1815149996436958
1.0432320000290929
1.198756000121648
1.264027999695827
1.1885660001098586
1.2674489998971694
1.2118569998165185
1.2193170000500686
1.1597360003179347
1.160294999863254
1.1285390000921325
1.1081179995926504
1.6664710001350613
0.7726440003352764
1.7255819998354127
0.8061349999479717
0.7765330001348048
1.6924610004025453
0.8059070000854263
1.4535219997924287
0.8824870001262752
0.7336819999181898
0.772604000303545
1.2157090000073367
0.9096180001506582
0.6391470001290145
0.6728910002493649
0.7067409997034702
0.717532000180654
0.7051510001474526
0.8832070002426917
0.7592830002067785
0.6393099997694662
0.9179779999612947
0.9462910002184799
1.068229999873438
1.230868000220653
1.9937799997933325
1.2358669996501703
1.2142969999331399
1.097212999866315
1.0213609998572792
1.1138340000798053
0.9990100002141844
1.1403650000829657
1.1227189997953246
1.033902000017406
1.081588000033662
1.2127670001973456
1.030380999964109
1.2624430000869324
1.212886000303115
1.2565729998641473
1.0472620001564792
1.351820999843767
1.0436120001031668
1.2092270003449812
1.1259339999014628
1.100984000004246
1.125163999859069
1.1619060001066828
1.1484849997032143
1.5411569997922925
1.167281000107323
1.2277069999981904
1.1815899997600354
1.4428839999709453
1.1682499998642015
1.3731209996876714
1.202761000058672
1.092459000119561
1.5575569996144623
1.1655289999907836
1.1882419998983096
1.2761939997290028
1.7934649999915564
1.3251209998088598
1.140674999987823
1.1736250003195892
1.6180999996322498
1.2778179998349515
1.2293370000406867
1.1950460002481123
1.6974269997263036
1.2393269998938194
1.3796610001008958
1.2642839997170086
1.2554780000755272
1.7730129998199118
1.3142309999238933
1.072342000043136
1.2051319999955012
1.2783900001522852
1.2162220000391244
1.0580220000520058
1.3255399999252404
1.8765720001283626
1.1941610000576475
1.1404850001781597
1.0924539997176907
1.2008359999526874
1.2042670000482758
1.231102000019746
1.1470549998193746
1.8695419998948637
1.184616000045935
1.1312139999972715
1.5834679998079082
1.277008999750251
1.1956769999414973
1.2011409999104217
1.7289779998463928
1.075401999969472
1.2945700000273064
1.1514649995660875
1.2953290001860296
1.112594000005629
1.2793889995919017
1.1839059998237644
1.2231919999976526
1.3668659998984367
1.1175630002071557
1.147885000136739
1.6682109999237582
1.2432479998096824
1.306248999753734
1.2219969999023306
1.8511960001887928
1.2734689998978865
1.2574070001392101
1.1041630000363511
1.3154359999134613
1.2451279999368126
1.0598470003060356
1.013041000078374
1.1078040001848422
1.1488549998830422
1.1708199999702629
1.1521510000420676
1.3344700000743615
1.0412709998490755
1.472254999953293
1.1155540000800102
1.0546720000093046
0.6380489999173733
0.9781589997146511
0.6631210003433807
1.7767429999366868
0.7128720003493072
1.2313980000726588
0.7093170002008264
0.6304140001702763
0.8756160000302771
0.9458089998588548
0.6512989998554986
0.7748839998384938
0.8209150000766385
0.588857999900938
0.6519900002786017
0.7617630003551312
1.2286370001675095
0.7189220000327623
0.7457930000782653
0.6627100001423969
0.6702010000481096
0.739321999844833
1.7513390002932283
0.671056000101089
0.8495309998579614
1.2242619995959103
0.6901410001773911
0.5554069998652267
0.8615560000180267
1.0562319998825842
0.9679619997768896
0.8712039998499677
0.6446900001719769
1.3521310002033715
0.776843000039662
0.7538730001215299
1.5141060002861195
0.6556789999194734
0.7751140001346357
0.7238429998324136
1.4564540001629211
0.7400529998449201
0.5851979999533796
1.453244000003906
1.2254780003786436
0.6182880001688318
0.9383790002175374
0.6822709997322818
0.7391719996121537
0.96969900005206
0.7616530001541832
0.6625790001635323
0.6214189997990616
