Messages/sec=82.55
duration_sec=60.010
payload_size_bytes=1048576
total_messages=4954
payload_throughput_MiB_sec=82.55
mean_rtt_ms=9.956
median_rtt_ms=10.098
stddev_ms=1.055
min_ms=7.223
max_ms=24.941
---raw_latencies_ms---
15.297495000595518
11.36145399959787
13.051507999989553
9.846508999544312
19.919655000194325
20.63050699962332
17.755744000169216
21.193562999542337
23.025208999570168
19.598555000811757
15.70209699912084
8.821148000606627
9.130187999289774
8.938231000684027
8.467437000035716
9.538060000522819
9.235752000677167
8.855957999912789
8.772707000389346
8.436436000010872
8.617342000434292
8.940591000282438
8.34551299976738
9.293072000218672
8.743735999814817
14.816639000855503
8.48768800005928
8.862218999638571
8.926022000196099
16.030886999942595
8.870988999660767
8.238049999818031
8.6376620001829
9.035914999913075
8.803197999441181
8.895169999959762
8.837168000354723
8.550280000235944
8.329231999596232
9.386015000018233
8.465077999971982
8.215890000428772
8.543818999896757
8.94804200015642
8.057965000261902
9.54301999991003
9.409396000592096
8.56060099977185
8.769525999923644
8.314082999277161
8.293591999972705
8.812707999823033
8.484136999868497
8.451427000181866
8.63431300058437
8.612652000010712
8.584860000155459
8.576381000239053
8.376314000088314
8.314312000038626
8.839877999889723
8.750166000027093
8.326982999278698
8.926440999857732
8.856449000631983
8.362804000171309
8.292852000522544
9.123136999733106
8.947471999817935
9.547610000481654
8.389554000132193
8.28207199992903
8.828727999571129
8.779515999776777
8.941201999732584
9.038213999701838
8.921991000534035
8.633792999717116
7.860368999899947
8.802157999525662
8.775925999543688
8.767647000240686
8.482518000164418
8.953591999670607
8.617202000095858
8.505138000145962
9.5815409995339
20.725151999613445
8.77141599994502
8.883169999535312
8.31543300046178
8.42675900003087
8.472665000226698
8.707764000064344
8.032845000343514
9.113967000303091
8.43693600018014
9.323462999418552
8.800116999736929
8.779155999945942
8.090536000054271
8.710834000339673
8.44450600015989
9.08032600000297
8.915401000194834
8.376894999855722
8.187258999896585
9.001123999951233
8.728085000257124
10.758017000625841
8.85283800016623
9.055955000803806
8.250241000496317
8.161097999618505
8.15290799982904
8.645172999422357
8.25882100070885
8.288944000014453
8.457446999273088
8.451536999928067
8.396154999900318
9.28528200074652
8.370654000827926
8.468347000416543
9.037075000378536
8.606182000221452
8.526949000042805
8.627682000224013
8.601601000009396
9.109836999414256
8.518898000147601
8.38245500017365
8.497417999933532
8.424846000707475
8.459266999125248
8.644803000606771
8.299361999888788
8.588941000198247
8.527809000042907
8.983933000308753
8.815047999632952
8.079504999841447
8.6175420001382
8.183818999896175
8.145907999278279
8.686994000527193
8.339773000443529
8.64103299954877
8.86965900008363
8.573119999709888
8.184518000234675
8.274471000731864
8.412465000219527
8.806337999885727
8.347564000359853
8.335472999533522
8.272181999927852
9.314226000242343
9.712294999189908
9.363434000078996
8.589919999394624
9.120518000599986
8.480966999741213
8.899720999579586
8.980892999716161
8.595011000579689
8.836437999889313
9.127378000812314
8.943281000028946
9.763857000507414
9.748706000209495
9.331024999482906
8.966084999883606
8.626001999800792
9.292605000155163
8.918358999835618
9.696824000457127
8.632582000245748
9.145067999270395
8.522578000338399
9.722126000269782
8.895109999684792
8.763226000155555
9.347922999950242
9.045714999956544
8.904000999791606
9.413365999535017
8.504018999701657
7.304712000404834
8.800807000625355
8.610282000518055
8.413064999331255
8.597871000347368
8.807338000224263
8.456507000119018
8.435175999693456
8.765767000113556
7.805227000062587
8.455356000013126
8.403026000451064
8.032734000153141
9.794778000468796
8.704154000042763
8.30947299982654
8.391785000640084
9.450656999433704
8.61962199996924
8.524408000084804
8.24841999929049
8.169527999598358
9.009614000206057
8.507587999702082
8.268591999694763
8.144106999679934
8.577880999837362
9.15520899980038
10.095507000187354
9.783677000086755
9.242741999514692
10.34014400011074
9.427526000763464
9.674093000285211
9.897180000734807
9.7109440002896
9.740755999700923
9.984543999962625
10.002603999964776
9.663793999607151
11.696198000208824
10.144898999897123
10.47853800082521
10.656753999683133
10.120566999830771
11.389505999432004
10.984902999553015
10.887284000091313
11.243015000218293
10.780596999211411
10.339954000301077
10.46150900037901
11.610173000008217
10.932010999567865
11.061896999308374
10.58309099971666
10.405106000689557
10.402935999991314
10.429025999656005
10.172029000386829
10.080655999445298
10.857469999791647
9.9298719997023
10.62668200029293
9.61761199960165
10.369145000368007
10.327353999855404
11.635782999292132
10.799837999911688
11.15954899978533
10.390364999693702
10.412245999759762
10.00701399971149
10.128558999895176
10.414775999379344
10.08476500010147
11.100646999693708
10.537070999816933
10.257752000143228
10.901140999521886
9.464677999858395
10.535080000408925
12.709855999673891
9.439337000003434
9.615711999686027
11.232111000026634
9.941923000042152
11.47874900016177
9.756886000104714
10.203732999798376
10.526439999921422
10.685623999961535
10.10360700001911
9.518789000139805
10.252521999973396
10.790856999847165
9.411315999386716
10.611261999656563
10.881819999667641
10.71754599979613
9.519458999420749
10.76572700003453
10.365365999859932
11.299224000140384
14.252652999857673
10.20700999924884
10.284811999554222
10.995294000167632
10.757877000287408
11.006623999492149
10.665043999324553
10.29987199945026
11.190780000106315
10.571290999905614
10.35708400013391
10.91396099945996
10.368444999585336
11.109568000392755
10.499719000108598
10.600601000078314
10.219850999419577
9.970202999284083
11.10035700003209
10.002584999710962
10.082935999889742
10.720215999754146
10.26191100027063
11.134488000607234
9.801207999771577
9.764745999746083
9.911400999953912
9.988954000618833
10.437837000608852
10.815988000103971
11.042674999771407
10.065825999845401
10.138899000594392
10.095047000504564
10.027686999819707
10.126254000169865
10.967182000058529
10.535970000091766
11.00700400002097
10.508019000553759
10.516769999412645
10.559671000009985
9.713485000247601
9.624362999602454
10.253790999740886
10.863290000088455
10.662894000233791
9.287632000450685
10.790668000481674
9.320543000285397
9.922860999722616
9.399085000040941
10.340843999983917
11.054565999984334
10.284572999808006
10.87680000000546
11.39244600017264
10.47396900048625
11.641733000033128
9.354503999929875
9.4820879994586
9.415305999937118
9.196969000186073
9.457447999920987
10.341614000026311
9.538749999592255
9.591191999788862
9.533669000120426
9.736945999975433
10.144357999706699
10.37644600000931
10.330763999263581
9.76536699999997
10.867439999856288
9.390454999447684
10.468049000337487
9.679904999757127
10.763556000711105
10.305071999937354
9.445987000617606
9.57070999993448
9.92528200004017
10.250361000544217
10.271731999637268
10.8546400006162
10.093126999890956
10.104356999363517
10.680104999664763
10.10339699951146
10.085865999826638
9.894323000480654
10.1391580001291
9.947092000402336
10.577852000096755
10.798547999911534
11.070425999605504
11.29547399978037
10.707944999921892
10.55514099971333
10.811969000315003
10.289642999850912
10.18723799916188
10.288831999787362
11.069795999901544
10.011303000283078
10.327232999770786
9.344054000393953
9.861470000032568
9.693284000604763
11.429505999331013
11.681318000228202
9.330762999525177
9.108786000069813
10.074585999973351
10.658182999577548
10.055206000288308
11.96632299979683
10.105725999892456
10.905690999607032
10.929454999313748
11.127318000035302
10.501968999960809
10.258850999889546
10.597154000606679
10.283362999871315
10.495878999790875
10.792877999847406
10.360964000028616
10.263281999868923
10.19787999939581
10.358894000091823
9.886279999591352
10.291112000231806
10.3919359999054
10.09704599982797
9.700605000034557
10.183489000155532
9.456086999307445
9.650173000409268
9.54574000024877
9.615912000299431
10.313122999832558
10.450238000885292
9.987423999518796
9.923371000695624
9.793967000405246
10.023634000390302
11.585272000047553
10.883023000133107
11.435707000600814
10.51876000019547
11.026915000002191
11.060165999879246
11.062877999393095
10.587621000013314
10.522898999624886
12.81130999996094
10.65150399972481
10.586861999399844
10.128027000064321
10.027404000538809
9.948152000106347
9.92077099999733
10.418507999929716
10.645084000316274
11.119976999907522
12.259232999895175
10.438526999678288
11.025284999959695
12.498019999839016
9.526999000627256
10.268031999657978
9.98887400055537
9.836179000558332
9.857199000180117
10.38387500011595
9.86119899971527
11.888070999702904
10.385055000369903
10.966773999825818
10.224661000393098
10.540749999563559
10.931541999525507
10.257572999762488
10.2659220001442
11.083546000008937
10.066415999972378
10.212918999968679
10.011034999479307
10.739554999418033
10.39543600018078
10.803819000102521
10.57470099931379
9.63587199930771
9.76451599944994
10.934142000223801
11.060986000302364
10.825537999153312
10.571210999842151
10.103675000209478
9.281133000513364
9.42411699998047
9.948881000127585
10.950163000416069
10.208229999989271
10.255391999635322
10.370865000368212
10.143868000341172
10.081286000058753
10.462827000083053
9.632651999709196
10.017114000220317
9.95491200046672
10.17113999932917
10.929051999482908
10.554839999713295
9.720635000121547
9.567840000272554
10.15442800053279
10.556420999819238
10.210219000327925
10.481387999789149
10.584461000689771
10.165327999857254
10.422386999380251
10.349895000217657
10.707266000281379
10.39179800045531
10.881001999223372
10.323902999516577
11.12368800022523
10.493348999261798
9.765548999894236
10.817777999363898
10.263722999297897
10.137457999917387
9.588130999873101
9.104075000323064
9.639392999815755
9.268531000088842
9.183400999972946
10.155555999517674
10.065956999824266
10.781766999571119
9.663474000262795
9.989452999434434
10.175358999731543
9.963273999346711
10.653392999302014
8.838919000481837
10.742565999862563
10.146378000172263
9.841709000284027
9.384584999679646
10.421267000310763
9.754575999977533
10.092256999996607
9.808897000766592
9.21939999989263
9.835758999543032
10.594242000479426
9.693664999758766
9.862619000159611
10.311023000213027
10.573790999842458
10.47277900033805
10.890591000134009
10.588742000436469
9.958172000551713
10.95197199992981
10.147517999939737
11.146767999889562
10.67222399979073
10.545521000494773
10.68494399987685
10.890632000155165
10.692344999370107
9.568209999997634
10.324383000806847
10.417387000416056
9.991023000111454
10.509699000067485
10.096336000060546
10.727494999628107
10.435486000460514
11.808068999926036
12.012975000288861
10.244111000247358
10.840918999747373
10.933202000160236
10.81777899980807
11.048555999877863
10.369614999945043
10.538479999922856
10.184169000240217
11.098596999545407
10.812098000315018
11.441757999818947
11.005263999322779
11.725157000000763
10.279801999786287
10.694424999201146
10.813228999722924
10.91209100013657
10.805748000166204
11.477848000140511
10.624684000504203
10.494039000150224
10.87424999968789
10.18238999949972
10.172557999794662
9.666623000157415
10.272883000652655
10.488798999176652
9.950391999154817
10.115188000781927
10.540360000049986
11.193770000318182
10.80716799970105
10.287242000231345
10.841239999535901
11.085237000770576
10.44835700031399
9.828597999330668
9.90918099978444
10.758537000583601
10.381824999967648
10.413816000436782
9.992713000428921
10.789346999445115
10.36216600004991
10.391035999418818
10.335582999687176
10.475308000422956
10.633232999680331
10.7769959995494
10.557851000157825
10.23137999982282
10.834649000571517
10.323104000235617
10.793878000185941
10.111288000189234
9.741945999849122
10.155388000384846
9.866110000075423
11.057384999730857
10.874149999835936
11.69719600056851
10.781859999951848
10.309274000064761
9.997234000366007
9.733146000144188
9.36454499969841
9.801199000321503
8.841167999889876
9.535849999338097
10.499618999347149
10.512950999327586
10.367976000452472
11.119587000393949
10.309602999768686
10.233941000478808
10.374694999882195
11.053616000026523
10.09444600003917
11.012303999450523
10.580731000118249
10.42818600035389
10.66454400006478
9.935460999258794
9.885020000183431
9.266932000173256
9.835999000642914
9.877708999738388
9.984253999391512
9.922874000039883
11.065466000218294
9.645153000747086
10.0122840003678
10.262951000186149
10.081126000841323
10.526330000175221
11.193889999958628
10.425317000226642
10.59572099984507
10.325133999685931
11.027464000108012
10.806989000229805
10.793946999910986
10.530690000450704
9.583820999978343
9.401825000168174
9.683774000222911
9.07028499932494
9.294683000007353
10.61712200043985
10.291012000379851
10.113798000020324
10.58778100014024
10.843699999895762
10.324283999580075
10.603912000078708
11.142409000058251
10.749996999948053
10.028413999862096
10.729196999818669
9.753366000040842
9.714315000564966
9.516768999674241
9.88207099999272
9.977411999898322
11.62929299971438
10.350573000323493
10.41267699929449
9.737256000335037
10.480249000465847
10.413447000246379
10.91156099937507
10.416637000162154
10.575780000181112
10.545500000262109
12.730117000501195
10.214660999736225
10.096335999151052
9.97359399934794
9.96845299960114
10.180758999922546
10.489158999916981
10.609842000121716
9.6120919997702
10.15239800017298
11.238751999371743
10.702583999773196
10.101277000103437
9.763387000020884
10.498108999854594
10.525200000301993
10.727016000600997
11.835518999760097
10.805137999341241
10.258102000079816
10.61332399967796
10.445136999805982
11.357854999914707
10.186890000113635
9.981423000681389
10.144087999833573
9.759666999343608
10.958942999423016
9.679894999862881
9.510048999800347
10.098126999764645
9.816068000873202
10.376335999353614
11.113346999991336
11.01556400044501
10.373684999649413
10.700915000597888
10.70255500053463
10.63006200001837
10.472657999343937
9.952152000550996
10.962042999381083
10.97959299931972
10.121946999788634
10.73768599962932
10.77528799942229
10.392764999778592
10.984546000145201
11.381306000657787
11.410126999180648
10.694825000427954
10.874210000110907
10.967762999825936
10.702953999498277
10.652852999555762
9.986493999349477
10.441187000651553
10.68779499928496
10.605892000057793
12.916773000142712
11.182119000295643
11.018285999853106
10.455527999511105
10.023353999713436
10.55447999988246
9.72950600043987
10.066296000331931
9.714375000839937
10.073226000713476
11.875861000589794
11.43926700024167
10.235630000352103
9.850178999840864
8.99940300041635
10.273752000102832
9.842061000199465
9.371905000080005
9.96609300000273
9.828688000197872
10.172830000556132
9.920401999806927
10.57650199982163
10.54633100011415
10.709325999414432
10.770126999886998
10.558278999269533
10.684154999580642
10.835138999937044
10.221580000688846
10.832479000782769
10.19832900055917
11.243592000028002
11.048604999814415
10.942752000119071
10.668762999557657
10.40721599929384
10.83936899976834
10.193258999606769
10.375084999395767
10.906342999987828
10.628562999954738
10.180770000260964
9.66261299981852
10.863630000130797
10.783206999803951
11.05793500028085
9.598032000212697
9.267191000617458
9.605472000657755
9.439495999686187
9.653135000007751
10.81942800010438
10.269962000165833
9.674592999544984
10.990762999426806
10.11132700023154
9.625763000258303
10.48244799949316
10.278992999701586
11.177069000041229
10.911911000221153
10.21079899965116
9.859879000032379
10.05834599982336
10.39829599994846
9.423905999938142
9.641472999646794
9.813208000196028
10.727075999966473
10.865649999686866
10.275514000568364
10.70385500042903
9.784406000107992
10.562880999714253
11.266081999565358
10.289002000718028
10.412405999886687
10.777876999782166
9.789478000129748
10.161418999814487
10.676543999579735
10.27126099961606
10.311823999472836
10.79674700031319
11.14303799931804
10.094575999573863
11.39568600046914
10.649462999936077
11.080027000389236
11.235891000069387
10.387475000243285
10.46431000031589
10.790977999931783
10.738105999735126
10.152648000257614
10.293352999724448
10.472758000105387
11.368135000338953
11.6296339992914
9.799638000004052
10.012314999585215
9.800917000575282
10.638572999596363
10.59446100043715
10.199358999670949
9.998275000725698
9.845528999903763
10.153858000194305
9.974683000109508
9.266981000109809
9.855890999460826
10.527039999942644
10.562980999566207
11.706444999617815
10.03946399941924
10.558039999523317
11.350565000611823
11.260711999966588
9.572700000717305
9.0705259999595
9.953853000297386
10.45933800014609
10.974443000122847
9.679453999524412
11.276442000053066
19.516733000273234
9.627751999687462
10.180590000345546
10.102306999215216
11.07359700017696
10.416725999675691
10.922241999651305
10.034814999926311
10.562000999925658
10.602282000036212
10.32130400017195
11.02405399979034
9.683244000370905
10.150668000278529
9.778107000784075
10.271561999616097
9.936172000379884
11.156369000673294
10.739997000200674
10.409836999315303
10.183358999711345
11.06442599939328
11.118987999907404
10.194430000410648
10.577340999589069
11.823540000477806
10.696254999857047
10.17161900017527
9.742055999595323
9.754476999660255
9.626332999687293
10.136727999451978
10.811518999616965
10.136848000001919
9.959391999473155
10.922761000074388
10.399056000096607
11.727196000720141
10.233661000711436
10.727474999839615
10.356845000387693
9.933991999787395
9.787996999875759
9.583130999999412
9.947741999894788
10.3315839996867
10.111366999808524
9.763416000168945
10.227621000012732
11.26551500055939
10.559170999840717
10.398316000646446
10.26383199950942
10.440457000186143
10.077675999127678
10.407566000139923
9.857039999587869
10.260520999509026
10.542090999479115
9.894672999507748
9.158357999695
10.091107000334887
9.80880800034356
10.818828999617836
9.879171000648057
10.25320099961391
10.527440000259958
10.903940000389412
10.81538900052692
9.298463000050106
9.998303999964264
10.152477999326948
9.990722999646096
10.92341099956684
10.734826000771136
10.323663000235683
11.320872999931453
9.623981000004278
10.34749400059809
10.050025999589707
9.929080999427242
10.110876999533502
10.004163999838056
10.86875999953918
9.599271999832126
10.426937000374892
11.032746000637417
10.604132000480604
10.733377000178734
10.33880299928569
10.469498000020394
10.851249000552343
9.709224999824073
10.682784999517025
10.875930000111111
10.041216999525204
9.539210999719216
9.613832000468392
11.185499000021082
10.704395000175282
10.014093999416218
9.434337000129744
10.400875999948767
10.442245999911393
10.370625000177824
9.934360999977798
11.064775999329868
10.617742000249564
11.37972600008652
10.09250599963707
10.190630000579404
10.635243000251648
10.188588999881176
11.227701000279922
10.496287999558263
10.270212000250467
10.480788000677421
10.128167000402755
10.636113000145997
10.32803399994009
10.486938999747508
10.148348999791779
10.754117000033148
10.781117999613343
9.973112999432487
9.62131199958094
9.474798000155715
9.727386000122351
10.048854999695322
10.532940000302915
9.389654999722552
10.090856999340758
9.626592000131495
10.843652000403381
9.782256999642414
10.05808599984448
9.94912199985265
10.265602000799845
9.596202000466292
10.102606999680575
10.01923399962834
11.052234999624488
10.16874899960385
9.386036000250897
11.033615000087593
9.56966099965939
9.452377000343404
9.333494000202336
8.605192000686657
9.409736000634439
9.255081000446808
9.747756000251684
9.776816999874427
9.95121200048743
10.361745000409428
9.956621999663184
9.2264900004011
9.63183299973025
9.902620000502793
9.282162000090466
9.56929099993431
10.057694999886735
9.655392999775358
9.79262800046854
10.288671999660437
10.28670300001977
11.12783899952774
10.30118400012725
10.86355999996158
10.352074000365974
10.284912999850349
8.897579999938898
9.504687999651651
9.975031999601924
9.754097000040929
10.388335999778064
9.908361000270816
9.919660999912594
10.550930999670527
10.076965999360255
10.590681999929075
9.896790999846417
10.182150000218826
10.854328999812424
10.71997500002908
10.239903000183403
9.371355000439507
9.602531999917119
10.163478999857034
10.180309000134002
10.931591999906232
9.411925999302184
9.3192940003064
10.772428000564105
10.550191000220366
10.124827999788977
9.602101999917068
9.7229460006929
10.819028999321745
10.851428999558266
10.44135699976323
10.39386599950376
10.462416999871493
10.806678000335523
11.15000899972074
10.27748199976486
9.832699000071443
10.226370999589562
9.852789000433404
9.566251000251214
9.293942999647697
10.23840099969675
9.417606000170053
10.657654000169714
10.481067999535298
10.477697999704105
10.539890000472951
10.41413700022531
10.51495000046998
10.556481999628886
10.36612600000808
10.62931300020864
9.728674999678333
10.191749999648891
9.826889000578376
10.693435000575846
10.044106000350439
10.461748000125226
10.156958000152372
11.392974999580474
9.638012999857892
10.78298700031155
9.925092000230507
10.231630999442132
10.980003999975452
10.573821999969368
10.335953999856429
12.257462999514246
11.520773000484041
11.33577500058891
10.659992999535461
10.069945999930496
9.357103999718674
10.619082000630442
10.20905000041239
10.585660999822721
9.59343100021215
11.092536999967706
9.897721000015736
10.25860199933959
10.039615000096092
10.114706000422302
10.370885999691382
10.70130500011146
10.734036000030756
10.674635000214039
10.61720300003799
10.795158999826526
10.244971999782138
9.138530000200262
9.628132000216283
11.382315999981074
9.304773000621935
9.328544000709371
10.582621000139625
10.104076999596145
10.217459999694256
10.49503900048876
11.494899000354053
10.3267650001726
9.774726999239647
10.476317999746243
10.308072999578144
10.672133000298345
10.158319000765914
10.484379000445188
10.210800000095333
10.523729999476927
10.006823999901826
10.91741100026411
10.16267799968773
10.772517000077642
10.082106000481872
11.272962000475673
10.551411000051303
10.85577999947418
11.54464100000041
9.379093999996257
9.46464000026026
9.9221310001667
10.454480000589683
11.896621000232699
10.87710999945557
10.08146599997417
9.972503000426514
10.848890000488609
9.96503200076404
10.403646999293414
10.51573000040662
10.984093999468314
9.761446000084106
10.254910999719868
10.0469549997797
10.115797000253224
10.763166999822715
11.298473999886482
9.92971200048487
9.738435999679496
10.118307000084314
11.373207999895385
10.637162999955763
10.09198599967931
9.750176000125066
10.031255000285455
9.831798999584862
10.632833000272512
10.566701000243484
10.276801999680174
9.426405999874987
10.845320000044012
10.021234000305412
9.281261999603885
10.106116999850201
10.54132999979629
10.228090999589767
9.990952999942238
10.400286000731285
9.574220000104106
10.664894000001368
9.864179999567568
9.48747800066485
10.69589399958204
10.103646999596094
10.311534000720712
9.99898400004895
10.491729000023042
10.111107000739139
9.773527000106697
10.369795000769955
10.406147000139754
9.523489999992307
10.211189999608905
9.748176000357489
10.605511999528972
9.688343999187055
10.420695999528107
10.74887699996907
9.967232999770204
10.397215000011784
10.451567000018258
10.000723999837646
9.996412999498716
9.44868700025836
9.79207700038387
9.689715000604338
9.9318120001044
10.63731399972312
10.02569400043285
10.795617999974638
10.399355999652471
10.348353999688698
11.208310999791138
10.923171999820624
11.239211999964027
10.344895000343968
9.895000999676995
10.201389999565436
9.794479999982286
9.489778999522969
9.759736999512825
9.538360000078683
9.714365999570873
9.726614999635785
9.800527999686892
9.664633999818761
9.214409999913187
10.128348000762344
10.60260299982474
10.769628000161902
9.483648000241374
10.110607000569871
11.087666000094032
9.897050999825296
9.91248100035591
9.693203999631805
10.055786000521039
10.273562000293168
10.3977759999907
10.508022999601963
10.154978999707964
9.911150999869278
10.368750000452565
10.190688999500708
11.23663199996372
10.85996000074374
9.793066999918665
10.991297000146005
10.562710999693081
9.422655999514973
9.440367999559385
10.400006999589095
10.187698999288841
9.266601000490482
10.004553999351629
9.780907000276784
10.698014999434236
10.477078999429068
10.680639000383962
9.218989999681071
10.16629900004773
9.74692599993432
9.719106000375177
9.855068999968353
9.791507000045385
10.691784999835363
11.459749000096053
10.347812999498274
11.169548999532708
11.324495999360806
10.629002999849035
10.011964000113949
10.124997999810148
10.597991999929945
9.956933000466961
9.859458999926574
11.162978999891493
10.577000999546726
11.535349999576283
9.680993000074523
10.273042000335408
10.051465000287862
10.586741999759397
10.766628000055789
10.513240000364021
10.464148000210116
11.101477000011073
10.286262000590796
9.886649999316433
9.88771100037411
10.27099100065243
9.531518999210675
9.257851000256778
10.255721999783418
9.511459000350442
9.993783000027179
10.690554000575503
10.238510999442951
10.89868100007152
10.56528199933382
10.598451000078057
10.814788000061526
11.065315999985614
12.118918000851409
10.645753999597218
9.763957000359369
10.299622000275122
10.37448500028404
9.92158200006088
10.247350999634364
10.188140000536805
10.280151000188198
10.854189999918162
9.56629000029352
9.839248999924166
10.004974000366929
10.34546400023828
10.365335000642517
11.702755000442266
10.622972999954072
9.751756000696332
9.767896999619552
9.869350000371924
10.929002000011678
10.312122999494022
10.238490000119782
10.358774999986053
11.790898000072048
9.845169000072929
9.989453000343929
9.50977899992722
10.30902300044545
11.187279000296257
10.35869499992259
9.678162999989581
10.421386000416533
10.101177000251482
9.895981999761716
10.951471999760543
10.407895999378525
11.700026000653452
10.497758999918005
10.971683000207122
10.547021000093082
10.44632699995418
11.015684000085457
10.725354999522096
10.601771999972698
10.303973000191036
9.870358999251039
9.872720999737794
10.103446999892185
10.410607000267191
9.30997299929004
9.863369000413513
9.642422999604605
10.32375399972807
9.853520000433491
10.066384999845468
11.297662999822933
11.31359299961332
11.100837000412866
10.314901999663562
9.749205999469268
10.836119000487088
10.050765999949363
10.378214999946067
10.664094000276236
9.770846000719757
8.837029000460461
9.305541999310663
10.100047000378254
9.276630999920599
10.142058999917936
10.08545199965738
9.23237999995763
9.51362900013919
9.49651900009485
10.226690999843413
9.45139699979336
9.234219999598281
9.52597000014066
9.509049999905983
9.83883800017793
9.953853000297386
10.038675000032526
10.85052899998118
10.644064000189246
10.267411999848264
10.07499600018491
10.953093000352965
10.753806999673543
10.748706000413222
10.850141000446456
9.215949000463297
9.861679000096046
9.137017999819363
10.129317000064475
9.613742000510683
10.145838999960688
11.362336000274809
10.243540999908873
10.223291000329482
10.363835000134713
10.193889000220224
10.402744999737479
10.396326000773115
10.070475000247825
9.680653999566857
9.309083000516694
9.812371000407438
9.171828999569698
10.120028000528691
9.700343999611505
10.7234460001564
9.4009049998931
10.374456000135979
10.331313999813574
10.847599000044283
9.9356020000414
10.776518000056967
10.337794000406575
10.63390299987077
11.134297999888076
11.523289999786357
10.785637000481074
10.481108000021777
10.576370999842766
10.140897999917797
10.077205999550642
11.330813999848033
9.497368999291211
10.237251999569708
10.247270000036224
11.144529000375769
11.118647000330384
10.743316999651142
10.65090300016891
11.092796999946586
10.513479000110237
10.796238000693847
10.80778800042026
10.60029200016288
10.41837599950668
10.009333999732917
10.530769000069995
10.713656999541854
11.237880999942718
10.434826999698998
9.459947999857832
10.23058100054186
9.895731000142405
10.659522999958426
9.965772999748879
10.484788999747252
10.1221170007193
10.773867999887443
10.970643000291602
11.019198000212782
10.158949000469875
10.606861999804096
10.685014000046067
10.388965999482025
10.413566000352148
9.993293999286834
10.373944999628293
10.889381000197318
10.437038999953074
10.88873099979537
10.145498999918345
10.23890200031019
10.817918999237008
10.40536699929362
10.443226999996114
10.03077499990468
9.766036000655731
9.92701199993462
10.89414099988062
11.44382799975574
10.49337899985403
11.148358999889751
9.866960999715957
10.284353000315605
10.268990999975358
9.54256000022724
10.47973799995816
10.166108000703389
10.672524999790767
10.328393999770924
10.27170199995453
10.149888999876566
11.038898000151676
10.893120999753592
9.680402999947546
10.783177000121213
9.645183000429824
10.804208999616094
11.31816399993113
10.678465000637516
10.471778999999515
10.557820999565593
9.837559000516194
11.167998999553674
11.318034000396437
10.062556000775658
9.682744000201637
10.45857699955377
10.843469000064943
10.768437000479025
10.458268000547832
10.309682999832148
10.276523000356974
9.808248000808817
9.777776999726484
9.963012999833154
10.088786999403965
11.260473000220372
10.162808999666595
10.90333100000862
9.618692000003648
11.206790999494842
10.631462000674219
10.0898459995733
10.518738999962807
10.417466000035347
10.255042000608228
10.845989000699774
10.25931100048183
10.830219000126817
10.916272000031313
10.547480999775871
10.35059499918134
9.919691000504827
10.316544000488648
11.681014999339823
10.987575000399374
10.8140979991731
10.399515999779396
9.67565300015849
10.618162999890046
10.230310000224563
9.914661000038905
10.898390999500407
10.878591000619053
10.081915999762714
10.396904999652179
11.038495000320836
10.164659999645664
9.763326000211237
10.280492000674712
9.991144000196073
9.741916000166384
10.5136689999199
9.875220999674639
10.148956999728398
10.372525000093447
10.741596999650938
11.05552599983639
9.975064000173006
10.191570000642969
9.990522999942186
9.892201000184286
10.445337000419386
10.696714000005159
10.561111000242818
11.16684000044188
9.784278000552149
10.522259999561356
10.665554000297561
9.960073000002012
10.310413000297558
10.38569499996811
10.869609999645036
10.75500600018131
11.422556999605149
11.601852999774565
10.086425000736199
9.756446000210417
10.77391700073349
10.37448800070706
10.6748839998545
10.589021999294346
10.357946000112861
11.62814300005266
9.72025500050222
10.642172999723698
10.240870999950857
9.607510999558144
9.782567000002018
10.009804999754124
10.663344000022335
10.495288999663899
9.867850000773615
9.783832000721304
13.403896999989229
10.476417999598198
10.663213999578147
10.547110000516113
9.947581999767863
10.035894999418815
9.770376999767905
9.59144200078299
10.059424999781186
9.702794999611797
10.142448999431508
10.313483000572887
10.81052900008217
10.544161000325403
9.825117999753274
10.674833000848594
10.581282000202918
11.326423999889812
10.971303000587795
9.987782999814954
11.559771000065666
10.46159700035787
11.652493999463331
11.433697999564174
11.044914999729372
10.88691299992206
10.339703999306948
11.250992999521259
10.118158000295807
10.132037000403216
10.368955000558344
9.949082000275666
10.114378000253055
10.636633999638434
10.871430999941367
11.896001999957662
10.465188000125636
10.273871999743278
10.33312500021566
10.93374300035066
10.928833000434679
10.725524999543268
10.32240400036244
10.037865000413149
10.793888000080187
10.286802999871725
10.614012000587536
10.985302999870328
11.050686000089627
11.060376000386896
9.821526999985508
10.292322999703174
10.608632000185025
10.209060000306636
10.660283999641251
10.62942299995484
10.566010999355058
10.230089999822667
10.804007999468013
11.098656999820378
10.08779699986917
9.361144000649801
10.324953999770514
10.255971999868052
10.549331000220263
10.113057000125991
10.049475999949209
9.933911000189255
10.406546000012895
10.000364000006812
10.171038999942539
10.373664999860921
10.933992999525799
10.717726000621042
10.183069999584404
10.987304000082077
9.794668000722595
8.877870000105759
9.622872000363714
9.447377000469714
9.46535799994308
10.201680000136548
10.440856999593962
10.277721999955247
10.638032999850111
10.851961999833293
11.252901000261772
9.671943999819632
10.094227000081446
9.227820999512915
10.960724000142363
10.05866600007721
10.252502000184904
9.957211999790161
11.133257999972557
10.081366999656893
10.512380000363919
10.58821100014029
11.291582999547245
10.14591900002415
10.562059999756457
9.879889999865554
10.409595999590238
10.058185000161757
10.257602000820043
10.629192999658699
10.625262999383267
11.037885999940045
10.900451000452449
11.458308000328543
8.523479000359657
9.014812999339483
9.260861000257137
8.652362999782781
10.234581000077014
9.825818000535946
9.998572999393218
9.894540999994206
11.233890999392315
10.850190000383009
10.460608000357752
10.391566000180319
10.690184999475605
10.134917999494064
10.459047999574977
10.860358999707387
9.964312000192876
10.323943000003055
10.28607300031581
10.144838000087475
10.946873000648338
10.727826000220375
10.050518000753073
9.703894999802287
9.508649000053992
7.771005999529734
9.48099800007185
8.508628000527096
9.148678999736148
8.691494000231614
9.166477999315248
8.989395999378758
10.61067200043908
8.994663000521541
9.645113000260608
8.55698899977142
8.583440999245795
8.960731999650307
9.908200999234396
9.481987000071967
9.473047999563278
9.073825999621477
9.908791000270867
9.481799000241153
10.576801000752312
9.716315000332543
9.546190000037313
8.58324100045138
9.133057000326517
8.408755999880668
8.561490000829508
8.835688000544906
9.750396000526962
8.513417999893136
8.49770799959515
8.986593000372523
9.8790909996751
8.831527999973332
9.352873000352702
9.192739999889454
8.520938999936334
8.322183000018413
9.130317000199284
8.17329100027564
8.9786330008792
8.522398999957659
8.08383599996887
8.811198000330478
8.601470999565208
7.964811999954691
8.9737120006248
8.346633000655856
9.206449999510369
8.57198999983666
8.948231999966083
8.659383000122034
8.451106999928015
8.533962000001338
9.155028999884962
8.52762900012749
8.384834000025876
8.369814000616316
8.036363999963214
8.646752999993623
8.787697000116168
8.732344999771158
8.44048599992675
8.37025500004529
8.646343000691559
8.91714299996238
8.652493000226968
8.531948999916494
8.479677999275737
8.284872000331234
8.554529999855731
8.6547029995927
8.347033000063675
8.340303000295535
8.02343400027894
8.73777600008907
8.52088899955561
9.02301600035571
8.933411000725755
8.767147000071418
9.570840000378666
8.736386000236962
8.954642000389867
9.110846999647038
9.837389000495023
8.805519999441458
8.380514999771549
8.249790000263602
8.956612000474706
8.891229999790085
8.836988000439305
8.363513999938732
8.444016999419546
8.537550000255578
9.24630999998044
8.7039640002331
8.963231999587151
9.15755900041404
9.554729999763367
9.59522100038157
8.799487000032968
8.710873999916657
9.779127000001608
8.64876300056494
8.489887999530765
8.671923999827413
8.868378999977722
8.813937999548216
8.197408999876643
9.253831999558315
8.397345000048517
7.6380109994715895
8.754796000175702
8.510069000294607
8.808456999759073
8.396094999625348
8.395624999138818
8.375224999326747
8.914421000554285
8.457395999357686
8.94231199981732
8.352073000423843
8.427386000221304
8.4408060001806
9.167127999717195
8.542030000171508
8.720854999410221
8.714645000509336
8.730575000299723
9.629293000216421
9.65320400064229
8.478830000058224
8.438116000434093
8.359454000128608
8.130447999974422
8.437026000137848
8.879769000486704
8.32788299976528
8.463907000077597
8.909651000067242
8.442375999948126
8.405554999626474
9.236860999408236
9.066565000466653
9.196729999530362
8.797337000032712
9.322154000074079
9.502077999968606
9.179308000057063
9.417778000170074
8.56099000066024
8.353854000233696
8.284441999421688
8.60032200034766
8.877080000274873
9.028084999954444
8.582311000282061
8.614370999566745
9.100346000195714
8.673812999404618
8.795677000307478
8.690103999470011
8.452226999906998
8.279650999611476
8.606031999988772
8.389255000111007
8.928210999329167
8.783846999904199
8.751586000471434
9.32244300020102
9.355994000543433
8.997282999189338
8.542098999896552
9.053555999344098
8.566290000089793
9.995314000661892
9.38082500033488
8.707064000191167
8.629132000351092
8.79997700030799
9.179858999232238
8.67460600056802
9.312133000094036
9.533859999464767
10.143408999283565
9.146988000793499
9.729825999784225
9.79241799996089
8.723334999558574
9.20700900041993
8.909410999876854
9.281861999625107
7.452006000676192
7.300412000404322
8.584051000070758
8.95989200034819
8.792757000264828
8.580271000028006
10.406096000224352
8.369264999601
8.82179800009908
8.694074000231922
8.791887999905157
8.266671000455972
8.426156000496121
9.252691000256164
8.830847999888647
8.493177999298496
8.545788999981596
8.849948999340995
8.284782000373525
8.508259000336693
8.969341999545577
8.185542000319401
8.44632600001205
8.532148999620404
8.15405799949076
8.299801999783085
8.0077339998752
8.492578000186768
9.157908999441133
8.871519999956945
9.608702000150515
8.67537399972207
9.390465000251424
9.14862700028607
7.638091999979224
8.563109999158769
8.661773000312678
8.812917999421188
8.972303000518878
8.29766200058657
8.931260999816004
8.626901999377878
8.567470999878424
8.830989000671252
8.789977000560611
8.480297999994946
8.741986000131874
9.254310999494919
9.197539000524557
8.406654999816965
10.186269999394426
9.061415000360284
8.907630999601679
8.499728000060713
8.214419999603706
9.04052399982902
8.377844999813533
8.696853999936138
8.477987000333087
8.328852999511582
8.730835000278603
10.182979000092018
9.273112000300898
8.59127100011392
8.327972999722988
8.554539999749977
8.35358400036057
8.686334999765677
8.167167999999947
9.184698999888496
8.395275000111724
8.953101999395585
8.631392000097549
8.423575999586319
8.382953999898746
8.35910400019202
8.578649999435584
8.702963999894564
9.009032999529154
9.50299900068785
9.22013000035804
9.075396000298497
9.759806000147364
9.172568000394676
10.670503999790526
10.244580999824393
10.249351000311435
10.57307100018079
10.801179000736738
10.842423000212875
9.720105000269541
10.631742999976268
10.013183999944886
9.676914000010584
9.839659000135725
9.806908000427939
9.749005999765359
10.345634999794129
10.378005000347912
9.671093999713776
10.469879000083893
10.68809499975032
11.081076000664325
11.677755000164325
10.422537000522425
9.965631999875768
10.035344999778317
10.00081400070485
9.94071199966129
9.413345999746525
10.908990999269008
10.525370000323164
11.354474999279773
9.920422000504914
9.318042000813875
9.12489700021979
10.31517299998086
10.39846599996963
10.2485709994653
10.373684999649413
10.983253999256704
9.286511999562208
9.854369000095176
9.608141999706277
9.86341000043467
9.825997999541869
10.493639000742405
9.614151999812748
9.785557000213885
10.15707900023699
11.345873999744072
10.648423000020557
11.487338999359054
10.501230000045325
9.911091000503802
10.688463999940723
9.92648199917312
10.596041000098921
10.451897999701032
9.664922999945702
10.650182999597746
10.334954000427388
10.533559000577952
10.881320999942545
11.238250999667798
10.964714000692766
10.910051999417192
11.223942000469833
9.85534900064522
10.140086999854248
10.44413700037694
9.736335000525287
10.582470999906946
11.760317000153009
11.115627999970457
10.976442999890423
10.78975000018545
11.02503499987506
10.146677999728126
10.252422000121442
10.255961999973806
9.509188999800244
10.46503700035828
9.604221999325091
9.801808000702295
10.684335000405554
10.897680999732984
10.477437999725225
10.489817999769002
10.243940999316692
10.739796000052593
12.00525399963226
11.393005999707384
10.943412000415265
10.86231199951726
9.936691999428149
10.429466999994474
10.20529000015813
10.088627000186534
10.370398000304704
9.609422000721679
10.200499999882595
10.465907000252628
9.900519999973767
10.704344999794557
9.857850000116741
10.543461000452226
10.133398000107263
10.88267100021767
10.491998999896168
9.691623999970034
10.542670000177168
10.231141000076605
11.181140000189771
11.390296000172384
9.771467000064149
10.261651999826427
10.168578999582678
9.991583000555693
10.03291500001069
9.084856000299624
10.071696000522934
9.846619000200008
9.785478000594594
9.752165999998397
10.639723999702255
10.550809999585908
10.089559000334702
9.900720999212353
9.64391399975284
9.964163000404369
9.250641000107862
10.155888999179297
9.63438300004782
9.400864999406622
9.540878999359848
9.22701000035886
9.650124000472715
9.523319000436459
10.273793000123987
8.96702199952415
9.531939999760652
9.363303999634809
9.162457999991602
10.222990999864123
9.900000999550684
10.590502000013657
10.34389399956126
10.343194000597578
10.207920000539161
10.171089000323263
10.066885999549413
10.008453999944322
10.155839000617561
10.319963000256394
9.711155999866605
10.529881000366004
10.36953499988158
11.213950999263034
10.809987999891746
13.499590000719763
10.648802999639884
9.396155999638722
10.103657000399835
9.049894999407115
8.978073999969638
10.828888999640185
9.356065000247327
10.493937999854097
9.274762000131886
9.906620999572624
10.797027000080561
10.421385999507038
10.488889000043855
10.438016999614774
10.508469000342302
10.886390000450774
10.093996999785304
10.168738999709603
9.846259000369173
11.293952999949397
10.098147000462632
10.451617000398983
10.902410999733547
11.403496999264462
10.025304000009783
10.618323000016971
10.097927000060736
10.698454999328533
11.579601000448747
10.60371300081897
10.80106799963687
11.681625000164786
10.821439000210376
10.40820599973813
9.502449000137858
9.813278000365244
10.105307000230823
10.266463999869302
9.727024999847345
10.067076999803248
10.40156500039302
11.21844599947508
10.579791000054684
9.85446899994713
10.115606999534066
10.843439000382205
10.02392400005192
10.675274000277568
9.602653000001737
9.984273000554822
10.583502000372391
10.542089999944437
10.217249999186606
10.267491999911726
10.145528000066406
10.712356000112777
10.286262999215978
10.95383300071262
10.672565000277245
10.61540499995317
10.21991000015987
10.880810999879031
9.711066999443574
10.07349800056545
9.830230000261508
10.273412000060489
10.218740000709658
10.672293999959948
10.687054000300122
10.640823000358068
10.193828999945254
10.869390000152634
9.963151999727415
9.928661999765609
10.100266999870655
10.879909999857773
10.1537010004904
11.004044000401336
10.712434999732068
10.27962199987087
10.651143999893975
10.292642000422347
11.005664999174769
10.018594999564812
9.979473000385042
11.216130999855523
10.246832000120776
10.806758999933663
10.345593999772973
9.764677000021038
10.432326999762154
10.461697000209824
11.102897999990091
9.23581999995804
8.836728000460425
9.591051999450428
9.828819000176736
9.77175600019109
9.811238000111189
10.535880000134057
10.307843999726174
9.371105000354873
10.583700999632129
9.198609000122815
9.828469999774825
9.835058000135177
10.33457300036389
10.29447299970343
10.037456000645761
10.17938899985893
11.792789000537596
9.908580999763217
11.415207000027294
12.108237999200355
10.982443000102649
10.39078600024368
10.224970999843208
10.748656000032497
9.868590000223776
9.969632999855094
10.10569700065389
10.802628000419645
10.70436499958305
10.718665000240435
10.828579000190075
11.03065500046796
10.715026000070793
11.116466999737895
10.69864500004769
10.11669699983031
10.593551000056323
11.218991000532696
10.611491999952705
10.136308000255667
9.592612000233203
10.814109000421013
10.367355000198586
10.595392000141146
9.700343999611505
10.027713999988919
10.97755299997516
11.409427000216965
10.082796000460803
9.870649999356829
9.816839000450273
9.951773000466346
10.27506300033565
10.008123999796226
9.981954000068072
10.844019000614935
10.869990999708534
10.535409999647527
11.000133999914397
10.440826999911224
9.61574200027826
11.353434999364254
11.57556099951762
11.205700000573415
11.688404999404156
9.92022199989151
9.38541499999701
9.950302000106603
9.067504999620724
9.768857999915781
9.645932999774232
10.024497999438609
10.254351000185125
10.992427000019234
10.830859000634518
10.772697999527736
10.97940399995423
9.68611400003283
10.339584000575996
10.733565999544226
10.872570000174164
10.334544000215828
10.211780000645376
10.26857199940423
10.014804000093136
9.695884000393562
11.17141999930027
11.212570000679989
10.6026319999728
10.684915000638284
10.335154999665974
10.090357000080985
10.092636000081256
10.136988000340352
10.72130600005039
10.528830000112066
10.67670399970666
9.477567999965686
9.78960799966444
10.22553000075277
10.258041999804846
10.763807000330416
10.63890299974446
10.289062000083504
9.963622000213945
10.228682000160916
11.114448000625998
10.312803000488202
9.188488999825495
9.39761500012537
9.69933500073239
9.36409400037519
10.726116000114416
9.16960900030972
9.347023999907833
9.717507999994268
9.985534000406915
10.650604000147723
10.344494000491977
11.100668000835867
10.294772999259294
10.699295000449638
9.800558000279125
10.681775000193738
10.419396999168384
10.282062000442238
10.65777399981016
11.457879000772664
10.449307000271801
10.527970000111964
10.440537000249606
11.297514000034425
10.504828999728488
10.450527999637416
10.119757000211393
9.835517999817966
9.897881000142661
12.633682999876328
9.273241000300914
9.918782000568171
10.058116000436712
10.829799000021012
10.223860000223794
10.443956999552029
10.589661999802047
9.097635999751219
9.49333900007332
9.040093999828969
8.327282999744057
8.843349000017042
8.341134000147576
8.442936000392365
8.76476699977502
8.723724999981641
8.257170999968366
8.721404999960214
9.385405000102764
9.450226999433653
9.72692499999539
8.904099999199389
8.970681999926455
9.733785999742395
9.185238000100071
9.455636999518902
9.47220899979584
9.420135999789636
9.716094999930647
10.005183999965084
9.666353000284289
10.300423000444425
10.630472999764606
10.610173000713985
9.886200000437384
10.147128999960842
9.78235799993854
9.225330000845133
9.743065999828104
10.672624000108044
10.217919999377045
11.380025000107707
10.046984999462438
10.411066000415303
10.326313999939885
11.924815000384115
11.024404000636423
9.893880000163335
10.055175000161398
9.645342999647255
9.701285000119242
10.53279899952031
10.812888999680581
10.573931000180892
10.309293000318576
10.548819999712578
10.238492000098631
9.834841000156302
9.572380999998131
9.306443000241416
8.875090000401542
8.77477700032614
10.166297999603557
10.249330999613449
9.622303000469401
10.132157000043662
9.504958999968949
9.40523499957635
9.923382000124548
10.686664999411732
10.081586999149295
10.241540999231802
9.905250999509008
11.276812000687642
10.237140999379335
10.638273000040499
10.292031999597384
10.704735000217624
9.906091000630113
10.138077999727102
10.424836999845866
10.121927000000142
9.687317000498297
9.650222999880498
10.496428999431373
9.867278999990958
10.129487999620324
11.345785000230535
9.923380999680376
10.02562499979831
10.07169599961344
10.009503999754088
10.483277999810525
10.72440500047378
11.360954999872774
10.572051999588439
10.912222000115435
9.772557000360393
10.341473999687878
11.375434999536083
10.903211000368174
10.201149999375048
9.671595000327216
9.850868999819795
9.765196999978798
9.794926999347808
10.189759000240883
10.31522299945209
10.712416000387748
10.514129000512185
9.964302999833308
9.948033000000578
10.005373999774747
10.378158000094118
10.097096999743371
9.853919000306632
9.899950000544777
10.56035100009467
10.463507999702415
10.283713000717398
10.804378000102588
11.090915999375284
11.466227999335388
9.341304000372475
10.009044999605976
10.443746999953873
9.871310000562517
10.662822999620403
9.932202000527468
10.563910000200849
10.710216000006767
10.665015000085987
11.33353499972145
10.33283400010987
10.075047000100312
9.814557999561657
10.225680000075954
10.109566999744857
10.222629999589117
11.025795000023209
10.648733000380162
10.849899999811896
12.175371000012092
9.250571999473323
10.140238000531099
11.043726000025345
11.035484999410983
9.411615999852074
10.577541000202473
10.228340000139724
9.718365000480844
10.62879300025088
9.830498999690462
10.561840999798733
10.746746000222629
11.238181000408076
11.896531999809667
9.752986999956192
9.91349200012337
10.078078000333335
10.314664000361518
11.360307000359171
10.600963000797492
9.881019999738783
9.470768000028329
9.982193000723782
10.236920999886934
10.114736999639717
10.042145000625169
11.50695900014398
10.997635000421724
10.87846999962494
10.170219000428915
9.768697000254178
10.23746100054268
10.994304000632837
11.119138000140083
10.738756000137073
9.942184000465204
11.986814000010781
9.434316000806575
10.039945000244188
10.097407000102976
10.14123799996014
9.894709999571205
9.118977000071027
10.01452699983929
9.4906770000307
9.90548099980515
8.88037999993685
8.796666999842273
8.948572000008426
9.14804800049751
8.555940000405826
8.787617000052705
11.029293999854417
9.096706000491395
8.449427000414289
8.971973000370781
8.829647999846202
8.681223999701615
9.433326999896963
8.542229999875417
8.309631999509293
8.153978000336792
8.875739999893995
8.267460999377363
8.779896999840275
7.915659999525815
8.270962000096915
8.132447000207321
8.045724000112386
8.188758999494894
8.949121000114246
8.534908999536128
8.506608000061533
8.22991000040929
8.693593999851146
8.465648000310466
9.043613999892841
8.52459900033864
8.399314999223861
8.449477000795014
8.224390000577841
8.470278999993752
10.146757999791589
9.6093820002352
8.895201000086672
8.513828000104695
10.045296000498638
8.419076000791392
9.544919999825652
9.233640999809722
8.779757000411337
8.868029000041133
9.022814000672952
9.34079400030896
9.819078999498743
9.144088000539341
10.290862999681849
10.641323000527336
10.666524000043864
10.81445799991343
10.40716599982261
10.045455000181391
10.35193400002754
10.253290999571618
10.468268000295211
9.73381500079995
10.725105999881634
10.955772999295732
10.992984000040451
9.9271620001673
9.884510000119917
9.859839999990072
11.709616000189271
10.84257999991678
9.757656000147108
9.740125999996962
9.898321000036958
10.561490999862144
10.507410000172968
9.937771999830147
10.408207000182301
9.947892000127467
9.914311000102316
10.411256000224967
10.399075000350422
10.492359000636498
9.927672000230814
9.662704000220401
9.644312999625981
9.541910000734788
10.102856999765208
9.828018000007432
10.898450999775378
10.098646999722405
10.361224999542173
10.59215200075414
10.966422999445058
10.529719999794906
9.95178199991642
9.91863099989132
9.764065999661398
10.062846000437276
10.106036999786738
10.309233999578282
10.563290999925812
10.356194999985746
10.823528999935661
10.860508999940066
9.990872999878775
10.89239999964775
10.685643999750027
9.767956999894523
10.448238000208221
10.943532999590388
11.50564999989001
10.067035999782092
10.071666000840196
9.995472999435151
10.762707000139926
10.410254999442259
10.319324000192864
10.339034000026004
11.23553199977323
10.199260000263166
10.8279300002323
10.454337999362906
10.322383999664453
10.55458000064391
9.680563999609149
11.17645900012576
9.818188000281225
10.374055000283988
10.26023200029158
10.306422999747156
10.78168700041715
10.178878999795415
11.211560999981884
10.064346000035584
10.29324200044357
10.717985999690427
10.226990999399277
9.655722999923455
9.942083000169077
10.16244899983576
10.40664599986485
10.59248099954857
10.95659299971885
10.026255000411766
10.546669999712321
20.581775999744423
9.335622999969928
9.551389999614912
9.767296000063652
9.872139999970386
9.951252000064414
10.540950000176963
11.328204000164988
10.214089999863063
10.42390600014187
10.193940000135626
10.245051000310923
9.877750000669039
9.847410000475065
10.608722000142734
8.921220999582147
9.604291999494308
10.51655999981449
9.862249000434531
10.426546999951825
9.442806999686582
10.349864999625424
9.950502000720007
10.312352999790164
11.014033999344974
9.992013000555744
10.51318000008905
10.301203000381065
9.852559000137262
10.616203000608948
11.11342800049897
10.989143999722728
10.560031000750314
10.81055800023023
10.694995999983803
10.335353999835206
10.990274000505451
10.644353000316187
10.351213999456377
11.45258799988369
10.472588000084215
9.704993999548606
9.535320000395586
10.71546599996509
10.379375000411528
10.524369999984629
9.429166000700206
10.794927999995707
11.296032999780437
11.973932999353565
10.75451700035046
10.267580999425263
10.27801200052636
10.830608000105713
10.149208000257204
10.209979999672214
10.471879000760964
9.928600999955961
10.332604000723222
10.907640999903379
9.771297000042978
10.37230499969155
10.012214000198583
10.553901000093902
10.637053000209562
10.656843000106164
9.711044999676233
10.77035700018314
10.529219999625639
11.017474999789556
10.294733000591805
10.643802999766194
10.316784000679036
10.556280999480805
9.937241999978141
9.940261999872746
10.419256000204768
10.779168000226491
10.107967000294593
10.849248999875272
10.015954000664351
11.258061999797064
10.226201000477886
11.036945000341802
11.135868000565097
10.51893900057621
10.225699999864446
10.178499999710766
9.548590000122203
10.831429000063508
10.057485999823257
10.305384000275808
10.341125000195461
10.269391999827349
11.38616699972772
9.965362000002642
10.134598000149708
10.384766000242962
9.99264299935021
10.26280099995347
10.417247000077623
10.317463000319549
9.966763000193168
10.529670000323677
10.990493999997852
10.798318000524887
10.13690800027689
10.213974999714992
10.301962999619718
10.52460000028077
9.793397999601439
11.365776000275218
10.135526999874855
11.361195000063162
11.00439399942843
10.438926999995601
9.532488999866473
10.020005000114907
9.75983699936478
10.031075000370038
10.250131999782752
10.526130000471312
10.166200000639947
10.489708000022802
10.581501000160642
9.92820200008282
9.890131000247493
10.463677999723586
10.81243800035736
9.566791999532143
9.857128000476223
10.078266000164149
10.52770100068301
11.676957000418042
10.347194000132731
9.455368000089948
10.77815799999371
10.939131000668567
10.133259999747679
10.281402000146045
9.964902000319853
10.968092999974033
10.33062299939047
10.320983999918099
10.551940999903309
11.107058000561665
9.806697999920289
9.714814999824739
10.24335100009921
11.002014000041527
10.644853000485455
11.569530999622657
9.939692000443756
10.242330999972182
9.699504999844066
9.368474999973841
10.911780999776965
10.440247000587988
10.164580000491696
11.075876000177232
11.011663999852317
11.358534999999392
10.505520000151591
10.289861999808636
9.99759299975267
10.633883000082278
10.521930000322754
11.232132000259298
10.631382000610756
9.68100400041294
10.723286000029475
10.478737999619625
9.95779400000174
11.415500000111933
9.817748000386928
9.874010999737948
9.516119000181789
10.079077000227699
10.126876999493106
9.903230999952939
10.49773999966419
10.71824500013463
10.245870999824547
10.983203999785474
9.884620999400795
10.327144000257249
10.882759000196529
10.507738999876892
9.925930999997945
10.165717999370827
10.596441999950912
10.849038999367622
9.823047999816481
10.418215999379754
10.499970999262587
9.821642999668256
9.809797999878356
10.655963999852247
10.396185999525187
9.89919000039663
10.557710000284715
10.77613800043764
10.897150999880978
10.83824800025468
9.347513000648178
9.988932999476674
10.10083700020914
10.612443000354688
10.554061000220827
10.278402000039932
9.785398000531131
10.388065000370261
10.184808999838424
10.797646999890276
10.607762000290677
10.183338999922853
10.360135000155424
10.13025700012804
10.13258799957839
10.596152000289294
10.04744399961055
9.949813000275753
10.358494000684004
10.319213999537169
11.160549999658542
10.552212000220607
10.160298000300827
10.804159000144864
10.718374999669322
10.412315999928978
11.012343999937002
10.364384999775211
10.813427999892156
9.307862999776262
9.228339999935997
10.094225999637274
9.538590000374825
10.218059999715479
10.05710600020393
10.382894999565906
10.508370000025025
9.881479999421572
9.636722999857739
10.474469000655517
10.260381000080088
10.321454999939306
10.471427000084077
10.583383999801299
10.176968999985547
10.382896000010078
9.5372400000997
9.843412000009266
10.233831000732607
10.721666999415902
11.696292999658908
10.334374000194657
9.745205999934115
9.255142000256456
10.106427999744483
9.041903999786882
9.801756999877398
10.453928000060841
10.107327000696387
11.602661999859265
11.053526000068814
10.936252999272256
10.62411200018687
10.292061999280122
10.710474999541475
10.77859700035333
10.544269999627431
10.598251999908825
10.177668999858724
10.857668999960879
10.185359999923094
10.630052000124124
9.292881999499514
10.194034000051033
10.230760000013106
11.320743999931437
11.011933999725443
10.461147000569326
10.326622999855317
11.893291999513167
10.441675999572908
11.300752999886754
10.635982000167132
9.671992999756185
9.647964000578213
9.471538000070723
10.027454000010039
9.572071000548021
10.028026000327372
10.58877100058453
10.158389000025636
10.719525000240537
10.512648999792873
10.680123999918578
10.232060999442183
10.837838999577798
9.574391000569449
9.941821999746026
9.926590999384644
10.174679000556353
10.030464000010397
10.847320000721083
11.292784000033862
11.235750000196276
10.148360999664874
10.253730999465915
10.588151999399997
10.771507999379537
10.27924299978622
11.82983799935755
11.325404000672279
10.937252000076114
10.430078000354115
10.273251999933564
10.310842999388115
10.462827000083053
9.91806100046233
9.930230999998457
10.30604300012783
10.664564999387949
10.563200999968103
9.914850999848568
9.696025000266673
9.574669999892649
10.25242099967727
11.004844999661145
9.852728999248939
10.204219999650377
9.970824999982142
9.887150999929872
10.235280999950191
11.034875999939686
10.540440000113449
10.587962000499829
9.990872999878775
10.234769999442506
9.647513000345498
10.329263999665272
10.575512000286835
10.383025000010093
9.916981000060332
10.585651999463153
10.052204999738024
10.277621000568615
10.005842999817105
10.262692000651441
10.09375700050441
11.018624000826094
10.99171700025181
10.927692000223033
9.938530999534123
10.410116000457492
10.75364600001194
10.657722999894759
10.614861999783898
10.107316999892646
10.008123999796226
10.151040999517136
8.994693000204279
9.488618999967002
10.201510000115377
9.962742999960028
11.208989999431651
10.751935999905982
11.325404000672279
8.182827999917208
8.597161000579945
8.51137799963908
8.298900999761827
8.6550130008618
8.857679999891843
8.394274999773188
8.364264000192634
8.5817400004089
9.079125999960524
8.673733999785327
8.77657600085513
8.497728000293137
8.092605999991065
8.451765999780037
8.55150000006688
8.27583099999174
8.716024999557703
8.455986999251763
8.292941999570758
8.339923000676208
8.78522599941789
8.339624000655022
9.448497000448697
9.353804000056698
8.75947599979554
8.747535000111384
10.193310000431666
9.40124599947012
8.819053000479471
9.048734000316472
8.278911000161315
8.730075000130455
8.871819999512809
8.64431300033175
8.694294000633818
8.620540999800141
9.133098000347672
8.01160399987566
8.728123999389936
8.50731800073845
8.801927000604337
8.944092000092496
8.59414100068534
8.598230999268708
8.70818400017015
8.976523000455927
8.55364000017289
9.587462000126834
9.099756999603414
9.600910000699514
9.589880999556044
9.794788000363042
9.854679999989457
9.760085999914736
10.316553999473399
10.504338999453466
10.721086000557989
10.22233099956793
9.919031000208633
10.579431000223849
9.854531999735627
11.81463899956725
10.793577999720583
10.75578600011795
10.388226000031864
10.076798999762104
11.014204999810318
10.240472000077716
10.845759000403632
10.186450000219338
10.443107999890344
10.368485000071814
11.134067999591934
10.213409999778378
11.257512000156567
10.80074799938302
10.718816000007791
10.276891000103205
10.840858999472403
10.962923000079172
10.153198999432789
9.568010999828402
9.960905000298226
10.338984000554774
9.974003000024823
10.912401000496175
10.323133999918355
11.25241099998675
10.25996199950896
11.362055000063265
9.343744000034349
9.623892000490741
9.721346000333142
10.051035999822489
10.171589000492531
10.059404999992694
10.05909499963309
9.943672000190418
10.605542000121204
9.980503000406316
10.162610999941535
10.303533000296738
10.30433300002187
10.781477999444178
9.97112200002448
10.0584660003733
10.387495000031777
11.104266999609536
11.18857100027526
10.489209000297706
10.658109000360128
11.506869999720948
10.41905600050086
9.691055000075721
9.896751000269433
10.593011999844748
10.765367000203696
10.232499999801803
10.632991999955266
10.26737200027128
9.806047999518341
9.996573000535136
9.79900699985592
12.167159999989963
12.308694000239484
9.954881999874488
9.811919000640046
9.884670000246842
9.595411000191234
10.465788000146858
11.27504299984139
9.376283999699808
10.147858999516757
9.94195299972489
9.87271000030887
10.341433000576217
10.389085000497289
10.8714610005336
11.49334900037502
9.73709699974279
9.888429999591608
10.983044000568043
10.106196000378986
10.390845000074478
10.58601099975931
10.425287000543904
10.512579999158334
9.865300000456045
9.965442999600782
10.633353000230272
10.790896999424149
10.892490000514954
10.335363999729452
10.415488999569789
10.996913999406388
10.681314000066777
9.740006000356516
10.016915000051085
9.893909999846073
10.815169000125024
10.493029000826937
10.625492999679409
10.004433000176505
10.52800900015427
9.782238000298094
9.925124999426771
9.520747999886225
10.320735999812314
10.541630999796325
9.645543000260659
10.282361999998102
11.63375400028599
10.596562000500853
11.339474999658705
12.242732999766304
9.558849999848462
9.785307999663928
9.948592000000644
10.357103999922401
10.281511999892246
10.064315999443352
10.657515000275453
9.98675299979368
10.198830000263115
9.6479529993303
10.44650800031377
11.053446000005351
10.9607029999097
10.41590700060624
10.377914999480709
8.845798999573162
10.87180000013177
11.037895000299613
10.447677000229305
10.422758999993675
10.404515999653086
10.404967000795295
10.84280899976875
9.781738000128826
10.10964699980832
10.367474000304355
10.21662000039214
10.462146999998367
10.151867999411479
9.834209000473493
10.116606999872602
11.960826000176894
11.215569999876607
11.118338999949628
10.329734000151802
11.75082699955965
12.918431999423774
10.56403000075079
10.395166000307654
10.729155000262836
10.858149000341655
10.490648000086367
10.996693999913987
10.902299999543175
10.48086799983139
10.842638999747578
10.600111999337969
12.206370000058087
11.954622999837738
11.636913999609533
11.923971999749483
11.357545000464597
10.562682000454515
11.535800000274321
11.38097600050969
11.114356999314623
10.926691999884497
10.58260399986466
10.414886999569717
10.604180999507662
8.235790000071574
9.27409100040677
8.571039999878849
8.399534999625757
8.977552000033029
8.60220200047479
8.968882000772282
8.57557099971018
8.922230999814929
8.598100000199338
8.288461999654828
8.441467000011471
7.887619999564777
8.478658000058203
10.747825999715133
9.65964300030464
12.129788000493136
10.859148999770696
10.15059699966514
11.638003999905777
10.141868000573595
9.688954000012018
11.152151999340276
10.967303000143147
10.540043000219157
11.651994000203558
11.059385999942606
10.6211730007999
8.596681000199169
8.37573499939026
8.74765499975183
8.468566999908944
8.274161999906937
8.632551999653515
8.703784000317683
8.726615000341553
7.921670000541781
8.810937999442103
8.86308899953292
8.400834999520157
8.156346999385278
8.326142999976582
9.073096000065561
9.065975000339677
8.735774999877322
8.718344000044453
7.855009000195423
8.907840000574652
8.709673999874212
8.705774000191013
8.439907000138192
8.68988399997761
8.628354999927978
8.525678000296466
9.106656999392726
9.997402999943006
7.944891000079224
8.908451000024797
8.558140000786807
9.86562199977925
10.606032999930903
10.695215000851022
11.570990999643982
11.289582999779668
10.705034999773488
10.398745999737002
10.253254999952333
10.488130999874556
10.930585000096471
9.943971999746282
10.80963700042048
11.354414999914297
10.24887099993066
8.11294600043766
8.99422299971775
8.285431999865978
9.549252999931923
9.547800000291318
9.214188999976614
7.545190000200819
8.62561200028722
8.65740300014295
9.218680999765638
8.634522000647848
8.4589269999924
8.961571999861917
8.698994000042148
8.60075099990354
8.69799299925944
8.582681000007142
8.41322499945818
8.744925999963016
8.660613999381894
8.37606400000368
9.08439599970734
8.935402000133763
8.473389999380743
8.591001000240794
8.539968999684788
9.927521999998135
9.36535599976196
8.83774900012213
8.6214419998214
8.209989999159006
8.604270999967412
8.259291999820562
8.931260999816004
9.408265999809373
8.845609000672994
9.816108000450186
8.93437200011249
11.956463000387885
11.413196999455977
11.194149999937508
10.794587999953364
9.903258999656828
9.336553000139247
10.699454999667068
9.775297000487626
9.978953000427282
10.892611999224755
11.854680999931588
10.94393199946353
10.656593999556208
9.11037599962583
8.210270000745368
8.838828000079957
8.499948999997287
8.610030999989249
8.43923599950358
8.814738000182842
8.347803999640746
8.452316999864706
8.507657999871299
8.663913000418688
8.927950999350287
8.527039000000514
8.33435299955454
8.523228999365529
9.615631999622565
10.605131999909645
9.567139999489882
11.094519999460317
10.945182000796194
11.083365999184025
10.203490000094462
9.588051999344316
10.583541999949375
11.141538000629225
10.90151100015646
11.15003099948808
10.126668000339123
9.611151999706635
8.651682999698096
9.200249000059557
8.353162999810593
8.780866999586578
8.729995000066992
8.934721999139583
8.6436120000144
8.411905000684783
8.206550000068091
8.339743999385973
7.223098999929789
8.627981999779877
8.328343000357563
9.014903999741364
9.269980999306426
8.963252000285138
8.682672999384522
8.70855399989523
8.385116000681592
9.508367999842449
8.373104999918723
9.423846000572667
7.767326000248431
9.326762999990024
9.153707999757899
10.464478000358213
8.80142700043507
9.647113999562862
8.015603999410814
8.435235999968427
11.737929000446456
10.595312000077683
10.735764999481034
10.234311000203888
11.62982300047588
10.253080999973463
10.28651200067543
10.968316999424133
10.885920999498921
10.846899999705784
11.966052999923704
10.814287999892258
10.562082000433293
9.521648999907484
8.816147999823443
8.532949999789707
8.592060999944806
8.340633999978309
9.095825999793306
8.797587999652023
8.837427999424108
8.893090000128723
8.440505999715242
8.436565999545564
8.91864099958184
8.370504000595247
8.657952999783447
8.451575999970373
9.716358000332548
8.781169000030786
9.147818999736046
8.277351999822713
8.85113000003912
8.435335999820381
8.308911999847624
8.609502000581415
8.579721000387508
8.184387999790488
8.186037999621476
8.798907000709733
8.862147999934678
8.393963999878906
8.290791999570502
8.378945000004023
8.550638999622606
8.623202000308083
8.757386000070255
9.320662999925844
9.159837999504816
9.867739000583242
8.783076999861805
8.6233820002235
11.562222000065958
11.01657500021247
11.391169000489754
9.967342999516404
10.622535000038624
10.784457999761798
11.042945000554028
11.042144999919401
10.619132000101672
11.386115000277641
10.489408000466938
10.178322000683693
9.713442999782274
9.143756999947072
8.467677000226104
8.287341000141168
8.512147999681474
8.662433000608871
8.18594900010794
8.13232699965738
8.499368000229879
8.544299000277533
8.502798000336043
9.034724000230199
9.130137000283867
8.526579000317724
8.490358000017295
8.445696999842767
8.953841999755241
8.835800999804633
7.981732000189368
8.624062000308186
9.271581999200862
8.805666999251116
8.610670999587455
8.975241999905847
8.7307449994114
9.246420000636135
8.91186100034247
8.162467999682121
8.44791700001224
9.286163000069791
8.497707000060473
9.78884000051039
8.419815999332059
8.453226999336039
8.545530000446888
8.767626000008022
8.443147000434692
9.731765000651649
8.675244000187377
8.36187400000199
8.070894999946177
8.965652000370028
8.483948000503005
8.38684500013187
8.354724000128044
8.324262999849452
8.2992319994446
8.560299999771814
8.40279499971075
7.737304999864136
7.258050999553234
8.387794000555004
8.274071999949228
8.568329999434354
8.008294000319438
9.673626000221702
11.158549999890965
11.714147000020603
10.837836999598949
10.412096999971254
9.600232000593678
10.305773000254703
11.219521000384702
11.574023999855854
10.513120000723575
10.620942000059586
10.537119999753486
9.85690000015893
9.457828000449808
8.568399999603571
8.625892999589269
9.019723999699636
8.268020999821601
8.360993000678718
8.956872000453586
8.328973000061524
8.122346999698493
8.520188999682432
7.811307999872952
8.654492999994545
8.922901000005368
8.895660999769461
8.723865000320075
8.266051000646257
9.701455000140413
8.604341000136628
8.633643000393931
8.418716000051063
9.024725000017497
8.647333000226354
9.464757999921858
8.417086000008567
8.852803999616299
8.290871999633964
8.334693000506377
8.876639999471081
8.639372000288859
8.437677000074473
8.65479299955041
8.117565999782528
8.46923799963406
8.632930999738164
8.741566000026069
8.954992000326456
8.483257000079902
8.331652999913786
8.360183999684523
8.575869999731367
8.418135999818332
8.623110999906203
8.369174000108615
9.926542000357585
8.132556999953522
8.437286999651405
9.158409000519896
8.6186220005402
9.04757399985101
8.819227999993018
8.614931000010984
9.50079900030687
7.902710999587725
9.480016999987129
8.791377000306966
9.23640000019077
8.1527170004847
8.518849000211048
8.495658000356343
9.293131999584148
9.881421000500268
8.529118999831553
9.63527299973066
10.677833000045212
9.718545999930939
10.713685999689915
11.109367000244674
11.674475999825518
9.71061399923201
11.554243999853497
10.412416000690428
10.88024000000587
10.952941999676113
10.044624999864027
10.038534000159416
10.752510000202165
8.602042000347865
8.369363999918278
9.126476999881561
8.300491999762016
8.500488000208861
8.091776000583195
8.14289799927792
7.368124000095122
8.464417000141111
8.413295999162074
8.53757000004407
8.643522000056691
9.032523999849218
8.04149400028109
8.683484000357566
9.351503999823763
9.112227000514395
8.417775999987498
8.360093999726814
8.880509999471542
8.524779000254057
8.844478000355593
8.784626999840839
8.600243999353552
8.281481999802054
8.67425300020841
9.243090999916603
8.476997999423475
9.631762000026356
8.840297999995528
8.817128000373486
8.21509899924422
9.205979999933334
8.268800999758241
8.2241600002817
9.00018300035299
8.546748999833653
9.244730000318668
8.849389000715746
8.465616000648879
8.736635999412101
9.005472999888298
8.583061000535963
8.674132999658468
8.541639000213763
8.559590000004391
8.503919000759197
8.667873000376858
8.490768000228854
8.765796000261616
8.198589000130596
8.573860000069544
9.300631999394682
8.560090000173659
8.449376000498887
8.306792999974277
8.706623999387375
8.642013000098814
8.302003000608238
8.905384999707167
8.98337799935689
8.260300000074494
8.37059399964346
8.799176999673364
9.041815000273346
8.894430000509601
9.322173000327894
8.674163999785378
8.142326999404759
8.169208000254002
8.591460999923584
9.70037500064791
8.509298999342718
8.45918699997128
8.1578580002315
8.371134999833885
8.87944999976753
9.247140999832482
8.382823999454558
8.106715999929293
8.318053000039072
8.517827999639849
8.474166999803856
8.77921699975559
8.173758000339149
8.012973999939277
8.296541999698093
8.25217000056
8.23897999998735
8.647151999866765
8.439238999926602
8.18339899979037
8.429495999735082
8.828827999423083
8.779455999501806
9.212459000082163
8.389425000132178
8.098345999314915
8.438917000603396
8.21542900030181
9.254351999516075
8.596110999860684
8.080036000137625
8.42309700055921
8.592181000494747
9.178248999887728
8.391554999434447
9.18954799999483
8.745556000576471
8.847288999277225
8.189979000235326
8.371234000151162
9.345133999886457
8.780428000136453
8.456286999717122
8.451446999970358
8.386274999793386
8.579635000387498
8.719536999706179
8.59590100026253
9.06494599985308
8.88868000038201
8.321942999828025
8.424175999607542
8.925322000322922
8.658302999720036
8.5427490002985
8.859819999997853
8.635562000563368
8.571631000449997
9.246110999811208
9.4350770004894
9.8495020001792
8.932621999520052
8.311373000651656
8.205210000596708
8.478058000036981
8.81412799935788
7.4205649998475565
8.280472000478767
9.43746699977055
8.612671000264527
9.093865999602713
8.971082999778446
8.21090999943408
8.116336999592022
8.110636999845156
8.204568999644835
8.300701999360172
8.494116999827384
8.041934999710065
8.407524999711313
8.334702999491128
8.194129000003159
8.667453000271053
8.545899999262474
8.722765000129584
8.573000999604119
8.935630999985733
8.35473400002229
9.157198000139033
8.863809000104084
8.907770999940112
8.168968000063614
8.67171300069458
9.248132000720943
9.064494999620365
8.655143000396492
8.989423000457464
8.402295000450977
8.607562000179314
8.452546999251354
9.159588000329677
9.204865000356222
9.057835000021441
8.506518000103824
8.382775999962178
8.42155600003025
8.646402000522357
8.84748899989063
8.454777000224567
8.398854999541072
8.181497999430576
8.372185000553145
8.409856000071159
8.369584999854851
8.464886999718146
8.190358999854652
8.225279999351187
9.07130599989614
8.261840999693959
8.166787999471126
8.441236000180652
8.547100000214414
8.861467999849992
8.533630000783887
8.333573000527394
8.370214000024134
8.720404999621678
8.495527999912156
8.958062000601785
8.060535000367963
8.313022000038472
8.858099000462971
9.17459999982384
8.434146000581677
8.476547999634931
8.171538000169676
8.703494000656065
8.479578000333277
9.100195999963034
8.132707000186201
8.284542000183137
8.71249500050908
8.904560000701167
8.423825999670953
8.756105999964348
8.239720999881683
8.929541000725294
8.391625000513159
8.775837000030151
9.18870900022739
8.568379999815079
9.246860000530432
8.589600999584945
8.914091999940865
8.818397999675653
8.527029000106268
9.3498450005427
8.714175000022806
10.091607000504155
8.311112000228604
9.74426599987055
9.273710999877949
8.747035999476793
9.569971000018995
8.617460999630566
8.457007000288286
8.090145999631204
9.209480999743391
8.729664999918896
8.44366599994828
8.34008400033781
8.698825000465149
8.890189999874565
9.053175000190095
8.262441000624676
8.270191000519844
8.580391000577947
8.218128999942564
8.66976299948874
8.390044999941892
8.273322000604821
8.567869999751565
8.204909000596672
8.757325999795285
8.592660999966029
9.303323000494856
8.32273299965891
9.142247999989195
8.784657999967749
8.517178000147396
8.159248000083608
8.817808000458172
8.085245000074792
8.009363999917696
8.390154999688093
8.23794000007183
9.327294000286201
8.919261000301049
8.49635800022952
8.50334799997654
8.511737999469915
8.456777999526821
9.209909000674088
8.779926999523013
8.571090000259574
8.032986000216624
8.456706999822927
8.208800000829797
8.348682999894663
8.548652000172297
8.414965000156371
8.297911999761709
7.585289999951783
7.855918000132078
8.310703000461217
9.27532199966663
9.665542999755417
8.840648999466794
8.724584999981744
8.564509999814618
8.347934000084933
8.278821000203607
8.455875999970885
8.560330999898724
8.601090999945882
8.339453000189678
8.776325999861001
9.17567800024699
8.193918999495509
8.869880000020203
9.136348000538419
8.335982999597036
8.193708999897353
8.975742000075115
8.196498999495816
8.808117999251408
9.831518000282813
10.223360999589204
9.379645000080927
9.070105000319018
8.912643999792635
8.410785999330983
8.1678179994924
8.334003000527446
8.520819000295887
9.633321999899636
8.656073000565812
8.675412999764376
8.467107999422296
8.725444999981846
8.393824999984645
8.390105000216863
8.30559199948766
9.068946000297728
8.261760999630496
8.949571999437467
8.549799999855168
8.458646999315533
8.405484999457258
8.585870999922918
8.822067999972205
8.201300000109768
8.573990000513732
8.49493799978518
8.383444999708445
7.8764800000499235
8.671763999700488
8.880389000296418
8.495719000165991
9.298521999880904
8.315752000271459
8.231401000557526
8.611362000010558
8.178357999895525
8.337062999999034
9.019324000291817
8.923110999603523
8.198300000003655
8.584799999880488
8.585760999267222
8.857389000695548
9.391194000272662
8.686905000104161
9.094935000575788
8.37410500025726
8.95581199984008
9.530399000141188
8.889409999937925
9.628662000068289
8.471526999528578
8.453247000034025
9.567140999934054
9.252220999769634
7.3237729993707035
8.78332699994644
7.591880999825662
8.63037199997052
8.606610999777331
8.273471999928006
8.760320999499527
8.973717999651853
7.93038199935836
8.328342999448068
8.695783999428386
8.228530999986106
8.178417999261
8.41043600030389
8.311251999657543
8.126276000439248
8.346564000021317
8.38975499937078
8.86262899985013
8.670293999784917
9.683804999440326
9.417346000191174
9.526140000161831
9.43455700053164
10.044325000308163
9.929781999744591
9.79929799996171
10.034854999503295
10.228811000160931
10.081586000524112
11.281822000455577
11.079206999966118
10.315933000129007
10.110297000210267
11.110668000583246
10.529760000281385
11.096266999629734
11.11266699990665
9.864159999779076
9.438696999495733
10.90465199922619
10.627423000187264
10.756206999758433
10.395114999482757
9.91300100031367
9.7667560003174
10.662233999937598
10.643313999935344
10.324582999601262
9.853399000348873
10.821378999935405
11.319223999635142
10.919152000496979
11.061756999879435
10.511509999560076
9.832018999986758
10.263491999467078
11.049724999793398
10.63679199978651
10.784137999507948
10.917421000158356
10.547181000220007
10.698234999836131
10.620352999467286
10.464748999766016
10.423167000226385
9.975042999940342
11.678195000058622
10.719156000050134
10.61342200046056
11.337584000102652
10.497799000404484
10.353033999308536
10.441927000101714
10.740476000137278
10.175728999456624
10.297353000169096
10.246051000649459
11.459188000117138
10.546321000219905
9.76183700004185
9.841748000326334
11.103857000307471
10.684487000617082
9.708534000310465
10.330103999876883
10.488098000678292
9.95025300017005
10.44031699984771
11.023804999240383
10.351916000217898
10.226181000689394
10.048184999504883
11.177929000041331
10.789328000100795
11.2283420003223
10.009792999881029
10.035774999778369
10.499088999495143
11.04451799983508
10.615061999487807
9.942962000422995
10.307243000170274
11.262821999480366
10.248550999676809
10.268561999509984
10.352883999985352
9.698114999991958
10.99699399946985
10.159509000004618
11.18051000048581
11.630324000179826
11.316453999825171
10.069445999761228
9.677574000306777
9.801386999242823
10.787876999529544
10.940142000436026
10.60602200050198
10.027925000031246
10.249380999994173
9.85726999988401
10.484608999831835
10.214011000243772
10.387615000581718
10.634352999659313
10.546589999648859
9.710926000479958
10.435926999889489
10.193740000431717
10.238679999929445
9.75631599976623
11.455578999630234
10.133748000043852
10.155838999708067
9.970473000066704
11.186130000169214
9.787777000383358
10.794668000016827
10.557400999459787
10.29754299997876
10.456528999384318
9.856179999587766
10.749476999990293
10.431797000819643
10.14660799955891
10.999103999893123
10.817948999829241
10.072717999719316
9.876590000203578
11.083256000347319
10.174139999435283
10.340624000491516
10.194378999585751
10.724245999881532
9.778137000466813
10.013703999902646
10.370654999860562
11.427516999901854
10.906311000326241
10.307432999979937
9.96375300019281
10.620083000503655
9.986023000237765
9.778705999451631
10.534480000387703
10.509402000025148
10.576642000160064
9.067156000128307
9.51237899971602
9.67500399929122
9.414017000381136
10.570190999715123
10.196420000283979
10.124716999598604
9.711635000712704
10.737796000285016
10.786947999804397
10.635173000082432
10.567041000285826
10.263701999974728
9.937251999872387
10.928362000413472
10.061295999548747
9.858010000243667
9.806877999835706
10.518009000406892
10.128107000127784
10.403276000033657
9.668454000347992
10.344414000428515
10.692654999729712
10.550480999881984
11.722566000571533
11.215282000193838
10.837060999620007
9.06872499945166
8.718563999536855
10.040494999884686
9.45989699994243
10.341774000153237
10.077285999614105
10.002863999943656
10.437707000164664
10.150437999982387
10.578102000181389
10.964012999465922
9.8934100005863
10.741396000412351
10.369194999839237
11.20536100006575
10.704184999667632
10.11417799963965
10.522199999286386
12.407315999553248
11.267413000496163
10.283552000146301
10.99093399989215
10.552650000136055
9.973442999580584
9.868719999758468
10.185509999246278
10.657914000148594
10.352915000112262
10.354385000027833
10.255631000291032
10.203549999459938
10.1754390007045
11.304913999993005
10.25653200031229
10.632052999426378
10.118258000147762
10.552311000537884
10.4617569995753
10.165877999497752
10.950142999718082
11.215950999940105
11.09836700015876
10.315092999917397
11.23348100009025
9.58776100014802
10.007845000473026
10.54721999935282
9.784367999600363
10.687213999517553
9.655083000325249
9.885383000437287
10.106566999638744
9.91320100001758
10.148358000151347
9.595131000423862
10.10152700018807
9.701805000077002
10.699788000238186
9.844169000643888
10.29901299989433
11.315323000417266
10.8483799995156
10.985803000039596
10.43739699980506
11.582432000068366
9.694364000097266
9.367814999677648
10.114187999533897
9.724245000143128
10.30089300002146
10.33309400008875
10.441657000228588
10.501229000510648
10.634534000018903
10.227610000583809
10.176418999435555
10.155959000258008
10.186989000430913
10.356165000303008
10.509399999136804
9.30043299922545
10.93134100028692
10.483709000254748
10.700394999730634
11.478579000140599
11.476028000288352
11.17457899999863
9.59881100061466
10.125537000021723
10.601771999972698
10.535049999816692
9.835499000473646
10.177509000641294
10.440866999488208
10.119298000063282
10.958183000184363
10.549030000220228
10.045094999441062
11.099116999503167
9.830408000198076
11.148848999255279
10.670802999811713
10.429816999931063
9.535889999824576
10.092986999552522
10.067474999232218
10.398886000075436
10.320822999347001
10.07583600039652
9.880901000542508
10.421617000247352
9.899990000121761
10.12430700029654
9.93138200010435
9.081986000637698
9.394734999659704
9.917291999954614
9.918701000060537
10.529049999604467
10.966982999889296
11.236160999942513
9.854938999524165
11.341646999426303
11.072389000219118
24.941177000073367
14.477720000286354
9.945872000571399
9.115126999859058
9.550739999212965
9.23233999947115
9.294382999541995
9.981973000321887
10.40612599990709
9.747305999553646
10.856289000003017
10.273713000060525
10.129387999768369
10.360694999690168
11.04910599951836
11.069576000409143
9.946172000127262
9.648672999901464
10.417036999569973
10.022975000538281
10.331964000215521
10.033493999799248
11.578542000279413
10.273171999870101
10.337173999687366
10.457278000103543
10.487818000001425
9.814199000174995
10.661245000846975
10.126887999831524
10.333063999496517
9.886910000204807
10.285752000527282
10.908811999797763
11.842960000649327
10.545569999521831
9.591162000106124
10.728225999628194
10.1053669995963
9.972293999453541
10.4497980000815
10.790667000037502
10.584061000372458
10.362185000303725
9.81027699981496
9.46863800072606
9.839598999860755
10.396244999355986
10.162849000153074
10.239800999443105
10.158289000173681
10.43724699957238
10.474378000253637
10.437847000503098
10.485748000064632
10.416377000183275
11.854180000227643
11.291114000414382
12.01973499973974
10.279781999997795
10.474488999534515
10.492468999473203
9.821378000197
9.857390000433952
10.382815000411938
10.48861900017073
11.839890000373998
9.845889000644092
9.935193000274012
10.56740100011666
9.8050480000893
9.941201999936311
9.451956999328104
10.746636000476428
10.148878999643784
10.04400599958899
9.06322600076237
8.9599820003059
8.720806000383163
8.66343199959374
8.961352999904193
8.235270000113815
8.24445000034757
8.627692000118259
8.24470099996688
8.450526000160608
8.323022999320528
8.502538000357163
8.426056000644166
7.591281000713934
8.703565000359959
8.259920999989845
8.471398000438057
8.287741999993159
8.508678999533004
8.904751000045508
8.701804999873275
8.139778000440856
8.186718000615656
8.694703999935882
9.110358000725682
9.152857999652042
9.38133999989077
8.353814000656712
8.901170999706665
8.948280999902636
8.892769999874872
9.367484999529552
9.402044999660575
9.487469000305282
9.355273999972269
10.563881000052788
10.336424000342959
9.661835999395407
9.572001000378805
10.258291000354802
11.432448000050499
10.797678000017186
10.303322999789088
11.337754000123823
10.762597999928403
11.26341299914202
11.06860600066284
10.457587999553652
10.050684999441728
10.11967700014793
11.880041000040364
11.182600000211096
11.073626999859698
10.343324999666947
10.256022999783454
10.181568999541923
9.742375999849173
10.102409999490192
10.498059999918041
10.665054000128293
10.324353999749292
10.120128000380646
10.311221999472764
10.077464999994845
10.573661999842443
11.104960000011488
9.819298999900639
10.023754000030749
10.279381999680481
10.202369000580802
10.373455000262766
9.545109999635315
9.980536000512075
11.037076000320667
10.94888199986599
10.871931000110635
9.463098000196624
10.219450000477082
10.597552000035648
9.798196999327047
11.31373399948643
10.006794000219088
11.363188000359514
9.894898000311514
10.498474000087299
11.130990000310703
9.850559000369685
9.846349999861559
9.983366000597016
9.214349999638216
7.842797999728646
9.22960099978809
9.832378000282915
10.074865999740723
9.890820000691747
9.920771999532008
10.582981999505137
9.97825299964461
10.54353000017727
10.550080000029993
11.391856000045664
10.986893999870517
10.856099000193353
9.755127000062203
9.974702000363322
9.894180000628694
10.057855999548337
10.06314599999314
10.439416999361129
10.111596999195172
10.831849000169314
10.958942999423016
10.297832999640377
10.492298999452032
10.189820000050531
10.431546999825514
10.471827999936067
11.391375999664888
11.692848000166123
10.76587700026721
10.555880000538309
9.808009000153106
10.204969999904279
10.681484999622626
11.143618999994942
10.512759999983246
9.886720000395144
11.089216999607743
11.477437999928952
10.913541000263649
10.427357000480697
11.458968000624736
10.141817000658193
10.53472000057809
10.771439000563987
10.481447999154625
10.492398999303987
10.623552999277308
9.958541999367299
10.23390099999233
10.34600499951921
10.645093000675843
11.01783499962039
11.056276000090293
10.59211099982349
10.077066000121704
10.747765999440162
10.180989000218688
10.668083999917144
10.376655000072788
10.548860999733733
10.899520999373635
10.432387000037124
10.588302000542171
10.901071000262164
9.454577000724385
9.884981999675801
9.374464999382326
9.745254999870667
9.421347000170499
9.75675500012585
8.651242999803799
8.814358000563516
8.646522999697481
8.716185000594123
8.794147000116936
10.066576000099303
9.442076999221172
9.04213399917353
9.309643000051437
9.1239069997755
8.686053999554133
10.451486999954795
9.428766000382893
10.54128000032506
9.818608999921707
10.751857000286691
10.130408000804891
10.083226000460854
10.113796999576152
10.487837999789917
9.677293000095233
9.92236199999752
10.014772999966226
10.199560000728525
9.467046999816375
10.23422100024618
9.873859999970591
10.583880999547546
10.276421999151353
10.759056000097189
10.633662999680382
10.397345999990648
9.827198000493809
10.327454000616854
10.45500800046284
9.820438000133436
9.794598000553378
9.975232999750006
11.037296000722563
11.003414000697376
10.910651000813232
9.98926299962477
10.001984000155062
10.281492000103754
9.958652999557671
10.352835000048799
9.860489999482525
10.866130000067642
10.178499000176089
9.694605000731826
10.086246999890136
11.178078999364516
10.158127999602584
10.31992300067941
10.489729000255466
11.049245999856794
10.12759700006427
10.366335000071558
10.718995000388531
9.625972999856458
9.788356999706593
9.778816999642004
9.765775999767357
11.496608999550517
10.202559999925143
11.039105000236304
10.450416999447043
10.688558000765624
10.401546000139206
10.553891000199656
10.84578900008637
10.436696999931883
11.80218799981958
11.341333999553171
9.812819000217132
10.303971999746864
9.95871199938847
10.726606000389438
10.52900100057741
9.845017999396077
9.805777999645215
10.253441999338975
9.99048399989988
10.57381999999052
9.515599000224029
10.383136000200466
10.663203000149224
10.200779999649967
10.032594999756839
10.037913999440207
10.714845000620699
10.56949100075144
10.768588000246382
10.456617000272672
9.962492999875394
10.211550000349234
10.37320399973396
10.457096999743953
10.757427000498865
9.772927000085474
9.292681999795604
9.716784999909578
9.753745999660168
10.863640000025043
10.278503000336059
10.495229000298423
11.377306000213139
10.50362000023597
10.337753999920096
9.763387000020884
10.938342000372359
11.512998999933188
10.480758000085189
10.313819000657531
9.964922000108345
10.24673099982465
9.888689999570488
11.933761999898707
10.629904999404971
11.368704999767942
10.679033999622334
10.954833000141662
10.962612999719568
10.774716999549128
11.018246999810799
11.667603999740095
11.19981000010739
9.393446000103722
10.269731999869691
10.828198999661254
10.116997000295669
10.534109999753127
10.632992999489943
10.27392299965868
10.079875999508658
10.645592999935616
9.836688000177674
10.708775000239257
10.641752999617893
10.683984000024793
10.20820099984121
10.20695999977761
10.439310000037949
10.274273000504763
10.136027000044123
11.206879999917874
10.204219999650377
10.984552999616426
10.482517999662377
10.620632000609476
10.808648000420362
10.733135999544174
10.344383999836282
9.924331000547681
10.678896000172244
10.978942999827268
9.701613999823167
10.761176999949384
10.873370999433973
10.273202000462334
10.006193000663188
10.914741000306094
10.692784999264404
10.0142240007699
10.089817000334733
10.946622000119532
10.800058000313584
9.819308999794885
9.26068100034172
9.684974000265356
9.905780999361014
10.115936999682162
10.417685999527748
10.430086999804189
9.642512999562314
9.625982000216027
9.7317080007997
10.341283999878215
9.963772999981302
9.779047999472823
10.188449999986915
10.904521999691497
10.383894999904442
9.40931700006331
9.74981499985006
10.38974600032816
10.076845999719808
10.498229000404535
10.402775999864389
10.121307000190427
10.330674000215367
9.707304999210464
10.252920999846538
10.615563000101247
9.829788000388362
9.600962000149593
10.88712300042971
10.446758000398404
9.947262999958184
10.321683000256598
9.531470000183617
10.777467000480101
10.618882000017038
10.82465899980889
9.87572000030923
11.758727000596991
11.456178000116779
12.289553000300657
10.689855000237003
11.457038999651559
10.53851999949984
10.182969000197772
10.13013800002227
11.594082000556227
10.082296000291535
10.26904399986961
10.69437200021639
11.224881000089226
10.229200999674504
10.608431999571621
10.088305999488512
10.709205000239308
10.468958000274142
10.460647999934736
10.909332000665017
10.904232000029879
11.04515499991976
10.444526999890513
10.408866999569
10.430278000058024
9.420491000128095
10.443846999805828
9.567500999764889
10.346635000132665
9.944360999725177
10.709204999329813
10.63541300027282
9.996623000006366
10.389664999820525
10.657333999915863
10.017694000453048
11.346764999871084
10.140768999917782
10.008854000261636
10.18692999969062
10.621502000503824
10.468510000464448
10.649443000147585
11.877169999934267
10.712055000112741
10.30083299974649
11.482010999316117
10.31069300006493
10.690665000765875
10.795966999467055
10.242141000162519
10.59902199995122
10.69996599926526
10.211249999883876
11.125396999887016
10.825919000126305
11.086047000389954
10.424697000416927
11.063386999921931
