payload_size_bytes=1048576
runs=50
mean_ms=9.924
median_ms=9.212
stddev_ms=1.763
min_ms=8.220
max_ms=18.029
---raw---
18.02879299975757
15.52343099956488
11.158293999869784
10.909871999501775
11.438493000241579
8.84546900033456
11.526629999934812
8.85852800001885
8.967017000031774
8.78162200024235
9.364214000015636
8.695649999935995
9.341237999251462
10.511353999390849
8.799357000498276
9.121546999267593
9.1607889999068
9.511268000096607
9.178067999528139
8.586635000028764
8.872469999914756
8.749161000196182
10.282051999638497
8.557769000617554
8.878183999513567
8.627641999737534
9.088965999580978
8.822658000099182
8.834623000439024
8.467496999401192
8.624670999779482
8.22008100021776
8.866228999977466
11.027655000361847
10.930036999525328
11.047111000152654
11.473633000605332
11.499808999360539
9.712014999422536
11.127118000331393
10.192359000029683
11.213204999876325
9.88309000058507
10.724364999987301
10.696425999412895
9.952747999705025
9.245985999768891
8.690265000041109
9.123916000135068
8.441407000645995
