payload_size_bytes=1048576
runs=50
mean_ms=9.902
median_ms=9.359
stddev_ms=1.638
min_ms=8.248
max_ms=17.833
---raw---
17.83255500049563
10.676771999897028
11.984724000285496
10.04335500056186
10.453147999214707
11.36883500021213
9.290564999901108
8.713228000488016
8.771970999987388
8.247599999776867
9.306132999881811
8.446030999948562
8.790256999418489
8.774687999903108
9.566391000589647
8.868378999977722
8.422864999374724
8.943004000684596
8.75364500006981
8.852883999679761
10.69587700021657
10.827304000486038
12.517704999481793
10.17198399949848
10.562828000729496
10.454694999680214
10.852825999791094
10.59491199976037
11.087295999459457
10.788484999466164
12.092195000150241
11.062554999625718
11.061160999815911
9.82155200017587
9.411322999767435
8.80286600022373
8.485937999466842
8.636947000013606
8.936305999668548
8.843831000376667
8.977302999483072
8.258051000666455
9.572066000146151
10.072899000078905
8.970922000116843
12.435898000148882
8.725829000468366
8.667432999573066
8.771486000114237
8.84067400056665
