payload_size_bytes=1048576
runs=50
mean_ms=13.033
median_ms=15.283
stddev_ms=3.157
min_ms=8.272
max_ms=16.523
---raw---
14.46939499965083
15.67422100015392
15.980115000274964
15.345744999649469
16.17813099983323
16.099133000352595
15.380357000140066
15.844491999814636
16.0352619996047
15.987814999789407
15.404718999889155
15.951059000144596
16.52261599974736
15.956524999637622
15.288108999811811
15.585262999593397
15.414306999446126
16.049617000135186
15.76929799921345
15.461314000276616
15.978937999534537
16.323836000083247
15.773068999806128
15.89622200026497
15.824551000150677
15.416887999890605
15.278297000804741
14.634957000453142
9.445286999834934
9.83763799922599
12.515506999989157
12.335763999544724
8.768077000240737
8.897239999896556
9.175829000014346
9.468387000197254
8.271535999483604
8.342289000211167
8.897099999558122
10.114071999851149
9.83053399977507
11.70193600046332
10.541321000346215
10.382825000306184
8.783336999840685
9.30706300005113
9.561220000250614
8.475966999867524
8.521123999344127
8.976351999990584
