payload_size_bytes=1048576
runs=50
mean_ms=8.958
median_ms=8.620
stddev_ms=1.291
min_ms=8.071
max_ms=14.972
---raw---
14.97218900021835
11.630142999820237
14.271533000282943
8.686433000548277
8.36321300084819
8.930035999583197
8.638622000034957
9.262401999876602
8.522697999978845
8.533973999874434
8.707478999895102
8.529862999239413
8.645580999655067
8.070560000305704
8.871309000824112
8.553502000722801
8.975022000413446
8.505628000420984
8.49476399980631
8.542722000129288
8.444781999969564
8.810332999928505
8.696042999872589
9.655584000029194
8.286477000183368
8.215955000196118
8.146566000505118
9.097878999455133
9.088472000257752
8.527924000190978
8.99679299982381
8.244779999586171
8.612246999291528
8.626593999906618
8.245520000855322
8.613931000581942
8.932256000662164
8.420189999924332
9.031865999531874
8.925596000153746
8.378255000025092
8.544688999791106
8.092969999779598
8.574750999287062
8.160731999851123
9.020554000017
8.856669000124384
9.681812999588146
8.831017999909818
8.42172800003027
