payload_size_bytes=1048576
runs=50
mean_ms=9.184
median_ms=9.040
stddev_ms=0.664
min_ms=8.157
max_ms=11.069
---raw---
11.041990000194346
10.316093000255933
9.657672999310307
9.354703000099107
10.804887999256607
9.407055999872682
10.007869000219216
9.262110999770812
9.516748999885749
8.774752000135777
8.63321300039388
9.038553999744181
9.508794999419479
9.048255000379868
9.470986999986053
9.504249000201526
9.506638999482675
8.156757000506332
9.041224999236874
8.500458000526123
10.120517999894219
8.4447609997369
9.930600999723538
8.83040799999435
8.404266000070493
9.351057999992918
9.352009999929578
8.967611999651126
9.483926999564574
9.433361000446894
9.14257699969312
9.188820000417763
11.069105999922613
9.494852999523573
8.952501999374363
8.873848999428446
8.562785000322037
8.681483999680495
8.817298000394658
8.948462000262225
8.414805999564123
8.787581999968097
8.415655000135303
8.498152999891317
8.586980000472977
8.989537000161363
8.896014000129071
8.69282799976645
8.73546700040606
8.572970999921381
