payload_size_bytes=1048576
runs=50
mean_ms=9.108
median_ms=8.789
stddev_ms=1.770
min_ms=8.102
max_ms=20.558
---raw---
20.55836499948782
8.907285000532283
8.750750000217522
8.435341000222252
8.479119999719842
8.364983999854303
10.883951000323577
9.43858599930536
8.357903000614897
8.804238000266196
9.052254999915021
8.77411200053757
9.043575000760029
11.128219999591238
8.491171999594371
9.704496999802359
8.340641999893705
8.102128999780689
8.440306000011333
9.27697299994179
8.134612000503694
8.932220999668061
9.163343000182067
8.617479999884381
8.170388000507955
8.819208000204526
8.539393999853928
9.560090000377386
8.69172599959711
8.432941000137362
9.576689999448718
8.828742000332568
8.654045000184851
9.051283999724546
8.402411000133725
9.27012099964486
8.56165100049111
8.244859000114957
8.461870000246563
8.313364999594341
8.234606000769418
8.315158000186784
9.274613999878056
8.348493000085
8.806222000202979
9.182368999972823
8.84075500016479
9.039004999976896
9.38763599970116
10.21588499952486
