payload_size_bytes=1048576
runs=50
mean_ms=13.037
median_ms=15.358
stddev_ms=3.285
min_ms=8.042
max_ms=18.257
---raw---
11.441305000516877
16.643723000015598
16.237354999248055
15.488143000766286
15.72713899986411
15.681175000281655
15.69887200002995
15.759177999825624
15.661319999708212
15.967536000061955
15.614003999871784
16.657609000503726
15.268877000380598
15.770567999425111
15.292396999939228
16.114250000100583
18.256675999509753
9.430985999642871
9.304502999839315
10.267921999911778
9.035045000018727
9.043973999723676
9.216738999384688
9.447419000025548
9.981262999644969
9.39035499959573
9.343423999780498
9.241890000339481
10.943082000267168
8.483671999783837
9.156719000202429
8.233244000621198
9.696265999991738
8.041924000281142
9.107767000386957
11.228411000047345
9.12271199922543
8.89231099972676
15.508626000155346
15.869856000790605
15.712022000116121
15.423971000018355
15.457520000381919
15.818464999938442
15.854021000450302
15.62204399942857
15.560823000669188
16.091667999717174
15.77731399993354
15.264132999618596
