payload_size_bytes=1048576
runs=50
mean_ms=9.080
median_ms=8.743
stddev_ms=0.969
min_ms=8.106
max_ms=13.307
---raw---
13.306537000062235
9.777386000678234
8.742826000343484
8.673371000440966
8.254892999502772
8.307294000587717
8.843632999742113
8.84864399995422
8.392349999667204
8.830820000184758
9.328389000074822
8.471017999909236
8.847839999361895
8.552258999770856
8.33927500025311
8.963271000538953
8.870663999914541
8.826418000353442
8.64485500005685
8.531209000466333
8.910941000067396
8.106390000648389
8.742787999835855
8.354180000424094
8.721084999706363
8.592094000050565
8.584905000134313
8.502040000166744
9.025045999806025
8.433107999735512
8.510452999871632
8.533658999112959
9.21851000020979
8.557631999792648
10.644708000654646
11.070901999119087
9.163337999780197
8.331527999871469
9.269655000025523
8.483926999360847
8.66197200048191
8.61189699935494
9.123561999331287
8.350795999831462
9.556500000144297
11.159657999996853
10.184186000515183
10.40028399984294
10.780765000163228
10.05675299984432
