payload_size_bytes=102400
runs=250
mean_ms=1.945
median_ms=1.997
stddev_ms=0.526
min_ms=0.805
max_ms=4.217
---raw---
1.5431540005010902
1.2181869997220929
0.994463000097312
0.9319959999629646
2.4343740005861036
1.0706319999371772
0.9028380000017933
0.9061370001290925
0.8069579998846166
0.9114060003412305
1.0392060003141523
2.4520020006093546
3.7738549999630777
1.7495729998699971
1.860151999608206
1.8796530002873624
3.488940999886836
1.8373319999227533
1.9135970005663694
1.68419100009487
1.7280550000577932
1.9205809994673473
2.1801839993713656
1.7268450001211022
1.9437010005276534
1.7376030000377796
1.7345799997201539
1.8088770002577803
2.3156130000643316
1.9873760002155905
2.1494749998964835
1.8355899992457125
1.7569109995747567
2.090005000354722
2.111814000272716
1.8316279993086937
1.8015440000453964
1.708892000351625
1.8026850002570427
1.8984629996339208
3.3177810000779573
2.12390399974538
2.7264319996902486
2.7979050000794814
2.0743779996337253
1.9590789997891989
2.000564999434573
2.2966599999563186
1.8875079995268607
2.033654000115348
2.563128000474535
1.968292000128713
2.1372400005930103
2.0443669991436764
2.294455000082962
2.061287000287848
2.1140290000403184
2.0595349997165613
1.9640770005935337
1.7817939997257781
2.2773099999540136
1.9311579999339301
2.0137869996688096
2.338576000511239
1.8260460001329193
1.9084770001427387
2.055193000160216
2.0467719996304368
1.890750000711705
1.8852550001611235
2.160274999368994
1.8472110004950082
1.974761000383296
2.068366999992577
2.002355999138672
2.0672880000347504
2.3164650001490372
2.072026999485388
2.0472330006668926
2.4073829999906593
2.1339949998946395
1.9852129998980672
2.2762470007364755
2.0739419996971264
2.1109770004841266
1.9826199995804927
2.096593999340257
2.3754339999868535
2.2216930001377477
1.959510000233422
2.1155829999770503
2.1985020002830424
2.4043479997999384
2.0611029995052377
1.9731889997274266
2.7944350003963336
2.2426890000133426
1.9706599996425211
1.9283270003143116
2.072528999633505
1.991846000237274
2.0968489998267614
2.051012000265473
1.9110530001853476
1.8950270005007042
2.414943000076164
2.470865000759659
2.259550999951898
2.4041810002017883
1.925396999467921
1.9491650000418304
2.223904999482329
2.2982629998296034
2.0686580000983668
2.183745999900566
1.9688689999384223
2.000171000872797
2.06811799944262
2.3149050002757576
2.1066740000605932
2.0046110003022477
1.8338410000069416
1.9826650004688418
2.1882459996049874
2.0679129993368406
1.8709900004978408
2.0797859997401247
2.010048000556708
1.9220009999116883
2.103028999954404
2.2431679999499465
1.9506380003804225
2.0431080001799273
1.9429490002949024
1.9509190005919663
2.0610500005204813
2.097167000101763
1.9906250008716597
2.0444430001589353
1.9626089997473173
2.031691999945906
1.9101379994026502
1.9415589995332994
2.2078060001149424
2.0799189996978384
1.9378489996597636
2.5755480000952957
1.8689359994823462
1.9458349997876212
1.9237209999118932
2.090652000333648
2.5345809999635094
0.9685150007499033
0.8742760001041461
0.9467489999224199
0.8045270005823113
0.8473830002913019
0.8789559997239849
0.825385000098322
0.852295999720809
0.836865999190195
0.8468559999528225
0.8392560002903338
0.832214999718417
0.9022679996633087
0.8500149997416884
0.8456549994662055
0.910197999473894
0.8184050002455479
2.4569639999754145
1.0091209996971884
2.030261999607319
1.0592019998512114
0.8613059999333927
0.854955999784579
0.9829720002016984
0.9186550005324534
1.1014679994332255
1.121023999985482
0.8590650004407507
1.9339239997862023
4.217393999169872
2.1761460002380772
2.007996000429557
3.3701479997034767
3.3999719998973887
2.875768000194512
2.134344999831228
1.9828599997708807
2.6101989997187047
2.074753000670171
2.0444219999262714
2.5850190004348406
1.9818910004687496
2.0214460000715917
2.4193689996536705
1.9381410002097255
1.9365560001460835
2.014921000409231
2.094323000164877
1.8548420002844068
1.844735000304354
2.042837000772124
1.8932370003312826
1.836526000261074
2.5758479996511596
2.014261000113038
2.04180200034898
2.4612739998701727
1.9799100000454928
2.0178229997327435
2.6630709999153623
2.3033189991110703
2.0884429995930986
2.4750550001044758
1.9799559995590243
1.9668900004035095
1.9744310002351995
2.049970000371104
2.1284079994075
2.0739029996548197
3.0432670000664075
1.9429189997026697
1.9102030000794912
2.2944880001887213
2.2278250007730094
2.229478000117524
1.9661090000226977
2.1070849998068297
2.018745999521343
1.9947559994761832
2.1540750003623543
2.0621580006263684
2.0385999996506143
2.0486620005613077
2.091444000143383
1.7595029994481592
1.8347060004089144
1.789908999853651
1.9463270000414923
1.888419999886537
1.8048760002784547
1.599459000317438
1.8996279995917575
1.6695000003892346
2.438319000248157
2.3728999995000777
1.8845770000552875
1.8307930004084483
1.6591599996900186
