payload_size_bytes=102400
runs=250
mean_ms=2.024
median_ms=1.921
stddev_ms=1.182
min_ms=0.835
max_ms=11.187
---raw---
1.576668000780046
1.32173000019975
2.8211660001034033
2.0828229999096948
2.67134099976829
1.4600039994547842
1.3406309999481891
1.392241999383259
1.4253560002543963
1.1431820003053872
1.0632820003593224
1.3531499998862273
1.4737550000063493
1.3572500001828303
1.065811999978905
1.081813000382681
1.212836999911815
1.1136240000269026
1.1575779999475344
1.0402809994047857
1.1163549997945665
1.2674379995587515
1.3011890005145688
1.4279630004239152
1.3068669995845994
8.00206599978992
2.441583000290848
2.658958999745664
2.5958890000765678
2.1708160002162913
2.157826000257046
8.024404000025243
2.3598410007252824
2.7888840004379745
2.579838999736239
2.525127000808425
2.3981440008356003
8.50423799965938
2.617389000079129
2.053451999927347
2.5293019998571253
2.242327999738336
2.131828999154095
2.251407000585459
7.38235600056214
2.1300739999787766
2.19722199926764
1.9191080000382499
1.9525939997038222
1.8951220008602832
1.9012780003322405
2.0388960001582745
2.679080999769212
11.186630000338482
2.1544200008065673
2.1272939993650652
2.1253390004858375
2.1380649995990098
3.6465299999690615
0.9523290000288398
1.3654409995069727
1.1338840004100348
1.3974920002510771
1.1422449997553485
1.0539120003159042
1.672670999141701
0.9553889995004283
1.3973630002510617
0.8353650000572088
0.8474950000163517
1.0896940002567135
4.031522000332188
0.901198000065051
0.883237000380177
1.011590999951295
1.0311309997632634
1.0561219996816362
2.1126640003785724
0.8920170002966188
1.0247919999528676
0.9774519994607545
0.9104349992412608
0.9161380003206432
0.9118179996221443
0.888626999767439
0.9575120002409676
0.8803740001894766
0.9278679999624728
1.2396579995765933
6.355632999657246
2.027282000199193
3.1247449996953947
1.0481640001671622
1.261688000340655
0.9272590004911763
1.2169470001026639
0.8635569993202807
0.8674370001244824
1.732565999191138
1.9269529993835022
1.9486350001898245
1.9982960002380423
1.909697999508353
2.451594999911322
5.3657819998989
2.6514209994275006
1.0059999995064572
0.9227380005540908
1.2019770001643337
1.0617489997457596
1.4641640000263578
1.093914000193763
1.6162789997906657
1.3887449995308998
0.9063460001925705
2.5722180007505813
0.8964369999375776
2.302631000020483
4.969960000380524
2.303109999957087
4.279480000150215
2.135304999683285
2.0815830002902658
1.9880310001099133
2.152744999875722
1.9985849994554883
2.0110570003453176
1.9819799999822862
2.0251710002412437
2.1118590002515703
2.477980000548996
1.945949000401015
1.8601359997774125
1.9059490005020052
2.081198000269069
2.7598189999480383
1.840144999732729
2.822206000018923
2.0950829994035303
1.8881670002883766
1.9838600001094164
2.1626469997499953
1.8756859999484732
1.8746480000118027
1.9670800002131728
1.9683590007844032
1.8957180000143126
1.8279599999004859
1.863385999968159
2.135190000444709
2.461914999912551
1.8874280003728927
2.2801690001870156
2.155856000172207
2.4213040005633957
1.9586899998103036
2.326589999938733
1.8932980001409305
2.10622400027205
1.992000999962329
2.2455180005636066
2.067073000034725
1.9755710000026738
2.4550449998059776
2.1632759999192785
2.4528339999960735
1.9342389996381826
1.9601490002969513
2.012781000303221
2.215897000496625
2.1285060001901
1.8627260005814605
1.9863299994540284
2.0792430004803464
2.157235000595392
1.835135999499471
2.1721760003856616
2.037692000158131
1.9075630007137079
2.1677610002370784
1.9537499993020901
2.2588680003536865
1.9776210001509753
2.5838679994194536
2.323961000001873
2.6723009996203473
1.875756999652367
2.107983999849239
2.0306819997131242
2.0638920004785177
1.9761699995797244
2.8906380002808874
1.8919479998658062
2.9844700002286118
2.689502000066568
1.9007380005859886
1.9348790001458838
1.68450099954498
1.8562059995019808
2.0322820000728825
1.9233080001868075
1.8090459998347796
1.8939729998237453
1.7594629998711753
1.7823589996623923
1.930079999510781
1.9031079991691513
1.6821210001580766
1.8988880001415964
1.6915810001592035
1.70312099999137
2.05982299939933
2.001881000069261
1.7431930000384455
1.6560399999434594
1.8588760003694915
1.979890999791678
1.8402460000288556
2.0238970000718837
2.0048360001965193
1.8875369996749214
1.780832999429549
1.9221689999540104
2.4405140002272674
1.8166850004490698
1.5521569994234596
1.6555410002183635
1.7051320000973647
1.641369000026316
1.9475589997455245
1.7323430001852103
1.8628459993124125
1.9587350006986526
1.667940000515955
1.9688200000018696
1.8691459999899962
1.7190970002047834
1.8761969995466643
1.925178999954369
1.8813270007740357
1.7967750000025262
1.7436240004826686
1.8337649999011774
1.9725799993466353
1.8582160000732983
1.7293430000790977
1.6756299992266577
1.8141350001315004
1.778443999683077
2.069042999210069
