payload_size_bytes=102400
runs=250
mean_ms=2.241
median_ms=2.015
stddev_ms=0.960
min_ms=1.632
max_ms=11.348
---raw---
3.252448000239383
1.991770999666187
3.155176000291249
2.139454999451118
5.5123370002547745
5.217007999817724
1.8346859997109277
2.168985999560391
1.8272259994773776
2.0233010000083596
3.5912390003431938
1.6970409997156821
1.884668000457168
2.0441619999473915
2.7787939998233924
1.716933000352583
3.9315489993896335
1.835976000620576
1.8249750000904896
1.9445799998720759
1.8251149995194282
11.347925000336545
1.7599339998923824
1.9007580003744806
1.9401590006964398
1.8003449995376286
1.7971739998756675
1.742313000249851
2.4165530003301683
1.8126959994333447
2.176255999984278
2.0527019996734452
1.7721320000418928
2.070038000056229
1.8051950000881334
2.280280000377388
2.224021999609249
1.7617160001464072
1.7223040003955248
2.6955199991789414
1.759292999850004
1.749113000187208
1.968768999176973
2.0400919993335265
3.0005309999978635
1.804325000193785
1.748813000631344
2.14717600010772
2.0427310000741272
7.804107000083604
3.662881999844103
4.453045000445854
2.3487430007662624
3.169675999743049
2.756021000095643
2.421993999632832
2.0557819998430205
9.044444000210206
2.7135830005136086
1.726563000374881
2.169008000237227
1.7796900001485483
1.981100999728369
1.8267850000484032
3.3606329998292495
3.6397100002432126
1.8378069999016589
1.90846799978317
1.9954399995185668
2.098013999784598
2.1272639996823273
1.847617000748869
3.620459000558185
1.92260299991176
1.9880760000887676
2.921678000348038
2.003420999244554
2.8092350003134925
1.6393199994126917
1.781064000169863
4.01038099971629
1.8096260000675102
1.6391499993915204
1.7589640001460793
1.9405789998927503
2.407293999567628
1.724681999803579
2.5830889999269857
2.7572139997573686
1.9016189999092603
2.0044309994773357
2.9135989998394507
1.7994650006585289
2.022020999902452
2.27631100005965
1.9653099998322432
1.8011869997280883
1.8014819997915765
1.6317620002155309
2.0138709996899706
1.9319189996167552
1.903776000290236
1.872119000836392
1.7575439997017384
1.8921379996754695
1.8829580003512092
1.8987050007126527
1.8775150001602015
1.8051399993055384
2.2128230002635974
1.67407099979755
1.8176350004068809
2.356372000576812
1.8161569996664184
2.590146000329696
2.012532000662759
2.398763000201143
2.004840999688895
2.6338099996792153
2.136235000762099
2.534247000767209
2.0148409994362737
2.4498699995092466
1.9891100000677397
2.5095170003623934
2.006521000112116
2.6707960005296627
1.9683599994095857
2.475801000400679
2.115924000463565
2.387902999544167
2.0541969997793785
2.4220289997174405
2.0629179998650216
2.634179999404296
1.9450380004855106
2.5370829998792033
2.0164670004305663
2.5632070000938256
2.053492999948503
2.227078000032634
2.014549999330484
2.2284289998424356
2.042521000475972
2.549079000345955
2.206868999564904
2.182283999900392
2.3222800000439747
2.1867659997951705
1.9635389999166364
2.410093000435154
2.1019489995524054
1.8222500002593733
2.089796000291244
2.0640580005419906
1.765543000146863
2.185951000683417
2.0927740006300155
1.9481590006762417
2.0052859999850625
1.8761149995043525
2.024358999733522
2.055681999991066
1.9999109999844222
1.9616199997471995
2.1134539992999635
2.2247580000112066
2.2492819998660707
2.029115999903297
2.119814999787195
1.9505990003381157
1.942097999744874
2.0419469992702943
2.126929000041855
1.8920579996120068
1.793643999917549
1.7820069997469545
2.400272999693698
1.9297409999126103
1.733812000566104
1.7966899995371932
1.8413850002616527
2.280311000504298
2.05430499954673
1.8460869996488327
1.652091999858385
2.244205999886617
1.8050270000458113
1.6596180003034533
2.3453630001313286
1.8393090003883117
2.1363089999795193
1.8462520001776284
2.6167369996983325
1.7142039996542735
2.6880590003202087
2.1451749998959713
2.088158000333351
1.7315430004600785
2.0378720000735484
1.865596999778063
2.314198000021861
1.9851729994115885
2.3154880000220146
1.9216690006942372
2.4501950001649675
1.7525430002933717
2.7409010008341284
1.8878299997595605
1.8100870001944713
2.584448000561679
1.7955639996216632
2.493875000254775
1.9668349996209145
2.565226000115217
2.088645999720029
2.171070999793301
1.8642770000951714
1.9234380006309948
1.7969969994737767
1.987296999686805
1.892010000119626
1.8843799998649047
1.9844949993057526
1.8025780000243685
2.2097170003689826
2.197894000346423
2.0159169998805737
1.9537670004865504
2.330250999875716
1.8285350006408407
1.8446920003043488
1.9320259998494294
1.9837680001728586
2.027542000178073
1.7283029992540833
2.183945999604475
1.7408670000804705
2.0653880001191283
1.8224300001747906
1.6779460001998814
2.163017999919248
1.73919200005912
2.465584999299608
1.7628209998292732
2.2551209995071986
2.09243500012235
2.110522000293713
1.7119909998655203
1.9478300000628224
