payload_size_bytes=102400
runs=250
mean_ms=2.324
median_ms=2.141
stddev_ms=0.738
min_ms=0.867
max_ms=6.715
---raw---
2.0177120004518656
2.396842999587534
2.847931000360404
2.8457919997890713
3.2029180001700297
2.8172560005259584
2.9404490005617845
3.307169999970938
1.958269000169821
2.427833999718132
1.7874040004244307
2.4653640002725297
2.4237940006059944
3.475744999377639
2.138705000106711
1.6570950001550955
2.1748950002802303
1.7456380001021898
1.6881470000953414
1.7293729997618357
1.7481810000390396
4.5195760003480245
1.432394000403292
2.338250999855518
1.7243570000573527
1.7444229997636285
1.7919739993885742
1.797793999685382
2.0728899999085115
1.9737189995794324
3.1382950000988785
1.7477930005043163
2.1795399998154608
1.6812209996714955
1.7997719996856176
2.022449999458331
1.594723000380327
1.7644730005486053
1.954772999852139
2.3519420001321123
2.0967029995517805
1.7455939996580128
2.1319940005923854
1.5459169999303413
1.7298530001426116
1.8320899998798268
1.7676409997875453
1.754222999807098
4.2067880003742175
1.9899909993910114
1.7405019998477655
2.055652000308328
4.083083999830706
2.2954599999138736
1.8233959999633953
2.0290869997552363
1.8160210001951782
3.4028930003842106
2.5140570005532936
4.445139999916137
1.5761380000185454
2.310400000169466
3.4149889997934224
2.5548280000293744
4.2455090006114915
3.040532000341045
2.2024469999450957
1.9816000003629597
4.85270799981663
2.497236000635894
6.714644000567205
2.4261589996967814
2.0459219995245803
2.1337240004868363
1.900597000712878
1.7425879996153526
2.2950340007810155
1.7511030000605388
2.806034999593976
6.370973000230151
2.35859199983679
1.8647659999260213
1.8230460000268067
2.123414000379853
1.8443360004312126
2.274249000038253
4.307411000809225
1.899238000078185
1.8190849996244651
1.8913869998868904
1.9566239998312085
3.57755800087034
2.2756839998692158
2.0064110003659152
3.0300720000013825
1.6461599998365273
4.461156000616029
2.3131400002966984
1.8591170000945567
2.0224419995429344
1.9638599997051642
4.923288000100001
1.0945340000034776
1.0718029998315615
0.9589600003891974
2.5980880000133766
0.8670460001667379
2.902047000134189
1.1127190000479459
1.933964000272681
1.8653219995030668
2.3186150001492933
2.2380880000127945
4.402173000016774
2.059543000541453
2.0088410001335433
1.6000080004232586
1.7460729995946167
3.1949770000210265
1.8775869993987726
1.7784940000638016
1.7920399996000924
2.0213510006215074
1.696301000265521
2.302419999978156
1.7085819999920204
3.2775640002000728
1.8246400004500174
2.056343000731431
1.9882199994754046
2.544198000578035
2.1262439995552995
1.6695470003469381
2.2660539998469176
2.230017999863776
1.9126130000586272
2.376211999944644
1.995984999666689
2.515036999284348
2.372218000346038
2.178570999603835
2.249428999675729
2.5374070000907523
2.59168899992801
2.5214070001311484
2.70441800057597
2.166119999856164
2.0596129998011747
2.7621139997791033
1.624880000235862
2.4377789995924104
2.4428339993392
2.4893410000004224
2.2062919997551944
2.295829000104277
2.559038000072178
2.3455210002794047
3.037067000150273
2.5479870000708615
2.42004400024598
2.2732289999112254
2.499035999790067
2.820276000420563
2.1041340005467646
3.1518260002485476
1.7863650000435882
3.237638000427978
2.3749319998387364
3.287962999820593
2.4349719997189823
3.062632000364829
2.542922000429826
2.849631000572117
1.9834709992210264
2.3891820001153974
1.9917760000680573
2.2989939998296904
2.532617000724713
2.3010599998087855
3.5491669996190467
2.5325469996460015
2.8732379996654345
2.3974639998414204
2.3010799995972775
2.7836350000143284
2.7219019993935945
3.0889039999237866
2.335800999389903
3.1392560003951075
2.5578670001777937
2.4214889999711886
2.048047000243969
1.9379089999347343
2.322221000213176
2.038261999587121
2.5586579995433567
1.920049000545987
1.9169879997207318
1.9306690001030802
2.3780929996064515
1.9463690005068202
1.8829370001185453
1.9710789993041544
2.193217999774788
1.9637890000012703
2.299613999639405
1.872222000201873
2.4434750002910732
2.0124310003666324
2.413752999927965
2.000000999942131
2.256207999380422
1.9220129997847835
2.4306239993165946
2.0208810001349775
2.334601000256953
1.816684999539575
2.253998999549367
2.0283510002627736
2.274479000334395
1.9605900006354204
2.3406109994539293
1.865996000560699
2.0368120003695367
1.9693900003403542
2.05828200068936
1.7964050002774457
1.8472860001566005
2.4727659993004636
2.0743519999086857
2.4380250006288406
2.602378000119643
2.143316000001505
2.4608650001027854
2.005260000260023
1.863096000306541
1.8754969996734872
2.1336399995561806
2.1517400000448106
2.0058359996255604
2.161330000490125
2.070694000394724
2.00308999956178
1.9558399999368703
2.527276000364509
2.0594019997588475
2.000071999646025
2.1078240006318083
2.121648999491299
1.800165000531706
