payload_size_bytes=102400
runs=250
mean_ms=2.195
median_ms=2.063
stddev_ms=0.724
min_ms=0.860
max_ms=7.667
---raw---
3.9911719995870953
4.351221999968402
5.647832000249764
2.511547000722203
2.404773000307614
2.557048000198847
4.3702729999495205
2.821955999934289
3.1087550005395315
4.1475259995422675
2.30105500031641
1.9731099991986412
2.3701180007265066
2.0434309999473044
2.0373320003272966
2.506196000467753
2.9846309998902143
2.0291169994379743
2.0633779995478108
2.7175420000276063
2.4745749997237
7.667103000130737
2.1878960005778936
1.9017969998458284
1.9426349999775994
2.0450160000109463
1.932189999934053
1.9577900002332171
1.9324240001878934
2.072477999718103
1.90017800014175
2.3072459998729755
1.914612999826204
4.606339999554621
1.9439190000412054
2.0098109998798463
1.7719939996823086
2.3228210002343985
2.217336000285286
2.0237620001353207
3.4299039998586522
1.952278999851842
1.8163649992857245
2.213257000221347
2.4317630004588864
1.9666349999170052
1.914131999910751
2.118614000210073
1.977681000425946
1.9796800006588455
2.1298250003383146
2.4031319999267
1.9232630002079532
2.3555660000056378
2.002931999413704
2.6198290006504976
1.7633329998716363
2.497956000297563
1.9555879998733872
2.369731999351643
2.1158150002520415
2.7887159994861577
1.9563589994504582
1.7756639999788604
2.58466800005408
1.8644070005393587
2.8236050002306
2.1698059999835095
1.950519000274653
1.7164920000141137
1.9245680005042232
2.077234000353201
1.7042110002876143
2.1353499996621395
1.7166019997603144
1.7280080001000897
1.7055319995051832
1.7567239992786199
2.0773529995494755
2.641851000589668
1.6332899995177286
1.6977420000330312
2.147004999642377
1.7707740007608663
1.9597849995989236
1.8395410006633028
2.182916000492696
1.8541059998824494
1.830244999837305
1.7442280004615895
1.9549939997887122
2.164260999961698
1.694841000244196
2.303070000380103
1.6878759997780435
2.1474450004461687
1.8489160001990967
2.0604119999916293
1.7561929998919368
1.7783339999368764
1.824855000450043
1.877897000667872
2.2221129993340583
1.8721509995884844
2.4850360005075345
2.462714999637683
2.006699999583361
1.6705699999874923
1.7021720004777308
2.315470999747049
2.0059660000697477
2.1374300004026736
1.849290999416553
2.220087999376119
2.0059150001543458
1.8603759999678005
2.0997089995944407
1.94289299997763
1.9765690003623604
2.059792999716592
1.8760370003292337
1.939129000675166
1.823216000047978
1.7943000002560439
2.358732000175223
1.912202999847068
2.3763720000715693
2.526596999814501
2.0383360006235307
2.4385340002481826
2.0628259999284637
2.2143800006233505
2.581983999334625
2.292359000421129
2.229168000667414
2.1176650006964337
2.27640900084225
1.8793670005834429
1.825606000238622
2.8681569992841105
1.999459999751707
2.8673169999819947
1.8313359996682266
2.0318520000728313
3.033562000382517
2.612569000120857
2.720082999985607
2.4050730007729726
3.0497729994749534
2.1884859997953754
2.9725199992753915
2.5223570000889595
2.5671579996924265
2.043897000476136
2.241982999294123
3.1131140003708424
2.458844999637222
2.4621449992991984
2.9594649995488
2.654861000337405
2.0597080001607537
2.1601660000669654
2.54454599962628
2.024411000093096
2.1188000000620377
2.183986000090954
2.4933260001489543
2.385467000749486
2.45394400008081
2.7258630007054307
2.480074999766657
2.0429550004337216
3.025551000064297
2.016961999288469
3.1154059997788863
2.5532189993100474
2.3547939999843948
2.115939000759681
2.0107020000068587
2.0564120004564757
1.7674740001893952
1.939034000315587
2.121180000358436
2.119984000273689
2.0473630002015852
1.8574259993329179
2.0894039998893277
2.090352999402967
1.8928179997601546
2.602107999337022
1.985171000342234
2.47885499993572
2.0586230002663797
2.6323599995521363
2.0845330000156537
1.909657999931369
1.830926000366162
2.256869000120787
2.02954199994565
2.1997870007908205
1.6050739995989716
1.826969999456196
1.9592200005718041
2.019212999584852
2.237917000456946
1.7725489997246768
2.2277719999692636
2.0540830000754795
2.4750760003371397
2.063063000605325
2.4968859997898107
1.0232710001218948
0.9037879999596043
0.9427380000488483
0.978499999291671
0.9222279995810823
1.0399820002930937
0.9923500001605134
0.9551189996273024
2.4257929999293992
0.8955869998317212
0.88516600044386
0.9140980000665877
0.894926999535528
0.8631459995740443
0.9869800005617435
0.9307279997301521
0.8604159993410576
2.3375210002996027
2.0107860000280198
2.4129780003931955
2.030992000072729
2.345771999898716
2.2906390004209243
1.8315710003662389
2.0825730007345555
2.060931999949389
1.9523589999153046
2.5124809999397257
1.8805929994414328
2.2170869997353293
2.093478000460891
3.599669999857724
1.7863140001281863
2.5268720000894973
2.9210339998826385
3.774024999984249
2.1257640000840183
1.595678999365191
5.3474220003408846
