payload_size_bytes=102400
runs=250
mean_ms=1.986
median_ms=1.983
stddev_ms=0.662
min_ms=0.834
max_ms=4.906
---raw---
2.046921999863116
2.5270819996876526
2.7427439999883063
2.386246999776631
3.0848080004943768
1.9938300001740572
3.586308000194549
1.800244999685674
1.9516900001690374
1.7033610001817578
1.6677800003890297
2.455574000123306
2.035851999607985
1.730963000227348
1.571638000314124
1.7252369998459471
1.6988960005619447
1.8546069995863945
2.007140000387153
1.6459399994346313
1.7328739995718934
2.161386000807397
2.421438999590464
1.8213549992651679
2.025611000135541
2.867717000299308
2.1479389997693943
3.9322889997492894
1.7882450001707184
3.4072839998771087
2.0797429997401196
1.5640080000594025
4.212347999782651
2.089552999677835
1.4630340001531295
3.113245000349707
1.9951610001953668
1.6515309998794692
1.570897999954468
1.6650449997541727
2.2486790003313217
1.8569759995443746
2.1727909997935058
2.2108870007286896
1.784359999874141
1.7179180003950023
2.0646879993364564
2.57314300051803
2.9606750003949855
3.3077050002248143
1.851412000178243
1.6316100000040024
3.1235349997587036
1.7109109994635219
4.315020999456465
1.963390000128129
1.683040999523655
3.8496769993798807
1.8510220006646705
2.025081000283535
3.7162130001888727
1.9766899995374843
1.7839889997048886
1.6529300000911462
1.9391089999771793
1.9160879992341506
1.9192429999748128
1.7244029995708843
2.4203490002037142
2.4798399999781395
1.972609999938868
1.9306389995108475
1.855626000178745
2.4562440003137453
1.7969840000660042
2.186954999160662
2.0237910002833814
1.8781670005409978
1.8315659999643685
2.4455399998259963
2.3134599996410543
2.0283659996493952
2.040076999946905
3.7363240007834975
2.0821190000788192
1.892467999823566
2.522886000406288
2.011751000281947
2.023731999543088
2.0906529998683254
2.002460999392497
3.5633289999168483
1.8513260001782328
2.308910000465403
1.983164999728615
2.2129469998617424
2.1970719999444555
2.026072000262502
2.064131999759411
1.899526999295631
3.2213270005740924
2.9261500003485708
2.073083000141196
2.2613090004597325
1.8863160003093071
1.908668000396574
1.9167380005455925
1.9456090003586723
2.417583000351442
1.911277000544942
2.483141000084288
2.819575000103214
2.5597829999242094
2.4226030000136234
1.9697190000442788
2.2439289996327716
1.9783100005952292
2.4023380001381156
2.001554999878863
2.572299000348721
1.9197179999537184
2.6034899992737337
2.1435199996631127
2.623553999910655
1.880347000223992
2.4482640001224354
2.3412209993693978
2.438778999930946
1.9839609994960483
2.8087549999327166
1.9680410005094018
2.7709750002031797
2.0146560000284808
2.24819400045817
2.1044439999968745
1.9836399997075205
4.905940000753617
2.0733679994009435
2.318119999472401
2.021291999881214
2.080207999824779
4.528448000201024
2.4492339998687385
2.340081000511418
2.0790529997611884
2.448614000059024
2.245898000182933
1.8514969997340813
1.9488239995553158
2.03642700034834
1.8381809995844378
2.0010459993500262
2.295679999406275
2.18072999996366
2.25382400003582
2.0627419999073027
2.06029299988586
1.9063380004809005
2.0336720008344855
1.752501999362721
2.183487000365858
2.0046910003657104
1.880857999822183
1.7805039997256245
2.065763000246079
2.2322969998640474
2.0419920001586434
2.01621099949989
1.8581360000098357
1.9978509999418748
2.049153000371007
2.031901000009384
2.104844999848865
1.829974999964179
1.9755900002564886
1.9097579997833236
1.9788299996434944
1.9848300007652142
2.0499279999057762
2.246419000584865
2.031265999903553
1.8587860004117829
2.010656000493327
1.9314030005261884
2.067073000034725
1.9935000000259606
2.1388250006566523
1.9952900001953822
1.988071000596392
1.9709899997906177
2.210136999565293
1.9744609999179374
1.848205999522179
2.256658999613137
1.9303589997434756
1.8484960000932915
1.8054649999612593
2.082572999825061
1.9014270001207478
1.9807700000455952
1.8668669999897247
2.488245000677125
1.2564979997478076
1.0294909998265211
1.0423620005894918
1.0412920000817394
1.0903630000029807
0.9554490006848937
0.9374390001539723
0.990030000139086
0.9126380000452627
0.9204280004269094
0.8613560003141174
0.9211980004693032
0.9956610001609079
0.8960779996414203
1.0649730002114666
0.8697159992152592
0.8873169999787933
0.8340450003743172
0.9011679994728183
0.914228000510775
0.9850800006461213
0.9146680004050722
0.9521590000076685
0.993901000583719
1.664673000050243
1.0290789996361127
1.425666000614001
0.9174649994747597
1.1417449995860807
1.1246339990975684
0.9346209999421262
1.2918089996674098
1.1681249998218846
1.2291769999137614
1.117374000386917
1.0876220003410708
1.0280989999955636
1.098964000448177
1.0098699995069182
1.0816929998327396
1.2857190004069707
1.9795930002146633
1.1467919994174736
1.130204000219237
1.2869490001321537
1.8425159996695584
1.1707650000971626
1.161534999482683
