Messages/sec=11.04
duration_sec=60.032
payload_size_bytes=8388608
total_messages=663
payload_throughput_MiB_sec=88.35
mean_rtt_ms=68.460
median_rtt_ms=67.397
stddev_ms=5.162
min_ms=60.756
max_ms=115.250
---raw_latencies_ms---
91.69483599998784
71.07133899990004
79.67244999963441
68.16874099968118
72.0416780004598
74.50394300030894
74.9977890000082
64.54183999994711
66.91124299959483
67.34936099928746
68.59690399960527
65.89795400032017
73.29249199938204
68.53747800050769
68.85625200084178
70.20749200000864
68.81198100018082
66.82596999962698
71.66642699939985
68.27212400003191
69.85901799998828
74.07500099998288
68.03679300082877
65.52640000063548
68.47896100043727
69.59410400031629
66.60711400036234
70.75750900003186
67.91511299979902
65.11295700056507
70.20049199945788
67.04083700060437
68.10011800007487
67.42268800007878
70.06413900035113
63.32881300022564
67.54142299996602
67.62290400001802
69.2413740007396
71.12013099958858
68.47582000045804
66.38653600020916
69.35495600009745
67.71894699977565
78.85752499987575
69.156090999968
67.1565089996875
67.65748499947222
69.74604400056705
65.95091300005151
65.98808399940026
67.85222100006649
73.87955499962118
70.72785899981682
65.3045339995515
67.04795099994953
66.60496299991792
77.74549199984904
71.7869209993296
66.725267000038
68.60413399954268
70.92026500049542
64.62158299927978
66.7888710004263
71.15845399948739
64.8536389999208
70.04235799922753
64.58845200086216
69.37034800012043
67.66560600044613
66.08009799947467
67.98232499932055
68.17812099961884
68.31093800064991
64.59471299967845
76.12861300003715
66.43436800004565
67.53978699998697
68.82564099942101
66.41692799985321
72.44885100044485
65.036125000006
70.81787199967948
72.87385399922641
79.16651399955299
71.3965389995792
73.6049160004768
65.25242200041248
63.98556299973279
77.81491300011112
71.98878700000932
66.88220200067008
66.87695199980226
67.46490899968194
66.68395599990617
70.23936300083733
74.55786500031536
66.22288200014737
71.34323899936135
68.84170099965559
62.73470599990105
70.42141900001297
72.3030369999833
68.51881199963827
69.47064300038619
67.34994099952019
66.19600100020762
66.7641480004022
72.53542299986293
61.727145000077144
63.80931900002906
63.074331000279926
66.19041100020695
64.89525100005267
67.28306399963913
68.86402200052544
67.67304499953752
72.39001899961295
66.44512900038535
67.51580099989951
67.39669799935655
65.00948399934714
87.86005900037708
84.89453899983346
115.24954099968454
97.96005099997274
70.18405200051347
67.14309899962245
66.5025099997365
66.2718430003224
64.150158999837
70.27646499955154
66.45244900028047
64.63100299970392
62.86387999989529
64.10805700033961
64.6810739999637
65.93783300013456
62.742076000176894
64.45227799940767
66.17669000024762
65.93296800019743
68.30820599952858
67.46142999963922
69.15147000017896
63.639193999733834
66.03203599934204
65.06420599998819
75.84358399981284
64.89546099965082
65.72749600036332
64.3955260002258
65.26108200068848
72.81813200006582
67.56304299960902
69.6969069995248
68.22296199970879
66.68796600024507
67.01934699958656
63.754945999789925
66.09369800025888
70.3272670007209
65.53228099983244
66.0277449997011
66.30493699958606
67.3631090003255
68.64677600060531
63.04618499962089
67.92445399969438
66.51880299978075
63.308703000075184
67.4690499999997
69.82656099989981
68.76681899939285
65.12119799936045
65.253823000603
67.50701099917933
65.38345599983586
63.7531169995782
62.4523059996136
64.75347800005693
63.98204299966892
64.82386299921927
66.25254200025665
63.477830999545404
67.54570500015689
69.09265000012965
61.65564299953985
70.6345569997211
62.52430899985484
67.53038200076844
65.52513000042381
68.73609800004488
62.211999999817635
64.54504999965138
66.29321700074797
66.64930500028277
66.75250100033736
66.72175699986838
69.15477099937561
66.2530820000029
70.02938799996627
67.41803800014168
65.16507999913301
65.77128800017817
67.8812520000065
64.9261230000775
63.262692000535026
67.43233799988957
68.9753449996715
62.629703000311565
64.2214529998455
68.65453499995056
64.32237699937104
63.98827499924664
65.02591500066046
65.89008199989621
69.21727299959457
67.88726299964765
72.89553400005389
74.66601800024364
66.57620300029521
73.28963500003738
69.85198199981824
76.29110699963348
68.28215399946203
61.7329750002682
74.00754399986909
71.59985500038601
77.8781760000129
65.9343990000707
71.15679199978331
69.99317600002541
66.80433000019548
72.69513299979735
85.02077299999655
66.8065090003438
69.75135399989085
68.35181699989334
67.4479090002933
71.73981899995852
67.74721799956751
72.94742500016582
71.57048899989604
70.83094200061169
63.352964999467076
70.42275399999198
65.06698199973471
68.62953499967261
69.22957799997675
70.3676680004719
82.3052159994404
72.23385900033463
67.710077000811
66.90096199963591
64.86558000051446
68.19686099970568
65.23831200047425
69.46844600042823
63.33614400045917
63.92774199957785
65.01150499934738
77.07944699996006
74.82108299973333
73.66676899982849
72.63265700021293
76.25669699973514
69.27970000015193
75.98696299919538
69.93829499970161
70.43564000014158
71.6255289999026
69.40200899953197
68.21733200013114
66.30600600055914
71.08062899987999
64.46990799940977
65.03800500013313
69.64495599913789
64.96953399982885
63.9596929995605
66.2473520005733
70.19188499998563
65.59501299943804
64.0613690002283
64.5066200004294
68.22647599983611
66.81831399964722
66.02001500050392
63.84814000011829
65.1750600000014
63.149067999802355
63.27896499988128
65.11669700012135
66.89423199986777
73.88426499983325
70.86778300072183
68.03661599951738
66.10902800002805
85.16447700003482
80.46957399983512
90.54601099978754
95.69961699980922
68.11766200007696
63.119168000412174
64.76600000041799
69.69744700018055
65.59655299952283
64.24638200041954
65.51975999991555
65.30921400008083
66.5534010004194
68.63662399973691
67.57310499961022
68.96530799986067
65.9592040001371
69.18284199946356
73.15423199997895
70.83065200004057
66.23067200052901
66.67180800013739
66.63360499987903
68.41682900085289
66.69347600018227
70.9010139999009
64.28753299951495
69.25409399991622
67.83907099998032
60.75602100008837
66.99097499949858
64.02634099958959
68.53716299974622
65.0675160004539
64.55867000022408
63.39325699991605
65.57810199956293
65.29835000037565
66.34703000054287
65.60708200049703
72.06461900022987
65.16626999928121
67.1974009992482
72.04528800048138
69.34123599967279
64.79367900010402
66.60410899985436
68.82903099995019
67.0121659995857
66.40393700035929
75.03653899948404
68.81972600058361
73.44338099937886
70.80332099940279
66.73971799955325
70.23805500011804
68.04531299985683
71.23992400011048
67.77999899986753
66.2876629994571
71.88160300029267
71.18818299932173
66.6672950001157
64.83945900072285
68.76202799958264
67.57244300024468
67.69404599981499
73.57523500013485
67.16101100028027
67.50645600004646
67.28708499940694
66.41820799995912
69.09459899998183
68.6785060006514
67.0070209998812
68.77721900036704
68.33691100018768
71.58929999968677
72.28605599993898
68.3731169992825
69.55858699984674
71.98504700045305
69.86558199969295
68.75897899953998
69.45246000032057
66.32004499988398
72.47867400019459
67.12639899978967
70.56899399958638
72.15024199922482
65.52574000033928
67.27127399972233
69.75697899997613
70.72819099994376
72.00820699927135
66.7372180005259
66.62604400025884
70.13957099934487
70.14568400063581
68.45087999954558
67.10288900012529
66.20998099970166
68.05766799971025
87.49353800067183
68.34928599982959
72.45645100010734
70.07370799965429
67.37744699967152
72.14583400036645
69.45469999936904
77.14938600020105
70.06562799961102
68.31897600022785
65.62268300058349
70.53139199979341
69.19330500022625
74.43196099939087
69.07456799945066
72.0999129998745
71.82846199975756
71.37106800018955
68.00808599928132
71.14613100020506
65.26895299975877
64.4609090004451
71.64850999924965
70.98205599959329
73.31719699959649
67.16335100009019
65.6942360001267
72.81718299964268
66.04994700046518
69.62463000036223
63.92327200046566
64.44652800018957
65.46074799916823
64.96213399987028
72.45220999993762
71.58917499964446
64.72422599927086
63.705530000333965
69.08548899991729
71.55554400014807
62.8099329996985
66.94957400031853
64.34332400021958
65.58565799969074
68.50472099995386
66.66236499950173
65.862147000189
71.0220869996192
66.30319400028384
66.61518300006719
63.519369999994524
67.08531700041931
70.2954749995115
62.84885900004156
66.27491299968824
67.1063290001257
76.13476299957256
63.139507999949274
71.0965700000088
65.68866500037984
71.6645869997592
63.94970800010924
66.95013399985328
64.69312599983823
65.27796399950603
64.62615799955529
68.76185900000564
65.71439700019255
65.34377099978883
72.04821899995295
64.80489899968234
69.5281319995047
66.26139299987699
64.0914369996608
70.24494799952663
65.20909200025926
65.22563700036699
70.26582500020595
67.48268000046664
62.16071899962117
69.10754999989877
70.74244899922633
65.67926499974419
67.43137899957219
64.29386300078477
65.22136400053569
66.63476300036564
66.24682499932533
65.08833799944114
65.0664169997981
64.8685200003456
65.15766899974551
67.23259299997153
65.60010300017893
72.5816849999319
67.51570100004756
69.96670500029722
66.25171199993929
66.61146399983409
62.850750000507105
69.25003600008495
67.05692700052168
64.8247690005519
63.14288100020349
71.44764300028328
64.7779309992984
65.4748679999102
64.04705600016314
64.79950100037968
67.65542500033916
64.58435200056556
67.45258899991313
65.06890699984069
68.70934699963982
64.37914599973737
67.02777600003174
67.00280600034603
67.21877199925075
65.95677400036948
66.29699399945821
72.5816650001434
65.10760099990875
65.06819700007327
67.30803400023433
64.00210500032699
65.71689700012939
63.21245099934458
67.36588700005086
67.11982900014846
64.7255200001382
65.37798899989866
63.6333630000081
65.25114200030657
66.99402499998541
62.44578699988779
69.4174190002741
65.13678899955266
68.57487300021603
63.6554429993339
70.50436200006516
65.44150700028695
65.57137300023896
68.67932600016502
63.805728999795974
81.41785900079412
66.6199739998774
67.76289800018276
65.94206200043118
65.28751299993019
71.96727599966835
64.13662800059683
72.00269300028594
70.3858990000299
62.96242899952631
66.26399200013111
65.14849300037895
64.15108900000632
63.00056300005963
71.97333199928835
68.35401599983015
70.43091000014101
66.4218179999807
64.47447900063707
68.8516720001644
94.71506800036877
86.36265400036791
86.16119700036506
95.0523780002186
67.54146200000832
67.21310100056144
63.95890300063911
65.09275700045691
66.837091000707
70.001635999688
68.37948799966398
65.97775399950478
67.04786699992837
69.32737700026337
64.86330999996426
67.93599899992842
66.21872200048529
67.3570609997114
64.59109200022795
71.47862700003316
68.78378999954293
66.82611599990196
66.69412599967472
65.31201299912937
65.1605599996401
69.3857679998473
66.09793300049205
67.59657299971877
68.83876200026862
66.78024900065793
69.03787000010198
67.78095899971959
67.52488199981599
63.37024500044208
64.20729999990726
71.45983099962905
68.81792100011808
66.371736000292
66.07408699983353
67.85166099962225
64.77142699986871
74.28394899943669
65.53519099998084
67.78397400012182
70.59281399961037
66.56564300010359
66.34555599976011
63.474827999925765
66.91846200010332
66.41182800012757
68.52242199965985
63.51853000069241
70.87708300059603
70.18206199973065
62.04251500003011
70.47678399976576
61.60080100016785
69.56817599984788
65.67198599987023
62.943122000433505
62.741775999711535
65.3675759995167
66.63239400040766
71.29473500026506
84.80484899973817
66.12330799998745
74.88450499931787
65.01531499998237
66.69569699988642
64.94153200037545
65.45824899967556
69.38138799978333
67.19932400028483
68.57993300036469
66.60905299941078
68.87732299946947
64.20040000011795
67.91389299996808
71.45309099996666
62.718453999877966
65.23329199990258
64.24242200046137
66.20100400050433
68.70745700052794
70.62171100005799
73.02660799996374
67.49740000032034
70.18005199915933
75.8499949997713
82.37067200025194
66.95346400010749
74.97597299970948
73.07897999999113
75.14776300013182
71.4296510004715
83.60408000044117
102.65149800034123
