Messages/sec=11.08
duration_sec=60.042
payload_size_bytes=8388608
total_messages=665
payload_throughput_MiB_sec=88.60
mean_rtt_ms=68.379
median_rtt_ms=67.560
stddev_ms=4.251
min_ms=60.959
max_ms=99.022
---raw_latencies_ms---
76.03712999934942
66.57151299987163
73.88573400021414
66.46076900051412
68.98310599990509
70.7308090004517
72.6091059996179
69.16362099946127
67.79668899980607
76.5207439999358
68.55579300008685
69.66717700015579
75.45687400033785
68.55274500048836
74.11430400043173
73.78402100039239
73.37562900011108
70.21818300017912
69.08977900002355
73.58776799992484
71.60523499987903
70.69536699964374
69.33783600015886
71.62068600064231
80.34284000041225
78.28003800022998
72.14762399962638
79.4566760005182
71.07905200064124
64.1357889999199
69.0352769997844
75.85910699981468
75.93684600033157
75.89529500000936
65.8594409997022
72.66241700017417
70.29734500065388
66.38279900016641
70.55789300011384
74.11907599998813
80.66065000002709
75.7174809996286
73.63211699976091
69.74098899991077
68.97007500083419
71.28353500047524
75.31563100019412
68.44343000011577
70.13542000004236
73.1227440001021
76.10955200016178
75.19245699950261
75.62636300008307
67.52657200013346
63.462377000178094
63.243870999940555
63.800738000281854
70.87859200055391
68.63139500001125
66.97504999920056
70.56745400041109
76.21303500036447
69.88465299946256
65.89245099985419
75.12815199970646
64.8268190007002
67.36355099928915
64.50362000032328
68.87605200063263
73.2692159999715
68.10459899952548
65.39199599956191
60.95914199977415
62.822539000080724
63.615402999857906
63.04589500086877
64.02516100024513
65.92745299985836
65.41503799962811
69.16168000043399
65.27058799929364
69.5111420000103
65.16673599981004
62.87789999987581
70.43119999980263
71.47747199996957
70.36540799981594
68.75170900002558
67.56013300037012
72.24907399995573
64.5637710003939
71.10048000049574
67.28200500037929
66.28021400047146
63.041015000635525
66.72398599948792
65.16241000008449
64.43767300061154
68.10443899939855
67.70624700038752
64.43533699984982
67.43077800001629
66.45598900013283
67.44738899942604
68.61847500022122
65.79779799994867
64.68431499979488
64.36350100011623
67.14922999981354
66.01029500052391
76.08635499946104
68.26611599990429
69.11853000019619
67.43197899959341
70.14372000048752
65.16976000057184
68.57654600025853
67.64491500052827
69.83650199981639
68.24197300011292
65.57910199990147
67.53440200009209
66.68268500015984
64.7684899995511
63.753056999303226
61.83159800002613
63.29138300043269
63.710577999700035
66.1003109999001
65.61533300009614
68.86482200025057
67.32071500027814
63.29530299990438
68.7020269997447
67.2311449998233
67.27590400078043
62.46967799961567
71.8065809996915
63.522511999508424
64.88500400064368
63.776398000300105
63.67613499969593
65.2089140003227
67.88975199924607
64.58901199948741
67.02413600032742
64.30546299998241
61.5812209998694
68.74874899949646
65.43857799988473
65.79630899977928
62.5647429997116
63.42123600006744
64.62767599987274
63.67253400003392
67.25802900018607
65.59338199986087
65.57418199918175
67.90862299931177
67.57692799965298
65.42610799988324
62.730225000450446
66.76448799953505
63.30125299973588
65.30558400027076
74.76695100012876
64.78791799963801
65.70522600031836
66.47747900024115
67.81609500012564
67.01585600058024
67.56643799963058
67.51834700025938
65.35812099991745
66.86448199980077
62.6546129997223
67.97756099967955
68.86536100046214
66.55242199940403
66.10960799935128
78.66874899991672
66.24420299976919
70.01207699977385
64.58897199991043
65.91741200008983
66.09739800023817
66.4474479999626
67.44209999942541
61.21287000041775
65.96577900018019
64.69623500015587
74.96462700055417
66.3167490001797
69.7600200001034
67.19578100000945
70.39698799962935
63.90572100008285
70.49321200065606
68.38120800057368
64.91110199931427
71.52541800041945
65.94739299998764
73.3617290006805
65.67851399995561
69.82413100013218
72.89867999952548
73.70869900023536
66.77184299951477
67.84901099945273
63.80093799998576
65.56166100017435
64.89860700003192
72.00876800015976
67.18771099986043
65.6298739995691
66.54367200007982
70.3259160000016
66.95147999926121
67.18905199977598
70.26127700009965
65.14468899968051
64.2506020003566
66.70192599995062
66.58648299980996
62.777676999758114
69.32321899967064
71.97526700019807
68.5445350000009
67.20051199954469
69.72659299935913
68.6019770000712
63.04254499991657
64.78938799955358
70.4965959994297
72.6532770004269
67.72491799983982
67.73711099958746
67.23436500033131
73.05429999996704
71.37141099974542
73.86392399985198
71.41979999960313
72.50755200038839
73.3505280004465
72.03034099984507
73.16139199974714
63.619513000048755
66.7038470000989
63.52228000014293
70.85941799959983
63.69443499988847
69.91039400054433
66.48354000026302
67.64230700082408
70.68941699981224
70.55749299979652
71.39052799993806
67.10494900016784
65.79008900007466
71.94462500046939
77.75730200046382
80.21285699942382
94.30934699958016
77.53924600001483
64.3633570007296
65.97347400020226
71.07382899994263
66.09798800036515
64.99514499955694
67.22087199977977
68.22558700059744
66.40906799930235
64.31190399962361
69.77120000010473
65.61856099961005
66.16159900022467
64.86114099971019
69.97316599972692
67.7829690002909
66.24182300038228
66.08301199958078
69.86770700041234
70.32972699926177
72.6598359997297
65.26434799980052
71.87497399991116
68.29970499984483
69.69241699971462
62.32947299940861
67.2404920005647
65.54227200012974
63.06669600053283
65.92003800051316
73.11229100014316
68.36515699978918
66.13315000049624
65.54637099998217
69.88202299999102
67.5190219999422
63.057796000066446
71.54429300044285
66.5102000002662
68.74191899987636
67.2044620005181
63.694655999825045
74.70858200031216
67.20532300005289
68.00133600063418
65.96159399941826
65.54507200053195
70.25432499995077
69.29302000025928
66.03439600075944
71.34211599986884
71.04819800042605
67.50471200030006
69.5222720005404
70.7529199999044
83.3309929994357
68.15501099936228
68.42027800030337
72.66308699945512
66.821570000684
67.68700599968724
67.65930599976855
65.30785499944614
74.19167399984872
68.02645600055257
67.16204000076686
79.15453799978422
72.73987999997189
76.1956240003201
68.61714800015761
65.87706499976775
68.2725640008357
71.54534599976614
66.39312699917355
68.30831600018428
71.73593999959849
70.74132900015684
66.99969599958422
74.34555899999395
67.84210099976917
68.52161599999818
64.11209999987477
66.34836500052188
69.84498199926747
64.67255400002614
67.76069900024595
72.379629000352
67.50573099998292
70.04551099998935
67.57940300030896
68.10088899965194
74.32832099948428
72.25278799978696
71.0735120001118
68.19693400029792
65.37646100059646
68.68569800008117
72.67843800036644
69.52322100005404
67.45065199993405
74.4428420002805
71.36271799936367
68.83747099982429
67.16979099928722
65.18894000055298
67.6017440000578
73.75439999941591
67.17652000043017
70.06119800007582
73.19893400017463
67.88841500019771
68.96771499941678
67.071367000608
69.11539999964589
79.11645600051997
71.5477940002529
72.50838199979626
68.06967800002894
69.66340500002843
68.9073230005306
69.21678299931955
66.24623200059432
66.77001799926074
69.87084200045501
68.77413000074739
67.90977800028486
68.00106599985156
67.65799500044523
66.69146600052045
64.64630400023452
68.31337499988877
65.46463900031085
67.15936000000511
72.27158500063524
65.56074200034345
77.00831000056496
70.28939499923581
67.08905799951026
69.50904099994659
71.42581999960385
66.43389800046862
65.49760899997636
67.54303199977585
66.739857000357
73.38430900017556
64.82710000000225
64.94298199959303
70.17445100063924
72.92704500014224
65.9811899995475
66.64066000030289
66.2433070001498
69.47432099968864
66.32714500028669
65.09557700064761
67.85406400013017
66.8015489991376
65.82514999990963
72.12786600030086
65.37396699968667
63.998503999755485
68.97693500013702
66.12238899924705
70.90022400007001
67.09357899944735
64.68873099947814
63.91961699955573
67.4625540004854
65.64049400003569
67.6738510001087
71.30007599971577
67.20863400005328
76.89412899981107
89.85153899993747
96.85980299946095
86.12839600027655
70.03138700019917
70.02459000068484
70.80115099961404
70.52853200002573
73.03362900074717
64.58111099982489
69.68334700013656
70.28561799961608
68.11292899965338
65.13574900054664
64.68131400015409
68.81275100022322
71.69062799948733
74.81114300026093
66.6007729996636
65.53926099968521
67.91606299975683
66.79305199941155
64.60921199959557
69.65072799994232
65.83732899980532
69.22427199970116
66.444808999222
71.54420699953334
67.39119800022308
64.39196600058494
68.24838600005023
66.32451499990566
65.55344099979266
66.477818999374
65.08245699933468
67.66803499976959
65.50301999959629
68.33251599982759
69.06215799972415
68.16677300048468
65.96110400005273
66.64536500011309
68.2636530000309
68.08297099996707
63.92752199917595
64.0132739999899
62.98367299950769
67.37690699992527
67.57072299933498
62.2472810000545
64.56809099927341
64.35454500024207
64.90730200039252
67.44841900035681
65.68397000046389
69.4695000001957
64.92447300024651
67.32326400015154
68.13719000001583
61.39858499955153
66.54146099936042
70.957265999823
70.1715620007235
62.47111699940433
65.74484700013272
71.59227400006785
67.67771100021491
64.95343300048262
67.16404000053444
66.36728600005881
72.59260499995435
69.56530299976293
69.00376500016137
68.39644799947564
64.86362100076803
64.15423799990094
64.97916399985115
69.00409199988644
66.57648300006258
66.02237500010233
67.88990200038825
62.9949439999109
65.89323099979083
67.59666800007835
66.17412000014156
74.13367200024368
66.75624799936486
68.45092900039162
66.70502599990868
71.97626600009244
64.79956899966055
69.90231300005689
70.61278499986656
70.3740380004092
69.65376100015419
64.81968899970525
65.84741599999688
63.25524200019572
72.01302700013912
69.02450699999463
71.1314059999495
64.99535999955697
66.0704669999177
66.84509099977731
63.51887000073475
66.12224899981811
64.44682799974544
69.76160199974402
66.42872100019304
68.5770460004278
66.94148299993685
69.2857340000046
62.941912000496814
66.0362359994906
70.39953799994692
66.82509299935191
62.910081000154605
66.37901699923532
62.03604500024085
67.32864499917923
70.80588999997417
68.30246499976056
67.7205669999239
67.94219400035217
74.83023300028435
65.78872899990529
67.35041600040859
67.73207700007333
62.56678000045213
62.5909110003704
63.24779300030059
68.74219899964373
63.72476599972288
68.06297799994354
67.0432589995471
67.52348100053496
64.59479099976306
66.20984100027272
68.55483199979062
62.97908400028973
63.721196000187774
65.69648000004236
67.42093800039584
70.02199599992309
64.01704499967309
70.22834599956695
73.15807199938718
67.21944200035068
64.3082870001308
71.92578600006527
65.58733199926792
65.62385399956838
68.40773999920202
64.2544110005474
72.52957299988338
66.60679200012964
66.10300800002733
65.78984899988427
67.46716299949185
70.83072499972332
73.40965999992477
82.4667450006018
73.45170099961251
69.29448600021715
66.17712099978235
65.56508099947678
65.78914799956692
67.17796100019768
70.22372299979907
67.45126399982837
69.7461680001652
69.85452200024156
65.67474500025128
63.415286999770615
71.53516300058982
67.49314999979106
71.58386399987648
62.53476000074443
80.06452200061176
80.18793200062646
87.82179300033022
99.02238799986662
69.95052000002033
72.91162499950588
70.4745399998501
65.93820299985964
69.16900099986378
67.18055100009224
63.5307799993825
66.87665099980222
62.47927799995523
63.06226600008813
66.04686699938611
67.28749400008383
70.16985099926387
68.73102800000197
67.12349900044501
68.55658200038306
65.52921599995898
69.17534100011835
66.3768770000388
69.507610999608
67.43362399993202
67.03494700013835
63.75945200034039
63.56341099944984
66.4231379996636
66.88027200016222
73.3050769995316
67.69022600019525
66.66528500045388
65.70452600044518
64.51230899983784
67.92026399944007
66.05279599989444
69.04743700033578
69.25814299938793
70.02375700085395
67.64528500025335
72.12597099987761
65.62234400007583
70.9678850007549
72.02434099963284
65.91577199924359
70.11576900004002
64.00214500081347
69.10219899964432
67.46253199980856
68.90929300061543
67.0439269997587
