Messages/sec=11.09
duration_sec=60.037
payload_size_bytes=8388608
total_messages=666
payload_throughput_MiB_sec=88.75
mean_rtt_ms=68.239
median_rtt_ms=67.459
stddev_ms=4.690
min_ms=61.246
max_ms=112.156
---raw_latencies_ms---
83.6505910001506
66.82514099975378
68.35721700008435
72.11064100010844
70.83386199974484
69.83937199947832
71.20860399936646
79.04397099991911
68.76657900011196
75.18351900034759
70.57800399979897
72.01248999990639
74.38689199989312
68.00465600008465
72.01952899958997
68.37700300002325
67.96625900005893
68.52333099959651
68.89337400025397
70.03360699945915
63.951212999199925
71.01265700021031
71.65653699939867
69.54343500001414
76.05040999987978
67.03449599990563
66.826989999754
68.31614499969874
65.93274300030316
68.62490799994703
72.7040579995446
73.76751999981934
67.80620900008216
67.10488800035819
68.2569959999455
69.98421600019356
67.98325599993404
64.49284900008934
65.22808699992311
72.75484000001597
68.27997399977903
71.13752100030979
65.01218500034156
66.19715099986934
63.025835000189545
68.17269000021042
64.42888699984906
68.93874500019592
66.36773700029153
67.25459300014336
67.64711499999976
71.43811000059941
67.65814600021258
66.46313900000678
61.74007499976142
67.30267399962031
65.69733499964059
74.46154299941554
64.40889699933905
65.13039899982687
70.86025299940957
66.84790000053908
63.922321000063675
66.23299700004281
69.05127799927868
64.03284000043641
80.50996699967072
70.84807199953502
65.41848300003039
68.93849300013244
66.51975599925208
68.01532600002247
68.64700100049959
65.54886100002477
62.887729999602016
65.06206699941686
69.05269799972302
66.58032199993613
63.48295799944026
68.39298799968674
70.87691800006723
67.99118599974463
64.80756900054985
71.50419200024771
62.50657800046611
65.78457900013746
72.18389299941919
69.82265100032237
70.9126430001561
65.95637400005216
72.06399899951066
80.9667100002116
67.27129599948967
64.68526400021801
68.98940600058268
74.90016499923513
78.44852300058847
67.15897000049154
65.3206870001668
71.13204000052065
69.5086010000523
70.77795500026696
66.35507699957088
71.26744499964843
71.31036600003426
79.7135110005911
70.95392600058403
68.77412900030322
67.46958900021127
71.27688499986107
69.41298199944868
72.66406100006861
72.16179199986072
70.64143600018724
67.57959300011862
66.2471320001714
77.69274000020232
69.29886499983695
71.7886210004508
74.20718600042164
67.45271899944782
67.59633299952839
65.00030500046705
66.98858500021743
67.8754629998366
62.51293999957852
64.53262099967105
64.64171300012822
68.03943200065987
75.2413259997411
71.0658890002378
69.45091999932629
66.69604600028833
63.4938390003299
67.87798200002726
63.82573900009447
64.82821000008698
63.079276000280515
68.69118600025104
68.07130099969072
74.56824600012624
69.40263900014543
65.7679879996067
67.3122649996003
65.45829799961211
65.97459400018124
71.04508900010842
63.604982000470045
64.11342699993838
64.4292070001029
63.23510099991836
68.68226599999616
65.50320599944826
68.48581100075535
66.07703700046841
67.18802100022003
61.73068499992951
67.53816200034635
65.12598799963598
63.91864200031705
72.2875709998334
68.59345399971062
70.41491299969493
64.18924999979936
63.129447999926924
69.76661899989267
67.81159099955403
66.56431200008228
68.09664400043403
65.88157200076239
66.09015800040652
68.44619899948157
63.011784000082116
63.62455299949943
69.09970899960172
66.57229299980827
69.38871799957269
65.04685600066296
68.10992999999144
69.57637399955274
64.62329300029523
65.97270899965224
66.6364139997313
80.38329699957103
68.89149200014799
62.89206100063893
67.97285499942518
77.35419900018314
66.49844999992638
68.66663599976164
67.08589299978485
67.28723899959732
69.20417299988912
64.76271799965616
69.95212499987247
67.3275150002155
64.97827400016831
71.22729399998207
71.96546599971043
67.78743900031259
75.16352399943571
66.84638000024279
70.5596340003467
65.3556679999383
65.93507599973236
70.80013399991003
68.24579299973266
79.62377900003048
68.55981300031999
69.64396600051259
67.4649219999992
64.30425400048989
68.48904999969818
90.6958850000592
80.47659400017437
95.18528199987486
89.81730899995455
67.39430700054072
64.7434960001192
66.50015000013809
69.70207699941966
71.02425999983097
67.39117699999042
72.73849899956986
66.99983499947848
66.55462700018688
65.10774100024719
67.36368599922571
64.44251699940651
65.19186300010915
71.50980200003687
66.35237499995128
68.98174600064522
63.87937300041813
69.40066799961642
63.31146299999091
67.03262600058224
63.84420899939869
69.69580699933431
65.82696199984639
66.84579099965049
65.20648400055506
64.67676499960362
72.84585500019602
65.26207200022327
68.77693900059967
64.8757110002407
66.55119200058834
64.7859979999339
67.61947399991186
68.60077400051523
64.87616300000809
65.21873000019696
69.34052600081486
63.90583199936373
69.74891799927718
65.65867499921296
64.55244100015989
66.57998199989379
65.71624600019277
65.86058099946968
65.37382100032119
66.59446300000127
72.24202499946841
65.17199100017024
66.92306300010387
69.44238999949448
65.17995000012888
67.8887020003458
67.87677200009057
68.6249639993548
73.40756999928999
69.8765530005403
69.41454899970267
65.21268100004818
65.14863899974443
64.29967399981251
64.52209500002937
67.3302759996659
67.90809300036926
71.73882000006415
65.35495499974786
64.67122499998368
67.67916599983437
64.82828900061577
66.1588800003301
69.36470199980249
72.23607899959461
71.03965399983281
65.06104100026278
66.78216899945255
64.52969000019948
64.38996599990787
64.97367300016776
64.6310590000212
65.9286529999008
67.62720999995508
71.23114800015173
62.7039840001089
73.27407100001437
68.34676200014655
64.69997599924682
67.42972800020652
66.34865599971818
65.52058000033867
63.05136599985417
68.43993400070758
65.97736500043538
66.52523100001417
67.78112900065025
70.33307599976979
65.62685300013982
65.95691399979842
69.15348000075028
70.85914500021318
68.06180700004916
70.40951900034997
65.6545849997201
61.77603599917347
70.15145100012887
77.505514999757
69.4525099997918
74.78734199958126
66.05333700008487
66.45107799977268
69.00686900007713
66.6281940002591
72.60225500067463
71.6670570000133
73.657727999489
65.7976789998429
64.31128300027922
67.50274400019407
73.91297499998473
64.19777999963117
71.09966999996686
71.48587200026668
67.75846799973806
65.68670500018925
71.50848200035398
68.10331900032907
66.76600799983134
66.6166829996655
71.3729909994072
66.66809499984083
86.47378600016964
68.46425000003364
67.46822000059183
64.69691500024055
69.96686600086832
64.770700999361
69.34183700013818
67.70123600017541
67.13057200067851
72.9022849991452
68.00538600055006
65.02112500038493
66.89242199990986
68.89149600010569
70.92882699998881
66.97296499987715
69.9361040005897
66.48287999996683
67.21015099992655
66.58831200002169
66.22521299959772
66.47157899988088
70.3939340000943
65.84964100056823
64.84368499968696
64.4134469994242
70.56342899977608
67.46736000059173
67.38594800026476
64.93967200003681
66.38642699999764
64.7582470000998
63.18365900006029
69.1168289995403
65.38919699960388
67.5656319999689
66.60377299976972
64.87662100062153
63.07307600036438
64.67288400017424
67.5837529997807
71.78318000023864
63.26582200017583
64.27155299934384
66.9885859997521
69.58304399995541
64.11247799951525
66.12613800007239
65.90968699947553
66.4112770000429
74.3957410004441
69.01707199995144
72.06948100065347
69.58503399982874
67.22492199969565
63.81673799933196
69.39103199965757
69.33366600060253
64.6113120001246
66.77383900023415
66.94231300025422
66.8337610004528
62.00522500057559
69.14907099962875
64.08900699989317
67.69354599964572
65.40706799933105
67.80179900033545
64.1624240006422
71.07463400006964
65.62605399994936
70.24575300056313
70.18885300021793
72.53181399937603
79.7279519993026
67.59869400048046
68.18839099923935
68.91767300021456
65.76632799988147
69.08620099966356
65.83065500035445
68.23802199960483
65.12442900020687
65.62072400083707
73.86789900010626
63.94906300010916
65.80654100071115
68.47952999942208
69.20580499991047
68.50455099993269
68.04531699981453
67.48733000040374
77.71069099999295
77.358395000374
68.09053199958726
68.85368100029154
72.78216600025189
66.71498700052325
67.11522800014791
72.96701599989319
76.07059000019945
67.37034900015715
64.3374049996055
68.88714300021093
66.67074599954503
71.63404599941714
62.283451999974204
70.70785799987789
67.65331499991589
67.43162800012215
70.77719300013996
71.85297300020466
68.2293120007671
74.5033829998647
66.81547999960458
67.50477000059618
65.50084500031517
69.58270399991306
67.2938890002115
67.25692300005903
63.27600199983863
66.66315499933262
70.49257100061368
64.83886499972868
71.39937800002372
65.55225100055395
64.81196899949282
64.0546059994449
67.61968399951002
66.7252279999957
67.30374500057223
68.15398599974287
67.11193899991486
64.53131999933248
69.03123700067226
82.2116030003599
87.2817910003505
112.15644700041594
97.60596499927487
69.20217300012155
69.22492300054728
65.2565020000111
63.73029600035807
68.47300099980203
66.31429499975638
66.89207300041744
64.33769999966898
66.890873000375
69.44930000008753
64.62594299955526
63.40677600019262
63.386784999238444
70.02447699960612
69.69292699977814
70.79895100014255
66.44660899928567
69.5625039998049
63.997679000749486
73.43786599994928
68.86093199955212
69.3064899996898
72.9549860006955
68.34399199942709
72.88413399965066
66.42617800025619
64.26095200004056
63.14353299967479
67.19781199990393
68.28021500041359
64.25635100004001
62.44031699952757
65.62796399975923
65.91549200038571
69.31126500057871
69.17412700022396
67.27659399984987
68.61332400058018
68.26733500020055
73.0952959993374
64.60615200012398
63.52156899993133
68.30947500020557
63.10438000036811
69.07573099942965
71.462259999862
67.05418000001373
65.20660099977249
73.25522599967371
65.90822199996182
64.57477200001449
71.63244599996688
66.02425900018716
69.41007800014631
66.17747499967663
65.1668399996197
69.26660400040419
68.3526669999992
65.10071800039441
66.9848039997305
67.54358499983937
65.79362100001163
63.69876799999474
71.08593900011329
66.28507400000672
63.88757100012299
65.808809000373
67.89129200024036
67.786008999974
66.55849199978547
66.62615400000504
68.62636500045483
62.80222999976104
69.66835599996557
62.641352000355255
65.19384400053241
66.99332799962576
66.9342780001898
72.60908500029473
64.90831100018113
67.15401299970836
63.68727500012028
69.12898199971096
68.75785800002632
64.17636900005164
69.22937299987098
65.74586700025975
64.10105699978885
70.58709499960969
64.38298499961093
71.17757300056837
72.37999199969636
68.32554599986906
67.75678800022433
67.02233599935425
64.9225919996752
65.04496699926676
68.20776699987618
65.78441799956636
62.84427900027367
64.6077619994685
64.60719300048368
66.15329899977951
67.24121300067054
66.24479199945199
65.59929800005193
65.24377200003073
68.15258999995422
74.55933500023093
65.14617900029407
71.57142400046723
63.477537999460765
68.4426199995869
65.73024699991947
62.50623899995844
63.70363000041834
66.17833999916911
70.5986250004571
72.71939899965219
64.92394199995033
71.23206300002494
69.07006800065574
65.54278199928376
64.96829299976525
69.88451300003362
66.65840000005119
62.974473999929614
70.27398500031268
63.92817200048739
67.48459500067838
67.65548500061414
69.95883499985212
63.2855620006012
63.96994300030201
68.74548799987679
62.42788700001256
64.92288300069049
71.98298599996633
67.90663799984031
68.20056200012914
66.64187900059915
72.32499699966866
65.53171099949395
62.745946000177355
67.88366199998563
62.46850800016546
66.02128600025026
61.245649999364105
70.2110519996495
65.11097800012067
68.00240599932295
70.30265499997768
67.39915700018173
65.64020399946457
70.00291699932859
67.73004699971352
65.63626400020439
67.52254699949845
68.72293100059323
66.29701599922555
63.80839799930982
65.89095200070005
67.061179999655
65.48904000010225
69.16262100003223
66.50125200030743
62.6418530000592
76.83121700029005
70.24241399994935
66.35593600003631
67.96719799967832
66.94573599997966
63.172459000270464
67.92369300001155
72.20562299971789
89.96406299957016
89.12631699968188
96.3677870004176
73.7136889993053
66.24993200057361
66.38054599989118
76.06673099962791
