Messages/sec=8.24
duration_sec=60.042
payload_size_bytes=8388608
total_messages=495
payload_throughput_MiB_sec=65.95
mean_rtt_ms=101.175
median_rtt_ms=100.607
stddev_ms=5.234
min_ms=90.611
max_ms=158.656
---raw_latencies_ms---
132.92171800003416
96.63594399989961
105.72309399958613
108.75800199937657
124.25452499974199
98.85265199955029
96.35374499976024
97.07425899978261
99.56849199988937
102.01560499990592
106.41767499964772
102.92445599952771
99.19288300079643
96.10997900017537
94.12956999949529
99.6938649996082
93.7994889991387
103.5786909997114
102.07079599967983
91.00796600068861
92.5218419997691
98.62591699948098
98.07221400023991
96.59315599947149
94.13100100027805
104.00638000010076
103.22320700015553
102.57106700009899
101.63153800021973
100.52875200017297
97.51171300013084
101.54061499997624
103.63156800030993
108.03798100005224
94.9637250005253
101.88061600001674
96.78072099995916
96.81008400002611
98.0566779999208
95.07439800017892
102.80864400010614
101.53344599984848
97.06445000028907
100.6408499997633
92.62347000003501
97.50155300025654
99.15014299986069
98.18178299974534
97.7580439994199
95.53951100042468
106.70483200010494
99.19585199986614
96.67713199996797
101.21679499934544
98.22014600013063
99.55744400031108
103.45231800056354
100.20438299943635
102.04789100043854
96.80533099981403
98.41500299990003
98.31489799944393
101.49081200052024
105.59732199999416
95.56129399970814
104.84997399998974
96.50993099967309
112.23294899991743
100.15259200008586
98.59229900030186
101.94308499922045
100.59533700041356
106.4689040003941
98.9507219992447
99.68509299960715
106.70697099976678
101.28771000017878
99.08546099995874
93.84359100022266
102.23721700003807
97.8114520003146
102.68004000045039
123.1347029997778
97.37730599954375
100.30877400004101
103.99873100050172
100.26895800001512
109.104156000285
96.15212100015924
97.77227799986576
106.36851100025524
100.86058900014905
102.3317400004089
99.48722399985854
97.36617900034616
99.80333400017116
95.01633899981243
103.50548099995649
93.51602300012019
97.65418200004206
95.93737500017596
102.793061999364
100.75950900045427
99.39767600008054
100.56036599962681
105.15620400019543
105.07114099982573
97.40730600060488
99.67651599981764
103.48551199967915
105.11613300059253
93.00618200086319
90.61075899990101
103.51876999993692
99.37502299999323
102.68767300021864
94.87412700036657
96.03638200042042
100.22460500022135
98.36064999944938
95.65568500056543
96.25207899989618
99.26833599911333
95.29116199973942
104.66455799996766
99.97272700002213
100.96638600043661
96.16399300011835
103.21212700000615
102.32810500019696
101.4257719998568
100.60678599984385
101.56401699987327
103.39379800007009
103.00046900010784
96.61483000036242
97.07534100016346
106.07183499996609
100.75795600005222
97.76589800003421
101.23207899960107
100.33493699938845
97.54971500024112
95.96948800026439
101.39150799932395
99.13977299947874
101.23247800038371
96.59148700029618
97.4718200004645
99.31559699998616
98.9302250000037
100.11305199986964
98.13965500052291
96.39185700052622
98.91391699966334
102.73011999925075
105.2310059994852
107.80092300046817
103.90821700002562
107.19523300031142
100.49269499995717
103.01531900040573
107.75963499963837
99.07743799976743
101.91487799966126
99.75000400027056
101.75938300017151
103.53828500046802
97.80540300016582
102.15428399988014
100.63818699927651
96.33928099992772
103.68036100044264
98.40738200000487
103.17706599926169
105.3413889994772
105.4097840005852
96.31762299977709
103.9124669996454
97.79788400010148
99.12521100068261
96.84747199935373
99.3415279999681
98.29938700022467
102.26493499976641
103.3860449997519
100.10109100039699
99.30553899994266
99.30816500036599
105.74575800001185
100.56494499986002
101.72264499942685
102.7983599997242
92.84060200025124
97.46907299995655
97.67502199974842
99.4885729996895
104.30848099986179
95.84456900029181
99.03352499986795
105.31431100025657
98.13797700007854
102.25925999930041
103.728661999412
101.02000299957581
106.44256399973528
94.36167600051704
109.9019679995763
121.01080899992667
107.84131800028263
107.1266580001975
103.86627600018983
108.5495510005785
102.70424099962838
106.09549100081495
98.13750199919014
102.60865799955354
103.72546399958082
110.46889000044757
100.2029159999438
109.97412200049439
96.33363200009626
100.41337799975736
102.86715300026117
102.8606049994778
97.18189500017616
97.3719590001565
104.4977250003285
102.5238950005587
97.04756799965253
102.93153499969776
100.17048299960152
97.5030859999606
103.85817600035807
100.78371300005529
104.73110899965832
95.25069900064409
98.81553100058227
98.37361000063538
101.70730800018646
104.33291899971664
100.29049199965812
94.30151600008685
103.195677000258
95.78529099962907
98.76783399977285
99.47923200070363
103.66043799967883
103.69003100004193
102.15846499977488
110.13770699992165
104.63613100000657
101.52907500014408
95.78946199962957
108.34317199987709
100.756150000052
96.56233599980624
102.30885799956013
103.89456400025665
99.11552500034304
102.39746000024752
107.15584099943953
98.91068499928224
101.28537699984008
102.58769600022788
98.82493100030842
97.46338100012508
97.68381100002443
99.13322199918184
98.42003299945645
103.1402540002091
97.57488299965189
100.38450899992313
158.65644999939832
95.45363799952611
94.9896579995766
97.3408380004912
100.86423600023409
95.23037399958412
100.93442099969252
102.45578800004296
102.43334700044215
108.07824299990898
110.01844400016125
105.22206499990716
102.5156439991406
110.36747700018168
107.46599999947648
103.57659199962654
99.64192000006733
100.71813900049165
110.56219100009912
118.37233899950661
104.99623199939379
98.77388899985817
106.33183000027202
98.77942100047221
101.70503900008043
99.2142960003548
96.62255700004607
103.900684999644
103.55731999970885
95.8911010002339
103.925545000493
101.40361899993877
106.64627700043638
102.44038200016803
98.3073389998026
100.663467999766
100.89199700087192
101.24329700011003
102.89893499975733
100.19986300085293
102.2816579998107
103.64997099986795
96.21346600033576
105.36190200036799
102.74063399992883
107.99294299977191
105.66164800002298
94.94128200003615
100.31924500071909
100.625057999423
98.48155500003486
100.54656900047121
97.08521199991083
95.67768899978546
103.53033599949413
100.9335770004327
99.22094200010179
105.10442499980854
101.08291899996402
109.659310999632
105.62694000054762
109.0209740004866
102.02991999994993
99.0261160004593
102.4774730003628
101.9469590000881
99.36563899918838
105.36893300013617
97.16306399968744
103.25030900003185
106.51992600014637
104.51869500047906
100.73387099964748
102.52178500013542
101.3779170007183
110.03929799971957
100.53046600023663
98.57834700051171
107.66719000002922
97.91308399962872
96.39667000010377
101.72164999949018
101.18691400020907
103.36472400013008
97.2604720000163
103.98210299990751
97.4391520003337
96.81231200011098
97.67528700012917
106.3485849999779
100.30724599982932
99.0142199998445
100.08738099986658
93.79854100006924
100.4603239998687
108.80435499984742
101.57836999951542
101.19523400044272
100.25913900062733
94.88883100038947
98.30406799937919
102.1085120000862
105.36442899956455
97.35436299979483
97.95884499999374
98.51365299982717
95.66341400022793
96.45096199983527
107.91475000041828
101.32568500011985
102.57848599940189
96.92360000008193
99.78520999993634
100.16433799955848
94.80321599949093
105.47040500023286
100.92211600021983
99.46731800027919
106.75988299954042
101.25141900061863
100.64500699991186
104.63608900045074
104.68868299994938
101.15173699978186
103.17629200017109
99.13473599954159
107.29865999928734
96.80717199989886
99.11568299958162
99.91897600048105
97.77028000007704
110.22396799944545
103.90832699977182
111.2373320002007
96.19393200046034
110.19538899927284
97.85783400002401
110.97159199925954
98.82960200047819
105.51805600061925
102.78449399993406
100.55300899966824
100.06048900049791
100.54875799960428
97.89845499926741
98.38247399966349
94.29235300012806
98.60165999998571
96.47214400047233
101.30576600022323
102.52407300049526
105.5471089994171
100.97731200039561
98.18627499953436
103.46024699992995
101.91138699974545
94.17489399947954
101.05107900017174
102.6275659996827
101.13221400024486
100.54300600040733
104.71835799944529
98.40700999939145
97.19734499958577
96.58318299989332
99.18871500030946
99.9222379996354
103.98151099980169
99.60094899997785
99.13505499935127
100.6718569997247
101.24154500044824
101.51895399940258
99.15432299931126
100.15073199974722
93.16143199976068
103.20596700057649
104.39627200048562
94.7779480002282
99.63215599964315
106.40636400057701
97.9845629999545
102.8834740000093
98.84133799914707
99.26205600004323
105.31748100038385
96.80097000000387
96.06124800029647
98.23877500002709
103.47820400056662
106.08040599981905
99.95375400012563
94.52337099992292
104.56399899976532
101.1321810001391
96.20956100025069
99.2814899991572
99.38303999933851
103.20106899962411
104.96570800023619
96.18176099957054
93.87940400029038
103.90305799955968
104.86608300016087
105.55612799998926
101.26352999941446
100.61497799961217
98.42312000000675
99.26694999921892
106.9965319993571
95.11433099942224
97.29183699982968
100.45254099986778
101.66761699929339
105.33861899966723
96.13436000017828
99.48835500017594
94.82294999997976
99.45929299919953
98.60973699960596
112.0177729999341
101.86207300012029
