Messages/sec=11.11
duration_sec=60.034
payload_size_bytes=8388608
total_messages=667
payload_throughput_MiB_sec=88.88
mean_rtt_ms=70.613
median_rtt_ms=69.221
stddev_ms=7.875
min_ms=60.766
max_ms=160.460
---raw_latencies_ms---
81.77624299969466
84.97711099971639
67.18278200060013
66.7464750004001
66.30358599977626
69.8178780003218
68.78177899943694
68.58228300006886
68.11156799994933
67.88911199964787
73.95523200011667
75.17736399950081
70.93212000017957
68.7639890002174
68.82399099959002
67.62056499974278
68.98300700049731
69.73936399936065
69.05630199980806
74.8206130001563
68.95081199945707
67.79885200012359
67.90165399979742
69.52631199965253
73.87308200031839
68.9913569995042
72.70434800011571
71.65963899933558
68.2401359999858
68.45263099967269
73.17742700070085
70.88092100002541
73.83343800029252
70.0692500004152
69.76003999989189
72.30713699937041
67.69296799939184
69.24252299995715
70.37053999920317
70.6503880001037
67.27522399978625
72.59023400001752
72.0514180002283
72.52918399990449
72.01823899958981
67.38148599924898
71.91955700000108
76.87045599959674
67.82581999959802
68.28611699984322
72.01031900058297
70.60450900007709
66.99106100040808
72.5559250004153
93.64177500083315
143.37618500030658
70.82409300073778
64.38265699944168
75.0154190000103
68.35603800027457
69.18840300022566
66.67821900009585
70.36005800000567
69.5056240001577
68.03557700004603
69.3536580001819
69.33931599996868
67.13555300029839
65.9348230001342
69.26866499998141
69.84700399971189
67.1779329995843
69.15873100024328
71.12927899925126
74.02951000040048
70.43471900033182
74.46132600034616
70.0860829992962
70.37052900068375
69.61942700036161
68.60257300013473
68.51505299982819
73.78735299971595
66.58238599993638
73.96834900009708
70.85246199949324
72.88059300026362
67.22729399916716
62.90439499935019
65.74589699994249
68.2691279998835
71.75157100027718
71.66869699995004
67.70310899992182
67.41508899995097
70.29966700065415
64.89348800005246
68.12463000005664
71.96585699966818
69.05704000018886
73.30855700001848
70.92072599971289
73.9857779999511
71.50830999944446
69.26796599964291
74.92473900038021
69.12335099968914
71.18986300065444
65.64477400024771
68.16940099997737
69.31121699926734
70.47834100012551
63.32298800043645
68.08655100030592
70.92632500007312
70.43880000037461
68.26249300047493
70.47227299972292
68.82459099961125
69.0674070001478
71.6138959996897
70.04523900013737
69.43561099978979
69.6334839994961
70.01242899968929
69.15373399988312
66.56787199972314
72.24935899921547
67.15945100040699
71.74741099970561
67.57815200035111
68.84451800033276
67.9816159999973
71.12150300054054
68.99392500054091
68.31355699978303
74.04332099940802
69.56795199948829
69.39420900016557
68.12123300005624
69.60333000006358
67.81539000076009
68.46474600024521
67.04928799990739
72.43556200046442
73.51763899987418
68.79405099971336
67.20910499916499
68.56274300025689
67.80113299919321
71.2210049996429
68.10013300037099
67.81757200042193
72.42641500033642
69.53034199977992
73.50509499974578
68.98390099922835
74.64547799918364
70.44466099978308
67.07882799946674
69.12915199973213
73.21453399981692
71.552845000042
67.62923400037835
69.00028600011865
68.42057700032456
68.399288999899
69.14889099971333
66.60571199972765
71.9327090000661
69.00949200007744
64.52418000026228
69.54814800064923
67.52485300057742
69.38954199995351
69.07837899962033
69.75085800058878
68.4401810003692
68.95653900028265
71.51869299923419
70.74667000051704
69.7742210004435
68.89235400012694
70.57465600064461
67.94239600003493
70.21616200017888
69.6500770000057
71.93257800008723
69.60245399932319
68.07157000002917
70.03342300049553
65.93535400043038
69.45063300008769
66.36126800003694
68.89198400040186
67.14561799981311
69.28189600057522
73.4186839999893
80.76512299976457
70.16663000013068
70.84382300035941
67.37451899971347
78.34213100068155
69.92328799969982
60.76641100025881
70.01266699990083
67.25250399995275
73.80955200005701
68.12178000018321
66.80026899994118
69.72387699988758
69.45458100017277
68.14401999963593
70.69348599998193
66.47183099994436
68.73196000015014
67.34053299987863
69.07150000006368
71.51492899993173
73.59305700083496
70.28657499995461
69.41305000054854
79.13899499999388
70.6624569993437
69.37864800056559
71.40137299938942
68.41834799979551
64.2872600001283
67.88991699977487
70.82535800054757
70.61629599957087
66.20720199953212
69.97492099981173
75.83922400044685
138.00450199960324
66.8345309995857
69.46159499966598
72.49911400049314
68.27243599946087
66.78194100004475
64.37799499963148
73.66817000001902
72.84260300002643
65.26491899967368
68.9564779995635
68.5205939998923
67.00910500057944
69.88275500043528
68.3209179996993
69.16296100007457
69.60034500025358
71.50851400001557
68.57659199977206
71.82203000047593
67.48967000021366
70.0027399998362
69.99049600017315
73.13869399968098
68.96045699977549
69.3501390005622
68.08440900022106
68.13489300020592
66.27562500034401
69.82790200072486
72.78213700010383
69.34282499969413
70.48463199953403
67.36978800017823
65.06976899981964
69.37093600026856
75.6507000005513
68.67686200075696
66.93485699997836
69.30066800032364
66.67285100047593
69.84719499996572
69.7565399996165
66.77149799998006
70.12347700037935
66.03925899980823
68.18140799987304
71.63791800030594
74.34958000067127
71.76925000021583
66.89122700026928
66.24399599968456
74.11675399998785
70.94985399999132
69.11128999945504
69.43967299957876
67.02746800056048
65.77402000039001
69.70460899992759
67.57495500005462
66.79044900010922
68.48175300001458
68.3432569994693
72.387377999803
67.84699999934674
69.05742699927941
69.0106560005006
66.6723419999471
68.1931330000225
65.9538509999038
71.8171929993332
71.22388500010857
66.52440200014098
69.28176800010988
70.36952900034521
72.8854560002219
70.95762599965383
66.99811499947828
65.47021999995195
68.50710299931961
70.3857139997126
74.81956599986006
70.13450100021146
65.49418000031437
71.30770799994934
66.3564079995922
67.07758900029148
72.47934999941208
67.85653200040542
71.90227699993557
69.78466100008518
64.22628899963456
74.3381189995489
67.15573200017388
69.22030199984874
67.27934500031552
70.9267659995021
67.92450700049812
73.07326999944053
67.14845199985575
73.20426400019642
73.80515500062756
69.33837100041274
67.14011899930483
71.26904699998704
66.53291000020545
68.69848199949047
68.90643499991711
73.4127029991214
71.08009900002799
68.71805500031769
68.8636820004831
67.64768999983062
67.7667609998025
68.24577299994417
68.4202299999015
68.4944020003968
70.6662349994076
70.39127999996708
67.32387400006701
68.30554599946481
69.319854999776
67.37041499945917
68.59374800023943
70.71997899947746
67.58788400020421
68.27943999996933
69.24396700014768
68.70106599944847
67.60081599986734
65.33656100054941
69.89882600009878
67.57126299999072
71.40966000042681
65.88618099976884
69.04921000023023
67.77337000039552
66.93833299959806
70.83831299951271
70.85187299981044
70.34729899987724
68.17662499997823
72.36096899941913
66.24524600010773
66.22197300021071
67.40187500054162
69.40166299955308
74.81034499960515
66.68909500058362
68.88500500008377
67.07341999936034
67.0507369995903
70.549380000557
65.56885499958298
68.33966700014571
73.33372100038105
68.58377400021709
73.19132500015257
66.57609299963951
67.16686199979449
66.83141299981799
72.37467000049946
67.29055400046491
74.41403599932528
66.24799400015036
66.89560399991024
68.96994999988237
69.2211519999546
81.80662599988864
70.71096999970905
67.11564899978839
68.64151499939908
73.33810900036042
71.08827000047313
65.10325899944291
71.5126169998257
66.83185800011415
69.56253799944534
69.2341750000196
76.18687500053056
89.06478799963224
74.94178499928239
71.82555300005333
87.97806599977775
80.67877900066378
67.20837600005325
69.24773799983086
72.44153200008441
81.74672499990265
82.94232600019313
67.73252899984072
71.73786200019094
67.32708399977128
65.24378399990383
75.21396999982244
85.96579200002452
72.31666200004838
73.99606000035419
68.72780800040346
67.35789599952113
65.94203300028312
69.66496000040934
69.0718879995984
86.87296800053446
73.65048099927662
72.36883999939892
67.36331799947948
67.20834399948217
70.69038900044688
68.11702999948466
73.9508869992278
68.20824100032041
72.14287500028149
89.11871899999824
68.13256999976147
71.61439700030314
68.27731900011713
68.26882800032763
70.0595100006467
64.64018399947236
67.00903000000835
68.68878600016615
68.06575700011308
76.34609100023226
93.53715400084184
66.8553180003073
68.97744500020053
67.10549899980833
67.845022000256
72.17426500028523
63.615293000111706
68.26626800011582
68.21481299994048
68.08441599969228
70.01526699968963
69.26028699945164
79.45473699965078
69.38756799991097
73.7262609991376
70.89307300066139
68.60196999969048
66.19727299948863
66.8797429998449
65.09507700047834
68.73591800012946
69.83549400047195
67.55044199962867
65.25456500003202
67.07768699925509
69.13202899977478
65.79162900015945
66.48388400026306
70.69487900025706
70.41603100060456
66.96686600025714
67.82709100025386
68.67231599972001
70.27071800075646
74.23601000027702
69.49338100002933
67.5238130006619
72.22940600058791
69.6270429998549
76.24435000070662
70.70740900053352
64.90673699954641
67.2986839999794
63.13648600007582
95.14546100035659
111.18197700034216
66.73546700039878
67.14118800027791
67.64407299942832
68.23876399994333
71.40658099979191
64.81592100044509
67.35776699952112
68.88188399989303
67.03674700020201
70.31976400048734
71.77626900011091
66.61969400011003
75.32537699989916
68.99580600020272
70.85358099993755
73.0893299996751
69.41645899951254
66.706506000628
74.550134000674
160.46002399980352
70.75398000051791
72.53444199977821
67.83059099961974
71.46682100028556
68.51105999976426
69.2149739998058
67.04265700045653
70.92297500003042
68.48326999988785
72.59202499972162
73.82066100035445
71.82224200005294
75.22537600016221
67.1980920005808
67.97748500048328
69.75027000044065
68.25046299945825
70.78765299957013
71.23916399996233
70.07591799992952
71.30974600022455
67.48199899993779
69.71963900014089
77.10929299992131
68.8213920002454
67.14666000061698
69.6150129997477
75.29091200012772
74.08000200030074
66.47865099967021
70.62199499978306
67.71196899990173
68.86905400006071
72.02117999986513
69.03756900010194
68.80093200015835
68.28830399990693
69.2799250000462
70.82044300022972
67.9802530003144
66.52055300037318
71.83828100005485
75.87638499990135
70.73828899956425
66.83311899996625
69.047168999532
66.2814730003447
72.0735839995541
68.71034599953418
68.24247500026104
70.67516899951443
68.062696999732
67.57638300041435
68.05611799973121
67.60036100058642
71.77697299994179
66.65186999998696
67.27557199974399
69.75462900027196
69.46053000046959
73.02323799922306
68.26328400074999
74.83495300039067
68.26492399977724
77.29603700045118
66.50104099935561
71.74483900053019
70.47070499993424
74.42703899960179
72.40641699991102
66.92297400059033
69.26493700029823
71.42388500051311
68.5761350005123
73.32836800014775
68.82474499980162
68.73821600038355
67.38191600015853
70.27551699957257
67.83874300072057
66.34461700014072
69.7834899992813
67.0802789991285
68.94229700083088
69.26965599996038
70.55638099973294
68.35934600076143
66.92745100008324
68.28920600037236
69.49875999998767
73.03535700066277
71.49611100066977
68.02044899995963
67.211350999969
67.40443800026696
68.22394399932818
69.8996539995278
66.59531200057245
67.58333400011907
66.65397500000836
69.68123699971329
104.21548500016797
154.3360350005969
135.00006100002793
72.56895899990923
68.0655480000496
68.230993000725
74.36142899950937
75.20046499939781
70.74070300041058
67.87126299968804
68.71954199959873
67.75231800020265
73.61847500033036
71.48262200007593
66.89908199950878
67.33750599960331
70.71903799987922
72.43686000037997
72.31626700013294
68.97095200019976
69.45285399979184
69.42432100004226
68.03437899998244
69.42419900042296
67.34651599981589
67.9662129996359
68.09118799992575
70.47260099989217
73.28241200048069
71.1110189995452
73.57718599996588
68.91716400059522
74.67556000028708
68.2264530005341
68.3530360001896
67.29300400002103
77.65127800030314
75.32320000063919
68.13784899986786
67.76315799925214
73.96444699952553
82.8837779999958
