Messages/sec=8.45
duration_sec=60.031
payload_size_bytes=8388608
total_messages=507
payload_throughput_MiB_sec=67.57
mean_rtt_ms=98.214
median_rtt_ms=99.093
stddev_ms=9.458
min_ms=65.576
max_ms=173.082
---raw_latencies_ms---
86.39965400016081
67.31985399983387
65.57558399981644
72.49106399922312
69.53730499935773
69.15638900045451
78.59679800003505
66.7087250003533
65.77088999983971
67.64143300006253
83.8572890006617
69.49363100011396
76.10705099978077
68.76992799971049
69.58958500035806
69.71753400011949
66.92934500006231
66.04138900001999
74.22763700014912
69.54043099995033
67.9769110001871
65.65391399999498
74.69111499995051
77.4770650004939
82.4408560001757
83.44609799951286
97.15770399998291
106.71648100014863
104.84992600049736
99.99454999979207
96.13730399996712
98.29920599986508
100.12452799946914
100.10682000029192
100.90696499992191
96.81878000083088
98.83949200047937
99.41468999932113
99.02145999967615
103.42295200007356
101.32428699944285
99.72021199973824
98.97714899943821
97.42336199997226
101.46167700077058
97.245885999655
96.55975500027125
105.91329699946073
99.95746599997801
100.55887199996505
109.35517399957462
97.5626959998408
96.24957599953632
98.40865200021653
102.99788700012869
102.81464099989535
97.39378800077247
100.78898400024627
104.43442700034211
96.86709499965218
99.75233000022854
97.27218900025036
104.93195200069749
103.58055599954241
99.12480100047105
173.08228999991115
101.40500299985433
97.07473200069217
100.96741800043674
103.96330000003218
97.0496700001604
101.2553949994981
102.74526200009859
102.43823299970245
101.36500900080136
93.58316599991667
92.42477600037091
98.4181420008099
95.68375799972273
107.36680300033186
94.58292199997231
93.64095700038888
99.68630000003031
111.15146799966169
100.30466299940599
102.06696099976398
95.76496000045154
94.43303099942568
99.05462999995507
101.54712499934249
103.58001500026148
101.25208800036489
103.99371899984544
102.27011599999969
102.98237999995763
92.01514400047017
97.99900899997738
97.40541900009703
102.39601200009929
98.23806700023852
108.57007899994642
96.84249200017803
99.8452140001973
96.23254800044378
96.39147399957437
105.64282800078217
103.11055399961333
97.92483700039156
92.77685200049746
100.875067000743
94.80847000031645
103.56603899981565
97.6799280006162
98.06540899990068
97.03454700047587
106.19286899964209
99.59505400001945
99.70644100030768
100.27573600018513
105.31472100046813
100.9710839998661
107.3324799999682
103.04640999947878
99.92615300052421
101.90787800001999
101.6729849998228
95.64341199984483
97.90671599967027
100.72415200011164
106.6681399997833
95.19929199996113
102.901732000646
97.52872199987905
94.14448200004699
100.26435700001457
104.7250809997422
98.40227599943319
99.53720599969529
95.18638099962118
97.89141199962614
97.98894899995503
100.4462290002266
114.20157300017308
101.57376400002249
101.89435899974342
101.20035399995686
102.230327000143
102.32578900013323
102.31020899936993
103.8848180005516
107.16407700056152
102.15951199916162
99.77265299949067
97.32209899993904
100.65213600046263
104.11099500015553
105.54287100057991
97.96167999957106
98.70593399955396
105.3533519998382
100.7784969997374
97.1453139991354
95.58909999941534
99.87950199956686
102.43049299970153
102.47630400044727
96.749300000738
97.64719800023158
95.81746100047894
99.10065199983364
95.67039299963653
99.52660199996899
103.37786899981438
96.45420800006832
102.25099799936288
99.23948899995594
95.94029500021861
96.67330799948104
96.50877300009597
97.41780099921016
112.31143199984217
97.43347099993116
104.12107800038939
100.05814200030727
96.86838400011766
104.81196599994291
97.59075599959033
101.08391700032371
94.71350200055895
104.87656700024672
99.60482799942838
101.13031399941974
99.00399799971638
99.38316799980385
104.33464500056289
96.32557099939731
98.97413799990318
120.092064000346
168.51383699940925
101.84001400011766
101.88087000005908
101.65468000013789
101.33596200012107
95.32360800039896
104.47648499939532
94.20014399984211
100.11643699999695
101.94752999996126
95.51106299932144
100.47129400027188
97.86304500084952
98.14538099999481
100.07215099994937
101.53355500006
98.08167599931039
100.99165000065113
95.37323899985495
99.4757300004494
94.96071000012307
95.56470100051229
99.76917099993443
98.7395900001502
98.37053299997933
97.0950119999543
98.77969300032419
101.09078300047258
99.946897999871
97.62761000001774
112.06758999924205
96.78308799993829
95.80381200066768
96.3958480006113
99.07881500021176
98.69720099959522
95.8780310002112
97.19205399960629
97.60623700003634
101.08017499987909
94.81358099947101
104.96101100034139
96.8571499997779
99.35332100030791
95.4787499995291
105.5990289996771
98.14591099984682
95.07122700051696
99.02806900026917
102.8840159997344
99.84011500000634
106.69791300006182
99.52049399998941
99.10636200038425
96.33263399973657
98.85252500043862
90.07693599960476
99.98248600004445
95.75246999975207
105.44954599936318
104.58976199970493
107.75141100020846
97.90556900043157
105.5690240000331
103.89686999951664
105.61014999984764
105.97174800022913
104.43442499945377
102.68460199949914
98.34355600014533
96.2308469997879
101.26228900026035
98.50962600012281
95.09462799996982
96.47207199941477
103.49252699961653
101.38037900014751
101.85352799999237
110.82483199970738
98.97185799945873
93.7347890003366
97.23573500014027
98.09849200064491
95.24751600019954
96.28984599930845
101.35401000025013
101.77150199979224
97.6882189997923
98.43522299979668
95.26918300070975
99.61654200014891
103.22617800011358
96.83815300013521
99.66970000004949
97.9042170001776
93.93283200006408
98.64768099942012
105.79185400001734
100.99387699938234
97.48015700006363
100.18762100025924
92.17691300000297
100.32763099934527
99.18997300064802
97.94706699995004
98.2187569998132
98.8816630006113
103.62819300007686
94.28011899944977
97.54562799935229
98.07070300030318
102.36592700039182
100.90902699994331
97.4623239999346
91.63379400069971
98.66554099971836
104.2895310001768
102.12810400025774
98.54738600006385
103.83868799999618
104.28149000017584
98.35453100004088
96.4522139993278
104.30542999984027
99.10040300019318
96.29403999952046
98.34137599955284
93.91064500050561
101.24616600023728
100.59524799999053
97.87300500011042
93.5299490001853
92.66885299985006
101.85705599997164
96.76897999997891
97.39439700024377
96.46560300006968
99.2752259999179
98.63651900013792
104.48849800013704
100.35603699998319
105.63904999980878
93.81363499960571
105.59148999982426
104.65990000011516
99.56630600026983
102.54742600045574
103.89426600067964
96.41578900027525
115.17153800014057
100.28699099984806
98.03098000065802
108.67928199968446
101.66797200054134
106.87491800035787
102.616467000189
100.62968199963507
100.966476999929
98.68744000050356
102.92967000077624
99.79114300040237
93.83785200043349
95.25639599996794
100.38010999960534
95.4401199996937
101.19105099965964
107.70362299990666
96.86432200032868
103.21605700028158
102.8585510002813
101.04975400008698
113.03329600013967
100.97864599993045
105.95908899995266
98.44031299962808
102.19674699965253
99.68897999988258
96.00222700009908
95.65084199948615
99.66581000026054
98.36204800012638
106.02114300036192
101.6694150002877
99.33182900022075
101.18630499982828
100.59986599935655
98.7615399999413
107.02657399997406
105.61448899989045
114.65292399952887
101.30103399933432
95.98209799969482
99.49299700019765
105.33385100006853
95.74570800032234
103.34772099940892
102.12901799968677
98.02510699955747
99.29837700019561
114.464467000289
99.39293000024918
104.48193600041122
97.70133099937084
102.24006799944618
100.81148399967788
100.45279799942364
97.73666799992498
98.45329300060257
107.47701400032383
108.58522900070966
102.65306899964344
99.96241299995745
99.55148500012001
96.01304399984656
99.06283000054827
98.83590399931563
99.71584100003383
103.74465099994268
98.83389600054215
97.99958900021011
99.0933920002135
103.3516019997478
99.35463300007541
97.59313599988673
95.31031799997436
99.7454509997624
99.53413500079478
101.92215600000054
101.21311100010644
101.0437089998959
108.95495800014032
96.17348200026754
96.67142299986153
103.90103700046893
98.47927300052106
101.90813000008347
98.01969300042401
103.36783700040542
98.90480099966226
104.01764899961563
113.14663399934943
122.25241800024378
98.00027999972372
98.65391699986503
97.39880000051926
101.45733399986057
99.58192500016594
96.9470950003597
104.98396000002685
115.33527399933519
100.12646699942707
96.90882299946679
102.7320109997163
101.13477399954718
104.44254199956049
97.30533399942942
95.73092000027827
101.1451960002887
103.06032300013612
97.18756100028259
98.04695900038496
96.61542699996062
99.96073499951308
96.45023100074468
98.82222800024465
104.20349700052611
99.66374700070446
97.34735999973054
103.84660399995482
99.07492899947101
98.57679499964433
97.03051700034848
84.14467599959607
83.36170399979892
73.63449700005731
73.0019180000454
73.89509499989799
72.13164199947641
70.57880600041244
73.04730099986045
80.68198999990273
91.4483590004238
90.256591999605
92.49188499961747
90.23612499913725
91.99900300063746
95.91052500036312
99.61425399978907
87.20961900053226
91.25926600063394
91.79897700050788
91.78872499978752
89.56145699994522
100.93015999973431
93.08072399926459
93.73652000067523
91.83451999979297
85.22235100008402
88.84488199964835
92.79203200003394
90.61989800011361
87.96766599971306
93.77812099955918
95.36150899930362
89.07741699931648
88.68938399973558
90.71231800044188
89.85296199989534
87.53009900010511
