Messages/sec=9.81
duration_sec=60.032
payload_size_bytes=8388608
total_messages=589
payload_throughput_MiB_sec=78.49
mean_rtt_ms=82.237
median_rtt_ms=71.770
stddev_ms=16.364
min_ms=58.168
max_ms=176.809
---raw_latencies_ms---
106.75322399947618
98.0781799999022
102.71209399979853
98.40991999953985
100.3034959994693
145.33526000013808
97.63995499997691
96.50126100041234
101.89886999978626
108.33946999991895
96.16628200001287
102.5100270007897
109.06534500009002
98.871565999616
105.05815700071253
99.23659299965948
94.94442300001538
106.61883300053887
100.01246899992111
96.87068299990642
98.58770600021671
104.60516999955871
96.91928800020833
97.9782360000172
90.6398809993334
99.2841449997286
101.04598900034034
98.1845219994284
102.25178199925722
101.72395999961736
95.89562099972682
106.42037300021912
96.94006599966087
94.36935600024299
95.36783199928323
102.4681459994099
112.64687699986098
99.0374229995723
103.58027699930972
108.43587099952856
98.16974900058995
96.59624300002179
98.7449310005104
103.25709999960964
98.50666199963598
98.21094700055255
99.20987999976205
108.01438999988022
98.53520399974514
100.93350599981932
102.04027200052224
96.46045499994216
100.17061199960153
102.20371599916689
97.56709399971442
103.75454099994386
107.25997999998071
105.06680100024823
100.91213600026094
97.5942129998657
96.4399839995167
96.79794199928438
103.82920500069304
98.16466700067394
98.3480069999132
98.28747600022325
98.75465400000394
93.32536999954755
96.57044499999756
97.96773800007941
106.511916999807
98.29622999950516
111.66743200010387
102.10037099932379
108.02647399941634
99.43073100021138
104.023159999997
103.7628419999237
137.84735999979603
176.80909499995323
101.1601519994656
102.14843700032361
104.65090999969107
101.11286700066557
101.10788900055923
95.04268599994248
100.27043100035371
107.88625800068985
94.42080699955113
94.93770500012033
95.24161500030459
106.97023900047498
96.45804499996302
97.89139599979535
102.75467300016317
97.90148600040993
105.0779560000592
102.55529700043553
99.87223400003131
105.58086799937882
96.8310409998594
110.33078399941587
94.12749100010842
105.0411839996741
99.20614900056535
100.54353499981517
102.23499499988975
100.06638499999099
99.77434800021001
103.62461800013989
101.16916800052422
104.00951500014344
98.11616900060471
105.29381800006377
103.64599100012128
107.88215499997023
100.31392899963976
109.75471399979142
107.26084900034039
98.28675300013856
98.00249700037966
103.13867399963783
103.62287899988587
98.24858800038783
95.63508799965348
102.07756299951143
105.20704800001113
102.90905800047767
98.65722800077492
98.66842300016287
101.72191499987093
100.38829899986013
102.017141000033
103.36148199985473
107.0069039997179
99.83190700040723
101.1328839995258
96.85035200072889
103.70325099938782
100.33237599964195
102.11911500027782
99.7531800003344
102.99740800019208
103.4889460006525
95.21004399994126
106.10502399958932
100.69490700061579
96.16711099988606
101.06640300000436
97.06234599980235
99.75402199961536
96.16825400007656
96.85043300032703
102.0282870003939
100.4860210005063
109.57067299932532
102.9012059998422
108.71773700000631
99.75830199982738
104.19769800046197
96.6547880007056
98.29263299980084
99.47818199998437
96.72809000039706
101.56572199957736
100.36885499994241
102.28474200084747
107.16928600049869
103.51179000008415
94.83675800038327
101.23229499913577
104.66594799981976
110.14962799981731
101.56034899955557
109.43962300007115
100.95017599996936
104.38945300029445
107.63815300015267
100.51881300023524
100.30597600052715
96.51736300020275
96.48360799928923
98.77148099985789
97.79410999999527
104.93931000019074
92.40677300022071
105.63319499942736
94.92807400056336
97.38582000045426
97.02530600043247
96.71650000018417
102.90562300087913
98.95444700032385
97.35927899964736
104.7428840001885
94.83961099977023
98.30758799944306
99.37370999978157
100.14866100027575
104.01567899953079
100.696775999495
99.51894099958736
105.08036399915
100.89123099987773
96.91381299944624
105.13998599981278
99.28448699974979
100.21492400028365
98.43210199960595
101.2509290003436
104.55120599999645
99.00712800026668
97.12430000035965
100.03561099983926
96.62339500027883
99.23686799993447
100.26800699961314
101.26164800021797
95.75383999981568
101.47681299986289
94.93318400018325
97.12416000002122
104.20625200003997
101.3942119998319
103.79003300022305
99.40256199934083
104.3742010006099
88.22480000071664
78.43224399948667
71.66723800037289
69.78689999959897
67.01262600017799
67.0695139997406
69.22327600022982
76.06665200000862
67.60762299927592
68.97439000022132
66.2809860004927
68.52157400044234
69.25710299947241
72.91252600043663
71.8620040006499
66.43017999977019
66.60457399993902
74.52649500010011
70.12075300008291
69.932733999849
73.02819599954091
70.80541300001642
66.8645829991874
71.75405900034093
70.32486699972651
70.33737700021447
71.59721699918009
72.05102999978408
67.99792699985119
67.12639099987427
70.84771800055023
66.77101400055108
70.65898600012588
81.18664699941291
70.88406200000463
67.92472200049815
70.88057300006767
70.55163499990158
66.76437699934468
66.91762399987056
68.25334499990277
82.27818700015632
84.43077700030699
68.51208999978553
64.48759799968684
85.76147599978867
78.76596200003405
67.63437600056932
68.27422500009561
82.6156909997735
83.38795300005586
71.78312199994252
71.81314199988265
67.22260799961077
66.89795100010087
80.75573499991151
90.90595099951315
65.47809900075663
69.42918200002168
66.88824100001511
70.8682949998547
68.03935300013109
81.38333599981706
89.72693499981688
67.71237900011329
68.34974600042187
69.2243449993839
69.24291300038021
67.39279499925033
66.76218699976744
67.90599200030556
76.92967500042869
85.90083300077822
64.87173499954224
67.20278199918539
67.42564500018489
73.68792499983101
69.27839499985566
73.2814769999095
70.42245699994965
67.58492500011926
66.47578899992368
82.2621209999852
91.15666999969108
75.48389300063718
70.07878300009907
71.14916299997276
67.9707139997845
72.67101900015405
74.48417199975665
67.7605279997806
71.70944000063173
67.55289100055961
69.01578799988783
84.30580500044016
78.94474699969578
70.29940800020995
67.98140600039915
71.40486699972826
67.1630010001536
69.74652000008064
68.32677599959425
67.83048299985239
64.49310699917987
69.14536200019938
69.55114700031118
73.04804799969133
70.14155399974698
65.60607599931245
67.52637299996422
72.60942599987175
69.10354799947527
66.32792300024448
68.20305699966411
70.23857399963163
71.31101699997089
67.91411500034883
67.59443600003578
70.5959939996319
71.16121400031261
69.42095300018991
64.60073400012334
67.46879000002082
71.5133629992124
76.64429899978131
72.68870699954277
68.69101699976454
69.65664000017568
70.07942000018375
69.38279800033342
68.14303200007998
70.68221900044591
66.80010199943354
66.76724899989495
72.74804900043819
69.63151499985543
71.0282609998103
69.17434100068931
66.41380000019126
71.00817100035783
67.15978600004746
71.05205899915745
66.91622200014535
71.18892400012555
69.35486899965326
68.3318559995314
68.19981099943107
66.6590669998186
65.87671099987347
69.13494099990203
67.29433599957702
72.41247500041936
69.42668899955606
67.23199600037333
70.32636799976899
68.02425699970627
68.33693499993387
71.74990000021353
71.084143999542
66.96034400010831
67.30542500008596
68.76398399981554
96.67901800003165
70.15469099951588
66.75373800044326
71.07079000070371
69.0528989998711
68.7465279997923
66.91136300014477
75.50753299983626
69.06399900071847
69.19698199999402
68.10314999984257
69.49927100049536
77.47464300064166
78.5255649998362
71.58392300061678
70.45648599978449
67.30895500004408
68.92017399968609
70.13562200063461
69.84405099956348
69.28707499992015
70.42361299954791
69.2817670005752
71.70574700012367
68.84940300005837
70.52388399915799
73.96760899973742
68.7187379999159
72.06376799967984
72.89960500020243
67.87838399941393
67.1189279992177
63.73308900037955
69.47772200055624
68.40087799992034
68.59566500043002
65.86133199925825
68.45498199982103
68.7337600002138
68.01438700040308
73.73843000004854
68.46049100022356
67.76708899997175
70.78231600007712
68.7795809999443
70.25877900014166
77.74965699991299
67.63102799959597
65.29743399914878
70.73310400028276
67.03939599992736
71.88858300014545
69.26036599998042
69.45297000038408
69.46274599977187
70.18833399979485
65.48811999982718
68.7120259999574
76.36398200065742
78.26460999967821
70.20674500017776
69.2304519998288
71.21941300010803
67.26185600018653
70.46427300065261
68.31462599984661
67.62904700008221
67.28974599991489
70.65551499999856
77.92610000069544
70.21312400047464
70.71842000004835
63.9640800000052
70.03583799996704
67.92588799999066
68.60146599956352
69.00951499937946
67.43173900031252
68.05054999949789
66.57848400027433
68.9352859999417
70.1345150000634
72.22455600003741
71.5049740001632
67.21079400085728
67.73010599954432
69.6580690000701
66.96085699968535
71.23390500055393
68.44379999984085
70.60984899999312
77.75853300063318
66.33815499935736
67.91738499941857
68.08149800053798
67.56861200028652
68.11496900081693
68.11420699978044
67.46443800057023
69.19134200052213
67.63597899953311
68.6819580005249
66.68228500075202
67.28572900010477
68.36348900014855
67.64222499987227
58.16771700028767
69.12560900036624
75.78066299993225
67.5057510006809
67.01100500049506
73.45822400020552
67.60700499944505
71.77023100030056
67.13256100010767
65.90656699972897
70.02268899941555
67.56109400066634
71.49988299988763
66.48921800024254
64.43404800029384
66.91960500029381
73.07064999986324
69.21159499961504
70.25777699982427
71.05355899966526
68.46783200035134
67.23836499986646
67.49900300019362
71.06364899937034
61.848790000112785
67.58329100011906
67.684604000533
70.36390600023879
67.94109499969636
69.44255100006558
69.62543400004506
69.410039000104
69.4680349997725
67.55013299971324
69.4112959999984
69.17660199997044
68.97913600005268
65.86978300038027
66.97078400065948
68.00543099961942
67.67278799998167
70.51026399949478
74.2947369999456
70.24391499999183
67.00073999945744
69.78965100006462
66.85436999941885
66.1812780008404
66.45430200023839
66.29229400004988
69.00256700009777
75.19128600051772
68.9375360007034
74.34905700029049
71.74171099995874
68.30155700026808
69.3970279999121
66.9106630002716
68.3845379999184
83.35788600015803
74.57517599959829
66.73112800035597
69.17952299954777
64.50183400011156
72.11569900027825
67.47244200050773
67.44472100035637
67.7872109999953
70.64916200033622
67.17904299966904
68.96699600019929
68.52210299985018
68.89960000080464
70.02853900030459
72.3425699998188
68.90181499966275
68.77936399996543
68.45767400045588
68.52812699980859
70.08492900058627
70.46477099993353
73.40324899996631
71.55002600029547
69.7978520001925
72.8417830005128
66.8298219998178
69.11375299932843
72.43729699985124
70.5138960001932
69.42678999985219
63.17073799982609
71.02422700063471
66.26021099964419
73.60588899973664
