payload_size_bytes=102400
runs=250
mean_ms=1.425
median_ms=1.180
stddev_ms=0.597
min_ms=0.894
max_ms=4.991
---raw---
1.829591000387154
2.092654000080074
3.967985000599583
1.361681000162207
3.033641999536485
1.3872420004190644
1.9105179999314714
1.6398600000684382
1.8507400000089547
1.5560780002488173
1.2433219999365974
2.428783000141266
1.0562119996393449
1.185434999570134
1.0887329999604844
1.4901949998602504
1.9071979995715083
1.703353000266361
1.031161000355496
1.160826999694109
1.278865999665868
1.16712799990637
1.1294539999653352
1.382739999826299
1.097313000173017
1.553766999677464
1.2018669995086384
1.1696259998643654
1.0523920000196085
1.0912230000030831
1.6055489995778771
1.028790999953344
1.055902000189235
2.5952690002668533
1.8803269995260052
1.7713930001264089
3.3989029998338083
1.8353470004512928
1.6276189999189228
1.8601960000523832
1.9064079997406225
1.8580769992695423
1.8804169994837139
1.2137169997004094
1.2093599998479476
1.0237910000796546
1.0972339996442315
2.942516999610234
1.885417000266898
1.5872580006544013
1.814024999475805
2.206707000368624
2.1637560003000544
2.0981749994462007
2.6490399995964253
2.618628999698558
1.357811000161746
1.873846999842499
1.683952000348654
3.827026000180922
1.145564999205817
1.4616250000472064
2.9823899994880776
1.3107300001138356
1.380151999910595
1.5946189996611793
1.3538510002035764
1.0603820001051645
1.5023249998193933
1.659769999605487
1.309880000007979
1.586588000463962
1.0867529999813996
1.2713689993688604
2.5135670002782717
1.269239000066591
1.31186999988131
0.959489000706526
1.271359000384109
1.3579819997175946
1.2676879996433854
1.455413999792654
1.5461869998034672
1.3877720002710703
1.362900999993144
1.366051000331936
4.991171999790822
2.35157099996286
1.327791000221623
2.504276000763639
1.3415819994406775
1.0235809995720047
2.639150000504742
2.7984649996142252
2.2485989993583644
1.562448000186123
1.4846049998595845
2.2661980001430493
1.9160989995725686
4.311341999709839
1.6182789995582425
2.2784190005040728
1.9918810003218823
2.3818919999030186
1.8969779994222336
1.8286550002812874
2.177874999688356
2.00333100019634
2.5373280004714616
1.3450510004986427
1.1083139997936087
1.0417820003567613
1.6034589998525917
1.0304709994670702
1.1194929993507685
1.5062659995237482
0.9716199992908514
2.000450999730674
0.9446889998798724
1.8046349996438948
1.0048909998658928
1.0785140002553817
1.0354919995734235
1.0710730002756463
0.9523380003884085
0.9145630001512473
0.9522539994577528
1.0184510001636227
1.3103549999868846
1.4996250001786393
1.133278999986942
1.0395119998065638
1.6926620000958792
1.084077000086836
0.925647999793
0.9841399996730615
0.9487030001764651
1.6596510004092124
0.9655390003899811
1.009814999633818
1.0076449998450698
2.0591929996953695
1.1954159999731928
1.0905389999606996
1.0002549997807364
0.9758200003489037
0.9636189997763722
1.8483160001778742
1.0822730000654701
1.2107279999327147
1.0447820004628738
1.1720649999915622
1.2963990002390346
1.0746030002337648
0.9915400005411357
1.1124389993710793
1.0564869999143411
1.4357090003613848
1.8046400000457652
1.1000539998349268
1.221475999955146
0.9863699997367803
1.0182799996982794
1.0433520001242869
1.1724650003088755
1.1280799999440205
1.051762000315648
1.7478280005889246
1.0962830001517432
1.168515999779629
1.0310220004612347
0.9915809996527969
1.0990229993694811
1.6337090000888566
1.0778240002764505
0.9814949999054079
1.1436400000093272
1.2212370002089301
1.1867560006066924
1.1710460003087064
1.25495799966302
1.0536519994275295
0.9917910001604469
1.1105730000053882
1.02151999999478
1.8537319992901757
1.0138249999727122
0.978430000031949
1.1674770003082813
1.0783529996842844
0.9998499999710475
1.0281610002493835
1.083713000298303
1.5493629998672986
1.1551299994607689
0.9556049999446259
0.9823539994613384
1.699856999948679
1.0830280007212423
0.9620399996492779
1.1364740003045881
0.9942599999703816
0.9872610007732874
1.007259999823873
1.3511710003513144
1.031270999192202
1.421013000253879
1.0809630002768245
1.0177909998674295
1.402422999490227
1.011900999401405
1.0297959997842554
1.3190599993322394
1.0963779996018275
1.0285259995725937
1.0783779998746468
1.364601000204857
1.1091530004705419
1.0711069999160827
1.0051500003100955
0.9873299995888374
1.2660679994951352
1.0104000002684188
1.0809429995788378
1.1420300006648176
1.0251860003336333
1.3674519996129675
1.0462709997227648
1.0037209995061858
0.950118999753613
0.9441190004508826
0.8943069997258135
1.0024909997810028
1.1427559993535397
1.1055679997298284
1.0117649999301648
0.9873399994830834
1.1044530001527164
1.377391000460193
1.004240000838763
0.9610789993530489
1.0340620001443313
1.0098510001625982
1.0767429994302802
1.0523820001253625
1.0393309994469746
1.399943000251369
1.1740170002667583
1.2122769994675764
0.9388690004925593
