payload_size_bytes=102400
runs=250
mean_ms=1.166
median_ms=1.050
stddev_ms=0.316
min_ms=0.894
max_ms=4.086
---raw---
4.0859939999791095
1.6402499995820108
2.1681250000256114
1.7481029999544262
2.1155140002520056
2.5119070005530375
1.2172669994470198
1.1751049996746588
2.0537179998427746
1.139520000833727
1.081038999473094
1.211230999615509
1.6971760005617398
1.097104000109539
1.646180000534514
1.1107239997727447
0.9942910000972915
0.9971299996323069
0.9630499998820596
1.3992329995744512
1.3879320003979956
1.076626999747532
1.0386110006948002
1.437474000340444
1.054346999808331
1.148424999882991
0.9676600002421765
0.9339080006611766
1.4035320000402862
1.1300850001134677
0.9699199999886332
0.9703739997348748
0.9834140000748448
1.043821999701322
1.0470419992998359
1.1322439995637978
1.009409999824129
1.3248010000097565
0.9442390000913292
1.1181139998370782
1.0955939997074893
1.045541999701527
1.0044459995697252
1.1812559996542404
1.1376639995432924
1.0642570005074958
0.9989410000343923
1.3144100003046333
1.0498760002519703
1.0067309995065443
1.2604929997905856
2.063603000351577
1.0277410001435783
1.1705749993780046
1.9566350001696264
1.8761270002869423
0.9884949995466741
0.9931300000971532
1.4393950004887301
1.1002579994965345
0.9628540001358488
1.0397719997854438
1.0191410001425538
1.4586739998776466
1.0429309995743097
1.077482999789936
1.0569919995759847
1.0333609998269822
1.306019999901764
1.6545010003028437
1.041831000293314
1.0850389999177423
0.9761900000739843
1.3646910001625656
1.004525999633188
1.252738000403042
1.0303509998266236
1.4941059998818673
1.1500399996293709
1.0078310006065294
1.2093759996787412
1.6226099996856647
1.2459330000638147
0.991355000223848
0.9736599995449069
1.3172099997973419
1.0361169997850084
1.1378890003470588
0.9968809999918449
1.6184400001293398
0.9543390006001573
0.9989959999074927
1.0502959994482808
1.0782629997265758
1.0498880001250654
1.0436259999551112
1.168275999589241
1.087132000066049
1.4055129995540483
1.0566020000624121
1.0051799999928335
1.5853989998504403
1.5015950002634781
1.006739999866113
0.9743199998411001
1.0697719999370747
1.4029120002305717
1.0706869998102775
1.0811080001076334
1.035992000652186
1.5975890000845538
1.0358809995523188
0.9404630000062753
0.970889000200259
0.9646490007071407
1.0758730004454264
1.0467070005688583
1.081553000403801
1.3974520006740931
1.1376939992260304
1.1303740002404083
1.0466819994690013
0.9939600004145177
1.0394020000603632
0.9801599999263999
0.980005000201345
1.0352219997002976
1.0383460003140499
0.9911400002238224
0.9950809999281773
1.0230709995084908
1.4471639997282182
1.1442249997344334
1.277978999496554
1.1087289994975436
1.402422999490227
1.0614419998091762
1.1155590000271332
0.9690699998827768
1.050302000294323
1.6073890001280233
1.0458520000611315
1.5203709999696002
1.309198999479122
1.034027000059723
1.0166609999942011
1.03631099955237
1.0896830008277902
0.95926900030463
1.3049440003669588
1.0079650000989204
1.015281999571016
0.9777400000530179
1.3348209995456273
1.0626020002746372
1.0376019999966957
0.9431079997739289
1.1933059995499207
1.0544019996814313
1.0740930001702509
1.0085200001412886
0.9767800002009608
1.3459910005622078
1.1321239999233512
1.0036900002887705
0.9859339998001815
1.0111760002473602
1.6608599999017315
1.0970029998134123
0.9470489994782838
0.8944870005507255
1.0344109996367479
1.1568600002647145
1.0126860006494098
0.9410479997313814
1.1228040002606576
0.9805110003071604
1.0115859995494247
1.0272210001858184
1.0864080004466814
0.9450690004086937
1.0043759994005086
0.9959549997802242
1.0339620002923766
0.9880959996735328
1.054837000083353
0.9898299995256821
1.1920959996132297
0.9680490002210718
0.9925889999067294
1.1509949999890523
1.0391719997642213
1.0890029998336104
0.9268479998354451
0.9398980000696611
1.0224520001429482
1.022229999762203
1.0255760007567005
1.089188000150898
1.1179650000485708
1.0269049998896662
0.9626889996070531
1.0687880003388273
1.0795429998324835
1.0207420000369893
1.007961000141222
0.9903589998430107
1.414693000697298
0.9891299996525049
1.0222769997199066
1.039385999320075
1.2235770000188495
2.033881999523146
1.5546730001005926
0.9879449999061762
1.0151810001843842
1.0264820002703345
0.9628990001147031
0.998059999801626
0.9997299994211062
1.642259000618651
0.9805489999052952
1.14648499948089
1.0090910000144504
1.0289419997207006
0.9454290002395282
1.7331119997834321
1.3457909999488038
1.2170959998911712
1.0678119997464819
0.9728839995659655
1.7634940004427335
1.048055999490316
0.9909810005410691
1.0076110002046335
1.1284439997325535
1.6694020005161292
1.1376449992894777
1.009630000226025
0.9841799992500455
1.2556680003399379
0.9889100001601037
1.1084139996455633
0.989090000075521
0.9495180001977133
0.9650390002207132
1.3111899997966248
1.0698980004235636
1.032871000461455
0.9778349995031022
