payload_size_bytes=102400
runs=250
mean_ms=1.127
median_ms=1.025
stddev_ms=0.329
min_ms=0.894
max_ms=4.352
---raw---
1.2634089998755371
1.0241709996989812
1.0079859994220897
1.9054330005019438
1.7369229999530944
1.1842650001199218
1.0325419998480356
0.9612089997972362
1.0293069999534055
0.98122399958811
1.8158350003432133
1.0248609996779123
1.0302020000381162
1.0709819998737657
4.352293000010832
1.7551179998918087
1.083752999875287
0.9777750001376262
1.00603000009869
1.0546120001890813
2.5201160005963175
1.5988189998097369
0.9979810001823353
1.0353810002925457
0.9559890004311455
1.1396549998607952
1.081092999811517
1.0204110003542155
0.9042070005307323
0.9794399993552361
0.9459479997531162
0.9848099998635007
1.0335209999539074
1.841071999479027
1.0548669997660909
1.0433220004415489
0.9455429999434273
1.0167549999096082
0.9926100001393934
1.036772000588826
1.0330109998903936
0.9521779993519885
1.61809900055232
1.5652780002710642
1.1251890000494313
1.0639680003805552
0.9786189993974403
0.9293379998780438
1.0072610002680449
1.1176139996678103
1.0952329994324828
1.29848899996432
1.7901639994306606
1.0739730005298043
1.422042999365658
0.8941269998103962
1.0411909997856128
0.9263179999834392
1.1233040004299255
1.0236210000584833
0.9718589999465621
1.7834549998951843
1.4421830001083435
1.2129169999752776
1.055421999808459
1.2311029995544231
0.9302180005761329
1.01993600037531
1.1267749996477505
1.064891999703832
1.409404000696668
0.904136999452021
1.0823120001077768
1.0682979991543107
1.0074460005853325
0.9821899993767147
0.9664989993325435
1.4248839997890173
1.0623420002957573
1.1103639999419102
1.2884789994132007
0.9773440006028977
1.2496030003603664
0.9727240003485349
1.2516580000010435
0.9459940001761424
0.9238580005330732
1.3771309995718184
1.078913000128523
1.0362869998061797
0.9512389997325954
0.9719440004118951
1.0150709995286888
1.0393069997007842
1.4187429997036816
0.9980450004150043
0.9919799995259382
1.0180409999520634
1.114648999646306
1.0125999997399049
1.1231389999011299
1.4319530000648228
1.03115100046125
0.9602990003259038
0.9534990003885468
0.9478490001129103
0.9932610000760178
1.0445670004628482
1.5036059994599782
1.0190009998041205
1.0059099995487486
1.0273660000166274
0.959394000346947
1.00559099973907
1.018121000015526
0.9759090007719351
1.8614020000313758
1.0070849994008313
1.01750500016351
1.023535000058473
0.9669190003478434
1.1164830002599047
1.0671320005712914
1.0229170002276078
1.0618530004649074
0.9905599999910919
0.9576290003678878
1.0546819994488033
0.9584440003891359
1.0623420002957573
1.7243430002054083
1.1857260005854187
1.021009999931266
0.9973199994419701
0.9654890000092564
0.961728999754996
0.9412279996467987
1.464623999709147
0.982280000243918
0.9444179995625746
0.9922400004143128
0.9358229999634204
0.9858299999905284
1.1578799994822475
1.0101010002472322
1.6150439996636123
1.138069000262476
1.0590279998723418
0.9459240000069258
0.9863799996310263
1.0048599997389829
0.9871900001598988
1.1823510003523552
0.9564390002196888
0.9459729999434785
0.9539550001136377
0.9328189998996095
1.0012800003096345
0.9993799994845176
1.0161809996134252
0.9817899999688962
1.0070159996757866
1.0863819998121471
0.9533890006423462
1.042746999701194
1.0127449995707138
1.0249710003336077
1.2302770001042518
0.954248999732954
0.9624450003684615
0.9629389996916871
0.9334679998573847
0.9609689996068482
1.1683309994623414
1.0177410003961995
1.019850999909977
0.936098999773094
1.084452000213787
0.9642789991630707
1.0340130002077785
1.3164840001991251
1.0506520002309117
0.9508990005997475
1.254783000149473
1.0755229995993432
0.9859050005616155
1.0232060003545485
0.9205179994751234
1.1385950001567835
1.0858730001928052
1.107252999645425
1.221747000272444
1.081843000065419
1.037480999912077
1.044456999807153
1.196356000036758
1.4227840001694858
0.9937699996953597
0.9175120003419579
1.0324169998057187
1.034935999996378
1.0062109995487845
1.0088899998663692
1.0570870008450584
2.8956180003660847
2.249292999294994
0.9680350003691274
0.960632999522204
1.4429339998969226
0.9945299998435075
0.9324689999630209
1.3238009996712208
1.0442419998071273
0.9910999997373438
1.000231000034546
1.4585139997507213
1.3152409992471803
0.9239219998562476
0.9281379998355987
0.9839650001595146
1.041275999341451
1.1353600002621533
1.4793660002396791
1.0013410001192824
1.0681730000214884
1.0655509995558532
1.069943000402418
1.0645120000845054
1.0037600004579872
1.0966429999825777
1.420733000486507
0.9987899993575411
1.0285510006724508
0.9904399994411506
0.9466189994782326
1.0061000002679066
1.0175110001000576
1.4662339999631513
1.0287120003340533
1.046970999595942
1.0905389999606996
1.086768000277516
1.0256510004182928
0.9801999995033839
1.5398119994642911
0.997924999865063
1.0036710000349558
0.9366879994558985
0.9595789997547399
1.17992699961178
