payload_size_bytes=102400
runs=250
mean_ms=1.373
median_ms=1.122
stddev_ms=0.837
min_ms=0.937
max_ms=9.003
---raw---
1.732192999952531
2.585968999483157
1.3420509994830354
1.3948319992778124
1.1923769998247735
1.9349389995113597
1.940468999237055
1.1226739998164703
3.479375000097207
1.2744779996864963
1.082822999705968
1.1258539998380002
2.735742999902868
1.0977329993693274
1.1980570006926428
1.113573999646178
0.9417979999852832
0.9581290005371557
1.042832000166527
1.0197510000580223
3.3013409993145615
1.1267239997323486
1.3006299996050075
1.084233000256063
1.0786320008264738
1.0652720002326532
1.0306620006304001
2.4329939997187466
1.2633390006158152
2.07067300016206
3.8899609999134555
1.2347470001259353
1.2631779991352232
2.6124400001208414
1.3495589992089663
3.8335059998644283
1.149427000200376
0.9859800002232078
1.082872999177198
1.0669229995983187
1.1375539997970918
2.7777840005001053
3.581289000067045
1.5168549998634262
1.0817160000442527
1.1295020003672107
1.8864170006054337
1.6207400003622752
1.7448730004616664
2.801474999614584
1.572877999933553
1.3251310001578531
3.9221489996634773
1.2836989999414072
1.104343999941193
1.0012909997385577
1.0087410000778618
1.140194999607047
1.0776429999168613
1.2926800000059302
9.003383000163012
1.1767550004151417
1.0209510001004674
7.227103999866813
1.0170969999308
5.130835000272782
1.2767890002578497
1.082858000700071
2.467198999511311
1.0263459998895996
1.6543350002393709
1.0607620006339857
1.124253999478242
1.6989869991448359
1.780949000021792
1.4693559996885597
1.3932020001448109
1.223936999849684
1.1225650005144416
1.1408350001147483
1.0296509999534464
1.0211210001216386
1.0701229994083405
1.0317810001652106
1.3937220001025707
1.0988719996021246
1.722673000585928
1.0980730003211647
1.3758720006080694
1.1126639992653509
1.1679059998641605
1.088852999600931
2.9150910004318575
1.1671029997160076
1.6310910004904144
1.306739000028756
1.094133000151487
1.2066660001437413
2.617878999444656
1.6659809998600394
1.1898450002263417
1.0536820000197622
0.976999999693362
1.3854529997843201
0.9956819994840771
1.1489430007713963
1.0213400000793627
2.1872170000278857
1.2952000006407616
1.1547650001375587
1.5471269998670323
1.0423319999972591
1.1219250000067404
1.0247810005239444
1.069761999133334
0.9962700005416991
1.1089940007877885
1.2890400003016111
1.154466000116372
1.0840220002137357
1.0299010000380804
1.2918299999000737
1.3009790000069188
1.2135589995523333
1.304467000409204
1.3239799991424661
1.04886200006149
1.2701089999609394
1.045781999891915
0.9731489999467158
1.1704359994837432
0.948698999309272
1.1476249992483645
1.1078439993070788
1.1589249997996376
1.1468570000943146
1.0504520005270024
1.106951000110712
1.1049439999624155
1.030781999361352
0.9545189996060799
0.9940300005837344
1.2565279994305456
1.5990590000001248
1.1028529997929581
1.432713999747648
2.2734890007996
1.0755230005088379
1.270389000637806
1.0963719996652799
1.0621329993227846
1.029971000207297
1.0553849997450016
1.506222999523743
1.0117009996974957
1.067242000317492
1.4705850007885601
1.1742749993572943
1.044751000335964
1.0449420005897991
1.0226109998257016
1.3455409998641699
1.1731150007108226
1.2197070000183885
1.0458720007591182
1.7943380007636733
1.0332810006730142
1.0877830000026734
1.3243310004327213
0.9878900000330759
1.235037000697048
1.0313510001651593
1.2772789996233769
1.0180210001635714
1.04909099991346
1.1503250007081078
1.0289020001437166
0.9633999998186482
0.9919710000758641
0.9851020004134625
1.1140910000904114
1.1376949996702024
0.991259999864269
1.0442419998071273
1.0847929997908068
1.0178610000366461
1.178975999209797
1.0502519999135984
1.2285680004424648
1.0715930002334062
0.9638190003897762
1.0525019997658092
1.0537019998082542
1.926369000102568
1.087173999621882
0.9787589997358737
1.1367160004738253
1.3940019998699427
1.0370309992140392
1.0509920002732542
1.000479999675008
0.9484590000283788
1.3361999999688123
1.0308309992979048
1.03368199961551
0.9894260001601651
1.3956029997643782
1.0409659998913412
0.9367279999423772
0.969440000517352
0.9678490005171625
1.641159999962838
1.0540370003582211
1.0823290003827424
1.1250340003243764
1.5784480001457268
1.0224409998045303
1.2390880001476035
1.1371939999662573
1.065622999703919
1.3651819999722647
1.1444339997979114
1.308959999732906
1.120304000323813
1.443053000002692
1.0605020006551058
1.022550999550731
1.0166399997615372
1.06701200002135
1.3698519996978575
0.9926110005835653
1.1058939999202266
1.0150859998248052
1.3659020005434286
1.1225939997530077
1.0799419997056248
0.9803500006455579
1.006980000056501
1.3712710006075213
1.0772380001071724
0.9903959999064682
1.0068150004372
1.3638959999298095
0.9732199996506097
0.9644400006436626
1.0391170008006156
0.9707540002636961
1.3923530004831264
0.97723999988375
1.0195209997618804
