payload_size_bytes=102400
runs=250
mean_ms=1.265
median_ms=1.095
stddev_ms=0.428
min_ms=0.900
max_ms=3.399
---raw---
2.263948999825516
2.085713999804284
1.1568350000743521
1.383763000376348
1.0962730002574972
1.045291999616893
1.0283410001648008
1.1631360002866131
1.0237810001854086
1.0433910001665936
2.319436000107089
1.5392010000141454
0.998850999167189
1.5104659996723058
1.018706000650127
1.0136559994862182
0.8996070000648615
1.692200999968918
2.0443970006454038
1.1816460000773077
1.0465369996381924
1.5459719998034416
1.0006000002249493
1.6757109997342923
1.020051000523381
0.9569389994794619
1.3572610005212482
1.591047999681905
1.0342610003135633
1.1782760002461146
1.0501930000827997
1.5110160002222983
1.0633629999574623
1.0266710005453206
1.4896960001351545
1.2697090005531209
1.0056110004370566
1.3865419996363926
1.0148599994863616
0.933878000068944
1.0792129996843869
1.4910210002199165
1.27612600044813
2.4515220002285787
1.0531819998504943
1.1909060003745253
1.0425319997011684
1.0681439998734277
1.207844000418845
1.173756000753201
1.4746540000487585
2.280148999489029
1.7400130000169156
1.8459960001564468
1.3277710004331311
2.320290999705321
1.387222999255755
1.0003699999288074
1.1337340001773555
1.4871760004098178
1.7536129998916294
1.051062000442471
1.3240799999039154
1.006675999633444
1.7847580002126051
1.080834000276809
1.0464619999766
0.9960600000340492
1.1184439999851747
0.9750589997565839
1.1615450002864236
1.028516999213025
1.1568749996513361
1.1503900004754541
1.0352560002502287
1.109673999962979
1.0876380001718644
1.0725519996412913
1.203847000397218
1.072322000254644
0.9954910001397366
0.9555289998388616
0.9560590006003622
0.9485580003456562
1.004380999802379
1.0855319997062907
1.0417629991934518
1.0020209992944729
1.1677699994834256
1.019765999444644
1.0099009996338282
1.1218489999009762
1.1213740008315654
2.246024000669422
1.1005229998772847
1.2467579999793088
1.832386000387487
2.1099739997225697
1.4699149996886263
1.1384239996914403
0.9700900000098045
1.1758159998862538
1.056965999850945
0.997885000288079
3.398795000066457
1.173114999801328
1.0351210003136657
1.8449860008331598
1.8698169997151126
1.0942829994746717
1.1025339999832795
1.0655679998308187
1.1377299997548107
1.0748720005722134
1.3437320003504283
2.124964999893564
1.1171239993927884
1.0058400002890266
1.2631089994101785
1.0030510002252413
0.94134800019674
1.0919440001089242
0.9631389993955963
1.0061210005005705
1.0089010002047871
1.0687920002965257
1.0831339996002498
1.094452999495843
2.2224269996513613
1.0600929999782238
2.641789999870525
1.0177209996982128
1.0232410004391568
1.0409810001874575
1.0071309998238576
3.2150480001291726
1.4210580002327333
1.1330750003253343
1.0291809994669165
1.0003500001403154
1.0203920001004008
1.0158209997825907
0.9226680003848742
0.926829000491125
0.9834000002229004
1.0377019998486503
1.0949530005746055
1.070932999937213
1.3643519996549003
1.1497750001581153
0.9995399996114429
1.122464000218315
1.3459810006679618
0.9835390001171618
1.640899999983958
1.1898960001417436
1.4971059999879799
1.3116200007061707
0.993939999716531
1.092992999474518
1.0440009991725674
1.6091540001070825
1.0018100001616403
2.2044369998184266
1.144660000136355
3.3867140000438667
1.1130230004710029
1.8438009992678417
1.1146839997309144
1.0580119997030124
1.1988760006715893
2.713697999752185
1.867525999841746
1.3533709998228005
1.3934819999121828
1.2299669997446472
1.4911549997123075
0.993910000033793
1.6945209999903454
1.0629630005496438
0.990413999716111
3.288366000560927
1.0446119995322078
1.0422510003991192
1.2877990002380102
1.0822129997904995
1.0395219997008098
1.1471249999885913
1.0359409998272895
1.1937170002056519
1.322989999607671
0.9457790001761168
1.0719319998315768
0.9659289999035536
0.9613889997126535
1.0770729995783768
1.0046790002888883
0.9949259992936277
1.0340970002289396
1.0828519998540287
1.276988999961759
1.0870830001294962
1.425133000338974
0.9922760000335984
0.9503929995844373
1.2271669993424439
1.03438099995401
1.0479910006324644
0.9797990005608881
1.315749999776017
1.1507439994602464
1.0233760003757197
1.0158810000575613
1.387422999869159
1.2396530000842176
1.4144130000204314
0.9828100000959239
1.0168500002691871
1.004609999654349
0.9247180005331757
1.715402000627364
1.2828889994125348
1.1311840007692808
1.104334000046947
1.2259519999133772
1.3354500006244052
1.2626329998965957
1.648179999392596
1.047662000019045
1.0223609997410676
0.9574039995641215
1.6878460000953055
1.099867999982962
1.0692779997043544
1.1245830000916612
1.0414420003144187
0.9472589999859338
1.095958000405517
1.1052930003643269
1.0281959994244971
0.9920000002239249
1.672620999670471
1.0267899997415952
1.1522300001161057
1.3483299999279552
1.0663479997674585
0.9814300001380616
1.0172800002692384
1.1454159994173096
1.1564659998839488
