payload_size_bytes=102400
runs=250
mean_ms=1.200
median_ms=1.071
stddev_ms=0.365
min_ms=0.911
max_ms=4.590
---raw---
4.590458999700786
1.4749450001545483
1.614038999832701
1.1549259997991612
1.2902189992018975
1.9675350004035863
1.8719020008575171
1.883486999759043
1.03631099955237
2.1924260008745478
1.052513000104227
0.9992099994633463
1.108492999264854
1.5095170001586666
1.5711179994468694
1.027281000460789
1.1386340001990902
0.9999000003517722
1.5547480006716796
0.9638689998610062
1.239757999428548
1.0870819996853243
1.453224000215414
1.1078380002800259
0.9936900005413918
0.9434079993297928
0.9967860005417606
1.161305999630713
0.9642940003686817
1.035316999150382
1.1983360000158427
1.457115000448539
0.9957900001609232
1.0098920001837541
0.9664190001785755
1.0724630001277546
1.1748360002457048
0.9971010003937408
0.9329079994131462
0.9617099995011813
1.5167860001383815
1.0549019998506992
0.9608789996491396
0.9677000007286551
1.2062860005244147
1.0127710002052481
0.9959950002667028
0.9851549993982189
1.0170109999307897
1.4634750004915986
1.0154700003113248
1.0635019998517237
0.9982699993997812
1.0747629994511954
0.9777899995242478
1.0325369994461653
1.0266019999107812
1.018486000248231
1.1319550003463519
0.9589490000507794
1.0936730004686979
1.2072069994246704
0.9442589998798212
0.9435829997528344
1.4996560003055492
0.9326789995611762
0.9769649996087537
1.0213909999947646
0.9698189996925066
1.4304930000434979
1.1146140004711924
0.9510939999017864
0.9601789997759624
1.4626500005761045
0.9912010000334703
1.0131499993804027
0.9648790000937879
1.2877690005552722
1.4689899999211775
1.0525759998927242
1.1120330000267131
1.0938139994323137
1.2492579999161535
1.0948529998131562
0.9929910002028919
1.0521719996177126
0.9855199996309238
0.9892799998851842
1.049391999913496
1.1300300002403674
1.0379010000178823
1.0849119998965762
0.9106779998546699
0.9868000006463262
1.039345999743091
0.9873600001810701
0.9470889999647625
1.0424909996800125
1.037190000715782
0.9360180001749541
1.0039399994639098
1.0433770003146492
1.3717209994865698
0.9872549999272451
0.9993809999286896
0.9132580007644719
1.0036600006060326
0.9150380001301528
1.0293169998476515
1.0647169992807903
1.1034789995392202
1.5309070004150271
1.0117649999301648
1.0124459995495272
1.0619280001264997
1.028957000016817
0.9505690004516509
0.9950650000973837
0.9867500002656016
1.0615020000841469
1.0940419997496065
0.9917299994413042
0.9535500003039488
0.9767999999894528
0.9436479995201807
1.0734120005508885
1.090583999939554
0.9646799999245559
0.9690790002423455
1.0265009996146546
1.1202750001757522
1.1339940001562354
1.1559949998627417
0.9819899996728054
1.0501919996386277
1.091502999770455
1.1700149998432607
1.2546889993245713
1.7552429999341257
1.4366639998115716
1.079133000530419
1.7885590004880214
1.1500949995024712
1.8535060007707216
1.513619999968796
1.116273999286932
1.3184050003474113
1.8073649998768815
1.161099999990256
1.3851819994670223
1.2521380003818194
1.1288750001767767
1.7781539991119644
1.133050000134972
1.3853509999535163
1.3915969993831823
1.8768580002870294
1.1891659996763337
1.0548119998929906
1.6656710004099295
0.9819500000958215
2.177706000111357
1.2014660005661426
1.773544000570837
1.634350000131235
1.2265069999557454
1.7893750000439468
2.1988970001984853
1.7609229998925002
1.377212000079453
1.6956720000962378
1.4642850001109764
1.9199689995730296
1.4129529999991064
1.1523849998411606
1.2771689998771762
1.6413900002589799
1.3062199996056734
1.12397399971087
2.0811929998671985
1.3897419994464144
1.0691930001485161
1.6181200007849839
2.082013000290317
1.1033930004487047
1.0747420001280261
0.9216789994752617
1.1002530000041588
1.2389069997880142
1.187165999908757
0.9784989997569937
2.0213620000504307
1.244957000380964
0.9846599996308214
2.2268480006459868
1.0444519994052825
1.2552580001283786
1.098273000025074
0.9804100000110338
1.1246439999013091
1.0614180000629858
1.0754630002338672
0.9956049998436356
0.9698889998617233
0.968020000073011
1.1574199997994583
1.0363769997638883
1.0159759995076456
0.9426240003449493
0.953978999859828
1.023671000439208
1.0485760003575706
1.0935779991996242
1.1631960005615838
0.9866590007732157
0.9705299999041017
0.9556089999023243
0.986140000350133
1.4012820001880755
0.9613189995434368
1.0462720001669368
0.9499380003035185
1.1032330003217794
1.1446250000517466
0.9905689994411659
0.971139000284893
1.0826329998963047
0.9494840005572769
0.9443130002182443
1.0474569999132655
1.0631270006342675
1.5159310005401494
1.1500849996082252
1.0775079999802983
1.0170209998250357
0.9821450003073551
1.0591469999781111
1.0537130001466721
1.1650349997580633
0.9812799999053823
1.058562000253005
1.1472860005596885
1.0000410002248827
0.9892299995044596
1.7265520000364631
1.0939880003206781
1.1430200001996127
0.9646889993746299
0.9703900004751631
2.241637999759405
