payload_size_bytes=102400
runs=250
mean_ms=1.172
median_ms=1.059
stddev_ms=0.392
min_ms=0.895
max_ms=4.637
---raw---
3.474484999969718
1.2822789994970663
1.181855999675463
1.3703220001843874
1.0875129992200527
1.2415569999575382
1.0636829993018182
1.3401900005192147
4.636740999558242
1.148186000136775
1.5796280003996799
1.5257109998856322
1.0156050002478878
1.2378370001897565
1.3352309997571865
1.3541409998651943
1.0928129995591007
1.05514100050641
1.0224709994872683
1.103843000237248
1.567768000313663
1.0409720007373835
0.9094229999391246
0.9705350003059721
0.9678590004114085
1.0710540000218316
1.0471420000612852
0.9981799994420726
1.0630520000631805
1.2364169997454155
1.1812650000138092
0.9869750001598732
1.0180749995924998
1.0114309998243698
1.0566020000624121
1.1396549998607952
1.0196210005233297
1.0999829992215382
0.9264979998988565
1.0339370001020143
0.9123619993260945
0.9984799999074312
0.9618949998184689
0.9724450001158402
1.1012639997716178
0.9692949997770484
1.058707000083814
0.9876390004137647
1.043742000547354
1.08540300061577
1.0525019997658092
1.2467970000216155
0.9561780007061316
1.0438170002089464
0.9127220000664238
1.3182900001993403
1.0418329993626685
0.9932449993357295
1.02826200054551
1.1167689999638242
1.371653000205697
0.937298999815539
1.048331000674807
1.097112999559613
1.4075720000619185
1.0433070001454325
1.0861580003620475
1.0038800000984338
1.5615780002917745
1.171225999314629
0.984999999673164
1.125203999436053
1.0528030006753397
0.9993809999286896
1.5469959998881677
1.0274010001012357
1.580627999828721
1.1056530001951614
1.2246169999343692
1.3064609993307386
1.0390509996796027
1.0342109999328386
1.451525000447873
0.9810490000745631
1.1077740000473568
1.1173049997523776
1.088142999833508
1.1615749999691616
1.034163999975135
1.251851000233728
0.9791539996513166
1.0599619999993593
1.0303909994036076
1.1053930002162815
1.0956930000247667
1.072343000487308
1.5679180005463422
0.9966500001610257
1.2183669996375102
1.029031000143732
1.100702999792702
1.9443990004219813
1.4160840000840835
1.0170209998250357
0.9925530002874439
1.1692930002027424
1.2943790006829659
1.008303999697091
1.548825000099896
1.5599580001435243
1.1570349997782614
1.3095200001771445
1.2281569997867336
1.033591000123124
1.0523020000619
1.2542479998955969
1.0017790000347304
1.1192840001967852
1.0782930003188085
1.1766560000978643
1.0487710005691042
1.0691119996408815
1.6690809998181066
1.1611479994826368
1.0762410001916578
1.1902659998668241
1.5022859997770865
1.4047419999769772
1.0352210001656204
1.3898930001232657
1.1190240002179053
0.9850599999481346
1.0231900005237549
1.48636600079044
1.0588420000203769
1.334650999524456
2.0370920001369086
1.1286939998171874
1.1241040001550573
1.3301910003065132
1.7747649999364512
2.6531610001256922
0.9907399999065092
0.9778300000107265
1.1797050001405296
1.8359059995418647
2.1152340004846337
0.9994499996537343
2.2194180000951746
1.1036539999622619
1.1704060007105
3.9014879994283547
1.0159309995287913
0.9203580002576928
1.1095039999418077
1.075368000783783
1.2415580004017102
0.8945419995143311
0.9732199996506097
1.0873230003198842
0.9781300004760851
1.0122909998244722
1.1565150007299962
1.1235350002607447
1.3933219997852575
1.2525780002761167
0.9712199998830329
0.956619000135106
0.9459439997954178
0.9924850000970764
1.032662000397977
1.0837079998964327
1.400142000420601
1.0919480000666226
1.062921000084316
0.9884600003715605
1.0524919998715632
0.9426890001122956
0.9681889996500104
1.0948339995593415
1.1805110007117037
1.3666109998666798
0.9951050005838624
1.1578450003071339
1.0212260003754636
1.1345490001986036
0.9844600008364068
0.9727200003908365
1.0463509997862275
1.017930999296368
1.6710509999029455
1.041276999785623
1.059176999660849
0.9711100001368322
1.041131999954814
1.0329810002076556
1.3394200004768209
1.0388620003141114
0.963264000347408
1.0909029997492325
1.208850999319111
1.0877129998334567
1.055612000527617
1.0294109997630585
1.0136099999726866
1.0627020001265919
1.0323010001229704
1.0143909994440037
0.9844050000538118
1.2022070004604757
1.0355709991927142
0.9808249997149687
1.1554150005395059
1.0047810001196922
0.9542789994156919
1.0196299999734038
1.3030600002821302
1.004150999506237
0.9821909998208866
0.986064999779046
1.0807929993461585
1.1565349996089935
1.0273269999743206
1.021435999973619
1.0142150003957795
1.2366479995762347
1.0432420003780862
0.9622299994589412
1.0470419992998359
0.9113470005104318
1.003995999781182
1.0019359997386346
1.02134099961404
0.9983800000554766
1.4315839998744195
0.9897899999486981
0.9114980002777884
0.9483579997322522
0.9846399998423294
0.9674299999460345
1.0617520001687808
0.9831199995460338
0.9836399995037937
0.9632299997974769
0.960788999691431
1.306330999796046
1.0375559995736694
1.0230410007352475
0.9485139999014791
1.05196100048488
