Messages/sec=2.62
duration_sec=60.265
payload_size_bytes=15728640
total_messages=158
payload_throughput_MiB_sec=39.33
mean_rtt_ms=337.667
median_rtt_ms=351.777
stddev_ms=58.113
min_ms=146.033
max_ms=553.707
---raw_latencies_ms---
348.40905500095687
248.55062999995425
210.74253000006138
146.03318000081345
149.0641489999689
154.10221700039983
147.53874899906805
178.52281900013622
149.68707600019115
150.93854099905002
205.8626500001992
214.69488799993997
205.55673799935903
187.9185249999864
152.0623020005587
349.86193000077037
341.3758009992307
344.5039770012954
364.82571400119923
351.8151870011934
357.18340300081763
348.48673600026814
386.04492000013124
345.0333609998779
248.7168269999529
255.7424210008321
325.9247219993995
351.06088499924226
342.35090099900845
347.2914899994066
346.87113700056216
347.3093709999375
334.2433239995444
351.6689130010491
333.4123090007779
357.26648200034106
379.02044400107116
340.99526799946034
330.62086300014926
365.45929400017485
351.7380650009727
378.467656999419
344.4057420001627
332.66774600087956
343.31888199994864
379.1117890013993
352.53880999880494
369.4533930010948
352.3657940004341
363.3189569991373
364.3643900013558
346.5199370002665
326.3093719997414
345.2517780006019
347.79556399917055
374.1724379997322
346.9110779988114
350.5014679994929
351.59030000068014
352.89851000015915
352.2738709998521
336.42551000048115
362.29240499960724
553.706996000983
360.8089499994094
389.4198400012101
356.7680689993722
348.9851730009832
336.5508339993539
356.75712800002657
351.3064510007098
401.66723299989826
386.10888900075224
378.7299649993656
364.53444299877447
338.9181060010742
355.407215998639
379.0517160014133
335.1254909994168
337.9274750004697
345.55658899989794
344.504536000386
348.55509899898607
337.29034600037267
332.3896980000427
328.7505959997361
353.90744200049085
337.76081999894814
337.61122599935334
337.4524909995671
362.99618299926806
370.0278160013113
352.78870799993456
364.97897099980037
356.82798299967544
354.1251299993746
362.632289999965
364.63279999952647
349.76992500014603
358.13001899987285
365.219724999406
345.4165840012138
372.41486699895177
354.1399679997994
358.00294799992116
314.8400749996654
342.15393500016944
347.81855800065387
360.57822600014333
325.1604020006198
367.4690030002239
340.7170729988138
310.54236800082435
361.95063600098365
356.1353799996141
335.9000359996571
370.669091000309
324.0195929993206
353.0946289993153
372.8329360001226
373.3174609988055
262.04647200029285
226.75203699873236
297.3201730001165
312.3876410008961
328.283893999469
351.68951400009973
372.1239930000593
398.3205620006629
362.5991549997707
373.2484200008912
379.93017100052384
366.6599380012485
350.94146099982026
346.33356100130186
360.7553629990434
351.8812100010109
360.43268899993564
356.85979499976384
363.7692510001216
365.3698899997835
353.46539900092466
384.38255800065235
349.74019400033285
353.14826700050617
364.13564100075746
358.4497379997629
380.29453299895977
365.61454700131435
373.777015000087
376.3715740005864
372.293760001412
357.74829799993313
391.05543100049545
364.82411500037415
371.19133600026544
363.85043200061773
376.94858200120507
