Messages/sec=2.90
duration_sec=60.388
payload_size_bytes=15728640
total_messages=175
payload_throughput_MiB_sec=43.47
mean_rtt_ms=301.039
median_rtt_ms=342.182
stddev_ms=80.965
min_ms=143.553
max_ms=391.772
---raw_latencies_ms---
369.5827880001161
214.45628500077873
156.840411000303
143.55312100087758
226.86376999990898
212.8474869987258
145.41772499978833
152.58598999935202
148.67516499907651
153.54411599946616
185.61951300034707
147.67472200037446
150.23058999940986
154.92394099965168
148.85712199975387
162.6846619983553
156.8466629996692
155.54816099938762
157.7515160006442
151.41793099974166
159.346786000242
154.78824000092573
149.41896900018037
150.19929700065404
145.99217000068165
143.96915400175203
153.5167719994206
143.72305100005178
151.84402100021543
149.2216679998819
148.96375900025305
178.7896779987932
201.64610400024685
201.19865700144146
207.20134299881465
203.86745299947506
207.930855000086
202.60007100114308
206.56009599952085
181.08441200092784
158.81898800034833
218.09224799835647
206.95257899933495
210.4883969986986
200.31819799987716
204.67690100122127
159.13575099875743
148.8115590000234
258.48340899938194
363.3696479992068
363.042590999612
348.05924499960383
341.49887499916076
364.4086000003881
353.5291699990921
345.31865999997535
359.73116000059235
331.63582400084124
337.53825399980997
372.4925450005685
349.11520700006804
347.16089599896804
342.68965999945067
326.0508450002817
350.33071799989557
339.6584679994703
344.00292099962826
365.86725400047726
344.8868469986337
336.76207099961175
356.25129399886646
353.76010700019833
358.2581329992536
341.9817989997682
340.51188500052376
361.15333100133284
334.70147799926053
347.8567769998335
367.85235200113675
342.64317999986815
357.0055250002042
337.10447100020247
348.90272000120603
336.94755699980306
343.88364699952945
366.0922630006098
343.5453570000391
352.24411099989084
341.1630240007071
337.56877400082885
346.4980970002216
344.37147500102583
328.4875530007412
338.8704150002013
362.9722860005131
342.18208600032085
342.49796500080265
341.4658629990299
342.1658959996421
338.83336299913935
361.13353300061135
344.85564599890495
348.8603090008837
360.1807719987846
345.2068259994121
278.3672360001219
332.4380989997735
338.965957000255
349.45779599911475
353.58654400079104
346.121303999098
331.78096000119695
336.52031299970986
340.837534999082
348.28727100102697
350.1382869999361
351.29195199988317
353.34678899926075
353.285692001009
335.9664260005957
335.9676970012515
353.28493300039554
331.8684010009747
358.34843600059685
352.51954900013516
343.1399250002869
351.24996100057615
354.0306449995114
347.76248799971654
341.25689800021064
358.23392499878537
342.1082029999525
339.37884899933124
337.1536020003987
375.6817430003139
325.82058799926017
352.4189759991714
356.69044499991287
338.99502999884135
344.4014420001622
365.6975350004359
372.1680649996415
384.54431199897954
367.03327400027774
359.0585780002584
354.8428599988256
351.9424109999818
362.5133250006911
353.73763700044947
361.8115410008613
391.772069999206
348.0971810004121
359.86525200132746
352.1348869999201
351.72517400133074
332.3096349995467
374.60319999991043
363.6239759998716
340.02610899915453
304.0694369992707
365.3364869987854
386.4945719997195
342.98441899954923
350.05638400070893
341.3108980003017
365.161702999103
344.8655259999214
360.33883600066474
348.65042099954735
349.88296900155547
341.35481999874173
346.4221760004875
336.8754050006828
362.88409500048147
358.2593530009035
