Messages/sec=3.75
duration_sec=60.069
payload_size_bytes=15728640
total_messages=225
payload_throughput_MiB_sec=56.19
mean_rtt_ms=223.088
median_rtt_ms=161.532
stddev_ms=90.929
min_ms=103.561
max_ms=378.818
---raw_latencies_ms---
221.25886399953743
103.56069299996307
153.0089579991909
196.28411499979848
105.15448399928573
106.81286699946213
234.29322999982105
216.94356000080006
221.53376000096614
213.35531300064758
195.59712199952628
196.5296300004411
233.80983199967886
226.1998729991319
228.00838100010878
213.24815700063482
125.72636299955775
111.26614199929463
154.24823600005766
121.33045399968978
108.1117270005052
113.53350300123566
115.38061700048274
109.97380200024054
123.87910799952806
166.61281999950006
168.58862600020075
147.25355300106457
157.04996100066637
147.1864369996183
147.45277899965004
146.9820999991498
148.8628940005583
166.21159399983298
200.92982899950584
211.60842300014338
142.11799099939526
143.325481998545
145.35783900100796
195.59981799829984
205.90436499878706
195.03413999882468
143.5179979998793
144.5991820000927
155.48691199910536
146.29678500023147
144.18570899943006
147.7871490005782
139.7674649997498
158.5675779988378
157.3657490007463
160.51760099981038
144.60967900049582
146.6398909997224
148.07009600008314
142.5864310003817
151.12901000065904
149.23154300049646
148.10033599860617
145.17134500056272
145.75628799866536
147.94835100110504
146.98304500052473
150.08790100000624
149.25570499872265
155.35803099919576
145.54224199855526
145.82744300059858
150.8114359985484
145.9530829997675
151.62791500006279
146.1824149992026
159.2072889998235
145.70231499965303
153.29854399897158
330.2109610012849
348.4515370000736
345.33537099923706
338.1103819992859
246.24102899906575
209.18780300053186
206.8022559997189
213.88992399988638
210.95262299968454
160.35699600070075
143.50550800008932
148.03278200088243
200.991530000465
161.53180100081954
144.1424080003344
158.39862399843696
159.00888299984217
150.077306001549
151.12579699962225
156.187005000902
158.15692499927536
150.4970810001396
157.0093270001962
342.228392000834
343.06698299951677
339.397089999693
267.0441339996614
276.30089199919894
204.5209709995106
167.29402500095603
150.94994900027814
152.28105200003483
148.76669899967965
150.31854399967415
153.6371729998791
149.40107999973407
142.43266400080756
150.11261999825365
154.42391100077657
150.01242900143552
153.28057599981548
146.50799699847994
155.83859799880884
151.0603879996779
150.3854639995552
143.56507000047714
155.80128399960813
150.9950370000297
187.93878399992536
149.05377400100406
369.0873030009243
347.7356740004325
340.3855399992608
360.26703599964094
287.03355199832004
344.66294000048947
341.3792209994426
338.27111599930504
339.81533299993316
356.051517999731
339.0546089995041
366.2731080003141
339.113822001309
335.54590300082054
357.03885600014473
367.6786420001008
347.4247439989995
378.8181309992069
341.5242840001156
367.92073600008735
266.0245529987151
342.16832499987504
344.87870699922496
347.4374939996778
343.807614999605
333.08915000088746
348.9001889993233
345.1665780012263
370.9970420004538
344.0392119991884
338.96632799951476
353.0686649992276
355.4576699989411
348.77824799878
357.8834630006895
367.9010060004657
335.95802699892374
339.36447000087355
348.5383279985399
355.19165100049577
342.8814159997273
347.5344270009373
356.0688890011079
350.14627700002166
361.8655130012485
341.97926900014863
344.2497639989597
353.780667999672
338.3603440015577
333.27663500131166
330.9274439998262
342.2695669996756
344.700567999098
345.2000159995805
343.83261499897344
350.1858079998783
214.1261940014374
212.20353199896635
148.3656330001395
152.66471299946716
152.39495399873704
155.92931199898885
146.1583669988613
149.82603600037692
146.5673490001791
150.18930599944724
162.0310750004137
146.5745599998627
149.9087900010636
203.85389199873316
204.29350999984308
154.03219899963005
147.00595199974487
153.3550380008819
154.96232300029078
154.6826659996441
152.89895299974887
154.63765899949067
154.17335700112744
154.63368199925753
156.7343759998039
161.8638590007322
158.96655899996404
150.30335699884745
156.76624799925776
157.44322700084012
155.4449810009828
143.79110499976377
340.943518000131
342.99927500069316
352.7126950011734
346.87047800071014
332.28021300055843
348.47999599878676
344.4569940002111
344.3818710002233
352.29303300002357
349.62525999981153
348.0793150010868
361.7468889988231
