Messages/sec=3.47
duration_sec=60.308
payload_size_bytes=15728640
total_messages=209
payload_throughput_MiB_sec=51.98
mean_rtt_ms=245.861
median_rtt_ms=171.740
stddev_ms=96.906
min_ms=146.680
max_ms=388.295
---raw_latencies_ms---
158.87542800010124
155.48956400016323
154.46365599927958
387.099211999157
363.99686699951417
358.2180920002429
335.005156999614
356.6939550000825
337.07489900007204
341.46170299936784
360.97233799955575
331.8245409991505
353.814757998407
355.4886190013349
339.9578470016422
341.00529799979995
317.45024399970134
317.73101199905796
351.21849899951485
361.74069899971073
344.6941530000913
345.97752100125945
366.22073899889074
364.6852929996385
351.6590109993558
355.3782550006872
372.0989739995275
330.8047890004673
332.7521609990072
348.69869300018763
368.1020330004685
382.7652219988522
358.69031800029916
385.6583340002544
360.1623920003476
340.6742819988722
375.58573899877956
334.67118599946843
351.83002700068755
347.53718199863215
359.2610029991192
368.51155499971355
353.94829399956507
357.8881330013246
342.7700840002217
336.9749570010754
361.79353299849026
380.9138209999219
361.69567800061486
360.28274099953705
353.8612690008449
373.6649229995237
370.2058050002961
350.14338600012707
373.18139699891617
332.5963440001942
348.80793600132165
348.0765740005154
344.30998000061663
361.06141900017974
321.92387800023425
319.8529689998395
169.08775699994294
154.0497719997802
161.65869500036933
168.81674700016447
151.74016800119716
151.69910399890796
150.74975399875257
158.62611699958507
155.8525020009256
191.71583099887357
171.74010500093573
169.89045099944633
156.51095400062331
154.21959300147137
153.17505299935874
168.09250499863992
151.53622300022107
156.43856600036088
162.77579099914874
158.47820399903867
166.0434380009974
151.44812099970295
150.46829800121486
157.58069599905866
177.93377500129282
156.2116610002704
154.00539899928845
155.24598799856903
153.58518900029594
165.35858399947756
163.2932480006275
174.24632100119197
164.5548759988742
169.01654100001906
157.3485980006808
169.43259899926488
156.52362100081518
157.7642990014283
148.09506500023417
158.7674889997288
154.02437699958682
158.2074180005293
160.44535500077473
169.2322390008485
149.0113729996665
183.0417609999131
172.9959250005777
151.03602499948465
158.68641199995182
157.55933199943684
151.82467299928248
157.2932729995955
148.45049299947277
150.26667900019675
157.26964499845053
167.77832899970235
166.64909399878525
152.56496100118966
154.77536899925326
156.14923200155317
160.51904400046624
153.31253900149022
152.52572600002168
148.65454400023737
160.7343989999208
150.2926249995653
159.61119300118298
153.91413099860074
152.17604899953585
161.92559199953394
151.157484999203
153.87813899906178
171.44229800032917
149.29151400065166
160.37330200015276
157.85436499936623
153.83075700083282
153.5795199997665
203.10755699938454
173.40887999853294
156.94645699841203
150.81089699924632
170.47528100010823
201.05952700032503
153.72292999927595
155.85931500027073
148.84273399911763
158.88852500029316
161.54280800037668
157.5334670014854
160.422140999799
161.0851580007875
146.68007000000216
164.94725499978813
153.00180899976112
173.26845999923535
156.28183300032106
157.85198399862566
159.27860800002236
173.5828050004784
170.07298600037757
150.73592599947006
163.07178399983968
168.4746590017312
158.11798100003216
164.372432998789
154.66010499949334
156.47148700008984
156.87731499929214
149.3047829990246
162.70983499998692
182.6900289997866
160.67257299982884
348.22110799905204
343.14878399891313
341.6680800000904
357.0640590005496
343.38060000118276
352.1383589995821
336.9737869998062
347.35437400013325
336.64398600012646
364.4523709990608
353.14324799946917
332.4745999998413
348.6834920004185
348.2024690001708
331.4612309986842
340.8980479998718
350.16975999860733
345.49854599936225
377.24339200030954
382.8554109986726
362.6090159996238
388.29486499889754
335.42219899936754
351.5957530016749
387.31829800053674
345.4289439996501
350.95292100049846
375.86897800065344
321.6469799990591
362.24926700015203
371.7582270001003
347.99285100052657
352.4842080005328
366.7751520006277
