payload_size_bytes=1048576
runs=50
mean_ms=11.196
median_ms=10.048
stddev_ms=3.346
min_ms=8.490
max_ms=23.740
---raw---
14.768478999940271
8.97576300030778
8.759216000271408
9.347524999611778
9.597970999948302
9.296941999764385
9.551936000207206
8.613321999746404
9.614711999802239
8.721225000044797
9.502087999862852
8.659374000217213
9.004893999644992
10.091956999985996
8.807788000012806
11.527420000220445
12.111635999644932
15.784158999849751
11.883110000326269
10.981725999954506
11.066633999689657
12.089240000022983
11.466711000139185
11.025334999885672
10.874240000248392
10.997263999797724
9.279363000132435
8.558789999824512
8.875739999893995
10.45453799997631
18.139948999760236
8.972872999947867
19.004357000085292
8.720333999917784
12.86223000033715
9.331673999895429
8.977452999715752
8.860229000219988
11.74032700009775
12.864423999872088
23.74016199973994
20.980607000183227
15.244983999764372
8.54376899997078
10.769256000003224
10.004372999901534
10.394846000053803
8.489976999953797
8.704293999926449
13.189550999868516
