payload_size_bytes=1048576
runs=50
mean_ms=11.839
median_ms=10.119
stddev_ms=4.502
min_ms=8.327
max_ms=24.061
---raw---
14.59797500001514
24.060650000137684
19.86927799998739
23.091833999842493
22.77931200023886
24.031659999764088
20.736029999625316
18.877443999826937
9.19222999982594
9.291081999890594
8.498830000007729
9.226070000295294
10.703045999889582
9.673433999978442
9.884860000056506
10.438787999646593
8.495007999954396
10.023904999798106
8.732786000109627
8.89408899956834
8.490277999953832
9.2571609998231
8.512153000083345
8.98854900015067
17.40566900025442
8.327442999870982
11.893491999671824
9.557700000186742
8.663801999773568
8.330023000326037
9.682433000307356
9.137057999851095
8.840258999953221
11.31524599986733
11.458895000032499
11.588297999878705
11.034193999876152
11.964292999891768
12.64079300017329
10.568391000106203
11.846633000004658
12.535423999906925
10.555027999998856
11.392015999717842
10.649701000147616
8.711065000170493
10.213941000074556
8.377073999781715
9.284242000376253
9.648764000303345
