payload_size_bytes=1048576
runs=50
mean_ms=12.324
median_ms=9.840
stddev_ms=4.536
min_ms=8.358
max_ms=21.289
---raw---
12.412607999976899
9.985182999571407
10.199939999893104
9.82027800000651
8.774477999850205
9.8128380000162
8.45740599970668
8.700844000031793
8.759486000144534
8.915400999740086
9.232599999904778
8.791505999852234
9.194778999699338
10.553480999988096
9.86071900024399
8.395844999995461
8.68021399992358
16.525241000181268
8.411234999584849
19.64535400020395
15.732619000118575
20.590875999914715
19.380598999759968
17.69633799995063
9.797607999644242
9.411925999756932
19.37152900018191
16.334456000095088
9.140408000348543
20.20155300033366
10.763677000340977
10.687454000162688
10.562440999819955
17.04926800039175
8.91937100004725
20.44399100032024
17.17455100015286
8.573049999995419
20.213768999838067
20.01667400008955
15.987285999926826
8.437766000042757
21.28912699981811
9.875900000224647
9.056025000063528
9.068044999821723
8.53439000002254
8.357814000191865
9.41033500021149
8.987424000224564
