payload_size_bytes=1048576
runs=50
mean_ms=11.632
median_ms=9.253
stddev_ms=4.861
min_ms=8.210
max_ms=28.540
---raw---
28.540302000237716
22.986069000126008
21.93548600007489
20.718023999961588
21.430339999824355
10.057196000161639
8.963857000253483
17.55937299958532
13.524065999718005
9.038174000124855
19.442889999936597
8.20980900016366
8.32476300001872
8.820458999707625
8.981543000118108
14.990175000093586
9.367905000090104
18.8444770001297
8.968812999682996
8.32126299974334
8.792396999979246
9.253410999917833
8.875818999968033
9.652914000071178
10.436616000333743
8.402576000207773
8.4920780000175
9.335042999737198
9.18003900005715
9.226820000094449
8.924091000153567
9.03695399983917
8.875729000010324
9.25177099998109
8.824707999792736
12.593112000104156
15.886631999819656
16.869132000010723
8.780107000347925
9.828119000303559
10.305175999747007
9.34569700029897
8.55176000004576
9.416837000117084
9.55360899979496
9.128738999606867
9.281248999741365
8.767607000208955
8.631342000171571
9.054027999809477
