payload_size_bytes=1048576
runs=50
mean_ms=11.943
median_ms=11.117
stddev_ms=3.681
min_ms=8.368
max_ms=24.453
---raw---
14.176850000239938
9.198958000069979
10.522839999794087
11.596862000260444
9.063786000297114
8.943510999870341
9.466468000027817
10.940252000182227
9.04360499998802
8.72477400025673
8.367744000224775
8.810890999939147
8.86145000004035
9.002472999782185
11.111856999832526
11.937132000184647
13.62073300015254
24.452913000004628
12.587456999881397
12.070127000242792
20.646503000079974
18.361702000220248
15.246053999817377
11.16970900011438
11.091797000062797
13.380027000039263
9.503540999958204
10.283632000209764
8.439357000042946
20.318607999797678
9.710524000183796
22.168437999880553
15.443429999777436
8.859531999860337
8.755125999869051
9.045909000178654
9.181799000089086
11.185511000348924
12.133858000197506
10.936785000012605
11.444997000126023
11.122865000288584
11.346227000103681
13.411944999916159
12.705766000181029
14.898753000124998
11.566529999981867
10.744384999725298
9.008973000163678
12.514423000084207
