payload_size_bytes=1048576
runs=50
mean_ms=10.978
median_ms=9.506
stddev_ms=3.607
min_ms=8.491
max_ms=25.867
---raw---
14.342365999709727
8.756236000408535
15.385936000257061
13.84198000005199
9.028794999721867
9.143257000232552
12.808804000087548
25.86738999980298
24.59176699994714
8.564330000353948
8.865620000051422
9.84866199996759
11.015581999799906
11.169790000167268
11.482369000077597
12.28735599988795
10.967291000270052
11.323345999699086
11.628492999989248
12.463929000205098
10.634265000135201
11.749524000151723
11.494159999983822
9.73628000019744
8.490958000038518
9.104707000005874
8.86735000040062
9.437996000087878
10.497968999970908
8.820947999993223
8.623264000107156
9.889068999655137
9.036644999923737
9.573391000230913
8.70611500022278
9.915930999795819
9.234330000253976
9.083728000405245
9.068556000329409
9.180079000088881
8.626961999652849
9.073454999906971
9.030545999848982
8.607862999724603
9.234459999788669
18.226533999950334
8.686372999818559
9.057580999979109
14.99130599995624
8.85148899988053
