Messages/sec=82.75
duration_sec=60.001
payload_size_bytes=1048576
total_messages=4965
payload_throughput_MiB_sec=82.75
mean_rtt_ms=9.910
median_rtt_ms=10.050
stddev_ms=1.114
min_ms=7.300
max_ms=36.507
---raw_latencies_ms---
17.373408000821655
36.50666900011856
26.24133800054551
20.7554100006746
20.16944200022408
23.54651499990723
21.57403000001068
12.935783000102674
8.296572999825003
8.317032999912044
8.514819000083662
9.254540999791061
9.367083999677561
10.135647999959474
9.785676999854331
9.26338199951715
8.797815999969316
9.522144000584376
9.071554999536602
9.040015000209678
8.40264499947807
8.730714999728661
9.656933999394823
8.662504000312765
8.896420000382932
8.551830000214977
8.47496799997316
8.159427999999025
9.553131000757276
9.291922000556951
9.05130499995721
9.172768999633263
8.483347999572288
8.984582000266528
9.041844999956083
9.41865599997982
8.35123399974691
8.741544999793405
8.788976000687398
8.380434999708086
8.759805999943637
8.263011000053666
8.554340000046068
10.33291499970801
9.60525200025586
8.312832999763486
9.074845000213827
8.655182999973476
8.91296100053296
8.69092399989313
8.325613000124577
9.16211799994926
8.686193999892566
8.332883000548463
8.530148999852827
8.372143999622494
9.113976999287843
8.794727999884344
9.983683999962523
9.139337000306114
8.472647000417055
8.382985000025656
9.336783999970066
9.671624000475276
8.753455999794824
8.548490000066522
8.32684299984976
8.732506000342255
9.245311000086076
9.036205000484188
9.179357999528293
8.033214000533917
8.34279399987281
9.560430000419728
8.706844999323948
9.155098000519502
8.379174000765488
8.468027000162692
8.454306999738037
8.218318999752228
8.38574499994138
8.849179999742773
8.788246999756666
8.917320999898948
8.736856000723492
8.511917999385332
8.462856999358337
8.862910000061675
11.57147200046893
10.617452999213128
8.612831000391452
9.37154500024917
8.570019999751821
8.739034999962314
8.260191000772465
8.785837000687025
8.738274999814166
8.539209999980812
9.26370099932683
8.878650000042398
8.999662999485736
8.618742000180646
8.535318999747687
9.140297999692848
9.039744999427057
9.477048000007926
8.774716000516491
9.007492999444366
8.712705000107235
8.618601999842213
8.97624299977906
8.945855000092706
8.760126000197488
9.016433999931905
9.112067999922147
8.611856000243279
9.400480999829597
8.732465000321099
9.012614000312169
8.984453000266512
8.819466999739234
8.888439999282127
8.820858000035514
8.960301999650255
8.989902999928745
8.622323999588843
8.877400000528723
10.039484000117227
9.508438999546343
10.270712999954412
9.140487999502511
8.951732000241464
9.073285999875225
9.44758700006787
9.126657000706473
9.39937800012558
9.745926000505278
8.64132199967571
8.340193000549334
8.773927000220283
8.447156000329414
9.16648900056316
8.589770999606117
8.553020999897853
8.497107999573927
9.454967999772634
8.561218999602715
8.685984000294411
8.333292999850528
8.672432999446755
8.967882999968424
7.3179749997507315
8.460476000436756
8.630625000478176
8.72370500019315
9.514560000752681
9.183079000649741
8.504297000399674
8.199609000257624
8.427235999988625
8.34069400025328
8.442345999355894
8.497497999996995
9.350964999612188
8.561769999687385
8.731144999728713
8.36170500042499
8.47134699961316
8.203330000469577
8.720074999473582
9.330593999948178
8.929890999752388
8.463567000035255
8.502318000864761
9.419785999853048
8.647741999993741
8.864608999829215
8.773526000368292
8.807756999885896
8.537649000572856
8.67673399989144
8.378854000511637
9.170248999907926
9.18119900052261
8.449666999695182
8.620970999800193
8.870059000400943
8.351292999577709
8.671444000356132
8.948842000791046
8.653592999507964
8.598051999797462
10.194530000262603
8.780637000199931
8.573910999984946
8.708573999683722
9.792777000257047
9.141718000137189
9.316233000390639
8.302862000164168
8.241739999903075
8.695104000253195
9.279410999624815
9.319282999967982
8.304932000100962
8.427247000327043
8.143387000018265
8.092005999969842
8.458827000140445
8.976782999525312
9.252841000488843
8.70365400078299
8.602742000221042
8.51297900044301
8.676395999827946
8.571140000640298
8.743716000026325
8.797247000075004
8.501839000018663
8.963702000073681
8.57966000057786
9.959643000001961
9.221960000104445
8.887669999239733
8.606031000454095
8.496868999827711
8.284081000056176
8.958592999988468
8.732665000025008
8.544389000235242
8.311163000144006
8.647292999739875
8.475648000057845
9.050166000633908
8.975112999905832
8.300942999994732
8.532179999747314
8.24516099964967
8.52887900055066
8.95488199967076
8.864069000082964
8.527148999746714
8.745145999455417
9.020534000228508
8.66225299978396
9.116057000028377
9.103456999582704
9.210938999785867
8.660442999826046
8.513998999660544
9.137250000094355
9.71446499988815
8.530119000170089
8.657983999910357
8.344963000126882
8.645103000162635
8.498811000208661
8.323332000145456
8.351784000296902
8.263521999651857
8.562439999877824
8.466296999358747
8.546629999727884
8.680884000568767
9.50324899986299
8.906009999918751
9.223590000146942
8.894919000340451
9.776748000149382
9.83866900060093
9.444027000427013
8.996592999210407
9.494189000179176
9.646131999943464
9.671253999840701
9.726526000122249
10.552931000347598
9.907731000566855
10.028474000137066
10.516069999539468
10.951592999845161
10.442247999890242
10.100966999743832
10.840658999768493
10.675524000362202
11.14942899948801
10.130448000381875
10.73763600015809
10.290322999935597
9.745254999870667
10.030454999650829
10.742615999333793
10.477859000275203
10.717726000621042
10.705405000408064
10.64259399936418
10.630833000504936
9.948851999979524
10.512109000046621
10.12415700006386
10.332643999390712
10.977234000165481
10.787008000079368
10.218170000371174
9.709025000120164
10.812010999870836
10.660353999810468
11.312824000015098
10.433687999466201
11.093317999439023
10.645653999745264
10.393475999990187
10.168169000280614
10.764087000097788
9.176569000374002
10.35993499954202
10.391466000328364
9.953853000297386
10.662964000403008
9.845558999586501
11.182899000232283
10.82664899968222
10.921201999735786
11.542531000486633
10.773557999527839
9.63914299973112
10.312852999959432
10.255230999973719
10.090926999509975
10.91021100000944
10.908221000136109
10.743986999841582
10.258402000545175
11.081566000029852
9.819118999985221
10.433294999529608
9.42642599966348
10.007664999648114
11.025865000192425
10.777788000268629
10.865000000194414
11.227610999412718
9.869559999970079
10.745675999714877
10.54398099950049
9.906781000609044
10.378054000284465
9.152496999377036
11.031516000002739
9.716455999296159
10.282844999892404
10.801438999806123
10.762236999653396
11.866980999911902
10.630683000272256
10.501989000658796
10.447468000165827
10.956676000205334
10.440207999636186
10.253765000015846
10.695124999983818
9.570460999384522
9.226129000126093
9.905671000524308
10.489518999747816
10.327194000637974
10.030467000433418
10.4985289999604
10.609152000142785
10.921520999545464
10.054725999907532
10.690785000406322
10.497088999727566
10.810019000018656
9.585640999830503
9.770887000740913
10.16277800044918
10.629571999743348
11.05541600009019
10.527933000048506
9.689094999885128
10.116616999766848
10.317093000594468
10.732505000305537
11.219120000532712
10.323472999516525
10.910340999544133
10.636353000336385
9.619542000109504
10.244392000458902
10.159149000173784
10.496838999642932
10.341645000153221
9.293121999689902
9.865940000054252
9.43512699996063
9.315682999840647
9.730465999382432
9.131136999712908
10.086525999213336
9.953462000339641
10.502108000764565
10.461226999723294
9.551279999868711
10.489168999811227
10.442546999911428
10.334753999813984
10.955081999782124
10.900330999902508
10.548829999606824
10.473258000274654
10.907231000601314
10.935631999927864
11.481888999696821
11.560401000679121
10.53574999968987
10.808379000081914
10.654063999936625
9.627673000068171
10.530610000387242
9.647023000070476
10.096796999278013
9.948362000613997
9.57302000006166
9.831018999648222
10.028396000052453
9.652522999203939
9.37617500039778
10.197329999755311
9.633702999963134
10.053744999822811
10.791348000566359
10.204439999142778
10.430277000523347
10.14828999996098
9.28194199968857
9.70129400047881
9.785009000552236
10.095966999870143
9.76230700052838
11.012114000550355
10.259054000016476
10.709674999816343
11.497372999656363
11.029995000171766
11.395616000299924
10.46710799982975
11.71606600019004
10.33117399947514
10.83097899936547
10.298313000021153
9.63050199970894
9.545570000227599
10.405475999505143
10.304786000233435
9.86434999958874
10.110156999871833
9.918720999849029
11.299332999442413
10.111796999808575
10.375994000241917
10.20499900005234
10.188490000473394
10.388597000201116
10.056424999675073
11.860061000334099
10.344005000661127
10.723215999860258
10.47894799921778
10.567770999841741
10.49410900031944
10.484849000022223
10.7404359996508
10.642844999892986
10.879890000069281
9.87879999956931
9.715924999909475
10.092926000652369
10.229170999991766
10.374766000495583
10.442877000059525
10.60639200022706
10.574181000265526
10.345886000322935
10.425776000374753
10.042285000054108
9.886951000225963
10.544069999923522
10.072156000205723
10.83378899966192
10.22750099946279
10.51129999996192
10.294092000549426
9.792177000235824
10.179548999985855
9.757667000485526
10.467848000189406
9.88965000033204
10.212420000243583
10.658273999979428
11.183810999682464
11.197539999557193
10.178649999943445
10.0654960006068
9.937011999682
9.936091999406926
10.58959399961168
9.841348999543698
10.159559000385343
9.53650999963429
9.904461000587617
10.45972699921549
10.304763000021921
11.339833999954863
11.191509000127553
11.571511000511236
9.524999999484862
11.01639399985288
9.799616999771388
9.54996000018582
9.62027199966542
10.71347600009176
10.266081999361631
10.044354999990901
10.167989000365196
10.819397999512148
9.45668799977284
11.170908999702078
10.629293000420148
10.329063999961363
11.245081999732065
9.931061999850499
10.773357000289252
9.89971000035439
10.00245300019742
10.59515300039493
10.17379999939294
10.108577000210062
9.831438999754027
10.252242000206024
10.129837000022235
10.699445000682317
10.18095000017638
9.64131399996404
10.025295000559709
9.609441000065999
9.769926999979361
9.430735999558237
9.79816800008848
11.009715000000142
10.08944600016548
10.454047999701288
9.525980000034906
10.633672999574628
11.333744999319606
10.15837900013139
10.311072999684257
10.876809999899706
10.171429000365606
10.902871000325831
10.445947000334854
10.762777000309143
11.768746999223367
9.529509000458347
9.936571999787702
10.23855099992943
9.492107999903965
10.838439000508515
10.467826999956742
11.227821000829863
10.1163870003802
10.461077999934787
10.285193000527215
10.244001000501157
10.69680500040704
10.897881999881065
9.72992599963618
10.213879999355413
10.497628999473818
10.495038999579265
10.035385000264796
9.8682199995892
10.011274000135018
10.148642000785912
10.082766000778065
10.79740800014406
10.704325000006065
10.391446000539872
9.82235799983755
9.106202000111807
10.122788000444416
9.65019300019776
9.259689999453258
10.224810999716283
12.397456000144302
10.45647800037841
10.094807000314177
9.659183999247034
10.499999000785465
10.349755999413901
9.578459999829647
10.512769000342814
9.96114299960027
10.85620000048948
9.834315000261995
10.479428000508051
10.881881000386784
13.619973999993817
9.116176999668824
10.860399000193866
11.198911000064982
9.913581000546401
10.557929999777116
9.74690700059
10.458046999701764
10.444897000525089
10.415787000056298
10.68362500063813
9.820139000112249
10.454658000526251
10.992063999765378
11.046116000215989
11.353337000400643
10.215539999990142
10.820359000717872
10.655304000465549
9.81119799962471
10.447876000398537
10.262191999572678
10.225381000054767
10.25126199965598
10.437527000249247
10.993234000125085
10.528689999773633
10.241350999422139
10.447908000060124
9.873150000203168
10.649203999491874
9.701864999442478
10.120718000507622
9.937681999872439
10.840139000720228
11.160021999785386
10.920241999883729
10.852809000425623
10.29950199972518
10.548801000368258
10.61708199995337
10.253591000036977
10.793328000545444
10.332933999961824
9.657892999712203
10.513029999856371
10.175878999689303
10.749785999905725
10.525279999455961
9.692324999377888
10.038354999778676
10.803209000187053
9.923061999870697
10.390985999947588
10.667445999388292
10.323532999791496
10.252451000269502
10.707476000789029
11.954251999668486
10.100157000124454
11.912932000086585
10.798037000313343
10.075055999550386
11.034885000299255
10.202120000030845
10.041625999292592
10.08446699961496
10.566521000328066
11.600752000049397
10.460917999807862
11.664905000543513
9.978752999813878
10.663154000212671
9.684624000328768
9.97985400044854
10.052354999970703
10.150218000489986
11.247157000070729
9.78169700010767
10.715035000430362
10.628814000483544
10.227241000393406
10.07401500010019
9.446917999412108
9.770026999831316
10.203509999882954
10.727756000051158
10.630833000504936
10.64413299991429
9.855547999904957
10.689554999771644
9.499638999841409
10.343513999941933
10.735046000263537
10.727945999860822
10.756235999906494
10.00792300055764
10.008104000007734
11.258100999839371
9.9780529999407
9.404716000062763
10.099856999659096
9.706365000056394
10.25070100058656
9.952592000445293
9.89922100052354
9.885450000183482
9.915920999446826
10.956253000586003
11.36672600023303
10.567021000497334
9.846619000200008
10.815497999828949
10.443776999636611
10.411686999759695
10.563390999777766
9.80972799970914
9.697325000161072
9.729184999741847
10.134977999769035
10.475358999428863
10.378415000559471
9.555509999700007
9.844058999988192
10.344844000428566
9.578481000062311
9.976072999961616
9.791017000679858
10.738056000263896
10.436718000164547
9.593401000529411
10.975031999805651
10.306053000022075
10.349773999223544
11.473098000351456
11.089526999967347
11.059576000661764
10.271801999806485
10.731864999797835
10.045963999800733
9.84580900058063
9.870500000033644
9.527989999696729
10.207260000242968
10.952972000268346
10.56286099992576
9.970052999960899
9.952882999641588
10.091185999954178
10.734815999967395
10.983613999997033
10.806547999891336
11.501880000651
10.855350000383623
11.239331999604474
10.999565000020084
10.20154999969236
10.183799000515137
10.868320000554377
9.252941000340797
9.816247999879124
9.769877000508131
10.170198999730928
10.845779000192124
10.89018099992245
10.08640599957289
10.144128000320052
9.737205999954313
10.826208999787923
12.011675000394462
10.292152999682003
11.0441049992005
10.665654999684193
9.620351999728882
10.723456000050646
10.202270000263525
10.370844999670226
10.1703689997521
9.186058999148372
10.184679999838409
9.895529999994324
10.144443000172032
9.801228000469564
10.43891699919186
9.851720000369824
9.540760000163573
16.021755999645393
10.371964999649208
9.568240000589867
10.332584000025236
9.826368999711121
9.409276000042155
9.819527999752609
11.027835000277264
10.326855000130308
9.85941199996887
10.301992999302456
9.789676999389485
10.787997999614163
10.411756000394234
11.646372999166488
9.677793999799178
10.19137999992381
11.178470000231755
9.549020000122255
9.880349999548343
10.617052000270633
10.257222000291222
10.682645000088087
11.076576000050409
9.208831000250939
9.371284999360796
10.755086000244773
10.607852000248386
9.810988000026555
9.881339999992633
9.916830999827653
9.884869999950752
10.53131100070459
10.579270999187429
9.808707999582111
9.729196000080265
10.248270999909437
10.904460999881849
10.280192999744031
10.788577999846893
10.122186999979021
10.279703000378504
10.734006000348018
11.00021399997786
10.480739000740869
10.15707900023699
11.309114000141562
10.294083000189858
10.187023000071349
9.633822000068903
10.43956800003798
10.555110999121098
11.062335999667994
9.777287999895634
10.530790000302659
10.74208699992596
10.451038000610424
10.65829399976792
10.631561999616679
11.934891999771935
10.791367999445356
10.316953999790712
10.789837999254814
10.298072999830765
10.781568000311381
10.319602999516064
9.953665000466572
10.146779000024253
11.708074999660312
10.494279000340612
10.024554000665375
10.513539000385208
9.935302000485535
10.304022999662266
11.065086000598967
10.921541999778128
9.914162000313809
9.272051000152715
9.548180999445322
9.454986000491772
10.20702000005258
9.903589999339601
9.572134000336519
10.304213000381424
10.351893999541062
10.229581999738002
10.83357899915427
9.885309999845049
10.524919999625126
10.382715000559983
10.089425999467494
10.472617000232276
10.85025000065798
9.601995000593888
10.198953000326583
10.162469000533747
11.9902340002227
9.314214000369248
10.313413999938348
9.82684800055722
9.98045300002559
10.990652999680606
11.020604999430361
10.507262999453815
11.242901000514394
9.962711999833118
9.953363000022364
10.05481599986524
10.749086000032548
11.221851000300376
10.716015000070911
9.222480999596883
10.608172000502236
10.233361000246077
10.134967999874789
10.40931600073236
10.082345999762765
10.25211100022716
10.255621000396786
10.80982799976482
11.81397799973638
10.455407999870658
10.04248400022334
10.241560999929789
9.580410000125994
10.437097999783873
10.256151000248792
10.342773999582278
10.958605000269017
10.486189000403101
10.175239000091096
9.36455500050215
10.010415000579087
9.63512299949798
11.188438999852224
9.44138699924224
10.841839000022446
10.01106500007154
9.129967999797373
9.417675999429775
9.591870999429375
9.664054000495526
9.614102000341518
10.000692999710736
9.711566000078165
10.702884999773232
10.683905000405503
10.63301300018793
10.625721999531379
11.25493200015626
11.28700299977936
11.181150000084017
10.207689999333525
10.342014000343625
9.945292999873345
10.419055000056687
10.554230999332503
10.370715000135533
9.995743999752449
9.63201200011099
10.575096000138728
10.981172999890987
10.572892000709544
10.884951000662113
10.640543000590696
10.093326000060188
10.395195000455715
10.001804999774322
9.712465000120574
9.582990999660979
10.35124400004861
10.566531000222312
10.35445500019705
10.821888000464241
10.63982399955421
10.552470000220637
10.692783999729727
10.444508000546193
10.203879000073357
11.463357999673462
10.813957999744161
10.445876999256143
11.313734000395925
9.686723999948299
10.407306000161043
11.068095999689831
10.00577400009206
9.845218999544159
10.42551699993055
9.466248000535415
9.882059999654302
10.133918000065023
10.22043000011763
9.994334000111849
10.914501000115706
10.477548999915598
10.784218000480905
10.229751000224496
10.09922700086463
10.04770599956828
10.998224000104528
10.674494999875606
10.4354080003759
10.285871999258234
10.203709999586863
10.874640999645635
10.745065999799408
9.918631000800815
9.369225000227743
11.008784999830823
11.397025999940524
10.347304999413609
9.225031000823947
10.60841199978313
9.756915999787452
9.7545459993853
9.70720499935851
10.176750000027823
9.856509000201186
10.183970000070985
9.866690000308154
10.216161000244028
10.296602000380517
10.833509000804042
10.395776000223123
10.193668999818328
10.469388000274193
10.243391000585689
10.100006999891775
10.053055999378557
10.455827999976464
11.050915999476274
10.44814699980634
10.077515999910247
10.04956500037224
10.158559000046807
10.611463000714139
10.469879000083893
10.136578000128793
9.877100000267092
10.048585999356874
10.050335999949311
10.41346700003487
10.450497999954678
9.48683800015715
9.79380700027832
9.92946199949074
10.165788999984215
10.799160999340529
10.444996999467548
10.460288000103901
11.271511999439099
11.061156999858213
10.508569000194257
10.840028999155038
10.489019000488042
11.02293500025553
10.9302619994196
10.828999999830557
9.987342999920656
10.872238999581896
12.010014000225055
10.37531499969191
10.314283000298019
9.858100000201375
10.051166000266676
10.483048000423878
10.36728500002937
10.421735999443626
10.175310000704485
10.633832000166876
10.234569999738596
10.128318000170111
10.387265999270312
10.216590000709402
10.235540999929071
11.31290400007856
10.412227000415442
10.849799999959941
10.014513999522023
11.055136000322818
9.668474000136484
10.57576200037147
10.473688000274706
9.972232999643893
10.744737000095483
10.412027000711532
10.488128999895707
10.592192000331124
10.070326000459318
11.017933999937668
10.419967000416364
10.75309699990612
11.682925000059186
10.02825399973517
10.108467999998538
9.281830999498197
9.909321000122873
9.77001699993707
9.70450500062725
9.785707999981241
10.4603469999347
9.677473999545327
10.032334999777959
9.707195999908436
10.23936000001413
11.416766999900574
9.788176999791176
10.443857000609569
11.464598000202386
10.823079000147118
10.586191999209404
11.456117999841808
9.796397000172874
9.984842999983812
10.57983200007584
10.414266999760002
9.57732099959685
9.594250999725773
10.036333999778435
10.31982299991796
10.958863000269048
10.414745999696606
11.557340999388543
11.6049620000922
10.825278000083927
10.026284000559826
9.585601000253519
10.34416400034388
10.270902000229398
10.717385000134527
9.715205000247806
10.522988999582594
10.160717999497137
10.464828000294801
10.10967799993523
10.066015999655065
11.007854000126827
10.252801000206091
9.964792000573652
10.543410000536824
9.950151999873924
10.610623000502528
10.1750189996892
9.84047899964935
10.105997000209754
10.606212000311643
9.940261000338069
9.934462000273925
9.894729999359697
10.34144400000514
10.320993999812345
10.79957700039813
10.089815999890561
10.421085999951174
10.18362899958447
10.374505000072531
9.581350999724236
10.300852000000305
10.580760999800987
9.597471999768459
10.857389999728184
9.905371000058949
10.30835300025501
9.625652999602607
9.548379999614554
10.47057899995707
10.177688999647216
9.84017899918399
9.72888599972066
10.649032999936026
10.910201000115194
12.437598000360595
10.630332999426173
10.549410000749049
9.771656999873812
10.264362000270921
10.846410000340256
10.621625000567292
10.695304999899236
10.175508999964222
9.955742999409267
11.02503499987506
10.243752000860695
10.500289000447083
10.615582000355062
10.812888000145904
9.690005000265955
9.65100200028246
9.475058000134595
9.309752999797638
10.123518000000331
10.355493999668397
9.554281000418996
10.573051000392297
10.205409999798576
10.476797000592342
10.51219900000433
10.264952000397898
10.566320999714662
10.294783000063035
10.660443999768177
10.370795000198996
10.993223999321344
10.147588000108954
9.130538000135857
9.836577999521978
10.548281000410498
10.707806000027631
10.260982000545482
10.359445000176493
10.186518999944383
10.384656000496761
10.055266000563279
10.0449559995468
9.849478999967687
10.927761999482755
10.115117000168539
10.048838000329852
10.596702000839286
10.575911000159977
10.641392999787058
10.451387999637518
10.447018000377284
9.979543999179441
10.192869999627874
11.205131000679103
12.224762000187184
10.625892999996722
10.4311469995082
10.089026999594353
11.415397000746452
9.594150999873818
9.864298999673338
10.362443999838433
9.836638999331626
10.066245999951207
10.498808999727771
9.91675099976419
9.968272999685723
10.653732999344356
9.86943899988546
10.383666000052472
10.162159000174142
10.241201000098954
11.037805999876582
11.036584999601473
11.176669999258593
10.232200999780616
10.46506800048519
10.44684699991194
10.505758999897807
10.39065499935532
10.94738200026768
9.820698000112316
10.159407999708492
10.295643000063137
10.625752999658289
9.834378000050492
9.786637000615883
9.754476000125578
11.185289999957604
10.0492760002453
10.120386999915354
10.041165000075125
10.121537000486569
10.98996300061117
10.837648999768135
10.454727999785973
10.054624999611406
10.2945329999784
10.045574999821838
10.173958999985189
10.00045399996452
10.147267999855103
10.299775999556005
10.527890000048501
10.246982000353455
10.390745000222523
10.227790000499226
9.954973000276368
10.435096999572124
10.741926000264357
10.156198000004224
10.460098000294238
10.787889999846811
11.326813999403385
10.318983000615845
9.778706999895803
10.160807999454846
9.575620999385137
9.850878999714041
9.802087999560172
10.469318000104977
10.25864100029139
9.949362000043038
10.965462999593
10.480447999725584
10.731796999607468
9.527870000056282
9.589700999640627
10.307702999853063
10.461747000590549
10.466228000041156
10.61844200012274
10.137758000382746
10.79390799986868
9.256340999854729
10.337964999962423
10.016823999649205
10.344694000195886
10.996154000167735
10.830008999619167
9.876330000224698
10.489759000847698
10.296652999386424
11.005814999407448
9.918761000335508
9.967023000172048
10.269372000038857
10.246161999930337
10.287342999617977
9.962432999600423
10.116616999766848
10.48213800004305
9.959302999959618
11.459198000011384
9.121486999902118
10.493769000277098
10.167008999815152
10.296302999449836
9.775346999958856
10.453097999743477
10.35331499952008
10.303674000169849
10.32558400038397
11.557901000742277
9.742325999468449
10.246551000818727
10.221460000138904
10.270781999679457
10.106258000632806
10.069105999718886
10.141998000108288
9.984733000237611
10.36243500038836
11.048235000089335
10.252372000650212
11.762568999984069
9.635522000280616
9.525929000119504
9.712764999676438
10.28490199951193
10.046867999335518
9.583291000126337
9.49597800081392
10.504688999390055
10.407126000245626
10.996643999533262
10.392006000074616
10.65267300054984
10.194619000685634
9.716846999253903
10.468587999639567
11.000165000041306
9.7673569998733
10.354115000154707
10.156068000469531
11.194699999578006
10.190688999500708
9.894330999486556
10.931912000160082
10.036546000264934
10.2489910004806
10.662712999874202
10.518958999455208
10.59899099982431
10.046635000435344
10.05417599935754
10.245510999993712
10.700814999836439
10.269632000017737
10.169078999751946
10.290802999406878
10.230349999801547
9.56871099970158
9.770716999810247
9.828037999795924
10.820528999829548
12.00944799984427
9.951372999239538
10.236121000161802
9.898174999761977
10.099437999997463
24.373080000259506
10.485209000762552
10.073065000142378
9.597921000022325
10.63474500006123
10.070934999930614
10.589570999400166
10.024944999713625
10.559370999544626
10.752316000434803
10.171199999604141
10.574681000434794
10.993504999532888
10.703376000492426
10.543430999859993
10.762927000541822
10.199530000136292
9.649792999880447
9.507148999546189
10.765627999717253
10.612312000375823
10.897891000240634
10.397234999800276
10.065036000014516
10.211369999524322
9.682494000117003
10.730226000305265
10.521780000090075
10.744207000243478
10.080736999952933
9.845850000601786
10.403165999377961
10.50964899968676
10.311623000234249
9.503088000201387
9.822478000387491
10.6479539999782
10.406725999928312
9.81883900021785
9.928471999955946
10.32259299972793
10.205340000538854
10.275492000801023
10.182879000240064
9.920131999933801
10.016893999818421
10.49568799953704
10.189898999669822
10.578931999589258
10.272451999298937
10.397355999884894
10.545300999183382
11.006785000063246
10.351513999921735
10.244821000014781
11.174198999469809
10.892871000578452
11.070795000705402
10.069745999317092
10.117757000443817
9.997183999985282
9.86832000035065
10.098586999447434
9.90163999995275
10.90740099971299
10.397875000307977
10.460397999850102
10.345334000703588
9.844728999269137
10.341453999899386
10.952532000374049
11.396316000173101
10.801837999679265
11.068187000091712
10.967614000037429
10.980033000123512
10.407046000182163
10.258942000291427
10.358885000641749
9.599702000741672
11.30635300069116
9.568860999934259
9.722894999868004
9.360964000734384
9.634052000365045
9.858039999926405
9.89548100005777
9.98826300019573
10.732984999776818
10.40274600018165
9.616092000214849
11.0044539997034
11.33787399976427
10.356224000133807
10.623303000102169
10.158719000173733
10.334964000321634
9.935592000147153
10.704354999688803
10.840898999958881
10.11611699959758
9.85530900015874
8.975362999990466
9.503369000412931
9.685174999503943
10.12368699957733
9.60458200006542
9.991333000471059
10.611352999148949
10.216399999990244
10.44722799997544
10.936982999737666
10.382776000369631
9.943052000380703
10.642823000125645
10.76983700022538
10.589030999653914
10.577211000054376
10.33057299991924
10.270751999996719
11.01566399938747
11.030384999685339
10.285672999998496
10.378695000326843
9.464118000323651
10.245710999697621
10.440266999466985
10.36124500024016
11.848463000205811
9.652612999161647
10.484568000720174
10.762815999441955
10.690813999644888
10.464678000062122
10.664014000212774
10.840478999853076
10.43684799969924
10.9094310000728
11.104196999440319
10.470248000274296
10.482988000148907
9.76596599957702
10.185799000282714
9.60126100017078
10.62628300041979
10.33048399949621
11.22383100027946
9.655484000177239
11.463887999525468
11.221611000109988
10.648624000168638
10.19238899971242
11.294113000076322
10.929671999292623
10.792740000397316
11.154198999975051
10.984534000272106
10.076096999910078
10.577971999737201
11.156219000440615
10.396466000202054
10.085025999615027
10.161098000025959
10.098486000060802
10.178072000599059
10.717484999986482
10.328123999897798
10.402367000097001
11.264351999670907
10.318833999917842
10.788017999402655
10.632773999532219
10.550930999670527
9.759047000443388
10.533429999668442
10.71390600009181
10.105516000294301
10.382415000094625
12.344753999968816
10.873590000301192
11.122937999971327
10.612731999572134
10.078215999783424
10.952351999549137
10.922170999947411
10.198369999670831
10.75309699990612
11.478039000394347
11.4287169999443
10.441776999869035
10.631720999299432
10.197519999564975
10.361984000155644
10.26165100029175
10.517740000068443
10.383466000348562
10.470389000147406
10.715595999499783
11.014414999408473
11.584472000322421
10.407616000520648
10.428366999803984
11.326835000545543
11.116966999907163
11.566811999728088
10.191600000325707
10.934181999800785
9.663664000072458
9.952843000064604
10.41439700020419
11.064966000049026
10.255571000016062
11.059835999731149
10.981401999742957
10.832988999936788
10.25584200033336
10.51219900000433
10.103206999701797
9.596652000254835
9.563550999700965
9.50211799954559
10.162049000427942
10.367816000325547
10.260351999932027
10.18288900013431
10.345083999709459
10.716465000768949
10.556070000347972
9.34131400026672
10.55232100043213
10.910052000326687
10.576280999885057
10.239031000310206
10.184999000557582
10.846608999599994
10.383834999629471
8.78051699964999
9.879790999548277
9.331082999779028
10.219400000096357
10.000874000070326
9.561661000589083
9.080125000764383
9.057795999979135
10.289501999977801
9.429996999642754
9.851949000221794
9.2553209997277
9.590970999852289
9.333144000265747
10.903170999881695
9.818409000217798
10.34451400028047
10.071927000353753
9.748186999786412
10.714934999668912
9.449867000512313
10.25081100033276
10.013654000431416
10.779557000205386
11.011844999302411
10.136017999684555
10.106536999956006
10.22718099920894
11.135888000353589
11.653684000521025
10.661123999852862
10.51952999932837
9.584650999386213
8.993663000183005
9.22186000025249
8.81992800077569
9.55400099974213
9.738924999510346
9.38853499974357
9.886820999781776
10.460198000146192
9.670073999586748
10.162839000258828
10.342464000132168
10.372685000220372
10.156487999665842
10.275483000441454
10.273062999658578
10.67832399985491
10.597073000099044
10.711925000578049
9.795328000109293
10.296942999957537
9.600181999303459
10.5544509997344
9.556940000038594
10.162528999899223
9.9231639997015
10.756317000414128
9.975523000321118
10.343803999603551
10.055276000457525
10.016274000008707
9.987192999687977
10.936182000477856
10.528370000429277
11.220289999982924
10.694984999645385
10.413856000013766
10.125688000698574
9.48287800019898
10.65454600029625
10.240611999506655
9.955202000128338
10.28499199946964
9.602891000213276
11.087176999353687
10.33054399977118
10.343244999603485
9.758026000781683
9.888610999951197
9.933121999893046
10.568190999947547
10.137567999663588
10.405807000097411
10.756665999906545
10.767187000055856
10.908041000220692
10.372315000495291
9.704134999992675
10.294093000084104
10.044055999969714
10.241701000268222
10.21578000018053
10.595745000500756
10.131907999493706
10.605602000396175
10.568831000455248
10.238690999358369
10.268260999509948
9.897071000523283
10.503980000066804
10.2899929997875
9.882178999760072
9.778246000678337
9.935582000252907
10.103818000061437
10.442937000334496
10.389794999355217
10.052865000034217
9.71313599984569
9.942532000422943
10.63072299984924
10.594171999400714
10.419536999506818
9.969202999855042
10.120736999851943
10.164729000280204
9.14245799958735
9.401276000062353
9.98398299998371
10.441597999488295
10.486987999684061
10.34418499966705
10.069984999972803
10.253561999888916
10.376444999565138
10.65349399959814
10.542980000536772
10.1989799995863
10.908511999332404
9.827318000134255
9.894280000480649
10.47383799959789
10.32099400072184
11.564430999897013
10.162688000491471
10.38904500001081
10.119378000126744
9.83911999992415
10.626742000567901
10.758305999843287
10.428626000248187
10.01009400079056
10.738915999354504
11.278551999566844
10.385296000094968
10.392336000222713
10.181779000049573
10.944042999653902
10.494879000361834
10.22886999999173
10.356984999816632
10.834808999788947
11.317314000734768
10.74080599937588
10.666904999197868
9.981642999264295
10.689574999560136
10.048765000647109
9.65899399943737
10.627632000250742
9.762596000655321
10.559600999840768
10.49113900080556
9.849158999713836
10.9458929991888
10.837939999873925
10.59376200009865
9.969152999474318
9.726455000418355
9.82235799983755
9.809728000618634
10.402527000223927
10.742937000031816
10.165247999793792
10.43577699965681
10.38329499988322
10.743776000708749
10.178528999858827
10.186789000727003
10.320194000087213
10.504070000024512
9.826827999859233
10.066346000712656
10.173339000175474
11.380285999621265
10.617982999974629
10.496058999706293
10.919602000285522
9.426036999684584
9.989702999519068
10.048235000795103
10.701604999667325
11.279842000476492
8.990003999315377
10.555361000115226
10.583731999759038
11.696474999553175
10.005273999922792
9.324382999693626
9.529738999844994
9.375755000291974
9.636952999244386
10.11513699995703
10.62072199965769
10.350395000386925
10.675925000214193
10.709635999774036
10.967213000185438
10.961156000121264
10.76790700062702
11.64684400009719
11.046626000279502
10.596822000479733
9.540318999825104
10.25182200010022
10.130718000255001
10.043244999906165
9.573381000336667
9.843269000157306
9.624162999898545
9.352304000458389
9.87712999994983
9.366223999677459
10.340494000047329
9.713473999909183
10.390186000222457
10.033004999968398
10.077785000248696
11.209039999812376
10.333813999750419
10.376055000051565
10.089346999848203
10.000812999351183
11.429357000452
10.890710000239778
9.93822199961869
10.453376999976172
10.188899999775458
10.41347600039444
10.900192000008246
10.878011000386323
9.544929999719898
10.411225999632734
10.838659000000916
11.174829000083264
10.119927999767242
10.117667000486108
11.71924600021157
10.410785999738437
9.55595999948855
10.163048999856983
10.860829999728594
10.222871000223677
10.639883000294503
10.91287100007321
9.998002999964228
10.420507000162615
10.636293000061414
10.518250000131957
9.657652999521815
10.300534000634798
9.851709000031406
10.700764999455714
10.084505999657267
9.31335399945965
9.831407999627118
10.0025440005993
10.73803599956591
10.747307000201545
10.465177000696713
10.211129999333934
10.54191000002902
9.832398999606085
10.313654000128736
10.922391999883985
10.42393700026878
10.09429599980649
9.249401000488433
10.720825000134937
9.92190200031473
9.972333000405342
9.864390000075218
10.566461000053096
10.395856000286585
10.118168000190053
10.368176000156382
10.016553999776079
10.801708000144572
10.432766999656451
10.151188000236289
10.354734000429744
10.552470999755315
10.264361999361427
10.90868200026307
11.223231000258238
10.540530000071158
10.208079999756592
9.735046999594488
10.05788600014057
9.927641999638581
10.247070999866992
9.99602399951982
10.020693999649666
10.284242000125232
10.665234999578388
9.766035999746236
10.005403999457485
10.156538999581244
11.609831999521703
10.33884400021634
10.226139999758743
11.438178000389598
10.090947000207962
10.14014800057339
9.952272000191442
10.067025999887846
10.491858000023058
10.210970000116504
11.508979999234725
9.775257999535825
10.297063000507478
10.586412000520795
10.520750000068801
11.170509999828937
10.464418000083242
10.5493099999876
9.946122000656032
10.528660000090895
10.812718000124732
10.932342000160133
10.675454000192985
10.705235000386892
10.511598999983107
9.659243000896822
10.228620999441773
10.542471000007936
10.665193999557232
10.063425000225834
9.860269000455446
9.503178999693773
10.343074000047636
10.45500800046284
10.924444999545813
10.661113000423939
10.202620000200113
9.90497100065113
10.846380000657518
10.455908000039926
10.22491000003356
10.413926000182983
10.309353000593546
10.164789000555174
11.052865000237944
10.301842000444594
10.902240999712376
10.106597000230977
10.83974900029716
9.759395999935805
10.100406000674411
10.066296000331931
9.982063999814272
11.112277999927755
9.561660000144911
10.388674999376235
10.341244999835908
10.665333999895665
10.606412000015553
11.29736600069009
9.778656999515078
10.286021999490913
10.353056000894867
9.62080200042692
9.76522700057103
10.09240600069461
11.039525999876787
9.91242100008094
10.421656999824336
10.700145000555494
10.573991000455862
10.69774499956111
10.115427000528143
10.294583000359125
10.643343000083405
9.912071000144351
10.166788999413257
10.102666999955545
10.341623999920557
10.76008699965314
10.95908299976145
10.877259999688249
10.742665999714518
10.757225999441289
10.764907000520907
10.77899800020532
10.801899000398407
10.61379200018564
10.416479000014078
11.042676000215579
10.698305000005348
10.155207999559934
11.285352999948373
11.99081400045543
10.874811000576301
10.590822000267508
10.25230399955035
9.674304000327538
10.591012000077171
10.482611000043107
10.153307999644312
10.148749000109092
10.955223000564729
10.14481899983366
10.464427999977488
9.953503999895474
10.5799709999701
10.262592000799486
10.370507000516227
10.162407999814604
10.485118999895349
10.523680000005697
10.914942000454175
10.994303999723343
10.282621999976982
10.472827999365109
10.553019999861135
9.739116000673675
10.06045499980246
10.928681999757828
9.832378999817593
9.266981000109809
10.223860999758472
11.075516000346397
10.374084999966726
10.17110899920226
10.455397999976412
10.623502999806078
11.033525999664562
10.668744000213337
10.68800499979261
10.616962999847601
10.72693599962804
10.326184000405192
9.746747000463074
10.052145000372548
10.222949999842967
9.598831000403152
10.001364000345347
10.593270999379456
10.345374000280572
10.592491000352311
10.681674999432289
10.240031000648742
10.17677000072581
10.144028000468097
10.172030000831
10.471927999788022
10.42795700050192
10.554550999586354
10.490159000255517
9.718374999465595
10.590302000309748
10.327083999982278
11.114848000033817
10.028075000263925
11.089036999692325
11.005663999640092
10.401315999843064
10.581051999906776
11.507119999805582
10.168809000788315
10.94159199965361
11.42131699998572
10.259921000397298
8.900430999347009
9.347083999273309
10.209519999989425
10.53617000070517
10.432147000756231
11.096767000708496
9.570840999913344
9.731447999911325
10.955843000374443
10.919592000391276
10.432987000058347
10.224200999800814
10.179990000324324
10.766286999569274
10.652164000021003
10.851760000150534
10.22291099980066
10.771387000204413
10.225000999525946
10.558270000728953
10.709785000472039
10.51846900008968
10.62717300010263
10.937701999864657
10.561431000496668
11.391795999770693
10.072376000607619
10.53116000002774
10.299033000592317
11.243912000281853
11.074617000303988
11.573261999728857
10.555009999734466
10.355413999604934
9.691177000604512
10.138028000255872
10.149748000003456
10.370514999522129
11.49018099931709
8.953771999586024
9.525698999823362
10.013705000346818
9.332774000540667
10.04221499988489
9.45947700074612
9.707254999739234
9.417885999937425
9.211600000526232
10.900432999733312
9.371745000862575
9.484878999501234
9.23602100010612
9.296752999944147
9.667733999776829
10.074875999634969
9.318354000242834
8.54204999996
8.947541000452475
9.221809999871766
10.546370999691135
9.195429000101285
9.866639999927429
10.27789300042059
9.842717999163142
9.829889000684489
9.945783000148367
9.582070999385905
10.15811900015251
9.98097299998335
11.335095000504225
10.163099000237708
10.727075999966473
10.420356999929936
9.65180299954227
10.692826999729732
10.526920000302198
10.081786000228021
10.144048999791266
10.738385999502498
10.136918000171136
9.661034000600921
9.892502999719
9.944771999471413
11.847149999994144
10.798477999742317
9.17283899980248
9.417446000043128
9.687875000054191
9.794226999474631
9.859470000264992
10.69488499979343
11.046685000110301
9.350112999527482
10.64525399942795
9.530409000035434
9.271431000343
10.188338000261865
10.203591000390588
9.527709999929357
10.091027000271424
9.986052999920503
10.298352999598137
10.027774999798567
10.908031999861123
10.021625000263157
10.084786999868811
10.467027999766287
11.41429600011179
10.957084000438044
10.36661499983893
10.627653000483406
11.182100000041828
10.476489000211586
9.307481999712763
9.99620299990056
10.479988999577472
11.508890000186511
10.595445000035397
10.33402700068109
11.32794300065143
11.547420999704627
10.495499000171549
9.932670999660331
10.022024000136298
9.955063000234077
9.973242000341997
10.509758999432961
10.141687000214006
9.9706930004686
10.526989000027243
10.857260000193492
9.283891999984917
9.89945999936026
9.93808099974558
11.161479000293184
10.770457000035094
11.159848999341193
11.202081000192265
9.63267299994186
10.16123899989907
9.812578000492067
9.999552999943262
10.074036000332853
9.761776000232203
9.147097999630205
10.338284000681597
9.846169999946142
9.848210000200197
9.490317999734543
10.24927199978265
10.353184999985388
10.91958200049703
10.303283000212105
9.679093999693578
9.605051999642455
9.646063000218419
10.406546999547572
9.612331999960588
10.578900999462348
10.080906000439427
10.054484999272972
8.97102300041297
9.601331999874674
10.606261999782873
10.251240999423317
11.539680000169028
9.987483999793767
9.11243700011255
10.230992000288097
9.573280999575218
9.635202999561443
11.122268999315565
11.982263999925635
10.197869999501563
10.155578999729187
11.193760999958613
10.1618190001318
9.359003999634297
10.208509999756643
10.189980000177457
9.402057000443165
10.33439399998315
10.4686180002318
9.793827000066813
10.092076000546513
10.663313999430102
9.866400000646536
10.123248000127205
10.410695999780728
10.294143000464828
9.672773999227502
10.816678000082902
10.673623999537085
10.34350500049186
10.227630999906978
9.967361999770219
10.23352199990768
9.408085999893956
9.506388999398041
9.798286999284755
10.123447999831114
11.266410999269283
10.3786339996077
10.25752200075658
10.728487000051246
10.022315999776765
10.526424000090628
9.843419000389986
9.608160999960091
9.252251000361866
9.6367520000058
10.412096999971254
9.963931999664055
11.476289000711404
9.75476600069669
9.962272999473498
10.197369000707113
10.277563000272494
10.570491000180482
10.322133999579819
11.317954000332975
10.601250999570766
10.358425000049465
10.296022999682464
9.925871999257652
10.146118000193383
10.341833999518713
10.26095199995325
10.761885999272636
10.039454999969166
10.044984999694861
9.967694999431842
10.271782000017993
9.91532000080042
10.349923999456223
9.951851999176142
10.753729000498424
10.897391000071366
10.394556999926863
10.71910599966941
10.768647999611858
10.880512999392522
9.86358200043469
10.681114999897545
9.421855999789841
10.985212000377942
10.05805499971757
9.452596999835805
9.974673000215262
10.142778000044927
10.734815999967395
10.125776999302616
9.639193000111845
10.89405099992291
10.738856000898522
10.294336000697513
9.768848999556212
9.834269000748463
10.123676999683084
10.33104500038462
10.33335400006763
10.293942999851424
9.657793999394926
10.013153999352653
9.969733000616543
9.647433000282035
10.056926000288513
10.045306000392884
9.997793000366073
9.978683000554156
10.551160000431992
10.549180999987584
10.009124999669439
10.568810000222584
10.655836000296404
10.436037000545184
10.169039000174962
9.592591000000539
10.304352999810362
9.62865299970872
9.809266999582178
11.073276000388432
9.708735000458546
10.492737999811652
9.872350000478036
10.431145999973523
10.078827000143065
10.904791000029945
10.122388000127103
10.28766200033715
9.80378800068138
10.467758000231697
10.662444000445248
10.3100540000014
11.529929999596789
10.33935399937036
10.149409000405285
9.999003999837441
9.97632300004625
10.184118999859493
9.677084999566432
11.769267000090622
10.66919400000188
10.647004000020388
11.004114000570553
10.904040999776043
11.100337999778276
9.706843999992998
9.759718000168505
10.031294000327762
10.051225000097475
10.751836999588704
10.144988000320154
10.959942999761552
10.41277700005594
9.560501000123622
10.05444600014016
10.591031000330986
9.197358999699645
9.607171999959974
10.040323999419343
10.589671999696293
10.749916000349913
10.696476999328297
9.792410000045493
10.865499999454187
11.237402000006114
10.719834999690647
10.237141999823507
10.782517999359698
10.534309999457037
10.80349899984867
10.735415999988618
10.217049999482697
11.616173000220442
9.694464999483898
10.990873000082502
9.533918999295565
10.36390500030393
9.93355300033727
10.148688999834121
9.95141200019134
9.709965000183729
10.247881000395864
10.318353999537067
10.204870000052324
10.712905000218598
9.78738699996029
9.716945000036503
11.239511999519891
10.694795000745216
10.51035000000411
10.492719000467332
11.325845000101253
11.120686999674945
10.230640999907337
10.653373999957694
9.654333000071347
9.99914399926638
10.44479699976364
10.682703999918886
9.76053599970328
9.807808000005025
10.379804999502085
10.12337700012722
10.519149999709043
10.020543999416986
9.741004999341385
9.34683400009817
10.392035000222677
9.861599000032584
10.266590999890468
10.264002999974764
9.760597000422422
9.766406000380812
11.22868099992047
10.458417999871017
10.168368999984523
10.254230999635183
11.11902699994971
9.778177000043797
9.997134000514052
11.152150000270922
10.425677000057476
9.811088999413187
9.010304000184988
10.14206799936801
9.376024000630423
10.383136000200466
10.219520000646298
9.981373000300664
10.191809999923862
10.472227999343886
9.907121000651387
9.687134000159858
10.32477300032042
9.914551999827381
10.729765999712981
10.695876999307075
10.212980000687821
10.03031500022189
10.37115500002983
10.428206000142382
10.661344000254758
11.016405000191298
9.714116000395734
10.153678999813565
10.224390999610478
10.817308000696357
10.04964599997038
9.723234999910346
10.624982999615895
10.070115999951668
10.458666999511479
10.361913999986427
10.981663999700686
10.403146000498964
11.183268999957363
10.489307999705488
11.994104999757838
10.731196000051568
10.019304999332235
10.343553999518917
10.518459000195435
9.727436000503076
10.530930999266275
10.856110000531771
10.517439999603084
10.169109999878856
10.451756999827921
10.109946999364183
10.366094000346493
10.55227999950148
10.20130900087679
10.282203000315349
11.389896000764566
10.558340999523352
10.53334999960498
10.550350999437796
10.985074000018358
9.56415200016636
10.243800999887753
11.199528999895847
9.863009999207861
9.551782999551506
10.566982000455027
9.970632999284135
9.328772999651846
9.32260299941845
9.199019999869051
8.885541000381636
8.809507000478334
8.746905000407423
9.039753000251949
8.67820399980701
9.444277000511647
9.110157000577601
9.496517999650678
9.504778000518854
8.363955999811878
9.119976999500068
8.921120999730192
8.08178500028589
8.387724000385788
9.389275999637903
8.138356999552343
8.467667999866535
9.145616999376216
8.804837999377924
8.546809000108624
8.60887199996796
8.328273000188346
8.464379000542976
9.279361999688263
8.279561000563262
8.58255100047245
8.415485999648809
8.149338000293938
8.367765000002692
8.949322999797005
9.195409000312793
8.595821999733744
8.641712999633455
8.14535999961663
8.187168999938876
9.25146100053098
9.197459999995772
8.307172000058927
8.695003999491746
8.694152999851212
8.358213999599684
8.937382000112848
9.258530999431969
8.490477999657742
8.120096999846282
8.940231999986281
8.078355999714404
9.298203000071226
9.144197999376047
8.75826599985885
8.326852999744006
8.725785000024189
9.105857000577089
8.506888999363582
10.472859000401513
9.582830999534053
8.372154999960912
8.494617999531329
7.720324000729306
9.347344000161684
9.097266999560816
8.92314999964583
9.122038999521465
9.212339000441716
9.111016999668209
8.494188000440772
8.56123999983538
8.484787999805121
8.293972000501526
9.049354000126186
8.177608000551118
8.395314999688708
8.071964999544434
8.423516000220843
8.29193200024747
8.661652999762737
8.368264000637282
8.28588199965452
8.834778999698756
8.74103499972989
8.72970499949588
9.91372400039836
9.439176000341831
9.131708000495564
9.122006999859877
8.72642500053189
9.852760000285343
9.261091000553279
9.275990999412898
9.856798999862804
8.796668000286445
10.213311000370595
10.086436000165122
10.719555999457953
10.263070999826596
10.287683000569814
9.79160699989734
11.271991999819875
9.966562999579764
10.707245000048715
10.935362000054738
10.173198999837041
9.810488000766782
9.802097999454418
9.79148799979157
10.95752299988817
10.649163000380213
10.407575000499492
9.562121000271873
9.797407999940333
9.969493000426155
10.21238999965135
10.791397000502911
9.967181999854802
10.327924000193889
10.77393800005666
9.833108999373508
11.211670999728085
10.017524999966554
10.882241000217618
10.018564999882074
10.476608000317356
12.556960999972944
9.540819999529049
12.593241999638849
9.93227199978719
9.498888999587507
9.332143999927212
8.975343000201974
9.391815000526549
9.645803000239539
9.461057999942568
9.852228999989165
9.313294000094174
10.070045999782451
10.446047000186809
10.572431000582583
10.436087000016414
9.614542000235815
11.659745000542898
11.580421999497048
9.347715000330936
9.949632999450841
9.548680000079912
9.563581000293198
10.047585999927833
10.0278050003908
10.122327000317455
10.162429000047268
10.205069999756233
10.920081999756803
9.626392999962263
10.150338000130432
10.25263100018492
9.873749999314896
10.587120999844046
9.97678299972904
9.864839999863761
10.91276100032701
10.571431000244047
10.301201999936893
10.670452999875124
10.830338999767264
11.244971999985864
10.66876400000183
10.734696000326949
10.548201000347035
9.878509999907692
9.819748999689182
10.394066000117164
12.34702500005369
10.79673799995362
9.813347999624966
9.367425000164076
10.327893000066979
9.833408000304189
10.722586000156298
11.41857600032381
10.373213999628206
11.295203000372567
9.986885999751394
11.595652000323753
10.296772000401688
10.657212999831245
9.594780999577779
10.758817000350973
10.60402300026908
11.816208999334776
10.952843999803008
11.13185899976088
9.778057999938028
9.016113999678055
10.670614999980899
9.534480000183976
9.996824000154447
8.746875999349868
9.27015199977177
8.599771999797667
9.958361999451881
9.655473000748316
8.333282999956282
8.78280699998868
8.610992000285478
8.79214700034936
8.616731000074651
8.814757999971334
10.066834999634011
8.596110999860684
8.816196999759995
8.513608000612294
8.77170700005081
8.377905000088504
8.6123619994396
8.720885000002454
8.832007999444613
9.293632999288093
8.648883000205387
9.404385000379989
9.040953999829071
8.377015000405663
8.77861600019969
8.743155000047409
7.6196319996597595
8.5683399993286
9.746007000103418
9.34131400026672
8.50490799984982
8.407837999584444
8.423874999607506
9.79889800055389
8.722054999452666
7.840847999432299
8.769816000494757
9.205999000187148
8.327052999447915
9.001293999972404
8.15571800012549
8.414205000008224
8.30267199944501
8.594721000008576
9.336533999885432
8.794987000328547
8.761545999732334
8.641983000416076
8.530248999704781
8.189989000129572
8.493598000313796
8.58480100032466
8.51485900057014
8.503877999828546
8.302952000121877
8.788857000581629
8.519130000422592
9.055445000740292
8.429685999544745
8.378625000659667
10.236370999336941
8.515217999956803
8.998293000331614
8.566749000237905
8.716215000276861
8.506447999934608
8.81132799986517
8.456497000224772
8.121245999973326
8.346293000613514
8.016524000595382
8.65886299925478
7.355773000199406
9.454936999645724
8.686054000463628
8.89186000040354
8.578900000429712
8.261000999482349
10.614551999424293
8.639462999781244
8.590190999711922
8.65939300001628
8.440886000244063
9.097135999581951
8.856269000716566
8.521368000401708
8.701505000317411
8.788477000052808
8.33071299985022
8.31303300037689
8.757426000556734
8.687314000781043
8.609270999841101
8.693754000887566
8.902529999431863
8.920201000364614
8.969352999883995
8.411175000219373
8.812907999526942
8.15593799961789
9.076696000192896
8.229260000007343
8.519469000020763
8.137607000207936
8.617371999207535
8.7086140001702
8.197028999347822
8.400165000239213
8.37167400004546
8.351183999366185
8.878120000190393
8.721594999769877
8.945820999542775
7.878798999627179
9.023573999911605
8.243680999839853
8.557549999750336
8.45377599944186
8.514278999427916
9.018923999974504
9.27235200015275
8.635132000563317
8.652272000290395
8.747505999963323
8.83148900084052
9.343563000584254
8.824128000014753
8.707473999493232
8.775595999395591
9.301385000071605
9.002051000607025
9.261750999939977
8.754015999329567
8.470957000099588
8.261130999926536
9.072025000023132
8.77843699981895
8.411965000050259
8.338772999195498
8.593970999754674
8.463277000373637
9.110226999837323
9.69871500001318
8.467197000754823
8.607732000200485
8.77771599971311
8.651812999232789
8.64297299995087
8.914930000173626
9.531259999675967
9.014213999762433
9.27703199977259
10.764196999843989
9.30940299986105
9.922731000187923
9.944022000127006
9.434457000679686
10.063655999147159
10.23954100037372
10.411256999759644
10.678514000574069
10.36523400034639
10.949823000373726
10.327164999580418
13.930522999544337
12.242161999893142
11.860057999911078
11.23429400013265
11.800799000411644
11.680337000143481
12.04173600035574
11.685667000165267
11.71023300048546
10.439507000228332
11.621510000622948
8.790467999460816
8.395374999963678
8.465206999971997
8.444206000604026
10.021824999967066
8.472006999909354
8.663712999805284
8.644002999972145
8.781866000390437
8.866660000421689
9.442937000130769
8.660253000016382
8.897350000552251
9.461998000006133
8.504188999722828
9.595442000318144
11.148398999466735
10.832768999534892
11.090406999755942
10.966914000164252
11.833278999802133
10.262851999868872
11.061145999519795
10.755676999906427
11.233510999772989
11.861152999699698
10.880941000323219
11.20697099941026
8.369103999939398
8.405986000070698
9.143027999925835
8.495807999679528
8.74979499985784
9.341304000372475
8.388424999793642
9.110267000323802
8.08519600013824
9.77397699989524
8.904661000087799
9.30406400038919
9.368113999698835
9.504228999503539
9.494427999925392
9.439517000828346
10.006694000367133
9.588611999788554
9.664684000199486
10.70061500013253
9.956252000847599
10.943322999992233
11.397650999242614
11.278557999503391
12.742027000058442
11.914020999938657
11.549040999852878
11.1484590006512
10.282287999871187
11.394737000046007
10.891712000557163
9.958222000022943
11.417786000492924
9.611962000235508
8.890341000551416
8.269871000265994
8.305241999551072
8.624660999885236
9.010694000608055
7.78825700035668
9.623261999877286
8.30823300020711
8.590761000050406
9.01043399971968
8.551870000701456
8.599520999268861
9.929392000231019
8.672033000038937
8.823658000437717
9.07403500059445
8.679603000018687
8.460046999971382
8.82621900018421
9.081825000066601
8.542669000235037
9.08136599991849
8.60984099927009
9.375675000228512
9.95363299989549
9.950411999852804
8.99249400026747
8.969261999482114
8.649722999507503
9.020667000186222
9.117517000049702
8.573080999667582
8.298691999698349
8.987582999907318
9.122057000240602
9.178687999337853
8.94846199935273
10.38058100039052
10.815200999786612
10.332533000109834
11.741175999304687
9.869549999166338
10.61468199986848
11.554663999959303
10.709416000281635
12.37997800035373
11.148330999276368
11.362972999449994
10.602694999761297
11.636622999503743
9.275032000005012
8.992513000521285
8.311671999763348
8.133037000334298
8.480856999995012
9.127907999754825
9.100638999370858
9.300521999648481
8.794198000032338
8.579950999774155
8.890131000043766
8.986122999885993
9.411295000063546
8.799287000329059
8.466246999887517
8.571833000132756
8.280541000203812
9.038834999955725
8.514899000147125
8.585319999838248
8.177398000043468
8.523808999598259
8.527527999831364
9.58530099978816
8.701493999978993
8.718133999536803
8.67441299942584
8.357044000149472
9.423116999641934
9.03211500008183
9.552030000122613
9.620602999348193
9.369225000227743
9.313643000496086
9.188238999740861
8.543379999537137
8.495498000229418
8.35976300004404
8.27771100011887
8.434626000052958
8.386205000533664
8.550089999516786
8.27799199942092
8.622241000011854
8.263271000032546
9.702054999252141
8.486738000101468
8.601892000115186
9.107036999921547
8.870978999766521
8.45830699927319
9.024884000609745
8.863729000040621
10.001884000303107
10.541951999584853
10.42201399923215
11.150248999911128
10.677219000172045
11.462251999546424
12.299025999709556
11.23696100057714
10.704925000027288
10.332483000638604
12.170918999800051
10.141697999642929
11.375205000149435
8.852128000398807
8.620071999757783
8.207828999729827
8.203109000533004
8.330093000040506
8.575011000175436
7.5951709995933925
8.764046999203856
9.019414000249526
8.724164999875939
9.114177000810741
8.465387000796909
8.669883999573358
8.91067100019427
8.566550000068673
10.350343999562028
10.963552999783133
11.72274600048695
10.885212999710348
10.901091000050656
10.829708000528626
10.446665999552351
12.142466000113927
10.757795999779773
10.424875999888172
10.692595000364236
10.13420299932477
11.789029000283335
9.626663000744884
8.803427000202646
8.242100000643404
8.652893000544282
8.4411870002441
8.997824000289256
8.922211000026437
9.393584999997984
8.649762999993982
8.185627999409917
8.808737999970617
8.60193199969217
8.942671999648155
8.774716000516491
8.539768999980879
8.72314499974891
8.398715000112134
8.627211999737483
8.47465800052305
8.608900999206526
8.686484000463679
9.189909000269836
8.616831999461283
9.696977000203333
9.044553999956406
8.719055000256049
8.418865999374248
8.577321000302618
8.867879999343131
8.917840999856708
8.787869000116189
11.025634999896283
11.297496000224783
10.916201999862096
11.46755799982202
11.5899319998789
10.837179999725777
11.100258000624308
11.3546740003585
11.373975000424252
11.08172700060095
11.462267999377218
11.620103000495874
10.225600000012491
9.058784999979252
7.794797999849834
8.790047000729828
8.606412000517594
8.42583600024227
8.66863499959436
8.828748000269115
8.67918399944756
8.941492000303697
8.392841000386397
8.823887999824365
8.888150000530004
9.476087999246374
8.539859000848082
9.050325000316661
9.144507000200974
9.116047000134131
8.991093000076944
8.529468999768142
9.00694400024804
8.470818000205327
8.351774000402656
8.448477000456478
8.432805999291304
8.515198999702989
8.635133000097994
8.750635000069451
7.623041999977431
9.15838899982191
7.577205000416143
8.236960000431282
9.07116100006533
8.828411000649794
9.22279000042181
9.740916000737343
8.657913000206463
8.716235000065353
8.67181299963704
10.522130000026664
11.548833999768249
9.460340000259748
11.475436000182526
11.3361369994891
11.073347000092326
10.780757999782509
11.489639000501484
10.666432999641984
12.098303000129818
10.155494000173348
11.651134000203456
10.016274999543384
8.793166000032215
9.382995000123628
8.962513000369654
8.638282999527291
8.798856999419513
8.691074000125809
9.129717999712739
8.486847000312991
8.695343999534089
8.598091999374446
8.597361000283854
8.744454999941809
8.969363000687736
8.241789999374305
8.381255000131205
8.336093999787408
8.469647000310943
9.140367000327387
8.500079000441474
8.943232000092394
8.67014300001756
9.240071000021999
8.394075000069279
9.450028000173916
8.579850000387523
8.391074999963166
8.217001000048185
8.782359000178985
8.745566000470717
9.283432999836805
8.589340999606065
8.97428200005379
8.627952000097139
8.599091000178305
8.478587999888987
8.708213999852887
8.622411000033026
8.569501000238233
8.44114699975762
8.457676000034553
8.658882999952766
9.005554000395932
8.47501799944439
8.639792999929341
8.61598099982075
8.52053899961902
9.401797999998962
8.531550000043353
9.02075399972091
9.544399999867892
7.996903000275779
8.470886999930372
9.37424500079942
10.291161999703036
10.343033999561158
11.480508000204281
10.398284999610041
10.872660000131873
9.815077999519417
10.844800000086252
10.918120999122038
11.017384999831847
10.539369999605697
10.904532000495237
10.580129000118177
9.660965999501059
8.953178999945521
8.676305999870237
8.546809000108624
8.49797800037777
8.365873999537143
8.576030000767787
9.172247999231331
9.012334000544797
8.4243660003267
9.107257000323443
9.031274000335543
8.98640300056286
8.736505999877409
9.133517999543983
8.581160000176169
8.690594000654528
8.726726000531926
8.216459999857761
8.649612999761302
9.037894000357483
8.696573999259272
8.438406999630388
8.454735999293916
8.87970999974641
8.466428000247106
8.49223799923493
8.520248999957403
8.818428000267886
8.932929999900807
9.157098000287078
8.822327999951085
8.465416999570152
8.385554999222222
8.345632999407826
8.613920999778202
8.863119000125153
8.439056000497658
8.453036999526375
8.63864300026762
8.600320999903488
8.935251000366407
9.29564299985941
8.777146999818797
8.6474529998668
8.386313999835693
8.450885999991442
8.94381199941563
8.540849999917555
10.42968700039637
8.451259000139544
8.525059000021429
9.014614000079746
8.364123000319523
8.771535999585467
8.47760700071376
8.334813000146823
8.393926000280771
8.367573999748856
8.816958000352315
8.241080000516376
8.591431000240846
8.593501000177639
9.300525000071502
8.789407999756804
8.718813999621489
8.771365999564296
8.30823300020711
8.461778000310005
8.76580699969054
9.43379599993932
9.003893999761203
8.361584000340372
8.839588999762782
8.588050999605912
8.537109000826604
9.10304700028064
9.049324999978126
9.200389999932668
8.847518999573367
8.579429999372223
9.090815000490693
10.04178499988484
8.355553999535914
8.57047999943461
9.019594000164943
8.712754000043788
9.102416000132507
8.35394399928191
8.59216099979676
8.624552000583208
8.524539000063669
8.602570999755699
8.528748999196978
8.597961000305077
8.60404099967127
8.711254999980156
8.790596999460831
8.807817000160867
8.384095000110392
8.41019499966933
8.652333000100043
8.89550300053088
8.702754999831086
8.489167999869096
9.109085999625677
8.320683999954781
9.249861000171222
8.733024999855843
7.690663999710523
8.670762999827275
8.643543000289355
8.64218299921049
9.00107300003583
9.504079000180354
8.268131000477297
8.428275999904145
8.25242100017931
8.284231999823533
8.237071000621654
8.321923000039533
8.837418000439357
8.821408000585507
8.574581000175385
10.208910999608634
8.819798000331502
8.930151000640763
8.213020000766846
8.370794999791542
8.360804000403732
8.46794700009923
8.277842000097735
8.415965000494907
8.592780999606475
9.196419000545575
8.935351999753038
8.729225000024599
8.700964000126987
8.548490000066522
8.214329999645997
8.421525999438018
8.346204000190482
8.805699999356875
8.369893999770284
9.183858000142209
8.166227999936382
8.471398000438057
9.072904999811726
9.046434000083536
9.398156000315794
8.882510000148613
8.582770000430173
8.1842579993463
8.90405100017233
8.709243999874161
9.013203999529651
8.988362999843957
8.57214000006934
8.958532999713498
8.334853000633302
9.041575000082958
8.66491299984773
8.463182999548735
13.284343000123044
8.313592999911634
8.163549000528292
8.511689000442857
8.28999199984537
8.396264999646519
8.326041999680456
8.708534999641415
8.523741999852064
8.375913999771
8.402974999626167
9.04529499985074
8.650853000290226
8.714325000255485
8.70505399961985
8.467316999485774
9.146567999778199
8.471987000120862
9.880930000690569
8.574489999773505
9.006354000121064
8.331693000400264
8.875208999597817
8.442256999842357
8.857758999511134
8.713614999578567
8.565900000576221
8.691173999977764
8.868179000273813
8.62630200026615
8.506909000061569
8.485817999826395
8.70774499981053
8.298042000205896
9.239340999556589
8.296731999507756
8.506148999913421
8.676423999531835
7.900220000010449
8.979502999864053
8.961922999333183
8.986133000689733
9.031065000272065
9.916771000462177
8.579151000049023
8.823887999824365
8.467517000099178
8.407715999965149
8.801146999758203
8.304761999170296
7.300451000446628
8.572789999561792
9.30638300087594
8.77354599924729
8.888930000466644
8.592800999394967
8.970832000159135
8.753586000239011
9.114667000176269
8.437945999503427
8.595601999331848
8.411485000578978
8.615302000180236
8.722184999896854
8.740795999983675
8.485987999847566
9.225771000274108
9.298412000134704
8.565379999708966
8.687303999977303
8.799026999440684
8.640772000035213
8.28788099988742
8.127946999593405
8.41343499996583
8.403905000704981
8.37716400019417
8.433275999777834
7.325012999899627
8.622412000477198
8.25889299994742
8.92850099990028
9.444706999602204
8.565539999835892
8.728515000257175
8.583079999880283
8.412744999986899
8.612622000327974
8.404104999499395
8.699783999873034
8.763155999986338
8.419955999670492
8.468156999697385
8.794956999736314
7.635762000063551
8.747926000069128
8.574931000111974
9.3209829992702
8.776796999882208
9.184177999486565
8.430156000031275
8.665813999868988
9.56877099997655
8.745266000005358
9.240360999683617
8.549809999749414
10.113937999449263
8.613031000095361
9.159748000456602
8.83103799969831
8.93425100002787
9.836937999352813
8.62661199971626
9.03674500023044
8.390075000534125
8.297691999359813
8.796317999440362
8.820428000035463
8.41513599971222
8.36135400004423
8.255480000116222
8.303792000333488
8.84655899972131
9.083785999791871
8.720425000319665
8.188789000087127
8.318572999996832
9.291372000006959
8.72311599960085
9.562400000504567
9.12683700062189
8.534108999810996
8.543439999812108
8.194827999432164
8.592791000410216
8.484838000185846
8.615551000730193
8.746385000449663
8.558940000511939
8.536188999642036
8.234209999500308
8.714644999599841
10.390385999926366
8.117137000226649
8.9718819999689
8.779517000220949
9.107879999646684
8.50884900046367
8.611401000052865
8.255521000137378
8.451777000118454
8.721373999833304
8.703755000169622
8.372343999326404
8.856218999426346
8.75046500004828
8.45261699942057
8.41545599996607
8.487228999911167
8.578320999731659
8.405835999838018
8.587810999415524
9.405365000020538
8.628632000181824
8.824858000480162
8.422675000474555
8.462466999844764
8.76461699954234
8.647141999972519
8.46696700045868
8.83737900039705
8.56613100040704
8.796748000349908
8.20087899955979
8.70145400040201
8.383594000406447
9.367704999931448
9.123177000219584
8.450676000393287
8.408366000367096
9.904240000651043
8.590091000769462
8.672474000377406
8.909410000342177
8.498518000124022
8.36313399940991
8.577009999498841
8.463787999971828
9.750276999511698
8.729305999622738
8.697704000041995
8.5193889999573
8.535418999599642
8.402135999858729
8.805446999758715
8.654922999994596
8.80153700018127
8.934462000070198
8.22764999975334
9.329983000498032
9.007943000142404
8.73601500006771
9.136098000453785
9.058425000148418
8.682704000420927
8.35843400000158
7.81686800019088
8.984312999928079
9.205800000017916
9.140936999756377
8.68711400016764
8.531048999429913
9.054276000824757
7.55647199912346
9.184769000057713
9.472118000303453
8.868220000294968
8.630121999885887
9.802956999919843
8.970683000370627
8.8847099996201
9.374285000376403
8.739685000364261
9.667362999607576
9.019584000270697
9.757195999554824
9.36096399982489
10.27606299976469
10.506851999707578
11.051526000301237
10.434179999720072
10.037783999905514
9.717554999951972
10.611161999804608
10.169289000259596
11.524309999913385
9.679434999270597
10.417856999993091
9.858888999588089
9.11470599930908
9.848968999904173
9.8511790001794
10.659893000593001
11.176668999723915
10.60711199988873
10.8332790005079
10.625732999869797
10.340013999666553
12.184149999484362
10.681213999305328
11.725796000064292
10.00508700053615
10.62431300033495
10.872490000110702
10.241190999295213
11.388986000383738
10.64026299991383
11.052716000449436
10.369955999522062
10.332122999898274
10.441747000186297
10.333362999517703
10.2625720001015
10.2790119999554
10.309162999874388
11.287632999483321
10.486727999705181
10.152979000849882
10.41849600005662
10.074206000354025
10.466507999808528
10.470287000316603
10.120697000274959
10.5704039997363
11.524260999976832
10.772708000331477
11.110606999864103
10.27887300006114
10.330793999855814
10.501128999749199
10.751647000688536
12.1489590001147
11.796808000326564
10.207082999841077
10.258191000502848
10.00670400026138
10.898970999733137
9.912921000250208
10.079766999297135
11.165329000505153
10.02068399975542
10.433747000206495
10.494668999854184
10.989804000018921
10.764586999357562
9.789646999706747
9.56481100001838
10.291063000295253
10.566871000264655
10.73423600064416
10.445236999657936
11.23290099985752
9.88384100037365
10.646273000020301
10.922251000010874
10.368724999352708
9.977333000279032
11.523080000188202
9.728085999995528
10.249181000290264
9.70923499971832
10.351334000006318
10.045165000519773
10.653463000380725
10.636112999236502
10.122267000042484
10.37052500032587
10.645233000104781
11.024104999705742
10.862853000617179
10.149789000024612
10.445496999636816
10.642213000210177
10.242811000352958
10.571669999990263
11.384314999304479
10.02765500015812
10.357264000049327
10.818598000696511
11.301624000225274
10.574340999482956
10.245450999718742
9.400125999491138
10.36654599920439
10.295332999703533
10.271062000356324
10.696634999476373
10.403945999314601
9.701474999928905
10.361663999901793
10.516619000554783
10.831018999851949
10.344393999730528
10.194369999226183
10.04794500022399
10.20446999973501
10.212590999799431
10.126397000021825
10.453347999828111
10.372705000008864
10.060984999654465
10.304793000614154
11.796268000580312
9.908441000334278
10.377165000136301
10.266070999932708
10.914382000009937
10.600992000036058
10.906301000431995
10.291011999470356
9.983543000089412
11.015625000254659
11.34351400014566
10.39653600037127
9.558941000250343
10.63474300008238
10.600501999761036
9.47220699981699
9.8894709999513
9.519279999949504
10.260211999593594
10.229350000372506
9.537608999380609
10.015765000389365
9.924891000082425
10.255012000015995
10.07681600003707
10.592941999675531
10.344603999328683
10.723936000431422
10.743666000053054
11.189739000656118
10.71280599990132
10.13889800015022
10.277482999299536
11.10913799948321
11.323574000016379
10.623133000080998
10.921653999503178
9.308454999882088
10.266051000144216
9.709456000564387
9.54914900012227
9.967003000383556
10.766657999738527
11.012445999767806
10.045584999716084
9.90644000012253
10.473068000464991
9.945062000042526
10.420747000353003
9.90982100029214
10.480967000148667
9.874829999716894
10.757165999166318
10.335693999877549
9.855609999249282
9.461648000069545
10.102226999151753
10.004054999626533
10.43201699940255
9.953223000593425
10.988193999764917
11.276213000201096
11.83544899959088
10.979603999658138
10.075686000163842
9.722646000227542
9.397994999744697
10.558850999586866
10.450017000039225
10.387876999629952
10.11203799953364
10.377995000453666
10.929662999842549
10.98626300063188
10.112737999406818
9.727315999953134
9.927072999744269
10.575532000075327
10.742426000433625
10.014864000368107
10.034496000116633
10.198338999543921
9.986363000280107
10.203339999861782
11.653783999463485
10.13375700040342
10.00614399981714
10.413897000034922
10.629823000272154
10.53107000007003
9.550380000291625
9.584240999174654
10.980193000250438
10.260482000376214
10.578420999991067
10.43601800029137
9.81463799962512
10.82765799947083
10.678094000468263
10.423475999232323
10.76642600037303
10.163529000237759
10.520109000026423
11.44909800041205
10.228360999462893
11.122046999844315
10.448283000187075
11.498159999973723
10.20747999973537
10.168809000788315
10.215350999715156
10.09767599953193
9.805827000491263
9.81758899979468
9.236010000677197
10.1461880003626
9.249341000213462
11.286535000181175
10.713407000366715
10.507189999771072
10.260242000185826
10.675823999918066
10.952973000712518
11.453907000031904
10.24148100077582
10.475878999386623
10.8385889998317
9.511577999546716
9.580031000041345
10.09380699997564
9.720545000163838
11.35250500010443
9.943361999830813
10.0072530003672
9.992952999709814
9.958702999938396
10.32542399934755
11.581212000237429
10.349965000386874
11.095577000560297
10.367315000621602
10.525259999667469
10.01276399983908
9.499108999989403
10.28012300048431
11.235920999752125
9.80456800061802
10.59245199940051
10.539829999288486
9.878190000563336
10.682414000257268
11.116896999737946
10.394925999207771
10.126047000085237
9.270692000427516
10.887971000556718
9.899120000227413
10.185498999817355
9.6418929997526
10.763956999653601
10.087127000588225
10.839839999789547
10.105646999363671
10.480148999704397
9.898620000058145
10.538240000641963
10.233824999886565
9.794757000236132
10.095456999806629
9.6364730006826
10.655433000465564
9.745205999934115
9.424966000551649
9.97034200008784
10.601081999993767
11.004014000718598
9.949531999154715
10.885970999879646
9.771336999619962
9.794577999855392
10.694834000787523
10.702936000598129
11.108287999377353
10.203769999861834
9.67465300072945
10.402386000350816
9.841498999776377
10.462387999723433
10.435537999910593
10.34962399990036
10.357074000239663
8.939790999647812
9.826808999605419
9.876099999928556
10.464146999765944
9.83428899962746
9.838568999839481
10.084335999636096
9.479518000262033
10.84332899972651
10.627292999743077
10.097915999722318
10.338279999814404
9.226160000253003
9.406576000401401
9.165648999442055
10.839479999958712
9.834769000008237
10.338306000448938
10.478229000000283
10.943971999950008
11.150078999889956
9.886879999612574
11.341395000272314
10.736858999734977
10.464197999681346
9.898461000375391
8.668643999953929
8.822868000606832
9.917805999975826
10.059485000056156
9.815618000175164
10.13221799985331
11.233941000682535
10.224020999885397
10.247231999528594
10.05441500001325
10.472758000105387
11.026555000171356
9.936972000105015
10.191029999987222
11.983993999820086
10.427137000078801
10.118627000338165
9.75769699925877
10.289953000210517
9.67970400051854
10.087297000609396
9.993263999604096
11.133859999972628
10.410916999717301
10.40409599954728
10.021033999692008
10.547751000558492
10.67295400025614
11.514119999446848
10.800527999890619
10.677024999495188
10.531019999689306
10.677305000172055
9.71617499999411
10.73193599950173
9.811128000364988
12.200420999761263
10.236180999527278
10.449256999891077
9.353434999866295
10.310972999832302
9.197839999615098
9.9190009996164
10.467528999470233
9.397834999617771
9.937702999195608
10.336262999771861
10.080628000650904
10.296342999936314
9.95265300025494
10.370134000368125
10.609011999804352
10.383964000538981
10.207740000623744
9.932551999554562
10.579430999314354
10.780278000311228
9.88181100001384
10.974075999911292
10.108367000611906
9.738085999742907
9.8108880001746
10.08828599970002
10.209488999862515
10.432696999487234
10.09094599976379
9.789658000045165
9.644533000027877
9.940871999788214
10.572750999926939
10.891040999922552
10.730416999649606
10.833149000063713
9.664962999522686
10.734336000496114
10.748647000582423
10.97888399999647
10.68283499989775
10.875339999984135
11.058506999688689
10.66240399995877
10.842110000339744
9.676104999925883
9.65343300049426
10.4672080005912
9.587311000359477
9.963722999600577
9.908082000038121
10.849090000192518
10.238022000521596
10.182928000176616
10.521139999582374
10.271941999235423
10.694485000385612
10.193310000431666
10.779407999507384
10.037074999672768
10.033384999587724
10.492149000128848
10.190990000410238
11.221101000046474
10.443387000123039
10.17890000002808
10.803447999933269
9.587661999830743
9.972632999961206
10.090096000567428
10.361254999224911
9.54249999995227
10.829558999830624
10.548950000156765
10.845540000445908
10.87831999939226
10.5943609996757
10.91524200001004
10.050136000245402
9.974612999940291
11.558872999557934
11.102579000180413
11.12718800050061
11.247731000366912
9.533819999887783
10.444538000228931
9.544579000248632
10.063336000712297
9.844748999967123
10.6098819996987
9.772295999937342
10.391375999461161
10.140407000108098
9.76076999995712
9.818219000408135
10.276031000103103
10.805158000039228
10.526799999752257
10.951653000120132
10.200579999946058
10.618402000545757
10.276832999807084
10.713546000260976
10.785829999804264
10.059575000013865
11.21711999985564
10.831008999957703
10.517688999243546
10.313354000572872
9.535040000628214
10.053105999759282
10.200169000199821
10.419957000522118
10.40508599999157
10.335003999898618
10.328583999580587
10.47201799974573
9.950921999916318
10.657013000127336
10.107957000400347
9.791498000595311
9.298181999838562
9.744725999553339
10.16267799968773
9.767709000698233
10.921521999989636
10.40271500005474
10.054145000140124
9.593961000064155
10.292422000020451
10.626442000102543
10.582762999547413
10.589622000225063
10.280923000209441
11.461689000498154
10.910881000199879
10.154188000342401
10.666094000043813
10.797228000228642
10.613442999783729
10.25636200029112
10.214330000053451
9.98558400078764
10.805668000102742
10.495288999663899
10.821109000062279
10.120146999724966
10.709196000789234
10.531369999625895
9.892920999845956
9.427506000065478
11.094636999587237
10.686544999771286
10.550760999649356
10.190680000050634
10.504098999263078
10.159558999475848
10.60333300029015
10.762017000160995
9.940741999344027
10.495147999790788
9.235330999217695
10.341154000343522
9.761475999766844
10.082327000418445
10.749765999207739
10.142458000700572
10.808668000208854
10.842269000022497
10.819758999787155
9.58566100052849
10.198510000009264
10.174099000323622
10.73193599950173
10.05735599937907
10.331573000257777
9.75854700027412
10.049886000160768
10.356974999922386
10.544169999775477
10.21156000024348
10.291071999745327
10.212950000095589
10.56405100007396
9.755436999512312
10.70340599926567
9.740086000419979
10.130867000043509
9.988562999751593
10.92844199956744
10.516049999750976
10.218770000392396
10.484809000445239
10.300152999661805
10.585271999843826
10.329554000236385
10.512808999919798
11.061875999985205
11.486177999358915
10.265392000292195
11.18265200057067
9.881500000119559
9.554460999424919
10.41029600037291
11.218351000024995
10.430747000100382
10.288282999681542
9.997403999477683
10.47745899995789
9.895639999740524
10.038625000561296
10.420286000226042
10.15357899996161
10.43139700050233
10.446938000313821
10.087966000355664
9.660424000685452
9.819808999964152
10.376326000368863
12.195440000141389
10.34444499964593
10.267571999975189
10.306173000572016
10.505772000215075
9.53451999976096
9.97621300030005
10.15635800013115
9.73530600003869
9.67229399975622
10.917202000200632
10.816448999321437
9.992324000450026
9.795637000024726
8.434759000010672
9.680313999524515
9.237201000360074
8.385224000448943
9.102086999519088
9.114615999351372
8.961061999798403
8.754395999858389
8.285310999781359
8.075005000137025
8.98093300020264
8.241049999924144
8.669183000165503
9.105185999942478
8.443427000202064
8.449606999420212
7.957061000524845
8.972031999292085
8.332692999829305
8.375604999855568
8.958412000538374
8.537439000065206
8.253801000137173
8.754616000260285
8.366623999791045
8.680443000230298
9.121197999775177
7.992913000634871
8.623540999906254
8.676143999764463
9.298402999775135
9.801008000067668
8.52256899997883
8.264971000244259
8.63020199994935
8.606311000221467
8.915091000744724
8.243131000199355
8.981573000710341
8.985872999801359
8.51124900054856
9.817618000852235
8.392243999878701
8.718585999304196
8.569489999899815
8.991554000203905
8.43230600003153
8.635721999780799
8.571219999794266
8.552209999834304
8.3997649999219
8.627172000160499
8.673373000419815
8.602611000242177
8.755318999646988
8.264181000413373
8.506809000209614
8.540769000319415
8.837788000164437
8.232119999775023
8.442596000350022
8.401025000239315
8.596480999585765
8.548759999939648
8.918100999835588
8.429245999650448
9.673323999777494
8.230689999436436
8.196368999961123
8.15437799974461
8.382753999285342
8.37234500068007
8.961951999481244
8.187409000129264
8.376363999559544
8.203899999898567
8.366023999769823
8.26655099990603
9.094905999518232
8.633212999484385
8.404214999245596
8.613232000243443
8.346333000190498
8.72777499989752
8.78812700011622
8.9169810007661
9.125746999416151
9.492918000432837
9.08191500002431
9.191219000058481
9.437016999982006
8.497329000419995
9.396886000104132
8.545442000468029
8.850999000060256
9.320835999460542
9.776446999239852
9.93759199991473
10.359575999245862
8.579661000112537
10.676093999791192
11.19509999989532
11.08256000043184
11.24099800017575
11.633610999524535
12.212111000735604
10.64447399949131
10.609013000248524
11.264591999861295
10.215160000370815
9.124119000261999
8.655492999423586
9.370976999889535
9.000010999443475
9.456027999476646
9.209029999510676
8.843208999678609
8.624291999694833
8.6028340001576
9.740726000018185
11.758567000470066
10.676106000573782
9.617482000066957
8.51776899980905
8.791847000793496
9.261840999897686
9.274132000427926
9.513418000096863
8.521888999894145
8.374697999897762
9.090436000406044
8.921860999180353
9.990233999815246
9.34642399988661
8.89174100029777
8.687393999935011
8.346434000486624
8.331512999575352
8.821367999189533
8.522328999788442
8.512119000442908
8.605171000453993
8.453537000605138
8.597091000410728
8.967935000327998
8.536669999557489
9.109867000006489
8.518608000485983
8.703284000148415
8.894689999578986
8.426856000369298
8.631362999949488
8.424055000432418
8.691424000062398
8.493257999361958
7.89370999973471
8.585811000557442
8.534239000255184
8.545140000023821
8.686913999554235
8.285492000140948
8.15843800046423
8.268860999123717
8.959732999755943
9.451126999920234
9.086105999813299
8.375717000490113
8.553099999517144
8.32880199959618
8.962132999840833
9.024263999890536
9.685704000730766
9.14503700005298
9.027164000144694
9.614661999876262
9.102336999603722
9.453116999793565
9.45919799960393
10.414817000309995
8.993113000542508
9.990376000132528
9.3905130006533
9.673352999925555
8.838128999741457
8.931411000048683
8.685114000400063
8.945452000261866
8.186707999811915
8.087514999715495
8.595610999691417
8.931272000154422
8.110007000141195
8.49472799927753
10.204410000369535
8.652233000248089
8.7065050001911
9.855848999904993
9.086316000320949
8.786816999418079
8.363713999642641
8.771286000410328
8.365953999600606
9.063196000170137
8.560950000173762
9.172228999887011
9.369974000037473
10.102919000019028
9.339053999610769
9.34663400039426
8.917531000406598
8.683924000251864
9.91617099953146
9.407056000782177
9.243182000318484
9.773017000043183
9.293961999901512
9.654382999542577
8.666054000059376
10.282942000230832
9.608731999833253
10.83540899981017
10.166418999688176
10.912872000517382
10.045314999842958
9.124547999817878
9.203810000144586
9.981672999856528
10.57162100005371
10.724656000093091
10.81006900039938
10.959273000480607
10.118068000338098
9.92773199959629
9.861228999398008
10.024125000200002
10.40743600060523
11.282911999842327
10.592002000521461
10.930681999525405
10.792468000545341
10.109486999681394
10.002204000556958
9.844137999607483
8.65296599931753
8.116386999972747
8.553589999792166
8.765036000113469
9.69281499965291
10.031494000031671
9.564301000864361
10.583352000139712
9.50293900041288
10.401935999652778
9.916931000589102
9.65258599990193
10.442397000588244
10.794888000418723
10.318492999431328
10.788850999233546
11.09777799956646
9.845499000221025
10.347323999667424
10.654303000592336
10.385165000116103
11.209713000425836
10.695734999899287
9.700074999273056
10.497508999833371
10.342585000216786
10.621973000525031
10.156538999581244
9.99242400030198
9.937212000295403
9.418036000170105
10.414297000352235
10.06847599910543
11.868852999214141
11.719715999788605
11.0361950000879
11.206883000340895
11.338501999489381
10.457897999913257
9.625201999369892
11.407446999328386
12.087257000530371
11.757007000596786
11.96387300024071
10.577951000414032
12.102357000003394
12.013664999358298
13.150490000043646
13.225972999862279
13.491869999597839
9.750299000188534
10.265001999869128
9.888790000331937
8.800997999969695
10.673814000256243
10.255392000544816
8.702326999809884
8.442158999969251
8.888491000107024
8.868689000337326
8.696304999830318
8.36308399993868
8.26775100085797
8.921992000068713
9.103315999709594
8.574370999667735
9.892670999761322
10.18454200038832
9.697454999695765
9.352363999823865
8.629472999928112
9.187128999656125
9.544139999889012
8.957333000580547
8.422305999374657
8.713964999515156
9.577921000527567
8.695604000422463
9.7045739994428
8.584301000155392
7.605361000059929
8.543270000700431
8.6012120000305
7.577510000373877
8.369944000151008
8.880049999788753
8.78372599981958
8.681713999976637
8.45805599965388
8.573560999138863
8.932862000619934
8.783346999734931
9.867469000710116
9.313982999628934
9.533700000247336
9.31006199971307
9.649483000430337
10.103117000653583
10.473237999576668
10.404717000710662
9.484897999755049
10.493078999388672
10.481207999873732
10.557309999967401
10.795508999763115
10.388294999756909
10.251262000565475
10.262951999720826
9.951912999895285
10.628691999954754
9.938672000316728
10.790817999804858
10.296161999576725
10.924101000455266
10.796546999699785
10.474087999682524
10.94491299954825
11.089126000115357
11.644192999483494
12.479078999604098
10.7215059997543
10.171259999879112
10.20315000005212
10.855349999474129
10.133337999832293
11.566341000616376
9.918800999912492
9.980752999581455
9.812217999751738
10.897480000494397
9.880200000225159
10.102796999490238
10.88966099996469
9.569531000124698
10.042605000307958
10.251411000353983
10.412437000013597
11.497909999889089
10.860950000278535
10.553700999480498
9.596302000318246
10.421547000078135
10.54634999945847
10.538528999859409
10.909360999903583
11.532010999872
10.544650000156253
10.45199700001831
9.49821799986239
10.38341500043316
10.110427000654454
9.84423899990361
10.690305000025546
9.285711999837076
9.078435999981593
9.480058000008285
8.944692999648396
8.55938899985631
8.966493000116316
8.396025000365626
8.43574600003194
8.998784000141313
8.854228999553015
8.267094000075303
8.336373000020103
8.476750999761862
8.75571599954128
8.445337000011932
8.055105000494223
8.250760000009905
8.475796999846352
8.966331999545218
8.547700000235636
8.373986999686167
8.545278999918082
8.732084999792278
8.348254000338784
8.219379000365734
8.977987999969628
8.182169000065187
9.247469999536406
8.324583000103303
8.761126000536024
8.884348999345093
9.753837000062049
10.80888800061075
9.174127999358461
9.171319000415679
9.145788000751054
9.511508999821672
8.337572999153053
8.467128000120283
8.767526000156067
8.569440999963263
9.374424999805342
9.76563000040187
8.405954999943788
8.84696899993287
8.823979000226245
8.54363899998134
7.72712500020134
8.881519999704324
8.425756000178808
8.912840999983018
9.313723000559548
9.17683800071245
8.709384999747272
8.765706999838585
8.282761000373284
9.282322000217391
10.182529000303475
9.08560599964403
10.72188800026197
9.113906999118626
8.525277999979153
8.613781000349263
8.70517400016979
8.086445999651914
9.304323000833392
8.827968000332476
8.27575200037245
8.207720000427798
9.222339999723772
8.195038999474491
8.699904999957653
9.263281000130519
9.471587999541953
8.519048999914958
9.966892999727861
8.68419400012499
9.070145000805496
8.425926999734656
8.635672999844246
8.577839999816206
8.784616999946593
8.760106000408996
8.836838000206626
8.754135999879509
9.446297000067716
8.577931000218086
8.586511000430619
8.12901800054533
8.391274999667075
8.25038999937533
8.822318000056839
8.743505000893492
8.547240000552847
8.884900000339258
9.703585999886855
8.71141399966291
8.698175000063202
8.767717000409903
8.346623999386793
8.326803000272776
9.233550000317337
8.786786999735341
8.651363999888417
8.908249999876716
8.97006200011674
7.9896130000634
8.69766400046501
8.885780000127852
8.47398800033261
9.620403000553779
8.910389999982726
10.005684000134352
9.147849000328279
10.639203000209818
9.99470399983693
9.778606000509171
9.566411000378139
9.452627999962715
10.10950700037938
10.026224999819533
9.912390999488707
11.796728999797779
9.928792000209796
10.560552000242751
10.346254999603843
11.25581299947953
10.218829999757872
9.706304999781423
10.252511999169656
10.442127000715118
23.319218000324327
8.808696999949461
9.773056999620167
9.532510000099137
10.570701000688132
10.250330999951984
11.025735000657733
9.239701000296918
10.194189999310765
9.96693300021434
10.03465500070888
10.590551999484887
10.149638999791932
9.979212999496667
10.273922000124003
10.725534999437514
10.965343999487231
10.745497000243631
9.975664000194229
10.776627999803168
11.177938999935577
11.474238999653608
10.270071999912034
10.978779000652139
16.8274810002913
10.007773999859637
9.82880900028249
10.664245000043593
10.289631999512494
11.16870999976527
10.345054000026721
10.037584999736282
10.588441000436433
10.231921000013244
10.03042499996809
11.073216000113462
10.002845000599336
9.9502550001489
10.27040200006013
9.941680999872915
10.477298000296287
10.251161000269349
10.14765800027817
10.436706999826129
10.34847500068281
11.495568999634997
11.750478000067233
10.832238999682886
10.347233999709715
10.078426000291074
10.51829900006851
9.52952900024684
9.580591000485583
10.871989999941434
9.96635299998161
10.84511899989593
10.183889000472846
10.97090399980516
10.660213999472035
10.792017999847303
9.912999999869498
9.926280999934534
10.505508999813173
10.13779999993858
10.07394599946565
11.719795999852067
9.596433999831788
10.6748839998545
10.064155000691244
10.21087000026455
10.057145000246237
10.32612299968605
10.202039999967383
10.40740700045717
10.256841000227723
10.567680999884033
9.492338000200107
10.339383999962592
9.983853999983694
11.163498999849253
10.63431300008233
11.267281999607803
10.8454500004882
11.003984000126366
10.64726300046459
10.258682000312547
10.583071999462845
10.582660999716609
10.097497000060685
9.669072999713535
9.980324000025576
10.215059999609366
10.500889000468305
10.77159800024674
10.336803999962285
10.146328999326215
10.23725100003503
11.00006399974518
10.667624000234355
10.658913000042958
9.75099599963869
9.480447999521857
10.016535000431759
9.940212000401516
10.077996000291023
10.4875480001283
10.553751000770717
10.6421139998929
10.25782199940295
10.675464999621909
10.49805899947387
11.078227000325569
10.732386000199767
10.635032999743999
10.945742999865615
9.695775000182039
10.024715000326978
10.880971000005957
10.758035999970161
10.288092999871878
9.61496200034162
9.892941000543942
10.068924999359297
9.872409000308835
10.44467799965787
9.857290000581997
10.075076000248373
10.4192469998452
9.874901000330283
10.053744000288134
10.27493199944729
10.404417000245303
11.03853499989782
10.894480999922962
10.202349999417493
10.900182000114
10.229609999441891
10.91796200034878
10.56468099977792
10.931431999779306
9.754226000040944
9.88514100026805
9.659423999437422
10.224241000287293
10.185469999669294
10.553181000432232
10.275562000060745
10.701604999667325
10.01808399996662
10.640012999829196
10.480008999365964
