Messages/sec=85.13
duration_sec=60.003
payload_size_bytes=1048576
total_messages=5108
payload_throughput_MiB_sec=85.13
mean_rtt_ms=9.625
median_rtt_ms=9.656
stddev_ms=0.994
min_ms=7.190
max_ms=19.021
---raw_latencies_ms---
17.953614999896672
10.781347999909485
11.819549000392726
10.198320000199601
14.420407000216073
8.687524000379199
12.227281000377843
8.823758000289672
13.975373999528529
9.495621000496612
9.882090999781212
10.484898999493453
11.505259999466944
13.37480699930893
11.663093999231933
9.731306000503537
11.616411999966658
9.652553000705666
19.021416999748908
13.472120000187715
9.952641999916523
9.360474000459362
8.547460000045248
8.945612000388792
9.001014000205032
9.390227999574563
9.778407999874617
9.05698500082508
9.409476000655559
8.876390000295942
8.614981999926385
11.18922899968311
9.037974999955622
8.91824100017402
9.009213999888743
9.788968000066234
8.788477000052808
9.15220800015959
8.95706200026325
9.437097000045469
9.019503000672557
9.102935999180772
8.89164999989589
9.206458999869938
9.157297999990988
8.930359999794746
8.784627000750334
8.771295999395079
8.627481999610609
9.146176999820455
8.773207000558614
9.108995999667968
8.764918999986548
9.051725000063016
9.800750000067637
8.95633199979784
8.77842000045348
9.194389000185765
8.873679999851447
9.952282000085688
9.199869999974908
10.203410999565676
9.26455100034218
11.16699999965931
10.23445000009815
10.222089999842865
9.759525999470497
10.874341000089771
10.36742599990248
10.423306000120647
10.753896999631252
11.067316000662686
10.286912000083248
10.431956000502396
10.057356000288564
10.8353489995352
10.66835399979027
10.38988500022242
9.90846100012277
11.04292499985604
11.263522999797715
10.631254000145418
10.28443200084439
10.903972000050999
11.24388199968962
10.468047000358638
10.442626999974891
10.997563999808335
10.493798000425159
10.64084300014656
10.487938000551367
9.964732999833359
9.294573000261153
10.622161999890523
9.734905999721377
9.368325000650657
8.942670999203983
9.12760699975479
9.235550000084913
8.948951999627752
8.847040000546258
8.92699299947708
8.650462000332482
8.256654999968305
9.705294999548641
9.211679000145523
8.78132599973469
8.741945999645395
8.615361999545712
8.5253389997888
9.038293999765301
8.967591999862634
8.3331840005485
8.546089999981632
8.667973000228812
8.478868000565853
8.936131000155001
8.790976999989653
9.250991999579128
8.550049999939802
9.202557999742567
8.927732000302058
8.633722000013222
8.670133000123315
8.833607999804372
8.614291999947454
8.427546999882907
8.898021000277367
8.267235999483091
8.72196599993913
8.203709000554227
9.092076999877463
8.60257200019987
8.38420399941242
8.843258000524656
8.73977500032197
8.580310000070313
10.120527999788465
8.688444000654272
8.661963999657019
8.591250999415934
9.125617999416136
9.05150499966112
8.851818000039202
8.95304200003011
8.659853000608564
8.471928000290063
8.462436999252532
8.66126299933967
8.235530000092695
8.20426900008897
8.606811999925412
8.640881999781413
8.495699000377499
9.097575999476248
9.650062999753573
8.819298000162235
8.469596999930218
8.380264000152238
8.445186999779253
8.78896700032783
10.38213599986193
8.524008999302168
9.013693000269996
8.981212999970012
9.559660000377335
8.644923000247218
8.519209000041883
8.733335000215448
8.80372699975851
9.223730999110558
8.023553000384709
9.024015000250074
8.60309200015763
8.336452000548888
8.301761999973678
8.605282000644365
8.47242700001516
9.0329449994897
8.856808999553323
8.349452999937057
8.282501999929082
8.41487599973334
9.211568999489828
8.752075999836961
8.784636999735085
8.396854999773495
8.602441999755683
8.320401999299065
8.861658999194333
8.714354999938223
9.2090799998914
8.60864100013714
8.941713999774947
8.54419000006601
8.80737700026657
8.770606000325643
8.485838000524382
8.506328000294161
8.97737400009646
8.92653099981544
8.356272999662906
8.638862000225345
8.291982000628195
8.460037999611814
9.064314999704948
8.58705100017687
8.878210000148101
8.979614999589103
9.265501999834669
8.213729999624775
8.674264000546827
8.420055999522447
9.056244000021252
8.507849000125134
8.244211000601354
8.32846299999801
9.029539000039222
9.349714000563836
8.829188000163413
8.590000999902259
8.473488000163343
10.002393999457126
8.453845999611076
8.65699299993139
8.283932000267669
8.638422999865725
8.502186999976402
8.798447000117449
8.958213000369142
8.588651000536629
8.656172999508271
8.584111000345729
8.458427000732627
9.808818000237807
8.479467999677581
8.714753999811364
8.639442999992752
8.854779000103008
8.292571999845677
8.280052000372962
8.839258000080008
8.683264999490348
8.713383999747748
8.370786999876145
8.753256000090914
8.988972999759426
9.015694000481744
9.042364999913843
8.504667999659432
8.469577000141726
8.82091799940099
8.751945999392774
8.404695000535867
9.0815069997916
8.442866000223148
8.96287100022164
9.098806999645603
8.560969999962253
8.532768999430118
8.294582000416995
8.30777200008015
8.436926999820571
8.961495000221475
8.880499999577296
8.51499899999908
8.68332299978647
7.911641000646341
8.85918899984972
9.844809000242094
9.598990999620582
8.750375000090571
8.58221999988018
9.29049199930887
8.685173999765539
9.155499000371492
8.67685400044138
11.728406000656832
8.603590999882726
9.121867000430939
8.306983000693435
8.904809999876306
10.154870999940613
8.815729999696487
9.080415999960678
8.593491000283393
9.106256999984907
9.738375999404525
10.178988999541616
8.628953000879847
8.63385200045741
8.510110000315763
9.253459999854385
8.790306999799213
8.545589999812364
8.971482000561082
8.578039999520115
8.649263000734209
8.963383000264002
8.75826599985885
8.342963000359305
8.926151000196114
8.855420000145386
8.900439999706578
8.817748000183201
8.900521000214212
8.791207000285794
8.795317000476643
8.475517999613658
8.805318000668194
8.653511999909824
8.873210000274412
8.828107999761414
8.861059000082605
8.73503500042716
9.586391000084404
9.355143999528082
8.487778000016988
8.849879000081273
8.434475999820279
9.501347999503196
8.871720000570349
8.922711999730382
8.478097000079288
7.778876999509521
8.450865999293455
8.565610000005108
9.585390999745869
8.870980000210693
8.676222999383754
8.602871999755735
8.357898999747704
8.896870999706152
8.437345999482204
8.80591699933575
9.241571000529802
8.684583000103885
8.66204299927631
8.508558999892557
8.660153000164428
9.669852999650175
8.688543999596732
8.709938000720285
9.079975000531704
8.457906999865372
8.591980999881343
8.506549000230734
8.591701999648649
8.540689000255952
9.781927000403812
8.195409000109066
9.072855999875173
8.315901999594644
8.666034000270884
8.555149000130768
8.858099999997648
8.598172000347404
8.687993999956234
8.325683000293793
8.73430499996175
8.524779000254057
8.249821000390511
8.58243000038783
9.328232999905595
9.04285499927937
8.727174999876297
8.283101000415627
8.28869199995097
8.378255000025092
10.09559599970089
8.82216799982416
8.093629000541114
8.478296999783197
9.282551999604038
9.720066000227234
10.06359499933751
9.611301999939315
9.876811000140151
9.662563999881968
9.170977999929164
9.916211000017938
10.079518000566168
9.511788999589044
10.206079999989015
9.861619999355753
10.32653400034178
10.265891999551968
10.564863000581681
10.412575000373181
10.748555999271048
11.029535000488977
10.06374499957019
10.312073000022792
11.051246000533865
11.479211999358085
10.869388999708463
10.501648999706958
11.078246000579384
11.099437000666512
10.867400000279304
11.033005000172125
10.715024999626621
11.72960699932446
10.626012999637169
9.987584000555216
10.522409000259358
9.968902999389684
10.063265999633586
10.394936000011512
10.133328999472724
10.749635999673046
10.449198000060278
11.174010000104317
11.495099000057962
10.52376000006916
9.446786999433243
9.798787000363518
9.97381300021516
10.335314000258222
10.740777000137314
10.49408000017138
10.95127299959131
10.390356000243628
9.984483000152977
10.158509000575577
10.164829000132158
10.202759999629052
11.077217000092787
10.830049000105646
11.466478999864194
10.163617999751295
10.203890000411775
11.23623100011173
10.221010999885038
11.459067999567196
10.288903000400751
9.744345999934012
10.21682000009605
10.03796799977863
10.735455999565602
10.21506000051886
10.478688999683072
10.562380999544985
11.187309999513673
11.00674400004209
10.498349000044982
10.91755200013722
10.278742999616952
10.32976399983454
10.50088899955881
10.047664999547123
10.155988000406069
10.2067600000737
10.151218999453704
10.247981999782496
11.40915700034384
10.350325000217708
10.456211000018811
11.458029000095848
10.25190099971951
11.573052000130701
10.601451999718847
11.325374000080046
10.900051000135136
10.160288999941258
10.41429699944274
10.282962000019324
10.776248000183841
11.955652999859012
10.522229999878618
9.270171000025584
9.978713000236894
10.007494000092265
11.056626000026881
9.462807999625511
10.720356999627256
10.448707999785256
10.630042999764555
11.14821800001664
10.573331999694346
10.980963999827509
10.931541999525507
10.07430600020598
10.499539000193181
9.182609000163211
10.751096999229048
10.598933000437682
10.8612499998344
11.074776999521418
10.117827999238216
10.413076000077126
10.523250000005646
10.134707999895909
10.0977359998069
9.618541999770969
9.99945400053548
10.62581299993326
10.160099000131595
9.960013000636536
10.536501000387943
10.084366000228329
10.833209000338684
10.754097000244656
10.845181999684428
9.699864000140224
10.468280999702984
10.516768999877968
10.40338500024518
11.353054999744927
10.188609000579163
10.743537000053038
10.236350000013772
10.378955000305723
10.658474000592832
9.545679000439122
9.689763999631396
9.45058799970866
10.20107000022108
10.019084999839833
9.945691999746487
10.180031999880157
9.515440000541275
10.484258999895246
9.896670999296475
10.665212999811047
10.320413000044937
10.625851999975566
10.297752999576915
10.318802999790933
10.396516000582778
10.310242999366892
10.45939800042106
10.572852000223065
9.834478999437124
12.202921000607603
10.583514000245486
9.896464000121341
10.852719000467914
10.666395000043849
10.029803999714204
10.47580799968273
10.388635000708746
10.155038999982935
10.28299299923674
10.587382000267098
10.301783000613796
10.34040400008962
10.946413000056054
10.761617000753176
9.350303999781318
9.861740000815189
10.401026000181446
9.691374000794895
10.096305999468314
11.039805000109482
10.600781999528408
10.656233000190696
10.143639000489202
10.458387000653602
10.327814000447688
11.100947999693744
9.827827999288274
10.089145999700122
11.183632000211219
9.506479000265244
9.919900000568305
9.5548700001018
9.345196000140277
9.691094000118028
10.130458000276121
9.708287000648852
10.842980000234093
10.78655799938133
10.607103000438656
9.67934599975706
10.258371000418265
10.077659000671702
10.311242999705428
10.248503999719105
11.193133000233502
10.264622000249801
10.05580600030953
10.115017000316584
10.622732000229007
10.394765000455664
10.432796999339189
10.579881000012392
10.576390999631258
10.87017999998352
10.485858000720327
10.170448999815562
10.629962999701092
9.986052999920503
10.467037000125856
11.85211000029085
9.784928000044602
10.088097000334528
10.142008000002534
9.618943000532454
10.272812000039266
10.567221000201243
10.363774999859743
10.001633999308979
10.079255999698944
9.877810000034515
10.374994999438059
9.793329999411071
9.881369999675371
10.879530000238447
10.488427999916894
10.237290000077337
11.030675000256451
9.439296999516955
11.478358999738703
9.607812000467675
10.98749399989174
9.619984999517328
10.410236000097939
10.156887999983155
10.532678999879863
10.193359000368218
9.494408999671577
9.840488999543595
10.333684000215726
10.041884999736794
10.036485000455286
10.667535000720818
10.234300999400148
10.455477000505198
11.005373999978474
10.799497999869345
10.910501000580552
9.91409099970042
9.847188999628997
10.42337699982454
10.655894000592525
10.40719699994952
10.545479999564122
9.996022999985144
10.501798999939638
9.952833000170358
9.578700999554712
9.50412000020151
9.876619000351639
11.120858000140288
9.981473000152619
11.140988000079233
11.091407000094478
10.299103000761534
11.025334999430925
9.700704999886511
11.333654999361897
10.32037400000263
10.476528000253893
10.616253000080178
10.649704000570637
10.23312100005569
10.254281000015908
10.223441000562161
10.28904299982969
10.094816000673745
10.01062399973307
10.13059799970506
10.108757000125479
9.921882000526239
10.495049000383005
10.14465900061623
9.834929000135162
10.233151000647922
11.01486500010651
9.71999500052334
10.214720000476518
9.306712000579864
11.064337000789237
10.779758000353468
9.782426999663585
10.005744000409322
9.004253999592038
8.775896000770445
9.801437000533042
9.431987000425579
9.897230999740714
10.663863999980094
11.48625899986655
10.157308999623638
9.73475499995402
10.52395999977307
10.214140000243788
10.961281999698258
9.861438999905658
9.652282999923045
10.868961000596755
10.397746999842639
10.834978999810119
9.967852999579918
9.991562999857706
9.876889999759442
10.265652000271075
10.090746999594558
10.091527000440692
10.548459999881743
11.031504999664321
11.469369000224106
10.85728999987623
10.44924699999683
10.246291000839847
10.162017999391537
10.358255000028294
9.596455000064452
10.097776999828056
10.040335000667255
10.181259000091814
10.924810999313195
10.179049000726081
9.989813000174763
10.289262000696908
11.104057999546058
11.291542999970261
10.28375199985021
9.918961000039417
10.218100000201957
9.893360999740253
10.884960999646864
10.882051000407955
10.155027999644517
10.67320399943128
9.889691000353196
10.50879000013083
9.985253999730048
10.26768199972139
9.303783000177646
9.745276000103331
9.969253000235767
10.524458999498165
9.793256999728328
10.745806000159064
11.088496999946074
11.08543699956499
10.52266300030169
11.45790800001123
10.557340000559634
10.187708999183087
10.728765000749263
10.659943000064231
10.518999999476364
11.511888999848452
11.083166999924288
9.777837000001455
9.915362000356254
8.773456000199076
8.779466999840224
8.899243000087154
9.405136000168568
9.648492999986047
8.940531000007468
9.663134000220452
9.755127000062203
9.630182999899262
9.374485000080313
8.83711900041817
8.816448000288801
9.628063000491238
9.550970000418602
9.789777999685612
9.893740000734397
9.77732699993794
9.960351999325212
9.54725000065082
10.128346999408677
9.672944000158168
10.07467599993106
9.65248300053645
10.255930999846896
10.040873999969335
10.398845999588957
11.107047999757924
10.914301000411797
10.270161999869742
10.8009410005252
11.033515000235639
10.8010079993619
10.52574999994249
10.636992999934591
11.688515000059851
11.54907100044511
11.894042000676563
12.243262000083632
11.480567999569757
9.799278000173217
10.06929599952855
10.313983999367338
10.458577999997942
10.452118000102928
9.826368000176444
9.494897999502427
9.668333999798051
9.725496000100975
10.906601999522536
10.162898999624304
10.37996499962901
9.632705000512942
10.443907999615476
10.016436000114481
11.919921999833605
10.889301000133855
10.473557999830518
10.458116999870981
9.852660000433389
10.33525299953908
10.359085000345658
10.545049999564071
10.056256000098074
10.099367000293569
10.568421000243688
10.42297599997255
10.714965000261145
10.76089599973784
10.367304999817861
10.167538999667158
10.168818999773066
10.880890000407817
10.702366000259644
10.714864999499696
9.761057000105211
10.657963000085147
10.194230000706739
10.00687400028255
10.783237000396184
9.685274000730715
10.38574499943934
10.5519609996918
9.657433000029414
9.971142999347649
10.015273999670171
10.237501000119664
10.52428000002692
10.483698999451008
10.689024999919639
11.080356999627838
10.66064400038158
10.452697999426164
10.76326699967467
9.694063999631908
9.326792999672762
9.879170999738562
10.418564999781665
9.449907999623974
9.883450000415905
10.744006999630074
11.58389200008969
10.856180000700988
10.642393000125594
11.0350639997705
8.749846000682737
8.282511999823328
8.887110000614484
8.461286999590811
8.31981299961626
9.351714000331413
8.107706000373582
8.947971999987203
8.914291000110097
8.718215000044438
8.603940999819315
8.911701000215544
8.942080999986501
9.582892000253196
8.661863000270387
8.649843000057444
9.765337000317231
9.106135999900289
9.042144999511947
7.863349000217568
9.625060999496782
8.672994000335166
8.527218999915931
8.989603000372881
10.443916999975045
8.523599000000104
8.140937000462145
8.429294999587
8.654935000777186
9.622673000194482
8.979361999990942
8.5603790003006
9.177879000162648
8.13958700018702
8.800056999461958
8.762997000303585
8.68581400027324
8.595731000241358
8.224451999922167
8.545900000171969
8.597161000579945
9.074685999621579
8.77260600009322
9.21885099978681
8.72276499922009
8.565720999285986
8.641372000056435
8.510079000188853
8.232639000198105
9.270982000089134
8.460617999844544
9.1576980003083
9.037644000272849
8.27670400030911
8.886929999789572
8.608791999904497
8.579841000027955
8.541399000023375
8.916531000068062
8.349152999471698
8.745705999899656
8.952561999649333
8.908761000384402
8.617382000011276
9.267421999538783
8.448856000541127
8.630833000097482
8.336962999237585
8.320562999870162
8.400185000027705
9.348124000098323
8.6014909993537
8.787736999693152
8.775026999501279
9.242420000191487
8.616331999292015
8.778027000516886
9.760836000168638
8.936061999520462
8.5408599998118
9.57262100018852
9.418096999979753
8.8287290000153
8.234629999606113
8.397974999752478
8.922541000174533
8.592141000008269
8.641741999781516
8.407544999499805
9.059404999788967
8.8418189998265
8.230100000218954
9.09780799975124
9.255291000044963
9.625831999983347
9.354674000860541
8.12348599993129
7.593199999973876
9.09417700040649
9.29648300007102
8.6531830002059
8.143247000589326
8.652673000142386
8.711425000001327
8.729725000193866
8.535719000065
8.909761000722938
8.491067999784718
8.201229999940551
9.873761000562808
8.894130000044242
9.124787000473589
8.38104500053305
8.518689000084123
8.55055000010907
9.06768499953614
8.967972999926133
8.628571999906853
8.69176400010474
8.28679100050067
8.678623999912816
9.241101000043273
9.080455999537662
9.90913100031321
10.105817000294337
9.592310999323672
9.037775000251713
8.831309000015608
9.668243000305665
9.070655999494193
9.502758999587968
9.974202999728732
9.542169000269496
9.469888000239735
9.872870000435796
9.7680560002118
9.08014499964338
10.08652600012283
10.104265999871131
10.385446000327647
10.460527999384794
10.666264000064984
11.796937999861257
10.414516000309959
10.764067999843974
11.391316000299412
10.303233000740875
10.730466000495653
10.255700999550754
10.555320999628748
11.240120999900682
10.837939999873925
11.5236299998287
10.828758000570815
10.271501999341126
10.107457999765757
10.720095000579022
10.551680999924429
10.611593000248831
10.461107999617525
10.771537000437093
10.085837000588072
11.092296999777318
11.523241000759299
11.0085070000423
10.44598800035601
10.018813999522536
9.898511000756116
10.565360999862605
10.144308000235469
10.121897000317404
11.01816400023381
11.155379000229004
10.255212000629399
10.354454000662372
10.11933800054976
10.005115999774716
8.50722900031542
9.359605000099691
9.93427100002009
9.960473000319325
9.722666000016034
10.06158600011986
10.370404999775928
10.378285000115284
11.580612000216206
11.088256999755686
10.512948999348737
10.52346899996337
9.73894599974301
10.30699300008564
10.068554999634216
10.986414000399236
10.463518000506156
11.28272299956734
9.094527000343078
8.795556999757537
9.979624000152398
8.943451999584795
9.165958000266983
9.597661000043445
10.488428999451571
10.260371000185842
10.305183000127727
9.552260000418755
10.57387299988477
10.193730000537471
9.636222000153793
10.343085999920731
10.686265000003914
10.17786000011256
9.72053599980427
10.206670000115992
11.033595000299101
9.908841999276774
11.039114999221056
9.754255999723682
10.569141000814852
10.733656000411429
10.95906400041713
10.875840000153403
9.963023000636895
10.22086099965236
9.696925000753254
10.599981999803276
10.367034000410058
10.580871000456682
10.170790999836754
10.106767000252148
10.004464999838092
10.089036999488599
10.69524500053376
10.515120000491152
10.61254199976247
10.849618999600352
10.108317000231182
10.098677000314638
11.305203000119946
11.46617900030833
11.936462999983632
11.565951999727986
11.097276999862515
10.98042300054658
10.331202999623201
10.582401999272406
11.502428999847325
9.947092000402336
7.936810000501282
8.521687999746064
9.961742999621492
8.788746999925934
8.713535999959277
8.456296999611368
8.169442000507843
8.616551000159234
8.647481000480184
8.659783000439347
8.257180999862612
9.594471000127669
8.67691300027218
8.589381000092544
8.699615000296035
8.48865699936141
8.347764000063762
8.292790999803401
8.495807999679528
8.5818500001551
8.474657000078878
9.078325000700715
8.516239000528003
8.191719000024023
8.3711540000877
8.88587900044513
8.738905999962299
9.585122000316915
8.961012000327173
9.035893999680411
8.168278000084683
8.286193000458297
8.998743999654835
8.839287999762746
8.537188999980572
8.506357999976899
8.55971100008901
8.437356000285945
8.267870999588922
8.669054000165488
8.530989999599115
9.252730999833148
8.48738799959392
9.360474000459362
8.942671999648155
8.656723000058264
11.131039000247256
8.76094799968996
8.53907800046727
8.712564999768801
8.261621000201558
8.550730000024487
8.695963999343803
8.378094999898167
8.716575000107696
8.568879999984347
8.555010000236507
8.310652000545815
8.520938999936334
8.482686999741418
9.498849000010523
8.56668000051286
8.42173500041099
8.978002000731067
8.960021999882883
8.828628000628669
9.13199699971301
8.467636000204948
9.129146999839577
8.502407999912975
8.542368999769678
9.138548000009905
8.77457700062223
8.263361999524932
9.21580899921537
9.015304000058677
8.267591999356227
8.388755000851233
8.961002999967604
8.81063799988624
8.727174999876297
7.820476999768289
8.85286900029314
9.106026000154088
8.517718999428325
8.530729000085557
8.418336999966414
8.438675999968837
9.052166000401485
9.202119000292441
8.300872000290838
8.605375999650278
9.442948000469187
9.542640000290703
8.556380000300123
8.471827999528614
9.194178999678115
8.238050999352708
8.947911000177555
8.861829000124999
9.419945000445296
8.671592999235145
9.015714000270236
8.524548999957915
10.093919000610185
8.405493999816827
8.866999999554537
8.832299000459898
8.670003000588622
8.870489000400994
8.87211900044349
9.228949999851466
9.569849999934377
9.375876000376593
9.210719999828143
8.866918999956397
9.014033999847015
8.440435999546025
8.301802000460157
8.79130700013775
8.330783000019437
8.315533000313735
8.305932999974175
8.776747000410978
8.232629999838537
8.735164999961853
8.192039000277873
8.30432299972017
8.260360999884142
8.330353000019386
8.809787999780383
8.490028000778693
8.442207000371127
8.336933000464342
8.411185000113619
8.628732000033779
8.413945999564021
9.817747999477433
8.35074299993721
8.38106399987737
8.78092699986155
8.7124550000226
8.208438999645296
8.90165100008744
8.766955999817583
8.00476400036132
8.949302000473836
9.191168999677757
8.431696000116062
8.982852999906754
8.583480999732274
8.645871999760857
8.412375999796495
8.831929000734817
8.880788999704237
8.840159000101266
8.723934999579797
8.53828999970574
8.848857999510074
8.81352699980198
10.23427099971741
10.634583999490133
9.008023000205867
9.843668999565125
9.202419999382982
9.61157199981244
9.57973100048548
10.568871000032232
9.641872999964107
10.743017000095278
9.934100999998918
10.720295999817608
10.139398000319488
10.305363000043144
10.150068999791984
11.190719999831344
10.675653999896895
10.813738999786437
10.412456000267412
10.768826999992598
9.797457999411563
10.634653000124672
10.265381999488454
10.863599999538565
8.459067000330833
8.70931500048755
8.43698599965137
8.61248199998954
9.048994999830029
8.914731000004394
8.503678000124637
8.69719399997848
8.822838000014599
8.698985000592074
8.701775000190537
10.23303100009798
9.014603000650823
9.25093099976948
9.404415000062727
9.25816200015106
8.560899999793037
8.660462999614538
9.52821999999287
8.873432000655157
8.792877999439952
8.967602000666375
8.523030000105791
8.535668999684276
8.56884099994204
8.16198800021084
9.052184999745805
8.531489999768382
8.556400000088615
10.399024999969697
7.498158000089461
8.889689999705297
9.030724000695045
8.00898400029837
8.87483900078223
8.394757000132813
8.78943700081436
9.557809999932942
8.272220999970159
9.21559000016714
8.325036000314867
8.817388000352366
9.209639000800962
9.288222000577662
8.696925000549527
8.442436000223097
8.303393000460346
10.50369899985526
8.77305699941644
8.776586999374558
8.466256999781763
9.038256999701844
8.569142999476753
9.017274999678193
8.60133100013627
9.261592000257224
8.881959999598621
8.569569999963278
8.427255999777117
8.516019000126107
8.489597999869147
8.81581800058484
9.064165000381763
8.181778000107442
8.76337599947874
9.069345999705547
9.425776000171027
8.829178999803844
8.637232999717526
8.738266000364092
8.680993999405473
8.7040739999793
8.883129999958328
9.235119999175367
9.050655999999435
8.423876000051678
8.387464000406908
9.542689999761933
8.962173999861989
8.38383399968734
8.489957000165305
8.43887600058224
8.948781999606581
8.097535999695538
9.07295500019245
8.668643000419252
8.912983999834978
7.928740999886941
8.51574799980881
8.527338999556378
8.43019700005243
9.551940000164905
8.833017999677395
8.63396200020361
8.640822000415938
9.772686000360409
9.013744000185397
8.363994000319508
8.851718999721925
8.58401099958428
8.486816999720759
8.680873999765026
9.276691999730247
9.568409999701544
8.85952000044199
10.123828000359936
9.624002000236942
9.471257999393856
9.530461999929685
9.574531999533065
9.515678999377997
10.213560000011057
9.707855999295134
9.869800000160467
9.498168999925838
9.50882899996941
9.562701000504603
9.930921999512066
11.187369999788643
10.677344999749039
10.160108999116346
10.388055000476015
10.348914000132936
10.6455229997664
10.722066000198538
10.455338000610936
10.365545000240672
10.232421000182512
10.465876999660395
10.708036000323773
10.446606999721553
10.713894000218716
10.57199099977879
11.622263000390376
10.708654999689315
10.375064000072598
10.09339599931991
11.092577000454185
11.1524690000806
11.105407999821182
11.513641999954416
10.744896000687731
10.168478999730723
9.555990000080783
9.311112999967008
9.841369999776362
10.376745000030496
10.690135000004375
10.699765000026673
9.366223999677459
10.118908000549709
10.37373400049546
10.000876999583852
9.925882000061392
10.50872999985586
10.134377999747812
9.948132999852533
10.872648999793455
10.591611999188899
9.54317999912746
10.262721999424684
9.604342000784527
10.44506700054626
10.384545000306389
9.882849999485188
9.905531000185874
9.540019999803917
9.594731000106549
10.071274999972957
11.682895999911125
11.376115999155445
10.492347999388585
11.722725000254286
10.268881999763835
10.39650500024436
10.460467000484641
9.481867999966198
9.781288000340282
9.343384000203514
9.518329999991693
10.411697000563436
10.804057999848737
9.787398000298708
10.526320000280975
10.113446999639564
9.924740999849746
10.456447999786178
10.977162999552093
11.50477899955149
10.514268999941123
10.330244000215316
10.15479800025787
10.72390599983919
11.06665699990117
11.123901000246406
10.08195699978387
10.290872999576095
10.115018000760756
10.291112000231806
9.517458999653172
9.901710999656643
10.231651000140118
10.060626000267803
11.038464999728603
9.811368000555376
10.299122999640531
9.717206000459555
11.528361000273435
10.253062000629143
10.74031699954503
10.531169999921985
10.794527999678394
10.100286999659147
10.93738100007613
10.064195000268228
10.395715999948152
9.970062999855145
11.060298000302282
10.59674200041627
10.060646000056295
10.132078000424372
10.689894999813987
11.620642999332631
10.091626999383152
9.905020000587683
10.238001000288932
10.94596199982334
10.799628000313533
10.97510300041904
11.372185999789508
11.088715999903798
10.189169000113907
10.583473999759008
9.85779900020134
10.403426000266336
10.243931999866618
10.862709999855724
11.512450000736862
9.933971999998903
10.363124999457796
9.961242000827042
11.173718999998528
11.330443999213458
10.060745000373572
10.356745000535739
9.901161000016145
9.839499999543477
10.057654999400256
9.837898999649042
10.278101999574574
10.089117000461556
10.618622000038158
10.670374000255833
10.312293000424688
10.237782000331208
9.973593000722758
9.906240999953297
10.231672000372782
10.749156999736442
10.511558999496629
10.709656000472023
9.989922999920964
11.698068999976385
9.53962999938085
9.869628999695124
10.841919000085909
9.70126500033075
10.355254999922181
9.822607999922184
10.544940999352548
10.25379100065038
10.150717999749759
11.711525000464462
9.75314600054844
9.481858000071952
10.428747000332805
11.365305000254011
10.786288000417699
9.777127000234032
9.821419000218157
10.250640999402094
9.796448000088276
9.574441000040679
10.633722999955353
9.924269999828539
11.078236000685138
9.972232000109216
11.288623000837106
10.99474399961764
10.529399000006379
10.228301000097417
10.154669000257854
10.038465999969048
10.244621000310872
10.131067999282095
9.618000999580545
10.982302999764215
10.214520999397791
11.445258000094327
10.191499999564257
10.53914000021905
10.52094000078796
11.612762000368093
10.29095200010488
10.161739000068337
10.791959000016504
10.426616000586364
10.296372999619052
10.304503000043042
9.97430200004601
10.2827430000616
9.833339000579144
9.876850000182458
9.980202999940957
10.45150800018746
10.52077999975154
10.409455999251804
10.647422999682021
9.714044999782345
11.001134000252932
9.807127000385663
9.930062000421458
9.786777000044822
11.030036000192922
10.895331000028818
11.037815999770828
10.518119000153092
9.925721999934467
10.368955000558344
9.290001999943343
10.03164400026435
10.901912000008451
10.256270999889239
9.472577999986243
10.324512999432045
10.503477999918687
10.126858000148786
10.701225000047998
9.990493999794126
9.453036999730102
10.377514999163395
10.091107000334887
9.700214000076812
10.83560899951408
9.823528999731934
9.907190999911109
10.156307999750425
10.46886899985111
10.170389000450086
10.771287999887136
10.015394000220113
10.243220999655023
9.932423999998719
10.469787999682012
9.472208000261162
10.613432000354805
10.237841000162007
10.585772000013094
11.393155999940063
10.528569999223691
10.224591000223882
10.416686000098707
10.456897000040044
10.966192000523733
10.851830000319751
10.116997000295669
9.359465000670752
9.97299299979204
10.005353999986255
12.185479999970994
10.421587000564614
11.54428999961965
10.603921999972954
10.926742000265222
10.678425000151037
10.782968000057735
10.633292999955302
11.248140999668976
11.020807999557292
10.074607000206015
9.498118000010436
9.89849100005813
9.721915000227455
9.406275999936042
11.327514000186056
9.314042999903904
10.114888000316569
9.350764999908279
10.237630999654357
10.507699000299908
10.511488999327412
9.48958200024208
9.785369999917748
9.194008999656944
9.978762999708124
10.84664999962115
9.347714000796259
10.6118809999316
10.35165500070434
10.523789999751898
10.45427999997628
10.82245999987208
10.56369099933363
10.160758999518293
9.908730999995896
10.13382799919782
9.380884999700356
9.810297999138129
9.744565999426413
10.789590999593202
10.761827000351332
10.39332500022283
9.778896999705466
9.827487999245932
10.039255999799934
10.513539000385208
10.25320099961391
9.967702999347239
10.218959999292565
10.556410999924992
9.926274000463309
10.511202000088815
10.146067999812658
10.78191800024797
10.066546999951242
9.578731000146945
9.597021999979916
10.301973000423459
10.14566800040484
9.851899000750564
9.825718000683992
10.561050999967847
10.076657000354317
10.968042999593308
11.736946000382886
11.188339999534946
11.300564000521263
9.771359000296798
10.048375999758719
10.166438999476668
10.309753000001365
10.902220999923884
9.514598999885493
10.26664199980587
10.383394999735174
10.229981000520638
9.224401000210491
9.385905000272032
9.751665999829129
10.241581000627775
10.299442999894382
10.57228199988458
10.081595999508863
10.757736999948975
10.902156000156538
10.895520000303804
10.422287000437791
10.481688000254508
10.956942000120762
9.83559799988143
10.60965299984673
11.767367000175
11.028955000256246
10.30072300000029
10.68815500002529
10.788828999466205
11.051444999793603
10.543581000092672
10.007134999796108
11.41047700002673
10.2884730004007
9.325123000053281
9.651743000176793
10.350393999942753
10.577901000033307
10.501609000129974
9.97345299947483
10.564561000137473
9.996744000090985
10.148578000553243
9.806658000343305
10.025034000136657
9.914472000673413
10.402906999843253
10.916250999798649
9.98863299992081
9.704355000394571
11.258391999945161
10.442809000778652
10.952611999528017
10.879810000005818
11.080207000304654
10.810508000759
10.742475999904855
10.431196999888925
10.344374999476713
9.786367000742757
10.49228900046728
10.183739000240166
10.227920000033919
10.941913000351633
9.654342999965593
10.156347999327409
11.23431099949812
9.629801999835763
11.286333000498416
9.897590000036871
10.403645999758737
10.137868000128947
11.307943000247178
9.798666999813577
9.415816000000632
9.514088999821979
9.88115000018297
10.043315000075381
10.368555000241031
10.198279999713122
10.20399000026373
10.554770000453573
9.910181000122975
9.871929999462736
11.045053999623633
10.129258000233676
11.3424639994264
10.632384000018646
11.39988699924288
9.485929000220494
9.889350000776176
9.868860000096902
10.427576999973098
9.893690000353672
10.044265000033192
10.279903000082413
10.230040999886114
9.969353000087722
10.011534000113897
10.988443999849551
10.477008000634669
10.93865300026664
10.516909000216401
11.25114200021926
9.543399999529356
10.707025000556314
10.318412999367865
10.970533000545402
10.711727999478171
9.534728999824438
10.19799999994575
10.08426599946688
10.053507000520767
9.737585000038962
10.482448000402655
11.061604999667907
10.959593000734458
10.849478999261919
10.593740999865986
9.577410999554559
10.369385000558395
10.690584999792918
10.360635000324692
10.166719000153535
9.30627299931075
9.00145400009933
10.087636999742244
8.95878199935396
9.218170000167447
9.025373999975272
9.364785000798292
8.892610000657442
8.850127999721735
9.620771999834687
8.448906000012357
10.028504999354482
8.457537000140292
8.443386999715585
8.847079000588565
7.869398999901023
8.566079999582144
8.925991000069189
8.51646899991465
8.482867999191512
8.5455689995797
8.504668000568927
8.950492000622035
8.645273000183806
8.436955999968632
9.211300000060874
8.663532999889867
8.231400000113354
8.199079000405618
8.505359000082535
8.248301000094216
8.905570000024454
8.66101300016453
8.93589199949929
8.662842999910936
9.282162000090466
8.478948000629316
7.933050999781699
8.725395000510616
8.518498999364965
8.79251700007444
9.420565999789687
9.093736999602697
7.713244000115083
7.634071999746084
8.358774000043923
8.410196000113501
8.834098000079393
8.950342000389355
8.649362000141991
9.302163000029395
9.08419600000343
8.747566000238294
8.481677999952808
8.326913999553653
8.383494000554492
7.932990999506728
8.856978999574494
8.707926999704796
8.742075000554905
8.498467999743298
8.424396000009438
8.767086999796447
8.533958999578317
8.833111000058125
8.675383999616315
8.450641999843356
8.673543999975664
8.391204999497859
8.633121999992
8.693003000189492
8.641002999866032
8.873959000084142
8.374144999834243
8.537370000340161
8.65251300001546
8.304211999529798
8.520798000063223
8.522968000761466
8.913020999898436
9.665383000537986
9.455267000703316
8.887969999705092
9.195789999466797
9.195498999361007
7.823856999493728
9.078035000129603
9.224940999956743
8.36426399928314
8.72876500034181
8.521899000697886
8.952963999945496
9.156611000435078
8.729843000764959
8.492678000038723
8.802846999969915
8.418735000304878
8.374504999665078
8.481177000248863
8.816797999315895
8.4608279994427
8.468067000649171
8.29717300075572
8.618421000392118
9.494850999544724
7.1900590000950615
8.536110000022745
8.591259999775502
8.690825000485347
8.522758000253816
8.435865999672387
8.665743000165094
8.339293000062753
8.619791999990412
8.658542999910424
8.425597000496055
9.178188999612757
8.50349800020922
8.58736099962698
12.000124999758555
9.243120999599341
9.27801299985731
9.098196999730135
8.605732000432909
8.534339000107138
9.595882000212441
9.115636999922572
9.020374000101583
8.899100000235194
8.638823000183038
8.421456000178296
8.627561999674072
9.389974999976403
8.865510000759969
8.824227999866707
8.547529000679788
8.363883999663813
8.920001000660704
8.531388999472256
8.792857000116783
9.482079000008525
8.792186999926344
8.213199999772769
8.236349000071641
8.630792999611003
8.810727999843948
8.762626000134333
9.242740999980015
8.544979999896896
8.418295999945258
8.660663000227942
10.396706000392442
9.029005000229517
9.97184300013032
8.512418000464095
8.648772000015015
8.817588000056276
8.966022000095109
8.982942000329786
8.332653000252321
8.853577999616391
8.423655999649782
8.610402000158501
8.675973000208614
8.918771999560704
8.364955000615737
9.309512000072573
8.83650800005853
10.057006000351976
9.109515999625728
8.645001999866508
8.666183999594068
8.926931000132754
9.163788000478235
8.727554999495624
8.501197999976284
8.649573000184319
9.007963999465574
9.263580999686383
8.929392000027292
9.512059000371664
8.969251999587868
9.538149000036356
9.592872000212083
9.330724000392365
9.677373999693373
12.057556999934604
12.304763999964052
10.71650799985946
11.13402800001495
11.656734999633045
11.469509000562539
11.522640999828582
11.007080000126734
11.784887999965576
10.548729999754869
10.340543999518559
11.481690999971761
11.250260999986494
8.983982999779982
8.242941000389692
8.662143000037759
8.62106299973675
8.407035000345786
9.686554999461805
9.008684000036737
8.52528900031757
8.26545099971554
9.161148000202957
10.075686000163842
8.456026999738242
8.859108999786258
8.233020000261604
8.982272999674024
12.390696000693424
10.340833999180177
11.068296999837912
10.826959000041825
11.302973000056227
10.967522999635548
10.332593999919482
11.47691899950587
11.241491999498976
10.823038999660639
11.090556999988621
10.53720100026112
11.077285999817832
8.97623300079431
8.776565999141894
9.93792100052815
8.999643000606738
8.769766000114032
16.193780999856244
9.343323999928543
8.702703999915684
8.69252500069706
8.88098900031764
8.873690000655188
10.134387000107381
8.95936199958669
9.274801000174193
9.242539999831934
9.996703000069829
10.414405999654264
10.763247000795673
10.348695000175212
11.17575999978726
10.894850999648042
10.625132999848574
10.113116999491467
10.106487000484776
9.395375999702082
10.661244000402803
10.880329999963578
12.07597699976759
12.34898599977896
11.924702000214893
11.28834300016024
11.295082999822625
12.229760999616701
10.822459000337403
10.658576999958314
11.425526999119029
11.125068000183091
11.090627000157838
10.167608999836375
9.442065999792248
8.63720200050011
8.77911700081313
8.982733000266307
9.131586999501451
8.629601999928127
8.949011000368046
8.744035000745498
9.804846999941219
9.422826000445639
9.166318000097817
8.859760000632377
8.36652399993909
8.472958000311337
8.233720000134781
8.419624999987718
8.977192999736872
8.324113000526268
9.987534000174492
8.680992999870796
15.833591000045999
8.757106000302883
10.321513000235427
8.920391000174277
8.66503300039767
8.830528000544291
8.838828000079957
9.83704900045268
8.721645000150602
8.090144999187032
8.387275000131922
8.957291999649897
8.906800000659132
8.751786000175343
8.317372999954387
8.269201000075554
8.27739099986502
9.21591000042099
10.543682999923476
10.724038999796903
10.613993000333721
10.969132999889553
10.793428000397398
10.673894000319706
11.310314000184007
11.006417000317015
10.975532999509596
10.817150999173464
10.048155999356823
11.345324000103574
10.791487999995297
8.787886999925831
8.6585439994451
8.712494000064908
9.085075999792025
8.841499000482145
8.376914000109537
8.243651000157115
9.509339000032924
8.16322799983027
8.179517999451491
8.733905000553932
8.513278999998874
8.520828000655456
8.419966000474233
8.359374000065145
8.446526000625454
8.35248400017008
8.371924000130093
8.499618000314513
8.144598000399128
8.875890000126674
9.67109400062327
9.025865000694466
8.665063000080409
8.257019999291515
8.655264000481111
8.922180999434204
8.688183999765897
9.018094000566634
8.275592000245524
8.29265199990914
7.639491999725578
8.508877999702236
8.617622000201663
8.966822000729735
8.755386000302678
9.078326000235393
8.656873000290943
8.982992999335693
9.014154000396957
9.401225999681628
8.925260000069102
9.00125400039542
9.34772399978101
8.733245000257739
8.941770999626897
9.413685999788868
9.102726000492112
9.581944000274234
9.204648999912024
9.070826000424859
9.162158999970416
10.372875000030035
11.81718899988482
10.59309399988706
12.341575000391458
11.106957999800215
11.06605600034527
10.2470510000785
11.94352299989987
11.185249999471125
10.578741999779595
11.633852999693772
10.883570999794756
11.160102000758343
9.236170999429305
8.934071000112453
8.73477500044828
8.670072999848344
9.552540999720804
8.615291999376495
8.655872999952408
7.42323599934025
8.594721000008576
8.651553000163403
9.507599000244227
8.67682300031447
8.623231999990821
8.956512999247934
8.3998749996681
8.495668000250589
8.141858000271895
8.796236999842222
9.047105000718147
8.731684999474965
8.25477999933355
8.915130999412213
9.108776999710244
8.760056000028271
8.88684999972611
9.514608999779739
8.744956000555248
8.89534999987518
8.415316000537132
8.663583000270592
8.59465099983936
8.59460100036813
8.62394200066774
8.796467000138364
8.754464999583433
9.017624000080104
9.90382999952999
9.42397600010736
9.149827999863192
9.22117000027356
8.605491999333026
9.526738999738882
8.811046999653627
8.599330999459198
8.812196999315347
8.265140999355935
8.887099999810744
9.502898000391724
8.939971000472724
8.377625000321132
9.030485000039334
8.823498000310792
8.510169000146561
8.383645000321849
8.899790000214125
8.599550999861094
8.882209999683255
8.628862000477966
8.842049000122643
8.66461299938237
9.113766999689688
11.00573500025348
11.709756000527705
11.379465999198146
10.682404999897699
10.882990999562026
10.642484000527475
10.812459000590025
10.323555000468332
10.155148000194458
11.70366600035777
10.798397000144178
11.177669999597128
8.587690999775077
8.74585599922284
8.890330000212998
8.474057000057655
8.75467599962576
9.060225000212085
8.568119999836199
8.480947999487398
8.346033000634634
8.442006000223046
8.7025540005925
8.54566900034115
11.066576999837707
9.605811000255926
9.508978999292594
8.944262000113667
10.011783999289037
9.473388000515115
10.70254499973089
9.57853999989311
8.901320999939344
10.49670900010824
10.05412599988631
10.466698000527686
9.804827999687404
10.143208999579656
10.148997999749554
10.048045999610622
10.302873000000545
10.543090000282973
10.83011799983069
11.090046999925107
10.598971999570495
10.477157999957853
10.848018999240594
10.058445000140637
10.405646000435809
10.414227000183018
9.873910000351316
10.61382300031255
11.012324999683187
11.086306999459339
11.034505000679928
10.257593999995152
9.452317000068433
10.348513999815623
9.98273299956054
10.373025000262714
10.184409000430605
9.706965000077616
9.694913999737764
10.883549999562092
11.446577000242542
11.28506299937726
9.38394500008144
9.816018000492477
10.140988000785
11.018154999874241
11.21143000000302
10.152869000194187
10.21459000003233
10.803917999510304
11.230660999899555
11.19295999978931
10.100356999828364
10.111417000189249
9.796047000236285
12.384116999783146
12.175490000117861
10.437666999678186
11.633004000032088
10.99844199961808
10.14610000038374
11.321332999614242
10.912213999290543
9.888546999718528
10.956155000712897
10.569201000180328
10.855640000045241
10.603142000036314
8.495668000250589
9.280832000513328
8.819798000331502
8.770118999564147
8.548048999728053
8.955971999967005
9.280682000280649
9.02691400006006
8.60382200062304
9.330652999778977
9.040674999596376
8.813368000119226
9.216318999278883
8.824087999528274
8.956551999290241
11.414667000281042
9.659502999966207
10.718286000155786
10.750276999715425
10.934162000012293
11.000475000400911
11.015754999789351
10.303873000339081
10.309982999388012
10.7601199997589
10.991473000103724
10.337843000343128
10.126378000677505
8.748295999794209
8.572549999371404
9.052614999745856
9.382385999742837
8.213469000111218
9.210570000504958
8.367085000827501
8.280430999548116
9.533899999951245
9.043414999723609
8.186768000086886
8.652892999634787
8.641923000141105
8.447547000287159
9.276701999624493
8.93610200000694
8.593774000473786
8.498328000314359
8.499528000356804
8.76942600007169
9.071925999705854
9.077085999706469
9.734726000715455
11.099237000053108
11.689766000017698
17.01065599991125
11.335443999996642
10.497768999812251
10.652846000084537
10.554444000263175
9.807409000131884
10.569281000243791
11.035035000531934
10.43309600026987
9.924111000145786
8.98208299986436
8.759395999732078
9.055495000211522
8.235870000135037
8.52828999995836
8.67142400056764
8.54892999996082
9.938234999935958
8.325812999828486
8.456717000626668
8.622121999906085
8.6851440000828
7.316180999623612
8.408884999880684
8.667453000271053
8.732045000215294
8.578289999604749
9.726446000058786
8.503408000251511
8.20937899970886
8.381394000025466
8.14290699963749
8.486317999995663
9.276351000153227
8.592182000029425
8.650171999761369
8.379265000257874
8.864309000273352
8.673072999954456
8.919470999899204
8.736116000363836
8.593124000071839
8.226740999816684
8.554719999665394
8.62634200075263
8.976344999609864
8.979092000117816
9.99406299979455
8.39190500028053
8.007743999769446
8.791176999693562
8.954951999839977
8.47193800018431
8.524988000317535
8.702645000084885
8.832818999508163
9.453638000195497
8.616731999609328
9.168438000415335
7.656742000108352
8.875913000338187
8.308622999720683
8.558030000131112
8.721174000129395
8.826287999909255
8.529028999873844
9.18950799950835
8.238420999987284
8.444635999694583
9.25187100074254
8.825097999761056
8.48638800016488
8.264501000667224
8.095645999674161
8.446856999398733
7.639901999937138
8.34158199995727
8.29141200028971
8.558309999898484
8.75300600000628
8.484288000545348
7.272330999512633
8.820377999654738
8.337242999914452
8.181028999388218
8.706274000360281
8.568689999265189
9.230810999724781
8.72843599972839
8.321623000483669
8.369774000129837
8.560640000723652
8.589129999563738
9.322174000772065
8.694053999533935
8.402415000091423
8.635281999886502
8.101806000013312
8.320132999870111
8.713384000657243
8.349814000212064
8.648652999909245
8.561650000046939
9.06460500027606
8.18762900053116
9.515699000075983
9.442008999940299
8.52465400021174
8.337883000422153
8.440776000497863
8.435466000264569
8.489648000249872
8.60994100003154
8.68930399974488
8.75431600070442
8.385984000597091
8.32163299946842
8.769346999542904
8.855299000060768
9.082915999897523
9.849459000179195
8.610111000052711
8.742055999391596
8.78839700089884
8.990373999949952
8.349753999937093
8.636982999632892
10.359935000451514
9.983273000216286
8.804688000054739
8.641192999675695
8.908150999559439
8.279300999674888
8.647372999803338
8.56722099979379
9.030064000398852
9.200810000038473
8.965983000052802
8.54451900067943
8.478527999614016
9.62406300004659
9.573411000019405
8.631751999928383
9.987083999476454
8.93001100030233
8.63349199971708
8.345014000042283
8.548589999918477
10.561011000390863
8.553069999834406
8.438666999609268
9.149907000391977
8.37647400021524
9.219050999490719
8.501688000251306
8.408675999817206
8.6051119997137
8.512589000019943
8.23515999945812
8.667903999594273
8.422144999713055
8.552080000299611
8.254191999185423
9.113316999901144
8.706134000021848
9.235720999640762
8.273650999399251
8.25258999975631
8.079606000137574
8.91494099960255
10.166326999751618
9.293631999753416
9.377155000038329
8.968111999820394
9.984113000427897
9.230523000042012
8.805938000477909
9.446977000152401
10.753517000011925
8.73164499989798
9.486007999839785
9.237523000592773
9.854198000539327
8.4231760001785
8.924260999265243
9.069355999599793
9.508698999525222
8.568780000132392
8.941373999732605
8.921580999412981
9.551059999466815
9.321123000518128
8.931143000154407
8.7526360002812
9.43879799979186
8.921996000026411
8.911046999855898
9.610930999770062
8.391514999857463
8.748326000386442
8.502708000378334
8.910280000236526
8.963963000496733
8.770776000346814
8.296221999444242
8.273770999949193
8.727594999982102
9.054664999894158
8.418346000325982
9.080674999495386
9.295713000028627
9.47880800049461
8.576580999942962
9.15809799971612
8.511798999279563
8.587910000642296
8.40811499983829
8.850238999912108
9.809458000745508
8.897409999917727
9.468960000049265
8.645002999401186
8.768125999267795
8.43614599943976
8.290793000014673
8.66127300014341
8.639783000035095
8.28854199971829
8.166128000084427
8.584320999943884
8.549719999791705
8.369023999875935
8.974361999207758
8.48346800012223
8.836288000566128
8.133706999615242
8.781387000453833
8.452467000097386
9.619982000003802
8.354663999853074
8.856008999828191
8.321452999553003
8.349505999831308
9.188039000036952
9.365354000692605
8.48127800054499
8.594461000029696
9.906839999530348
8.789677000095253
8.587621000515355
9.04257599995617
9.220089999871561
8.963872000094852
8.689444000083313
8.281641000394302
8.462877000056324
8.923921000132395
8.450766999885673
8.306833000460756
8.362884000234772
8.248760000242328
8.489707999615348
10.019964999628428
8.579061000091315
8.23166999998648
8.701734000169381
8.392134999667178
8.621632000540558
9.64174299951992
8.68821400035813
9.532469000077981
9.217540000463487
8.613911999418633
8.3280430008017
8.788836999883642
9.096316000068327
8.924079999815149
8.447316999991017
8.258329999989655
8.311322999361437
9.478558000409976
8.267420999800379
8.488448000207427
8.717675000298186
8.519668999724672
8.615562999693793
9.228462000464788
8.495807999679528
8.346862999133009
8.497790999172139
8.527398999831348
8.280390999971132
9.188448999339016
8.396135000111826
8.620101999440521
10.340174999328156
8.294711999951687
8.500758000081987
8.93531199926656
8.754914999371977
8.45345699963218
8.424435999586422
8.633143000224663
8.267981000244617
8.559960000638966
8.694504000231973
8.380194999517698
8.823836999908963
8.716544999515463
8.751545000450278
8.029284000258485
8.52131899955566
8.410186000219255
8.693744000083825
7.986913000422646
8.477606999804266
9.614771999622462
8.752306000133103
8.784567000475363
8.326193000357307
8.255129999270139
9.038246999807598
8.580093000091438
8.374995000849594
8.318903000144928
8.565359999920474
9.74191599925689
9.696114000689704
9.764697999344207
9.684955000011541
9.289044000070135
8.937474000049406
8.73364400013088
8.63350400049967
8.752955999625556
8.839799000270432
8.389044999603357
9.58322099995712
8.3880849997513
9.887209999760671
8.660372999656829
8.85188900065259
9.341302999928303
8.886620000339462
8.699953999894205
8.193349000066519
8.225700000366487
8.763186000578571
8.406594999541994
8.551828999770805
8.856199000547349
8.392455000830523
8.575030999963928
8.386564999455004
8.511657999406452
8.464626999739266
8.55653100006748
8.708773999387631
8.42987699979858
8.610580999629747
8.738386000004539
8.766236000155914
9.510580999631202
8.568932999878598
9.034603999680257
8.923449999201694
8.18290799998067
8.540470000298228
9.47893699958513
8.575371000006271
8.786329000031401
8.640263000415871
8.224049999626004
8.538228999896091
9.674034000454412
8.461117000479135
8.372065000003204
8.34288399983052
8.245051000812964
8.501077999426343
8.533418999832065
8.674712999891199
8.71071499932441
8.798797000054037
8.56415099951846
8.307781999974395
8.882329999323701
8.533119000276201
9.3996049999987
8.817878000627388
9.33463399996981
8.631412000795535
9.143187000518083
8.388764000301308
8.386933999645407
8.39690500015422
8.8008170005196
8.617311999842059
9.37617500039778
8.344512999428844
8.864129000357934
8.309861999805435
8.235390999288938
8.133597000778536
9.22281099974498
8.288191999781702
8.828428000015265
9.383274999891
9.00364399967657
8.573969999815745
9.471828000641835
8.690273999491183
8.233230000769254
8.32834599987109
8.22446999973181
9.811837999222917
9.110267000323802
8.77426699935313
8.463928999844939
8.832548999635037
8.404455999880156
8.930560999942827
8.326101999955426
8.376015000067127
9.084095999241981
8.231250000790169
8.656192999296763
9.31879299969296
8.483837000312633
8.519928999703552
8.57544000064081
8.331873000315682
8.299562000502192
8.614002000285836
8.636343000034685
8.405434999986028
8.911101000194321
8.892890000424813
9.070596000128717
8.262469999863242
8.71265499972651
8.603451999988465
8.249440000327013
8.58413100013422
8.525938999810023
8.658832999572041
8.579530000133673
8.524099000169372
8.418775999416539
8.602810999946087
8.91442099964479
8.447787000477547
8.904319999601285
9.019844000249577
7.873429000028409
8.889450000424404
8.963313000094786
8.934724000027927
8.563479999793344
8.471656999972765
8.734366000680893
9.981823000089207
9.157607999441097
9.748896000019158
8.651713000290329
9.015773000101035
8.441596999546164
8.864308999363857
8.749085999625095
9.914571000081196
9.345303999907628
8.907520999855478
9.241519999704906
8.589600999584945
8.024222999665653
8.910841000215441
9.428086000298208
9.448857999814209
8.562970000639325
8.23630100057926
8.868568999787385
8.503598000061174
8.63740200020402
8.503379999638128
8.959351999692444
9.153057000730769
8.947291999902518
9.895201000290399
8.79641699975764
8.995083000627346
8.203309000236914
9.285693000492756
9.232950999830791
9.455628000068828
9.25155100048869
8.372694000172487
8.516369000062696
10.89780099937343
8.945911999944656
8.845919000123104
9.284201999435027
8.498457999849052
8.250341000348271
8.549718999347533
9.121508000134781
8.389675000216812
8.521239000401692
8.326723000209313
8.23473099990224
8.341984000253433
8.209002000512555
8.186268999452295
8.228560000134166
9.109526999964146
9.247291000065161
8.573109999815642
8.491788000355882
8.97156199971505
8.972172000540013
8.826649000184261
8.307951999995566
8.756346000154736
8.775326999966637
8.591980999881343
9.194568999191688
8.631572000012966
8.19920899994031
8.879639000042516
8.202748999792675
8.543258999452519
9.75475599989295
8.311343000059424
9.38384499931999
9.243690999937826
8.570950000830635
9.187198999825341
8.68807300048502
8.784787000877259
8.551830000214977
8.437026999672526
9.211360000335844
8.243440000114788
8.61113100017974
8.284251999612025
8.42441599979793
9.686663999673328
8.429306000834913
8.483597999656922
7.604591000017535
8.652483000332722
8.717724999769416
9.424365999620932
8.761426999626565
8.033424000132072
8.588150999457866
8.85187899984885
9.390404999976454
9.15924799937784
8.464498000648746
8.311672999298025
8.39909499973146
8.15077800052677
8.207418999518268
8.946441999796662
8.624591999250697
8.692723999956797
8.20666900017386
8.488597999530612
8.819627999400836
9.029695000208449
8.756356000048982
8.360093999726814
8.66684299944609
8.560759999454604
8.197869000468927
9.003864000078465
8.435986999757006
8.877639999809617
9.053695000147854
9.051004999491852
9.772835999683593
8.85505899987038
8.447676000287174
8.713985000213142
8.188858000721666
8.575119999477465
7.933861999845249
8.972523000011279
8.593010999902617
8.89320999976917
8.501858999807155
8.237800000642892
8.42374599960749
7.842668000193953
8.665063000080409
9.241311000550922
8.94419199994445
8.546440000827715
8.797947999482858
8.264701000371133
8.307142999910866
10.001354000451101
8.892160999494081
8.309912999720837
9.080654999706894
8.450936999906844
8.675473000039347
7.810016999428626
8.95920200036926
8.837857999424159
9.243200000128127
9.923870999955398
9.918421000293165
10.25898399984726
9.419306000381766
9.916941000483348
10.022204000051715
10.43661699986842
11.129309999887482
10.916011000517756
11.578532000385167
10.882350000429142
10.567850999905204
10.463077999702364
9.688344999631227
11.66158500018355
10.55155999983981
10.35092500023893
10.021715000220865
10.181609000028402
10.133126999789965
10.611550999783503
10.58714200007671
10.667812999599846
10.185309000007692
10.83403000029648
10.317743999621598
9.731576000376663
10.14408899936825
10.574500999609882
10.735505999946326
9.886292999908619
10.27885200073797
11.4524069995241
10.864041000786528
10.344554000766948
10.817358999702265
10.254390999762109
9.95516199964186
10.051065999505227
10.764077000203542
10.850439999558148
10.58818199999223
9.954131999620586
10.112957999808714
10.776836999866646
10.686454999813577
10.790506999910576
10.264542000186339
10.252381000100286
10.983393999595137
11.472578999928373
10.756327000308374
10.837449999598903
9.638614999857964
9.687105000011798
9.845169000072929
10.650573000020813
9.590921999915736
10.860389999834297
9.85028000013699
10.150877999876684
10.171878000619472
10.118247000718839
10.508108999601973
10.16838200030179
10.740005999650748
10.233889999653911
10.172690000217699
10.14530799966451
10.985302999870328
10.657744000127423
10.524109000471071
10.507657999369258
10.069515999930445
9.990984000069147
10.654824000084773
10.7290189998821
10.46938899980887
10.319863000404439
10.384396000517881
10.17537900042953
10.21374999982072
10.11204699989321
10.368725000262202
11.538151000422658
10.431757000333164
10.612711999783642
10.698715999751585
10.649324000041815
10.79396800014365
10.706514999583305
10.018275000220456
10.11580700014747
10.727966000558808
10.72246500007168
10.270742000102473
10.401896000075794
9.870689999843307
10.480739000740869
10.616312999445654
10.085406999678526
9.853098999883514
10.232690000520961
10.17161900017527
9.58400099989376
10.009043999161804
10.322194000764284
9.699843999442237
10.797267999805626
10.599581999485963
10.016614999585727
10.365385999648424
9.994983999604301
10.51952999932837
9.918182000546949
10.037113999715075
10.528249999879336
9.968853999453131
10.722185999838985
10.488028000509075
9.954902999197657
10.935842000435514
10.454057000060857
10.677023999960511
9.93019199995615
10.3490450001118
10.46606799991423
10.08227700003772
9.873879000224406
11.058985999625293
10.913821000031021
9.748485999807599
9.898880000037025
10.398186000202259
10.76196699978027
9.642963999795029
10.399295000752318
10.400506000223686
10.490129000572779
10.380204999819398
10.212060999947425
10.755057000096713
10.57983200007584
10.616652999487997
10.748806999799854
10.35612499981653
10.924411999440053
10.786887999529426
10.018914000283985
10.253331000058097
10.24833200062858
10.467377999702876
9.989655999561364
9.98140399951808
10.291821999999229
10.367425000367803
10.590812000373262
10.630011999637645
10.97787300022901
10.778048000247509
10.860049999791954
10.53909999973257
9.6751539995239
10.740796999925806
9.853080000539194
10.393526000370912
10.428995999973267
9.79061699945305
10.086256999784382
10.877271000026667
10.50394000048982
10.452278000229853
10.540719999880821
10.319574000277498
10.806428999785567
8.812248000140244
10.563341999841214
10.27451200025098
10.170038999604003
10.689794999962032
10.266711999975087
10.913780999544542
10.057894999590644
10.589192000225012
10.476698000275064
10.107907000019623
10.772837000331492
10.429146999740624
10.404466000181856
10.765687000457547
10.094535999996879
10.004433999711182
10.010713999690779
9.668173000136449
10.228720999293728
9.411685000486614
10.796868000397808
10.02386399977695
10.468718000083754
10.923791999630339
10.134778000065126
10.46768800006248
10.284232999765663
9.596441000212508
10.066045999337803
10.754175999863946
10.693834000448987
9.996364000471658
9.78438800029835
10.103036999680626
10.639703000379086
10.128328000064357
9.736184999383113
10.619073000270873
11.407066000174382
10.14702800057421
11.254232000283082
11.037807999855431
10.739956000179518
10.93102100003307
10.189008999986982
10.783206999803951
11.37394499983202
10.05267599975923
9.641353000006347
10.743597000328009
10.97469300020748
10.137648000636545
9.77595700078382
9.729695000714855
9.84946900007344
10.505659000045853
10.120128000380646
10.762586999589985
10.219130000223231
11.028404000171577
10.164520999751403
11.087199000030523
10.199430000284337
10.540380000747973
10.180619000493607
10.359763999986171
11.056947000724904
10.315574000742345
9.953313000551134
10.980023999763944
10.78752700050245
10.491279000234499
10.676874999262509
12.093137999727332
10.701745000005758
10.460838000653894
10.119137000401679
11.1678800003574
11.564741999791295
9.974874000363343
10.25118100005784
10.775826999633864
11.554359999536246
10.939832000076422
10.633754000082263
10.03125499937596
9.87961099963286
10.207110000010289
9.512149000329373
10.75206700079434
10.404386000118393
10.743595999883837
10.764296000161266
10.246860999359342
10.430799999994633
10.289603000273928
10.075354999571573
10.65486300012708
10.18277000002854
10.419756999908714
10.90341199960676
10.895680999965407
10.039044999757607
10.339464000026055
10.3127639995364
10.48789900050906
10.48566800000117
10.051334999843675
10.532739999689511
10.395715999948152
10.650433000591875
10.343513999941933
9.90089100014302
9.616862000257242
10.401115000604477
10.770116999992752
10.600492000776285
10.751527000138594
10.580221999589412
9.565950000251178
10.03177499933372
10.29938299961941
10.388585000328021
10.539070000049833
10.047225000562321
10.174048999942897
11.039596000046004
10.106006999194506
11.727056000381708
10.91919299960864
9.918650000145135
10.19936200009397
9.449067000787181
9.802548000152456
11.009277999619371
9.2812220000269
9.528169000077469
10.0182340001993
9.848510000665556
9.31562300047517
9.505398999863246
9.846179999840388
10.137156999917352
9.771037000064098
10.094287000356417
10.455388000082166
9.567299999616807
11.197339999853284
10.32199400015088
10.280182000315108
10.294802999851527
10.571531000096002
10.550920999776281
10.521760000301583
9.871338999801083
10.829189000105544
10.368454999479582
10.856220000277972
10.444507999636699
10.932711999885214
9.97898300011002
9.803296999962186
10.702075000153854
9.700755000267236
9.634702000766993
9.972533000109252
9.788176999791176
11.315544000353839
10.311182999430457
10.0020139998378
9.80068900025799
10.740245999841136
10.253901999931259
9.571370000230672
10.377096000411257
10.312592999980552
10.395955999229045
10.767136999675131
10.423026999887952
10.525052000048163
10.319183999854431
11.531340000146884
11.083026999585854
10.760366999420512
10.903820999374148
10.314314000424929
10.162788999878103
10.784996999973373
10.32378299987613
9.614201999283978
9.407755000211182
9.557411000059801
10.904730999754975
10.164919000089867
10.460768000484677
10.760627000308887
11.177538999618264
10.4200559999299
10.21506000051886
11.425056999541994
10.425737000332447
11.196499999641674
10.829939000359445
10.715505000007397
10.460007000801852
10.278343000209134
9.862930000053893
9.490028000072925
10.452557000462548
10.256872000354633
9.931911000421678
10.332343999834848
9.982543999285554
10.814009000569058
9.77640600012819
11.120428000140237
10.866612000427267
10.20894999965094
10.108926999237156
10.311994000403502
10.29830200059223
10.369775000071968
10.558061000665475
10.264752000693989
9.960712000065541
10.290962999533804
10.753305999969598
9.751127000527049
10.142966999410419
10.103536000315216
10.400830999969912
10.376464000728447
10.496468999917852
9.812519000661268
9.52154900005553
10.095497000293108
9.985575999962748
10.701234999942244
10.40043600005447
10.487210999599483
9.798019000299973
10.795766999763146
10.361075000218989
10.352134000640945
10.167238000576617
10.707314999308437
10.15904900032183
11.872261000462458
10.64658299947041
12.499583000135317
10.758227000223997
12.34367500001099
10.155467999538814
10.316873000192572
9.853928999291384
10.812239000188129
10.59144099963305
10.243630999866582
9.903911000037624
10.093287000017881
10.212480000518553
10.613242000545142
10.147248000066611
10.691917999793077
10.29390300027444
10.77867799995147
11.093867999989016
11.008045000380662
10.298272999534674
9.966962999897078
9.849529000348412
10.259931000291544
10.21286000013788
10.5947929996546
10.32164299977012
9.77214999966236
10.15443799951754
9.989062999920861
10.948822000500513
11.301333000119484
9.795277999728569
10.438387999784027
9.750806000738521
11.155158999827108
10.848320000150125
10.952032000204781
13.11946900023031
9.855688999778067
10.64963400040142
10.247241000797658
11.364085000423074
10.594262000267918
10.814949000632623
11.044586000025447
9.970643000087875
10.771887000373681
10.25939200007997
10.663384000508813
10.642123000252468
11.05634600025951
10.772677000204567
9.38504500027193
9.201640000355837
8.740045999729773
9.655781999754254
9.818328000619658
10.211580000031972
10.235531000034825
9.613272000024153
10.028204999798618
10.033165000095323
10.443197000313376
10.550760999649356
10.869849999835424
9.839948999797343
10.343284000555286
10.971503000291705
11.0054750002746
11.33076499991148
10.603193999486393
10.000592999858782
10.220890999335097
9.906781000609044
11.178650000147172
10.520189000089886
10.427418999825022
10.668984000403725
10.847169000044232
11.688286000207881
10.275772000568395
9.443875999750162
11.143933000312245
9.935031999702915
9.207288999277807
9.161228999801097
8.967650000158756
10.341355000491603
9.820526999646972
8.867348999956448
9.634512000047835
8.858019999934186
8.917310000470025
9.26431199968647
9.341394000330183
9.132257000601385
8.733855000173207
9.656893000283162
9.775940000508854
10.507408999728796
9.662632999607013
9.075265000319632
9.148797999841918
10.531629000070097
10.079356000460393
10.188049999669602
11.059536999709962
10.60789199982537
10.623043000123289
10.45797799997672
10.393685999588342
10.2021100001366
10.328643999855558
11.688354999932926
10.165478000089934
9.862308999800007
10.451506999743287
10.089797000546241
11.463408000054187
10.259091999614611
10.344903999794042
10.838358999535558
11.32833399969968
10.873662999983935
15.622163999978511
9.206660000018019
11.30360400020436
9.67891399977816
9.25074000042514
10.09212699955242
9.871889999885752
9.839729000304942
10.396315000434697
10.614433000228018
10.086397000122815
10.425066999232513
10.187258999394544
10.638873999596399
10.454156999912811
10.431590000735014
10.749756000222987
9.563040000102774
9.860590000243974
10.656714000106149
10.688455000490649
9.819148000133282
9.889399999337911
11.279201999968791
10.918071999185486
9.897289999571512
9.779096999409376
10.30057299976761
11.931732999983069
10.592411999823526
10.12773799993738
10.136558000340301
11.188509999556118
10.752617000434839
10.606651999296446
10.18385999941529
9.85499900070863
9.761257000718615
10.689984999771696
9.302512999965984
10.78702799986786
9.882529999231338
10.699915000259352
9.969423000256938
10.784717999740678
9.450305999962438
10.37719499981904
10.114088000591437
9.927381000125024
10.74654600051872
10.439867000059166
10.50129899977037
10.583461000351235
9.81651799975225
11.128830999950878
9.958732000086457
10.406635999970604
9.910759999911534
10.411105999992287
10.354704999372188
10.80612799978553
10.56685200001084
10.547230999691237
10.676453999622026
9.605691999240662
10.164088999772503
9.73645599970041
10.684615000172926
11.444567999205901
10.892510999838123
10.691224000765942
11.249881000367168
10.756736999610439
10.10751700050605
10.126767999281583
10.033704999841575
10.253952000311983
10.915920999650552
10.88903100026073
10.303676000148698
9.259010000278067
10.558600999502232
9.849108000707929
10.363625000536558
9.454856999582262
9.470687999964866
9.29998199990223
10.485069000424119
9.854909000750922
10.026404000200273
10.140588000467687
10.288622999723884
10.580172000118182
9.96077600029821
10.480888000529376
10.659014000339084
10.72607500009326
9.834899000452424
9.885110999675817
10.27942200016696
10.058056000161741
10.326993000489892
10.224029999335471
10.287222000442853
11.75615700049093
10.85434900051041
10.28459200006182
10.165238999434223
10.72975600072823
9.614861999580171
11.059625000598317
9.58643200010556
10.67694500034122
10.04653500058339
9.848769000200264
10.074765999888768
11.203975999706017
9.928251000019372
9.86936000026617
10.67704499928368
9.900680000100692
9.929810999892652
10.681044999728329
11.36516600035975
10.232270999949833
9.484687999247399
10.069015999761177
10.296143000232405
10.216941000180668
9.94531200012716
10.640571999829262
10.378556000432582
10.136478000276838
10.12872800038167
10.455697999532276
10.16852800057677
9.98351299949718
9.910141000545991
11.080286999458622
9.578742000485363
10.028423999756342
10.524719999921217
10.18950900015625
10.505008999643906
10.252240999761852
10.086397000122815
10.474638999767194
9.980773000279441
10.393905999990238
11.444467000728764
10.484069000085583
11.482679000437201
10.439449999466888
9.914860999742814
10.157958000490908
9.80628799970873
10.345128000153636
9.942921999936516
10.389164999651257
11.060865999752423
10.338234000300872
11.770199999773467
9.447036999517877
10.0553949996538
9.88177999988693
10.0015230000281
10.308346000783786
11.103126999842061
10.57816200045636
10.14545799989719
10.514979000618041
10.898601000008057
11.047295999560447
10.323243000129878
11.87958099944808
10.539550000430609
10.256702000333462
9.674853999968036
10.213720000137982
9.45264700021653
10.247731000163185
11.28752299973712
10.072175999994215
9.775726999578183
8.83118799993099
9.210278999489674
8.947760999944876
8.89612999981182
8.51094799963903
9.595812000043225
9.019824000461085
8.941212000536325
8.681293999870832
9.113297000112652
8.071475000178907
8.506278999448114
9.175309000056586
8.856019000631932
9.54109000031167
8.85494900012418
8.848658999340842
8.624032000625448
9.134187000199745
8.696214999872609
8.814478000203962
8.806498000012652
8.896889999959967
9.89265099997283
8.391135000238137
8.583551000810985
8.256359999904817
8.3451939999577
8.112696999887703
9.000053000818298
8.261250000032305
8.61468099992635
8.599420999416907
9.257370000341325
8.789847000116424
8.55978000072355
8.28135099982319
8.6934740002107
8.53345899940905
8.566000999962853
8.378575000278943
8.902320000743202
8.919921000597242
8.594210999945062
8.340132999364869
8.677884000462655
8.529668999472051
8.947211999839055
8.637822999844502
8.482768000249052
8.526758999323647
8.809410000139906
8.857998999701522
8.827139000459283
9.031263999531802
8.61717200041312
9.176048999506747
8.47164700007852
8.804767000583524
8.469437000712787
8.88574999953562
8.803196999906504
9.673044000010123
8.81451700024627
8.908850999432616
8.521248000761261
8.961581999756163
9.100477000174578
8.6850340003366
8.940831000472826
8.712247000403295
8.363454000573256
8.985493000182032
8.73435499943298
8.40716600032465
8.250881000094523
9.149197000624554
8.552259999305534
8.692264000274008
8.946992000346654
9.709255000416306
8.922502000132226
8.761346000028425
8.8965430004464
9.509968999736884
8.553910000046017
8.314282999890565
8.493027999975311
8.930031999625498
8.953002000453125
8.70916500025487
7.753235000564018
8.713305000128457
8.69248399976641
8.409494999796152
8.5433499998544
8.611111000391247
8.342572999936237
8.587791000536527
8.48185800077772
8.734005999940564
10.32451300034154
8.931411000048683
8.186588999706146
8.808796999801416
8.601751000242075
8.265010999821243
9.086455999749887
8.71095399998012
8.886720000191417
8.631541999420733
8.563190000131726
8.503459000166913
9.209660000124131
9.801678000258107
9.241763000318315
8.752766000725387
10.367996000240964
9.108006000133173
9.078256000066176
8.916470999793091
9.732815999996092
9.552741000334208
9.954662000382086
9.852430000137247
10.246603999803483
10.318073999769695
10.707455000556365
9.983293000004778
11.501068999677955
10.278662000018812
9.397535000061907
10.089286999573233
9.98346300002595
10.766288000013446
10.577832000308263
10.681044999728329
10.803739000039059
9.984633000385656
10.085045999403519
9.643532999689342
9.962672999790811
10.45719800004008
10.330983999665477
11.25779300036811
10.829828000169073
11.131689000649203
10.146039000574092
10.1391580001291
10.895321000134572
11.062825999943016
10.222029999567894
9.605032000763458
10.363295000388462
9.770827000465943
8.548439999685797
9.224200999597088
10.292573000697303
9.945902000254137
9.794177999538078
9.819218999837176
9.809596999730275
9.965183000531397
9.872720000203117
10.299043000486563
10.08612700024969
9.676745999968261
10.180049000155122
9.8226780000914
9.927080999659665
10.435766999762564
11.070927000218944
10.798729000271123
10.256332000608381
10.741266999502841
10.229299999991781
10.85835899993981
9.858258999884129
10.492192000128853
10.342974999730359
10.405216000435757
10.224081000160368
10.807308000039484
10.677993000172137
10.729924999395735
10.198187000241887
9.096727000724059
9.361854999951902
10.586792999674799
10.543630000029225
11.680284999783908
10.141568000108236
9.895250999761629
9.754456999871763
10.32496399966476
9.561350000694802
10.153147999517387
10.3276840000035
10.654032999809715
10.54304100034642
10.014774000410398
9.452197999962664
11.516470000060508
10.368485000071814
11.209070999939286
10.058494999611867
10.151929000130622
10.26624099995388
10.372796000410744
9.950121999281691
10.129137999683735
10.82846899953438
10.569742000370752
9.856448999926215
10.148868000214861
9.93572200059134
10.383056000137003
9.547650000058638
11.079955999775848
9.436186999664642
9.789607000129763
9.894410000015341
9.9029810007778
9.914679999383225
10.571320999588352
11.746598000172526
10.137116999430873
10.420016999887594
10.615620999487874
10.665033000805124
10.126886999387352
10.019334999924467
10.526100000788574
10.303193000254396
10.540489999584679
10.594592000416014
10.886480000408483
10.401105999335414
10.596101000373892
10.299411999767472
10.263361999932386
10.554700999819033
9.872429999632004
10.300932999598444
10.15103800000361
10.570309999820893
11.899656999958097
10.611742000037339
11.217809999834571
11.173698999300541
10.080236000248988
9.874618999674567
10.32199400015088
10.354263999943214
12.035665000439622
11.068544999943697
11.045294999348698
10.494539000319492
11.045715999898675
10.53680000040913
9.61371199991845
9.68120400011685
10.355495000112569
9.945371999492636
10.492728999452083
11.156128000038734
10.958351999761362
10.369894999712415
9.934561000591202
10.503249000066717
10.04641600047762
9.725595000418252
10.70705599977373
10.900580999987142
10.065415000099165
10.505278999517031
10.461087000294356
10.544550000304298
10.474358999999822
10.41364600041561
9.870290000435489
9.652024000388337
10.507087999940268
9.995614000217756
10.509019999517477
10.501999000553042
10.022004000347806
9.78007699995942
10.55270999950153
9.954131999620586
11.433976999796869
10.254951000206347
10.555390999797964
10.450466999827768
10.027174999777344
9.792466999897442
10.503049000362807
10.085136000270722
10.080815999572224
10.70943500053545
10.484878000170283
10.118679999322922
10.436846000629885
10.346625000238419
10.924451999926532
10.783807999359851
9.884240000246791
10.438649999741756
11.685854999996081
10.697007000089798
11.618382999586174
8.367483999791148
10.392815999693994
10.10177699936321
10.410245999992185
10.523070000090229
9.819517999858363
9.391296000103466
9.740296000018134
10.279291999722773
9.899341000163986
8.682953999596066
8.202199000152177
9.268681000321521
8.680953000293812
7.542469000327401
8.718594000129087
8.964410999396932
8.669763999932911
8.551410000109172
8.770626000114135
8.397495000281197
8.65057299961336
8.615982000264921
8.627832000456692
8.466747999591462
8.654053000100248
8.292011999401439
8.446816000287072
8.122807000290777
8.539688999917416
8.853948999785644
9.04640500084497
9.835919000579452
8.56052000017371
8.500028000526072
9.29079500019725
8.847478999996383
8.837867999318405
9.072075000403856
9.073584999896411
8.43970599999011
9.436147000087658
9.284692000619543
9.09310600036406
8.540449999600241
8.296852000057697
8.68317299955379
8.338593000189576
8.558520000406133
8.623603000160074
8.870769000168366
9.159808000731573
8.586160000049858
8.663602999149589
9.177008999358804
9.368274999360438
9.46198700057721
9.714705000078538
7.942991000163602
8.821958000226005
8.609344000433339
9.06009600021207
9.58160099980887
8.679395999934059
8.475855999677151
8.574250000492611
9.203178999996453
8.375825000257464
8.457638000436418
8.628981999208918
8.161327999914647
8.524918999682995
8.559398999750556
8.20932900023763
8.514547999766364
10.09230599993316
8.709355000064534
8.810397000161174
9.502789999714878
9.415655999873707
8.564169999772275
9.131177000199386
9.541380000882782
8.484798000608862
9.213519999320852
8.41947600019921
9.073127000192471
8.373564000066835
9.175479000077758
8.318332000271766
8.80621800024528
8.776466000199434
8.422205999522703
9.18765899950813
8.769146999838995
9.61380199987616
8.913470999686979
10.305771999810531
8.597742000347353
9.655312999711896
9.632233000047563
9.928341999511758
9.494161000475287
10.097497000060685
10.31841300027736
10.684994000257575
10.935371999948984
10.365844999796536
10.134897999705572
9.68574400030775
10.04106500022317
10.94827199995052
10.94008199925156
10.126378000677505
10.278052000103344
9.509777999483049
10.666883999874699
9.886350999295246
9.791657000278065
10.013783999966108
9.843199999522767
10.200981999332726
10.111435999533569
9.948142999746779
9.783368000171322
10.098007000124198
9.987783000724448
10.171688999434991
9.887610999612662
11.011174999111972
10.71952400070586
11.720865999450325
9.71600600041711
9.79561699932674
11.217911000130698
10.729466999691795
9.282701999836718
9.228398999766796
8.554699999876902
8.711724000022514
8.67442300022958
8.657434000269859
8.964212000137195
8.241939000072307
8.484447000228101
8.495451000271714
8.516507999956957
8.933241000704584
8.855928999764728
8.595541000431695
8.696794000570662
8.395066000048246
8.972613000878482
8.579950999774155
8.992453999780992
8.71360399924015
8.55124900044757
9.328382000603597
8.324153000103252
8.623382999758178
9.27735200002644
8.737586000279407
8.346773000084795
8.470877000036126
8.434067000052892
8.853092000208562
8.523188000253867
8.383905000300729
8.615112000370573
8.292071000141732
8.038963999752013
8.74835600006918
8.49499800006015
8.83320899993123
8.655952000481193
8.813366999675054
8.87722900006338
7.628131999808829
9.161447000224143
8.672782999383344
10.117697000168846
8.784987000581168
9.067617999789945
9.627291000469995
9.243911000339722
9.753796000040893
9.504388000095787
10.08485600050335
10.132987999895704
10.482618000423827
10.04011500026536
10.087356000440195
11.100097999587888
10.58844199997111
10.641603000294708
10.200770000665216
9.320613000454614
10.455896999701508
9.930531999998493
10.358763999647636
9.827670000049693
10.962962999656156
10.81230899944785
10.101826999743935
9.726576000502973
10.068606000459113
10.05819599959068
10.15299699975003
10.87370099958207
10.185610000007728
9.976153000025079
10.012564000135171
12.117066999962844
9.89073999971879
10.549399999945308
10.026116000517504
10.158041000067897
9.922451999955229
10.490177999599837
10.59995300056471
11.12853799986624
10.29552300042269
10.307153999747243
10.647262999555096
10.036593999757315
10.602393000226584
9.972263000236126
10.688434999792662
10.48502899993764
9.546039000269957
9.687503999884939
10.864390999813622
11.145959999339539
10.857969999960915
10.276353000335803
9.845408999353822
10.190688999500708
10.435346999656758
10.047004000625748
9.99520300047152
10.30502199955663
10.037056000328448
10.752476000561728
10.745556999609107
10.271621999891067
10.937572000329965
10.158098999454523
10.601412000141863
10.933553000540996
10.120247000486415
10.26742199974251
10.749637000117218
12.306863999583584
11.55251100044552
9.854719000031764
10.141207999367907
10.424435999993875
10.3977759999907
9.397973999512033
9.883640000225569
10.352043999773741
10.289902999829792
10.20838000022195
10.909751999861328
10.350374999688938
10.306322999895201
10.013617000367958
10.35627300007036
9.713464999549615
9.720584999740822
9.991784000703774
10.500969000531768
10.716974999922968
10.584962000393716
10.486518000107026
10.520219000682118
10.105416999977024
10.249871000269195
10.328254999876663
9.975453999686579
10.105416999977024
9.681382999588095
10.353284000302665
10.458187999574875
9.63709299958282
10.291303000485641
9.735145000377088
10.222689999864087
9.683264000159397
10.298144999978831
10.195879999628232
10.358463999182277
11.347443999511597
10.492008999790414
10.410626000521006
10.30161299968313
9.66837400028453
10.805358000652632
9.748745999786479
11.002433000612655
10.190779999902588
10.566670999651251
10.283251999680942
10.001373000704916
9.758676999808813
10.758907999843359
10.354484999879787
11.109127000054286
9.770957000000635
11.080256000241206
10.259710999889649
10.923721999461122
10.086846999911359
8.783407000009902
9.19385900033376
9.558009999636852
9.45175700053369
9.727874999953201
9.641202999773668
9.928442000273208
10.051014999589825
10.366135000367649
10.043884999504371
9.700725000584498
10.179519999837794
9.642572000302607
10.716289999436412
10.225816000456689
10.525409999900148
10.574412000096345
10.141627999473712
11.282374000074924
10.328303999813215
10.927262999757659
10.88993100074731
10.601752999718883
10.568381000666704
10.275502000695269
13.723377000133041
10.109766999448766
10.990434000632376
10.00149399988004
9.317973000179336
9.954242999810958
9.965561999706551
10.253422000459977
10.509699000067485
10.461728000336734
9.867548999864084
10.423698999147746
10.72332399962761
10.833058000571327
11.261691999607137
11.091807999946468
10.568380000222533
10.575360000075307
10.459456999342365
10.429916999783018
10.205639999185223
11.403037000491167
10.279222999997728
10.273023000081594
10.015933999966364
10.121499999513617
9.97100299991871
10.407655999188137
10.611952000544989
10.44381700012309
9.696854999674542
10.894990999986476
9.825637999711034
10.090585999932955
10.073045999888564
9.924861000399687
10.478078999767604
10.579661000519991
10.628282000652689
9.607912999854307
10.324683999897388
9.851378999883309
9.73212600001716
9.505699000328605
9.62392200017348
9.631363000153215
10.031143999185588
9.977052999602165
10.197240000707097
10.977943999932904
10.29217300037999
11.149839999234246
10.39054499960912
10.14565900004527
10.08940699921368
11.265832999924896
10.764536999886332
10.234651000246231
9.755326000231435
9.942341000169108
10.356955999668571
10.808777999955055
9.81779900030233
11.428827000599995
10.040765000667307
10.29725199987297
10.527199000534893
10.533319000387564
9.93796199963981
9.928601999490638
9.951332000127877
10.999763999279821
9.638262999942526
10.568910999609216
10.06184600009874
9.864968999863777
10.110820000591048
9.994144000302185
10.343272999307374
11.063796000598813
10.696934999941732
11.618073000136064
10.085246000016923
10.151728999517218
10.909511000136263
10.247840999909386
10.604213000078744
10.19681900015712
11.44470800045383
10.449516999869957
10.24671200048033
10.917362000327557
10.510089000490552
10.316942999452294
10.145348999685666
10.916502000327455
11.36190500074008
10.887241000091308
10.348853999857965
10.2015090005807
10.19336000081239
9.894270000586403
9.487907999755407
10.311772999557434
10.361315000409377
10.502938000172435
10.291273000802903
10.126938000212249
9.685683999123285
10.085775999868929
10.350493999794708
11.077925999416038
10.20023000000947
12.207920999571797
9.731755000757403
10.451355999975931
10.676875000172004
10.988953999913065
10.881091000555898
9.929191000082938
10.89341099941521
10.238331000437029
10.018394000326225
9.64634299998579
10.594291000415978
11.121706999801972
10.591680999823438
9.894290000374895
9.571080999194237
9.752586000104202
9.691745000054652
10.363446999690495
9.436696999728156
9.779637000065122
10.069085999930394
10.076466000100481
11.194550000254821
9.844760000305541
9.394128000167257
10.115197000232001
10.515310000300815
9.943561999534722
10.38416600022174
10.028204999798618
9.870619000139413
10.334793999390968
11.260381999818492
9.818738000831218
9.667944000284479
10.859550000532181
10.35664499977429
11.250001999542292
10.21315100024367
11.103457000899652
9.984473999793408
10.75197600039246
10.141777000171714
10.134808000657358
8.635772000161523
10.45230999989144
8.904983999855176
12.00268499997037
9.636933000365389
9.95921300000191
9.631533000174386
9.76909600012732
9.707403999527742
9.381404999658116
9.512259000075574
10.017223999966518
9.998124000048847
11.199609999493987
9.835580000071786
9.799377000490495
9.442136999496142
9.895821000100113
9.781386999748065
10.481688000254508
10.844970000107423
11.163268999553111
10.614271999656921
12.074925999513653
10.73454600009427
10.377616000369017
9.808008000618429
9.810418000597565
10.588723999717331
9.771967000233417
9.76486899980955
10.540039999796136
9.614562000024307
10.481569000148738
10.340894000364642
9.615093000320485
9.539690000565315
10.366285000600328
10.568910999609216
9.971774000405276
9.525948999907996
11.315723999359761
9.85905899960926
10.097055999722215
11.220080999919446
10.113065999576065
10.9482530006062
10.628963999806729
9.16629799939983
8.561249999729625
8.654512999783037
8.626531999652798
8.690503999787325
8.86583999999857
8.914601000469702
9.331532999567571
8.79776799956744
9.473887000240211
9.361604999867268
8.928121000280953
9.730946000672702
10.7042960007675
10.777628000141704
9.860008999567071
10.022853999544168
10.290692999660678
10.658973999852606
10.244521000458917
10.455207999257254
10.224171000118076
10.701944999709667
11.135898000247835
9.780427999430685
10.193480000452837
10.531568999795127
10.987763999764866
10.407986000245728
10.23714100028883
10.202480000771175
10.70855499983736
11.358294999809004
9.994123999604199
10.703394999836746
10.080476999974053
10.825710000062827
11.223260999940976
11.205991000679205
10.344084999815095
10.57725099963136
10.48185900071985
10.435847999360703
10.795418999805406
11.200889999599895
12.655554000048141
10.867160999623593
10.555113000009442
11.28919999973732
10.461138000209758
11.086136999438168
10.725686000114365
9.82188799935102
10.4401170001438
9.43960699987656
9.875069999907282
8.685173999765539
8.937841999795637
8.542698999917775
9.410597000169219
8.892379999451805
8.164387999386236
9.023683999657806
8.739494999645103
8.535540000593755
8.216858999730903
8.781067000199982
8.140326999637182
8.932561000619899
8.88857000063581
9.015623999403033
8.444437000434846
9.098027000618458
8.398826000302506
9.110107000196876
8.47457000054419
8.214939000026789
8.393864999561629
10.566621000180021
8.59705099992425
9.328123000159394
9.20606899944687
8.849529000144685
8.74852600009035
8.307313999466714
8.571379999921191
8.81058800041501
8.979563000139024
8.404056000472337
8.26368099933461
8.52104900059203
8.322093000060704
8.890152999811107
8.948982000219985
8.795288000328583
8.781477000411542
8.479396999973687
8.652982999592496
8.707754000170098
8.55561000025773
9.03722499970172
8.143416999701003
8.653863000290585
8.949791999839363
8.713294999324717
8.92723200013279
8.57781100057764
9.014993999699072
8.08302499990532
9.142287999566179
8.403384999837726
8.539390000805724
8.63020199994935
8.295661999909498
9.859589999905438
8.865379000781104
8.53579999966314
8.854199000779772
8.341824000126508
8.317783000165946
8.826029000374547
8.97555299980013
9.429235999959928
8.156527999744867
8.365994000087085
8.97859300039272
8.891670000593876
9.122567999838793
8.561292000194953
9.358425000755233
8.893709999938437
8.617772000434343
8.274300999801198
8.58167099977436
8.437985999989905
8.701423999809776
8.274181000160752
8.17382799959887
8.296541000163415
9.135278000030667
8.549719999791705
9.371853999255109
8.898260000023583
9.137559000009787
8.77125600072759
8.628472000054899
8.40007499937201
9.376434999467165
8.263330999398022
8.078845999989426
8.508658999744512
9.747935999257606
8.694494999872404
7.991293000486621
8.202600000004168
8.153477000632847
8.311372000207484
8.718584999769519
8.968702999482048
8.467837999887706
8.829559000332665
8.647063000353228
8.389923999857274
8.648042999993777
9.311421999882441
8.901019999939308
9.1902089998257
9.204920000229322
8.858649000103469
9.12870699994528
9.106535999308107
9.474397999838402
9.137817999544495
9.068784999726631
8.762326000578469
8.871359000295342
8.486257999720692
9.587270999872999
8.630782999716757
8.238010000241047
9.300202999838802
8.98739299918816
8.848047999890696
8.362944000509742
8.153367999511829
8.614261999355222
8.325483000589884
7.951952000439633
8.443749000434764
8.467757999824244
9.239230999810388
8.511768000062148
9.438486999897577
8.626831999208662
8.60311099950195
8.817988000373589
7.8127670003595995
8.5524300002362
8.519220999914978
8.545869000045059
8.512278999660339
8.130677000735886
8.449775999906706
8.297161999507807
9.230620999915118
8.25919100043393
8.648154999718827
8.685593999871344
8.135287000186509
8.4349660000953
8.7332859993694
9.473807999711426
8.899940000446804
9.369594999952824
8.250419999967562
14.724370000294584
8.852889000081632
8.709483999155054
8.75523600007
10.49629899989668
9.818149000238918
9.283231999688724
9.354355000141368
9.033494000505016
9.250330999748257
8.55764999960229
8.263390999672993
10.098116000335722
8.274640999843541
8.61072099996818
9.026233999975375
8.477348000269558
8.34994400065625
8.587940999859711
9.177189000183716
8.20723899960285
8.543599999939033
8.575410000048578
8.80951700037258
8.308012000270537
8.449357000245072
8.508778000759776
8.265931000096316
8.069095000792004
8.802596999885282
8.959573000538512
8.888739000212809
8.878080000613409
8.777147000728291
8.10600600016187
9.08497599994007
8.650772000692086
8.526978999725543
8.460817000013776
9.516959000393399
8.586220999859506
8.745297999666946
8.396426000217616
8.822087999760697
8.867759999702685
8.721826000510191
8.217249999688647
8.689393000167911
8.774896999966586
9.447606999856362
8.938230999774532
8.656662999783293
8.470116999887978
8.59186000070622
8.890680999684264
8.49776799987012
8.678272999532055
8.61127200005285
8.779656999649887
8.928160999857937
8.998833999612543
8.419456000410719
8.676773999468423
7.897720000073605
8.850609000546683
8.91038000008848
8.569131000513153
8.897140000044601
8.548759999939648
8.329862000209687
8.47840799997357
9.514759000012418
8.677023999553057
8.178929000678181
8.69181399957597
8.110235999993165
8.66826299989043
8.712445000128355
8.513668999512447
8.704705000127433
8.211219999793684
8.685072999469412
8.617672000582388
9.125976999712293
8.38415399994119
8.750384999984817
7.697685000493948
8.717803999388707
8.62124200011749
9.160477999103023
8.699664000232588
8.483657999931893
8.9580929998192
7.904479999524483
8.45100700007606
8.949261999987357
8.327813000505557
8.257429999503074
9.283361999223416
8.499148000737478
8.76462599990191
8.506359000421071
8.765445999415533
8.054625000113447
8.703574000719527
8.825799000078405
8.807567000076233
8.5180890000629
8.86515000001964
8.623241999885067
8.613861999947403
9.093007000046782
8.808377000605105
9.033004999764671
8.754096000302525
8.319943000060448
8.896879999156226
8.391354999730538
8.620852000603918
8.639613000013924
9.673935000137135
8.354053999937605
8.73927599968738
8.884419999958482
9.361134999380738
8.530368999345228
9.162307000224246
8.880989999852318
9.577030999935232
8.705419999387232
9.69568500022433
9.437816999707138
9.590271999513789
10.019876999649568
9.318213000369724
9.663552999882086
9.303802999966138
10.348024999984773
10.461187999680988
9.88632000007783
9.608730999389081
8.614031999968574
8.623441999588977
8.276472000034119
8.88487999964127
8.292032000099425
9.06923500042467
8.520129000316956
8.677413999976125
8.740606000174012
8.656482999867876
10.093136000250524
8.60165100039012
8.578981000027852
9.064275999662641
8.846298000207753
8.918550000089454
8.239660000072035
8.730575000299723
8.274180999251257
9.321223000370082
8.495067999319872
8.31936200029304
8.409365999796137
9.014134000608465
8.473416999549954
9.154858000329114
8.496747999743093
8.393025000259513
7.965361000060511
8.841422999466886
8.835808000185352
8.53262900000118
8.463627999844903
8.752935999837064
8.581641000091622
8.573131000048306
8.27874099923065
8.376863999728812
8.508931000505982
9.64028300040809
8.677412999531953
9.038483999574964
8.683503999236564
8.916911000596883
8.565699999962817
8.783686999777274
9.079096000277787
9.237871000550513
8.63543200011918
8.840038999551325
8.648742000332277
8.506199000294146
8.724634999452974
8.927561999371392
8.804816000520077
8.91067100019427
8.571170000323036
9.50575899969408
8.568168999772752
8.620911999969394
8.252761000221653
9.87291000001278
8.496827999806555
8.89887099947373
8.882940000148665
8.80346699977963
8.805258000393223
8.280060999823036
9.800337999877229
8.737636000660132
9.2748519991801
8.62035200043465
8.630622000055155
8.706644999620039
9.394155999871145
8.765326000684581
8.557299000131025
8.449147000646917
8.473337000395986
8.418755999628047
7.9002100001162034
8.869889000379771
9.20944000063173
8.639171999675455
8.348102999661933
8.244429999649583
9.136218999628909
8.00836199960031
9.140917999502562
8.730635000574694
8.627941999293398
9.247740999853704
8.502388000124483
8.901771000637382
8.845569000186515
8.935181999731867
8.316761999594746
8.92974199996388
8.917101000406547
8.255813999312522
8.841758000016853
8.405115000641672
8.679923999807215
8.317902999806392
9.329966000223067
8.061174000431492
8.459766999294516
8.556719999432971
8.497438000631519
8.522258999619226
9.363674000269384
8.751766000386851
9.269561999644793
8.344443000169122
8.916140999644995
8.60382400060189
8.450817000266397
8.220089999667834
8.704083999873546
8.52819899955648
