Messages/sec=77.08
duration_sec=60.002
payload_size_bytes=1048576
total_messages=4625
payload_throughput_MiB_sec=77.08
mean_rtt_ms=10.825
median_rtt_ms=10.831
stddev_ms=1.733
min_ms=6.966
max_ms=37.156
---raw_latencies_ms---
11.822908999420179
9.656024999458168
10.431294000227354
9.634883000217087
9.450487000322028
8.58879000043089
8.730288000151631
9.342903999822738
8.816387000479153
8.420145999480155
8.342414000253484
9.006952999698115
9.102466000513232
8.520638999470975
8.420145999480155
9.161019000202941
9.59811200027616
8.025044000532944
8.51257800059102
8.801356999356358
8.853309000187437
8.718963999854168
8.109367000542989
8.211050000682008
9.183838999888394
8.39904500026023
8.462286999929347
8.336023000083514
8.396444999561936
8.185919000425201
8.517138000570412
8.51251800031605
8.652163000078872
8.68112399984966
9.28077300068253
8.480317999783438
8.704164999471686
8.943910999732907
9.145817999524297
8.946850999564049
8.690794000358437
8.29866200001561
8.91364099970815
9.509919000265654
8.566600999984075
8.134886999869195
8.945082000536786
8.53189899953577
8.651133999592275
8.756105999964348
8.76022699958412
8.61216199973569
8.455585999399773
8.335683000041172
10.20317900020018
8.617280999715149
10.990683999807516
8.364404000531067
8.425175999946077
8.992912999929104
10.721286000261898
8.803106999948795
8.964781999566185
10.144109000066237
9.239230000275711
9.617581999918912
8.882159000677348
8.997163999993063
9.127217999775894
9.591150999767706
9.614923000299314
10.0170440000511
9.458806999646185
9.516768999674241
9.72165499933908
9.738396000102512
10.474818000147934
10.410335999949893
9.939602000486047
10.395826000603847
10.432416999719862
10.83494900012738
11.026143999515625
11.006084000655392
10.773777000395057
10.729587000241736
9.755687000506441
9.997465999731503
9.666203999586287
9.880290999717545
10.005424000155472
9.555249999721127
9.9432720007826
10.01416400049493
9.654313000282855
10.601441000289924
9.699466000711254
10.370144999797049
10.26857199940423
9.980014000575466
10.496997999325686
10.75857699925109
9.535839999443851
11.423617999753333
10.231241999463236
10.953392999908829
10.345533999498002
10.048395000012533
9.66679499924794
10.278092000589822
10.458777000167174
10.393835999821022
10.07961699997395
10.238480999760213
11.123377999865625
10.413316999802191
11.133957999845734
10.822129000189307
10.763356999632379
10.216800000307558
10.639503000675177
10.742657000264444
10.93226200009667
12.106457000299997
10.374845999649551
10.041195000667358
10.51954900049168
10.976853000101983
10.242652000670205
10.514210000110324
10.409325999717112
10.334714000237
9.742606000145315
10.220030999334995
9.836207999796898
10.292943000422383
11.508679999678861
10.842898999726458
10.096377000081702
10.462438000104157
9.908700999403663
10.774670000500919
9.988093000174558
10.696919999645615
9.938991999661084
10.764587000267056
10.548240000389342
10.923001999799453
9.642782000810257
10.320463999960339
9.7394450003776
9.588162000000011
10.199699999247969
8.908570999665244
8.889969999472669
9.115806999943743
10.329867000109516
9.771257000465994
9.953743000551185
10.71168500038766
10.159449000639142
10.50499899974966
10.438896999403369
10.436696999931883
10.467578999850957
10.35369399960473
9.910230999594205
9.720725999613933
10.367255000346631
11.466418999589223
10.437818000355037
9.315642999354168
8.74101600038557
9.03249400016648
9.150158000011288
9.249171000192291
9.35484500041639
9.336463000181539
9.635153000090213
8.867169999575708
9.727086000566487
8.547679000002972
8.544818999325798
8.61178299965104
8.854708999933791
9.322672999587667
8.694594999724359
8.6461529999724
8.66424299965729
8.52770999972563
8.142037000652635
8.22124000023905
8.676923999701103
8.90118999996048
8.505068999511423
8.454148000055284
8.563350000258652
8.502998000039952
8.630552999420615
8.431755999481538
8.42655599990394
8.362059000319277
8.84193799993227
8.87806900027499
8.295872000417148
8.214949999455712
8.70655499966233
8.73392499943293
9.242261000508734
9.15748799980065
9.608972000023641
9.725895999508793
9.563960999912524
8.840079000037804
9.7685470000215
9.26441200044792
9.316742000009981
9.436527999241662
9.771357000317948
9.906309999678342
9.13870800013683
10.333483999602322
10.326733000511013
10.45734800027276
10.051766000287898
10.429318000205967
10.273932000018249
9.722345000227506
10.3180030000658
9.856099999524304
8.99286399999255
9.387935000631842
9.901231000185362
9.98788400011108
10.76764700064814
9.899413000312052
9.833207999690785
10.003365000557096
9.785925999494793
10.862909999559633
9.621921999496408
10.23549000001367
10.797738000292156
10.841428999810887
9.991264999371197
10.168209000767092
9.976012999686645
10.6524940001691
10.26794199970027
11.17770900054893
9.711904999676335
10.292785999808984
11.493739000798087
11.325954999847454
10.896241000409645
12.478619999455987
10.52294900000561
9.836359000473749
9.157997999864165
9.881640000457992
10.097057000166387
10.57409000077314
10.592861999612069
10.670954000488564
10.807868000483722
10.55414100028429
10.819279000315873
10.422979999930249
10.035524999693735
10.470488000464684
11.201350000192178
10.01713400000881
10.321284000383457
10.487409000234038
11.543560999598412
10.68034399941098
10.46256799963885
9.828478999224899
9.630722999645513
9.923081000124512
10.05837499997142
10.079015999508556
10.710325999752968
10.910621999755676
10.834409999915806
9.783786999832955
10.620943000503758
10.053216000414977
9.96378200034087
9.662404000664537
9.921861999828252
11.17342900033691
10.598312000183796
10.094166000271798
10.524784999688563
10.98405399989133
10.057885000605893
9.866878999673645
9.618972000680515
10.90695200036862
10.006624000197917
10.446336999848427
10.279792999426718
10.808988000462705
10.466716999872006
10.298602999682771
10.80908800031466
10.574541999631037
9.7862869997698
10.66335399991658
10.823550000168325
10.36317499983852
10.447396000017761
10.070334999909392
10.792117999699258
10.110797000379534
10.123927000677213
10.704316000555991
11.00599500023236
9.72851599999558
10.681835000468709
10.648273000697372
10.116046999428363
11.27501199971448
10.229141000309028
10.850798999854305
10.534099999858881
10.624243000165734
10.976853000101983
10.242021000522072
10.677903999749105
10.944783000013558
10.5851119997169
10.804068000652478
11.354616000062379
10.027994000665785
10.763606999717013
10.933702000329504
10.78655799938133
10.12325699957728
10.56113100003131
9.980113999517926
9.648102000028302
10.99985399923753
10.26220200037642
10.549310999522277
9.527178999633179
10.206082999502541
9.955942000487994
9.450286999708624
10.308486000212724
10.351175000323565
10.119576999386481
10.939392000182124
10.785477999888826
9.955952999916917
10.444017000736494
10.930051999821444
10.712104999583971
11.29295499958971
9.872160000668373
9.792847000426264
10.132297999916773
11.233950999667286
10.24054099980276
9.859853999842016
9.761346999766829
9.995663999688986
9.735081000144419
9.786648000044806
9.41383500048687
10.492038999473152
10.610663000079512
9.755805999702716
9.862079999948037
11.294212999928277
9.927970999342506
10.91698200070823
10.346893999667373
9.702335000838502
10.296873000697815
10.284181999850261
10.675104999791074
9.916202000567864
10.104046999913407
10.349234999921464
11.551970999789773
10.785447999296593
9.908621000249695
10.133748000043852
9.314803000052052
10.10374799989222
9.868650000498747
10.713685999689915
10.23566000003484
10.387166000327852
12.744167000164452
11.684468000566994
10.130538000339584
9.832149000430945
10.420339000120293
10.760566000499239
10.680245000003197
11.133887999676517
10.127169000043068
11.22212300015235
10.090676999425341
10.277301999849442
10.641833999216033
11.201599999367318
10.515629000110494
10.112386999935552
11.289493000731454
11.180720000083966
10.763268000118842
10.245991000374488
10.793097000714624
9.408787000211305
9.587061000274844
9.646071999668493
10.3003730000637
9.806598000068334
10.62072199965769
10.160089000237349
10.13583700023446
10.683343999517092
10.103548000188312
10.202290000052017
10.966722999910417
10.668773999896075
10.23018200066872
9.498389000327734
9.838789000241377
9.86562900015997
10.411927000859578
9.785416999875451
10.544210000261955
10.157028999856266
10.511170000427228
10.481227999662224
10.626375999891025
10.54208200002904
10.878142999899865
9.997604000091087
11.05449500028044
10.16637999964587
9.667442999671039
8.683944000040356
10.048577999441477
9.692933000224002
10.103017000801628
9.821368999837432
10.604311999486526
11.88120099959633
10.612633000164351
11.273902000539238
10.08438600001682
10.741506999693229
11.807298999883642
10.651143999893975
9.852928999862343
10.320823999791173
10.796167999615136
10.957364000205416
10.209860000031767
10.140607000721502
9.216169999490376
9.821079000175814
10.374675000093703
9.724904999529826
10.350544000175432
10.31115299974772
9.649954000451544
10.222051000710053
9.61449199985509
10.276673000589653
9.717325000565324
10.19024899960641
10.306183000466262
10.190758999669924
9.700085999611474
9.197600000334205
9.692204000202764
9.624952000194753
9.915302000081283
9.790396999960649
10.251463999338739
9.429596000700258
10.51629999983561
9.961122999811778
10.434466999868164
10.073026000100072
10.025004999988596
9.855561999756901
10.278033000759024
9.798751000744232
10.022364999713318
9.805588000745047
9.791137999854982
10.534582999753184
9.522968999590375
10.250721000375052
10.114755999893532
9.961181999642577
9.517929000139702
9.503389000201423
10.051784999632218
11.005614000168862
9.886941000331717
10.024924999925133
9.53812999978254
9.891560000141908
9.853058999397035
10.209121000116284
10.810058000060963
11.384217000340868
10.701965999942331
9.834127999965858
9.819378000429424
10.370535000220116
10.658172999683302
10.468288000083703
10.884659999646829
10.809968000103254
10.876629999984289
10.408555999674718
10.600741999951424
11.019646000022476
10.70656499996403
10.305534000508487
9.966022999833513
10.233470999992278
10.296401999767113
10.861969999496068
10.665343999789911
9.585331000380393
9.91534100012359
9.668286999840348
10.193078999691352
10.152828999707708
10.192189999543189
10.249801999634656
9.93805199959752
10.591991000183043
9.74239600054716
10.20206999965012
9.904752999318589
10.692068000025756
10.12167800035968
10.134881000340101
10.498138999537332
9.769596000296588
10.317393000150332
10.69166400066024
10.785686999952304
10.780628000247816
10.47309800014773
10.99561499995616
9.874400000626338
9.886240000014368
10.05516599980183
10.842738999599533
10.1585789998353
10.06716600022628
9.679193999545532
10.45435699961672
9.904610000376124
10.51937000011094
9.497708000708371
10.196619999987888
11.106207999546314
10.848100000657723
10.392995999609411
11.079425999923842
10.342014000343625
10.770278000563849
10.482396999577759
9.610492000319937
10.142367999833368
10.148889000447525
10.107158000209893
10.756496999420051
11.381016000086674
10.103247999722953
10.662493999916478
11.014034000254469
10.764087000097788
11.125728000479285
10.894990999986476
11.639975000434788
9.446506999665871
10.563470999841229
9.899419999783277
11.377926000022853
11.685014999784471
9.968292999474215
10.030584000560339
10.23471000007703
10.10969699927955
10.761896000076376
9.833788999458193
10.728466000728076
11.102628000116965
10.919201999968209
10.981524000271747
10.335253999983252
10.054316000605468
10.992953999448218
10.348554000302101
10.629372999574116
9.881900999971549
10.050953999780177
10.88684100068349
10.143028000129561
9.60076199953619
8.968834000370407
9.431247000065923
9.604812000361562
9.601361000022735
10.172807999879296
10.225660000287462
10.408207000182301
10.515420000047015
10.254752000037115
9.666204000495782
10.379275000559574
10.077496999656432
10.631752999870514
10.70489500034455
11.410316999899806
9.5978709996416
10.3437940006188
10.544351000135066
10.734616000263486
9.757327000443183
9.815030999561714
9.860088999630534
9.227303000443499
8.47566700031166
9.38214599955245
8.104215999992448
8.353733999683755
8.225409999795374
9.998032999646966
7.970962000399595
8.284671000183153
8.505247999892163
8.387846000005084
8.437655999841809
8.896100000129081
8.409695999944233
8.66644300003827
8.732614999644284
8.341132999703404
8.139416999256355
8.274980999885884
8.996762999231578
8.512907999829622
8.595461000368232
9.423145999789995
8.687614000336907
9.951451999768324
9.002212999803305
9.017274000143516
9.838058999775967
8.841019000101369
9.117887000684277
10.152568000194151
8.979192999504448
10.657213999365922
10.389655999460956
10.609171999931277
11.210480000045209
10.82049900014681
10.21034099994722
10.60963100007939
10.347903999900154
10.564781999164552
9.864229000413616
11.435708000135492
10.55393099977664
11.114717000054952
9.871360000033746
10.142778000044927
10.014533999310515
9.799548000046343
10.018224999839731
10.079088999191299
10.661095000614296
10.166629000195826
9.502878999228415
10.424316999888106
9.451816999899165
10.503068999241805
10.403235999547178
10.45360799980699
10.64752300044347
11.060866000661917
10.490508000657428
10.172219000196492
11.519888999828254
10.52668000011181
9.957902000678587
9.279581000555481
9.739506000187248
9.77695700021286
11.776778000239574
10.286043000633072
10.47008800014737
10.04140599980019
9.738755999933346
10.182498999711243
11.010074999830977
9.319355000116047
9.769269000571512
10.333764000279189
10.411195999949996
10.987243999807106
10.34177300061856
10.227361000033852
8.857118999912927
9.498528000221995
9.968583000045328
10.62333200025023
10.318032999748539
10.170329000175116
10.477769000317494
10.729366000305163
10.897642000600172
10.558551000031002
10.269770999911998
10.463141000400356
11.35955500012642
9.398635999787075
9.441425999284547
9.905461000016658
9.157769000012195
10.297752000042237
9.46365700019669
10.263535000376578
9.597120999387698
11.286723000011989
10.526459999709914
9.94326500040188
9.379545000228973
10.195769999882032
10.080636000566301
10.437996999826282
10.735355999713647
11.15529099934065
10.58168100007606
10.985913999320474
9.781246999409632
9.447187000660051
9.218529999998282
10.738275999756297
9.952742000677972
10.090087000207859
11.089276999882713
10.747446000095806
10.298573000000033
12.10692799941171
11.60079199962638
10.113725999872258
9.82131799992203
10.17322999996395
9.895400000459631
9.63597200006916
9.729854999932286
10.891019999689888
10.547212999881594
10.878031000174815
10.599492999972426
10.04002500030765
9.664743000030285
10.052765000182262
10.621252999953867
10.618022000016936
10.403115999906731
10.202540999671328
10.366525999415899
10.163000999455107
9.689873999377596
9.489867999946
10.107417000654095
9.47598799939442
9.633712000322703
9.792687999834015
10.119887999280763
10.17879999926663
10.22350000039296
10.797658000228694
9.806418000152917
10.593481999421783
9.82724900040921
9.650703000261274
10.419375999845215
11.108458000308019
10.892960999626666
10.430018999613822
10.0730249996559
10.113658000591386
9.720636000565719
10.625412000081269
9.639652999794635
10.294173000147566
9.717285000078846
10.275882000314596
9.984974000872171
9.885039999971923
10.62446300056763
10.177969000324083
10.631492999891634
11.051655000301253
10.846169999240374
10.288462000062282
10.632923999764898
9.885310000754544
10.024044000601862
9.84290999986115
9.992133999730868
10.7274559995858
12.153078999290301
11.89866099957726
10.857049999685842
10.78924699959316
9.776806999980181
10.336343999370001
10.475557999598095
10.066697999718599
9.417899000254693
10.251431000142475
10.329703000024892
10.48831899970537
10.247471999718982
10.883180999371689
10.204759999396629
11.059276999731082
10.055966000436456
10.091316999933042
9.752855999977328
10.386684999502904
9.984494000491395
10.95585300026869
10.179808999964735
10.162078000576003
9.922891999849526
10.772847000225738
11.108036999758042
9.288661000027787
10.397985999588855
9.42764600040391
9.981662999962282
9.929243999977189
10.061797000162187
9.899030999804381
10.226063000118302
9.939872000359173
10.192759999881673
9.75402599942754
10.36953499988158
10.235181000098237
10.856019999664568
9.149728000011237
9.508628000730823
9.917991000293114
10.130367999408918
10.063585999887437
10.63280299968028
10.685055000067223
11.131568000564585
11.418146999858436
11.191419000169844
9.67041599960794
9.348854000563733
10.353194999879634
9.726204999424226
10.03420599954552
10.973743999784347
9.909630999572983
9.666764000030525
9.782347000509617
9.645838000324147
11.220471000342513
11.899002000063774
11.390216000108921
10.393796000244038
10.35551699987991
9.99640299960447
10.298271999999997
9.751686000527116
11.167349000061222
9.374424999805342
9.871539999949164
10.315503000128956
10.127466999620083
10.631852000187791
10.011844000473502
10.219611000138684
10.712485000112792
9.60166200002277
10.639193000315572
9.898211000290758
10.554393000347773
9.988793000047735
9.854639999502979
9.681354999884206
10.170718999688688
10.46592199963925
10.845779000192124
10.096286000589316
10.65676500002155
10.560280999925453
9.153098000751925
9.177058999739529
9.039604999998119
9.429216000171436
9.221918999173795
8.966342999883636
9.450145999835513
9.183819000099902
8.652962999804004
8.627291999800946
9.03422400006093
8.355854000001273
8.43453600009525
8.560700000089128
8.78904799992597
8.538738999959605
8.850598999742942
8.806376999928034
8.6605860005875
9.488288999818906
9.406005999153422
9.103546000005736
8.133737000207475
8.267981000244617
8.919560999856913
8.595970999522251
8.378863999496389
8.571770000344259
8.38156500049081
8.290902000226197
9.244380999916757
9.02832399970066
8.63589199980197
8.500208999976167
9.602774000086356
9.45851800042874
9.568121000484098
13.448016999973333
7.914400999652571
8.904602000257
17.194123000081163
12.666126000112854
11.497049999888986
11.17214999976568
8.896000000277127
8.571419999498175
8.451646999674267
8.630291999907058
8.64817299952847
8.425605999946129
8.92757099973096
8.465375999548996
8.514477999597148
8.42836699939653
26.831443999981275
15.22344300065015
9.35491399923194
8.551889999580453
8.586740999817266
8.357474000149523
8.597791999818583
8.944482000515563
8.192868999685743
8.53320900023391
8.602351000263297
8.233590000600088
8.494958000483166
8.90975000038452
8.5928309999872
9.021605000270938
8.391274999667075
8.596660999501182
8.608651999566064
8.480096999846864
8.500098000695289
8.636473000478873
8.15519800016773
8.429425999565865
9.023303999128984
9.631061999243684
8.995823999612185
9.039924999342475
8.22874999994383
8.471356999507407
8.179458000086015
9.944313000232796
9.525628000119468
10.853720000341127
8.254479999777686
8.531669000149122
8.974311999736528
8.901240999875881
8.386563999920327
20.045480000590032
12.873181999566441
8.656663000692788
9.260801999516843
8.199109000088356
8.404854999753297
9.330609000244294
19.574485000703135
13.279933999911009
8.204208999814
8.796446999440377
8.314282999890565
8.851689000039187
8.190309000383422
8.538618999409664
9.118726999986393
9.682334999524755
8.244710999861127
8.803716999864264
8.796176999567251
8.357574000001478
9.078086999579682
8.918902000004891
9.586481000042113
8.942411999669275
8.811748999505653
9.412846000486752
9.961742999621492
8.545050000066112
9.049524999682035
8.399275000556372
8.581001000493416
8.847528999467613
8.565930000258959
8.628762000626011
8.918970000195259
9.308151999903203
8.447946999694977
8.188128999790933
8.54773999981262
8.38730499981466
8.386299999983748
8.435552000264579
8.835798000291106
8.769227000811952
8.523108999725082
8.947640999394935
8.469536999655247
8.352384000318125
8.453367000583967
8.394905000386643
8.396475000154169
9.369563999825914
8.650847000353679
9.144417999777943
9.561871000187239
9.767436000402085
8.582139999816718
9.773316999599047
12.497740000071644
11.036775000320631
9.795836000193958
11.736526999811758
12.013357999421714
10.758037000414333
9.884393999527674
10.730895000051532
9.666822999861324
10.34008399983577
11.178540000400972
10.62925299993367
10.287658000379452
11.007324999809498
10.61075300003722
10.096816999976
9.904620999805047
10.831689999577065
10.11164900046424
10.766996999336698
10.373274000812671
9.540011000353843
11.019384000064747
10.120908000317286
10.27529200018762
12.74576700052421
9.625013000004401
9.442306999517314
9.15570800043497
8.291682999697514
8.375555000384338
9.42330599991692
8.481878000566212
8.086746000117273
9.401625999998942
8.960952000052202
8.102085999780684
9.8180280001543
9.217159999934665
20.310277000135102
14.113193999946816
14.55671199983044
13.376371000049403
11.372248000043328
10.05481599986524
10.62384299984842
10.117486999661196
10.28315300027316
9.690173999842955
11.051366000174312
8.623470999737037
9.383845999764162
8.131016999868734
9.994863999963854
9.091936000004353
8.671323000271514
8.602711000094132
9.878270000626799
8.508548999998311
9.0271049994044
8.078955999735626
8.564870000554947
9.33567399988533
9.472390000155428
8.963651999692956
8.54427099966415
8.662293000270438
8.690903999195143
8.850819000144838
8.390085000428371
8.709054000064498
8.81976799973927
8.634982000330638
8.452737000880006
8.803207000710245
8.561140999518102
8.22641000013391
7.9023899997991975
8.511277999787126
8.674464000250737
8.70931500048755
8.398754999689118
9.570040999278717
9.988893999434367
9.319273000073736
9.552659999826574
9.224500000527769
10.2523019995715
10.038905000328668
8.566399999835994
8.940663000430504
8.75441599964688
8.79196799996862
8.658572999593162
8.874980000655341
8.81162800033053
8.612802999778069
8.843048000017006
8.64460200045869
9.065244999874267
8.62055200013856
9.119098000155645
7.916040000054636
9.111277000556584
9.161678000054962
8.616390999122814
12.918600999910268
14.22416700006579
18.012846999226895
37.15612799987866
14.938896000785462
13.268181000057666
13.348166000469064
15.336268000282871
13.986515999931726
13.119229000039923
15.127159999792639
13.614202999633562
13.642583000546438
13.325325000550947
11.541812999894319
11.359707000337949
13.993124999615247
11.08215200019913
13.185146000068926
10.648267999386007
11.788888000410225
10.582291999526205
10.666006999599631
12.454157999854942
12.935873000060383
8.712864000699483
8.165138000549632
10.77781000003597
9.058933000233083
9.994128000471392
9.798163000596105
10.16854899989994
9.014774000206671
8.931352000217885
8.941441999922972
7.874669000557333
9.666624000601587
9.267272000215598
10.154868999961764
9.373504999530269
9.937886999978218
9.734766000292439
10.831160000634554
10.685004999686498
9.85991999914404
8.520499000042037
9.59652100027597
9.150270000645833
9.50710000051913
12.973504000001412
12.879310999778681
13.189770999815664
15.372916999695008
13.14809899940883
12.769787000252109
12.048825999954715
13.195475999964401
13.223632000517682
13.520610999876226
11.991934000434412
12.825234000047203
14.813839999987977
18.502648000321642
13.19400600004883
14.687481999317242
12.933644000440836
13.318436000190559
12.390335999953095
12.056971000674821
12.505079999755253
12.863591000495944
12.604262999957427
12.792334000550909
11.94072300040716
13.833824999892386
13.639073999911488
11.933212000258209
12.865630999840505
12.615523000022222
11.970446999839623
12.392726000143739
12.136168999859365
12.482549000196741
12.085652000678238
11.943792999772995
12.15227899956517
12.078869000106351
12.396977000207698
12.114088000089396
12.486405000345258
12.122848000217346
11.820761000308266
12.931342000229051
12.019894999866665
12.095156000214047
12.493729000198073
11.822331000075792
12.204645000565506
11.965751999923668
11.782358000345994
11.995613999715715
11.929123000300024
11.817292000159796
11.788566999712202
12.365786000373191
11.867360999531229
11.763812000026519
12.542088000373042
12.588226999469043
12.364555000203836
12.093792999621655
13.502069999958621
12.859245999607083
12.747460000355204
11.886139000125695
12.3685859998659
11.738928999875498
11.876173000018753
12.102272999982233
12.401596999552567
12.611152999852493
12.387437000143109
12.111187999835238
12.50255000013567
12.932601999636972
13.236792000498099
12.183074999484234
12.31000400002813
12.077217000296514
12.53733999965334
13.304693999998563
12.408196999786014
12.856598000325903
14.768504000130633
12.53083599931415
12.476568999773008
12.44840299932548
13.207230999796593
12.901156999760133
12.42847800040181
12.708358000054432
12.005503999716893
12.568922000355087
11.72421600040252
12.839459000133502
12.42278800054919
12.290011999539274
11.837289000141027
12.39072699991084
12.197041000035824
12.09181800004444
11.640363999504189
12.410337999426702
11.958117999711249
12.826499999391672
12.364504999823112
12.193009999464266
12.780177999957232
12.32719499967061
12.463849000596383
12.340944999778003
12.296783000238065
12.129978999837476
12.318664000304125
13.048464999883436
12.327353999353363
12.313073999393964
12.733571999888227
11.985353999989456
12.25184699978854
12.663215000429773
11.863329999869165
11.982574999819917
12.057726000421098
12.689991000115697
14.54575699972338
13.605673999336432
13.399481999840646
12.652033999984269
12.97633899957873
13.36252599958243
13.181171000724135
12.402506999933394
13.10070799991081
12.312343999838049
12.216510999678576
11.765967999963323
12.879820999842195
11.944902999857732
11.632679000285862
11.775887999647239
11.533994999808783
11.522769999828597
12.255452000317746
12.112278000131482
12.827995999941777
12.067202000253019
12.842205000197282
12.655423999603954
12.914013000226987
12.08520700038207
12.476558999878762
12.027865000163729
11.764973000026657
12.219309999636607
12.095007999960217
12.122788999477052
12.549801000204752
13.315435000549769
13.088087000141968
12.752046999594313
11.700368000674644
13.724811999964004
12.98203399983322
11.923526999453316
13.313989000380388
12.511146000178996
11.88161099980789
11.80936900072993
11.71426699966105
12.52256999941892
12.541490999865346
12.009306000436482
12.1243579997099
13.440482999612868
11.806448000243108
11.845849000565067
12.963033999767504
11.847400000078778
12.572153000292019
12.03354599965678
11.842020000585762
11.84377899971878
12.5246600000537
11.995335000392515
12.256732000423654
11.86182000037661
12.6038830003381
12.688781000179006
11.661524000373902
12.662625000302796
11.889221999808797
13.401236999925459
12.496299999838811
12.089002999346121
11.997075000181212
12.17116900079418
12.457588999495783
11.849929999698361
11.479134000182967
12.019955000141636
12.006268999357417
12.08461999976862
12.514095000369707
12.332764000348106
13.115009000102873
11.814108000180568
12.369516000035219
12.227992000589438
12.136095000641944
11.955707999732113
11.912297000890248
12.427732999640284
11.856655999508803
12.802567000107956
12.31457500034594
12.63711899991904
12.380023999867262
13.434077999590954
11.622664000242366
12.564841999846976
12.285793000046397
12.110368000321614
12.90805500048009
12.606154999957653
12.819344000490673
13.146760000381619
11.738977000277373
12.516720000348869
12.489769000239903
12.497079999775451
12.330415000178618
12.660090000281343
12.749546999657468
12.195920000522165
12.297539000428515
12.322081999627699
12.484918999689398
12.20601099976193
12.849839999944379
11.867191000419552
19.233834000260686
21.644368000124814
14.228361999812478
13.138377999894146
11.987869000222418
12.8789410000536
13.681762000487652
12.651955000364978
12.874250999630021
13.220792000538495
12.032475000523846
12.22002699978475
12.434366999514168
11.641563999546634
12.465564000194718
10.371295000368264
12.074387000211573
13.496930000655993
13.304633999723592
13.860690000001341
13.436272000035387
14.809387999775936
15.103908999662963
15.985466000529414
15.323525999519916
13.815500000418979
15.119631999368721
15.083114999470126
13.510630999917339
13.310044999343518
12.981281000065792
12.557646999994176
12.40700700054731
12.549767000564316
12.343424999926356
12.183611000182282
14.020547999280097
12.421546999576094
13.15878400055226
12.044516000059957
12.36234499992861
13.037104999966687
13.278393000291544
13.397846999396279
13.016904999858525
13.970454000627797
15.305975000046601
14.033166999979585
14.21561200004362
15.428888999849732
14.50180600022577
14.76804399953835
15.042807000099856
15.239172999827133
15.254883999659796
12.252073000126984
11.90823199976876
12.657270000090648
12.222751999615866
12.017334000120172
12.834080000175163
12.199750999570824
11.498668999593065
12.012555000183056
12.662794999414473
11.938912000005075
12.382726999931037
12.000527000054717
11.963478000325267
12.066346000210615
11.820789000012155
11.961303000134649
12.155834999248327
11.911177000001771
11.813839000751614
10.65289300004224
12.411981999321142
11.88714100044308
12.183980999907362
12.448437999410089
12.230341999384109
12.147563999860722
12.50618099948042
12.087616999451711
11.140417999740748
13.27380299971992
12.326944000051299
12.951382999744965
12.123352999878989
12.676252999881399
12.654575999476947
12.731921999147744
12.65832499939279
12.523610000243934
12.54185099969618
12.377030999232375
11.854110000058427
12.123747999794432
11.81332400028623
11.705724999956146
12.40515600056824
11.873100999764574
12.154658999861567
12.114428999666416
12.142734000008204
11.77386800009117
11.857471000439546
11.927872999876854
12.041815999509708
11.62542299971392
9.963047999917762
12.172994000138715
12.91484200010018
12.066817000231822
12.139735000346263
12.150839999776508
12.02395499967679
11.886010999660357
11.556151000149839
12.035075999847322
12.085956999726477
11.954745999901206
10.138489000382833
12.10489300046902
12.372516000141331
12.266562999684538
11.909872000614996
11.709565999808547
11.934363000364101
12.36268599950563
11.698074999912933
13.872081999579677
12.407076000272355
13.717754000026616
12.399496999933035
11.959123000451655
12.364136000542203
13.284132999615395
12.109688000236929
12.760796999828017
12.718135999421065
12.261261999810813
11.941464000301494
12.004685000647441
11.664990000099351
12.151883000115049
12.315603999923042
12.248052000359166
11.881266000273172
12.005895000584133
11.539830000401707
11.720905999936804
12.8730460000952
13.27782800035493
13.197741999647405
11.904664999747183
12.385576000269793
12.726967000162404
13.489230000232055
13.059785999757878
11.828865000097721
12.571671999467071
12.516134999714268
12.603322999893862
12.634783999601495
12.196521000078064
12.494489999880898
11.691384999721777
12.280382999961148
12.662539999837463
12.248281999745814
12.569507000080193
12.204570999529096
12.18039899958967
12.880331999440386
12.834334999752173
12.298925000322924
12.221404000229086
11.755297000490827
11.890871000105108
12.069522000274446
12.242852000781568
12.083257000085723
11.90774299993791
12.409646999913093
12.049795999701018
11.669104000247899
13.004610999814759
12.864845999501995
13.038086000051408
12.637286999961361
13.520898000024317
12.495629999648372
12.739904999762075
13.005509999857168
15.029486999992514
12.722612000288791
13.253237999379053
13.23573999979999
12.476204000449798
11.841473999993468
12.911212000290107
12.46882400027971
12.662614999499056
12.105937999876915
11.75843300006818
12.268472999494406
11.708790999364282
11.91341200046736
12.276692999876104
12.133399000049394
12.360275999526493
12.081357000170101
12.112588000491087
11.895511000147962
12.297903999751725
13.01803599926643
13.5303559991371
12.669083999753639
12.911472999803664
11.873997999828134
12.237162000019453
12.50129000072775
12.751606999700016
12.08321700050874
12.722937000035017
11.617406999903324
12.657999999646563
12.503889000072377
13.515073000235134
14.60897400011163
14.793676999943273
14.898839000125008
12.505747000432166
13.043515999925148
13.64409899997554
13.718137000068964
13.214446999882057
13.259131999802776
14.429681999899913
14.1309070004354
12.388209000164352
12.56942700001673
12.375360000078217
12.647976999687671
12.663989999964542
13.42990800003463
12.916562999635062
12.42872799957695
12.181099999907019
13.531601000067894
16.074418000243895
12.808141000277828
12.554701000226487
12.329864000093949
13.814191999699688
13.586021000264736
13.94499799971527
13.371940999604703
13.14808000006451
12.20707999982551
13.40587799950299
12.342064999756985
12.468148000152723
12.167877000138105
12.742489000629575
13.769531000434654
12.591160000738455
13.73088899981667
12.169873999482661
12.276174000362516
12.06509600069694
13.472272000399244
11.438243000156945
12.586179000209086
12.516003000200726
12.676894999458455
13.260239999908663
14.836075000857818
14.50003299942182
14.288211000348383
13.989261999995506
14.135559999886027
12.33612499981973
13.634083999932045
14.61018400004832
14.06096500068088
14.50472099986655
17.867011999442184
14.718022999659297
13.858895999874221
13.438593000500987
14.5726979999381
12.8470899999229
12.51630499973544
12.782173000232433
12.561216999529279
13.411706999249873
16.373897999983456
14.939884000341408
13.569751999966684
12.587085000632214
15.438078999977733
15.244907999658608
14.582241999960388
14.333195000290289
14.7203910000826
12.389290999635705
12.366179999844462
13.955544000054942
13.296619000357168
13.033961000473937
14.346016000672535
12.768775000040478
12.937438000335533
13.387433999923815
12.928368999382656
13.25002100020356
13.806529999783379
12.941787999807275
13.726215999668057
13.358240999878035
13.650083999891649
13.980104999973264
16.177530999812006
15.344266000283824
14.993138000136241
14.479759999630915
13.779464000435837
13.125013000717445
13.323304000550706
12.768248000611493
12.374201000056928
12.605152999640268
12.017255000500882
12.714871000753192
12.734528999317263
12.9618440005288
12.635553000109212
12.954843999978038
12.836190000598435
12.265993000255548
12.58291999965877
13.665610999851197
13.885422000385006
12.811459000658942
13.031161000071734
13.215457000114839
12.510999999904016
12.108363000152167
12.95700399987254
12.909401999422698
13.052297000285762
12.72908600003575
12.443997999980638
13.202987000113353
12.368436000542715
12.516857999798958
13.454217999424145
13.412226999207633
12.678480000431591
12.317843999881006
12.440503000107128
12.450877999981458
12.149078999755147
12.590082999849983
12.429217999851971
12.229824000314693
11.819629000456189
12.658515000111947
12.311744000726321
12.532431000181532
12.57845400050428
12.410459999955492
12.31131200074742
12.173352999525378
12.222540999573539
12.228132000018377
12.323654000283568
11.642206999567861
12.091704000340542
11.889792000147281
11.763941000026534
12.170089999926859
11.664663999908953
11.842203000014706
12.125998000556137
12.123247999625164
11.906933999853209
12.12500400015415
11.974015999840049
11.862474999361439
12.847315000726667
12.922644999889599
12.177376999716216
12.19304100050067
13.057375999778742
12.235131999659643
12.790118999873812
12.295974000153365
12.237377000019478
12.35393600018142
12.326204000601138
12.248532000739942
11.805171000560222
12.050776000251062
12.878241000180424
12.125519000619533
12.039256000207388
12.494298999627063
12.606186000084563
12.362364999717101
12.12230599958275
12.587801999870862
11.950336000154493
11.991375000434346
11.933976999898732
12.138080999648082
12.032095999529702
11.882823000632925
12.446108999938588
11.503167999762809
12.166440000328294
11.93257300019468
12.288083000385086
12.024884999846108
12.36118599990732
13.029837999965821
12.081848999514477
12.223089000144682
12.548629999400873
13.259123000352702
12.649973999941722
12.933582000187016
12.986595000256784
12.976494000213279
13.300163999701908
12.22243200027151
11.831320000055712
12.478949000069406
12.966546999450657
12.438099999599217
12.089887000001909
11.450758000137284
12.213820999932068
13.22862199958763
12.777481000739499
13.038840999797685
12.229917999320605
12.678961000347044
11.861834999763232
12.167609999778506
12.008220000097936
12.683904999903461
11.724266000783246
11.522218999743927
12.120180999772856
11.866220000229077
12.421956999787653
12.216073000672623
12.08580599995912
12.050047000229824
11.758966999877885
12.267632000657613
11.803859000792727
12.025755000649951
11.736251000002085
11.597462000281666
12.651264999476552
11.855791000016325
11.651903999336355
11.811789000603312
11.95668300078978
11.578781000025629
11.776617999203154
12.280736000320758
12.247682000634086
12.342874999376363
11.786477999521594
11.993054000413395
11.618003000876342
12.210060999677808
12.847410000176751
11.740877000192995
12.01519499954884
11.145538000164379
12.071686999661324
12.065537000125914
11.821819000033429
12.132339000345382
11.89500200052862
12.123437999434827
12.30252300047141
11.767837999286712
11.724195000169857
12.70006499998999
12.33621499977744
12.385098999402544
12.46991900006833
11.83808199948544
9.790972999326186
12.155419000009715
12.15197400051693
12.377581000691862
12.266172999261471
12.042674999975134
12.668025000493799
11.859190999530256
12.011057000563596
12.27815299989743
11.743387000024086
11.704744999406103
12.214792000122543
11.538151000422658
11.839409000458545
11.863071000334457
12.019413999951212
13.260173000162467
12.166872000307194
12.28510299915797
11.901073999979417
12.10615800027881
11.96747299945855
12.642897000660014
12.179752000520239
11.81267999982083
12.486281999372295
12.236524000400095
12.018555999929958
12.23912199930055
12.361284999315103
12.166149999757181
12.587272999553534
12.383625999973447
12.467894999645068
12.556611999571032
12.108566999813775
12.281855999390245
12.53681000071083
12.454618999981903
12.372279999908642
12.170633000096132
11.884651000400481
12.621283999578736
12.946492999617476
12.50540999990335
12.240351000400551
12.01889999993
12.612653000360297
12.234671999976854
12.655987000471214
12.217672000588209
11.981242999354436
12.383996000608022
12.639929000215488
12.643595000554342
12.121207999371109
12.32153399996605
12.316819000261603
12.735467000311473
11.967224000727583
12.210621000122046
12.14233399969089
11.824004000118293
12.3530649998429
12.011354999231116
12.275533999854815
12.015248000352585
12.708648999250727
11.723964000339038
12.255983000613924
12.513229999967734
12.48699999996461
12.269482999727188
12.256811999577621
12.709524999991118
12.827360000301269
13.329024000086065
13.531201000660076
12.546340999506356
13.659737999660138
13.000982999983535
12.508925000474846
12.435868000466144
12.80757599943172
12.40106699970056
12.053538999680313
12.432147999788867
12.160649000179546
11.610043000473524
11.85115099997347
12.661104000471823
12.244792000274174
12.569190999784041
11.948135999773513
13.442229000247607
12.087957000403549
12.124607999794534
11.549400999683712
12.288546000490896
12.851540000156092
12.145440000495
12.428746999830764
12.587445999997726
12.101549999897543
12.670995000007679
11.745748999601346
11.741446999621985
11.967918999289395
12.074029000359587
12.51864299956651
12.351125000350294
12.985953999304911
13.527762000194343
12.650974999814935
12.261551999472431
12.107818000004045
12.68065500062221
12.086749999980384
11.939652999899408
12.232266999490093
12.20493499931763
11.705260999406164
12.338474999523896
12.442659000043932
11.90056699942943
12.2938439999416
12.497560000156227
11.741737000193098
12.795542999811005
12.951083999723778
11.93601300019509
11.788103000071715
12.026960000184772
12.193110999760393
12.228491999849211
12.89191099931486
12.15562899960787
11.826275000203168
12.20728499993129
11.94342799954029
12.358115000097314
11.820083999737108
11.5664069999184
12.478470000132802
12.311979000514839
12.440597999557212
11.778557999605255
12.185510000563227
12.44858900008694
13.076152000394359
12.1800599999915
11.93764299932809
11.512600000060047
12.35286500013899
12.381376000121236
12.050694999743428
11.966118999225728
12.226261999785493
12.344105999545718
12.001594000139448
11.520508999637968
12.638408999919193
11.79204900017794
12.214921999657236
12.992963999749918
12.474809000195819
12.068486000316625
11.887010999998893
11.933052000131283
12.08932699955767
12.043796000398288
11.795589000030304
12.36994600003527
12.085067000043637
11.7049609998503
12.583832000018447
12.287032999665826
12.293483000576089
12.463903999559989
12.434278000000631
11.829039999611268
12.025649999486632
10.408522000034282
11.7881939995641
12.507039999945846
12.063936999766156
12.621173999832536
12.809460000426043
12.836691999837058
12.438718000339577
12.482109999837121
12.637476000236347
12.48118900002737
11.871020999933535
13.18675099992106
13.584492000518367
13.191785999879357
12.31809399996564
12.61273300042376
13.148293999620364
12.96211399949243
12.736599000163551
12.842770000133896
12.34685500003252
12.3939960003554
12.250222000147915
11.834439999802271
12.480743999731203
11.911931999748049
12.805718999516102
12.373745000331837
11.694491000525886
12.520866000159003
12.046296000335133
12.183279999590013
11.699495999891951
11.913781999282946
11.513768999975582
12.57792199976393
12.806030000319879
11.584030999983952
12.33925500037003
11.708954999448906
11.836779000077513
12.040836000778654
12.214395999762928
12.13340899994364
11.866374999954132
11.984723999376001
11.631624000074225
12.068547000126273
12.147199000537512
12.122768000153883
13.050755000222125
12.298583000301733
11.90193200000067
12.332133999734651
12.449503999960143
12.39017599982617
12.26575300006516
11.683830000038142
12.145309000516136
12.060136000400234
12.328894999882323
12.015055999654578
11.85812000039732
11.86894999955257
11.719287000232725
12.606077999407717
12.086682999324694
12.116087999856973
12.145278999923903
11.908712000149535
12.175859999842942
12.948202999723435
12.805078999917896
12.78136800010543
12.615954000466445
12.223630999869783
11.993424999673152
12.43269800033886
12.315795000176877
12.259842000275967
12.544795999929192
12.048626999785483
12.074786999619391
11.87756499984971
11.82271400011814
12.475348000407394
12.126708999858238
12.428919999365462
12.150323999776447
11.875170999701368
12.012115999823436
12.812568999834184
12.26345300074172
11.914452999917557
11.772073000429373
12.014715000077558
12.1081379993484
12.102766999305459
12.292209000406729
12.55115699950693
11.893005999809247
11.746537000362878
12.435564000043087
11.910421000720817
11.625348000052327
11.921462000827887
12.114008000025933
11.783818000367319
11.724781999873812
12.101648000680143
12.172988999736845
11.81953400009661
12.923714999487856
12.49327000004996
12.175249999927473
12.801674000002095
11.431601999902341
11.58781599951908
12.164250000751053
12.059755999871413
12.226222000208509
12.24089199968148
12.214115999995556
11.89721099945018
11.809639000603056
11.876184999891848
12.246911999682197
12.042106000080821
12.882061000709655
12.171820000730804
12.09192699934647
13.151039000149467
12.198196000099415
11.866995999298524
12.055216000590008
11.75761699960276
11.735269999917364
11.431436999373545
11.474478000309318
12.758417000441113
12.125558999287023
11.83411999954842
12.593872999786981
11.963508000008005
12.149019000389671
12.193795999337453
12.27208700038318
11.923453000235895
12.07119600076112
12.333585000305902
11.849004999930912
12.797594000403478
11.787358000219683
12.54570600031002
12.03786600035528
11.686514000757597
12.08736799981125
11.913051999727031
12.661854000725725
12.477768999815453
11.872470000525936
11.41115200061904
11.794048999945517
12.379475000670936
12.351815000329225
12.534091000816261
12.027464999846416
11.751197000194225
11.776117000408703
11.931281999750354
11.534850999851187
11.105396999482764
11.86649099963688
12.427728000147908
12.12326800032315
11.713644999872486
12.323619999733637
11.822968000160472
12.090487999557809
12.246541999957117
10.92223199975706
12.24125200042181
12.683774999459274
12.002794000181893
12.485320000450884
11.889809999956924
11.90395300000091
11.422112000218476
12.209669999720063
11.9667640001353
12.554091999845696
12.241922000612249
12.537149999843678
11.855739999191428
12.64478000030067
12.369276000754326
12.496549999923445
12.223585999890929
12.785908000296331
12.74641799955134
11.929692000194336
11.14260899976216
12.112278000131482
11.89218199942843
12.50245199935307
11.823818999801006
12.386960999720031
12.75882800018735
12.310184999478224
11.845518999507476
11.557160999473126
11.981974999798695
11.637253000117198
11.9747130001997
12.07567600067705
11.148118000164686
11.97187900015706
12.244497999745363
12.063475999639195
12.026405999677081
11.940692999814928
11.702486000103818
12.021914999422734
12.301323000428965
11.900506999154459
12.633792999622528
12.330113999269088
11.859463000291726
11.75365699964459
12.221371000123327
12.623223999980837
12.298863000069105
12.219670999911614
11.855726000248978
11.717046000740083
12.302383000132977
11.674544000015885
12.146634000600898
12.006745000689989
12.186629999632714
11.806107999291271
13.04721199994674
12.119683000491932
12.554721000014979
12.945378000040364
12.602683000295656
12.71946700035187
12.680895000812598
12.56504200046038
12.286516999665764
12.465293000786914
12.609993000296527
13.107722999848193
12.5389360000554
12.930163999953947
12.617598000360886
13.012704999709968
12.437002999831748
12.789522999810288
12.309579000429949
12.57670999984839
12.136748000557418
12.192350000077568
11.680324999360892
11.943862999942212
13.049087000581494
11.934182000004512
12.469733999751043
12.271417999727419
11.841085000014573
12.092218000361754
11.672175000057905
12.108327999158064
12.112172999877657
12.35629499933566
11.868010999933176
12.637953000194102
12.008659999992233
12.187695000648091
13.093188000311784
12.28745299977163
12.073407000571024
11.702636000336497
11.639313999694423
11.974736000411212
12.02545599971927
12.341095000010682
12.734056000226701
12.108027000067523
12.683074999586097
12.458309000066947
12.272498000129417
12.137534999965283
12.835589999667718
12.254792000021553
12.3245639997549
12.641094000173325
12.001285000224016
11.991393999778666
12.788047999492846
12.240381999617966
11.943645999963337
12.205630000607925
12.193591000141168
12.276682999981858
12.432897000508092
12.786637999852246
11.769196999921405
13.29155300027196
12.517340000158583
12.310598999647482
11.716940000042086
12.974904000657261
12.618529000064882
12.033271000291279
12.533281000287388
12.529791000815749
12.13461799943616
12.728806999803055
11.979547000009916
12.826431000576122
12.273233000087203
11.583071000131895
12.321274999521847
11.471048999737832
11.881321000146272
12.325204000262602
12.504655000157072
12.124888000471401
12.509659999523137
11.799631000030786
11.683605999678548
12.651564000407234
13.072966999970959
12.021225999887974
12.94894300008309
12.09177200053091
11.112737000075867
12.395646000186389
12.534220999441459
12.667934999626596
12.111170999560272
11.673017000248365
12.094208000235085
12.016334999316314
11.770907999562041
11.616252000749228
11.995344999377267
12.328903999332397
12.391649000164762
11.994923999736784
11.513282999658259
11.73577400004433
12.46135899964429
12.111447999814118
12.062397000590863
11.885681000421755
11.71095600057015
12.299194000661373
12.142428000515793
12.352556000223558
12.494889000663534
12.428737000846013
11.824943999272364
11.26152200049546
12.019320000035805
12.369064999802504
12.901142000373511
12.171800000032817
11.941472999751568
12.112489999708487
12.191122000331234
12.441345999832265
11.74310699934722
12.099109999326174
11.314337999465351
10.579435999716225
12.13678899966908
12.120404000597773
11.702027999490383
11.561771000742738
12.492681999901833
12.007956999696034
11.659292999866011
12.315703999774996
12.055567000061274
11.333084999932908
11.810709000201314
12.133291000282043
11.91823099998146
12.214141000185919
11.747487999855366
11.548559999937424
11.59684300000663
11.522722999870894
12.831599000492133
12.305014000048686
11.8477210007768
11.895391000507516
11.941511999793875
11.127186999146943
12.07083600002079
12.073027000042202
11.835922000500432
12.039048000588082
12.509010000030685
11.786207999648468
11.859539999932167
11.690090000229247
12.685917999988305
11.715144999470795
11.26834500064433
12.233900999490288
11.517199999616423
11.202010000488372
12.332983999840508
12.387976000354683
12.053626000124495
12.035728999762796
11.56288099991798
12.812081999982183
11.993134000476857
12.287675999687053
11.908692000361043
11.638644000413478
11.986645000433782
12.143617999754497
11.623151999629044
11.74787899981311
11.189638999894669
12.306263999562361
12.00737500039395
12.856704000114405
11.75261699972907
12.421182999787561
12.168059000032372
12.164259000201127
12.011886999971466
12.293423999835795
12.532729999293224
11.613292000220099
12.589513000420993
11.40256600046996
11.941872999159386
12.064157000168052
11.68459700056701
12.305512999773782
11.959213000409363
11.609514000156196
12.015414999950735
11.853859000439115
11.358015000041632
12.349147999884735
11.971993000770453
12.299003999942215
12.287385000490758
12.157488000411831
12.159064999650582
11.992495000413328
12.644583000110288
12.90984200022649
12.897191999400093
12.483229000281426
13.15928999974858
14.491271999759192
14.329632999761088
13.56251200013503
13.221291999798268
14.213542000106827
13.644394999573706
13.252953000119305
12.886266000350588
12.454157999854942
12.298365999413363
12.393376000545686
11.952184000620036
12.448796999706246
12.275168000087433
12.20995000039693
12.29691400021693
12.647855000068375
13.036186000135785
12.800458999663533
12.528641000244534
12.59974799995689
12.195225000141363
12.078807000762026
12.907562000691541
12.418960000104562
12.250822000169137
12.300192999646242
12.305484000535216
12.215912000101525
12.102702000447607
12.299274000724836
12.422087999766518
12.383986000713776
12.614963000487478
11.91536799979076
12.133328999880177
11.620233000030566
11.665830000310962
11.67182000062894
12.050307000208704
12.051755999891611
11.952765999922121
12.155361000623088
12.028975000248465
11.613685000156693
12.21849099965766
12.451573999896937
11.841919000289636
12.17177000035008
11.891911999555305
12.032548999741266
12.357733000499138
11.882522999258072
13.349199000003864
12.314743999922939
12.312974000451504
12.280115999601549
12.63858399943274
11.612121999860392
12.460443999771087
12.847890000557527
12.136308999288303
12.497480000092764
12.231462000272586
11.913991999790596
12.348197999926924
11.824299000181782
11.712866999914695
12.51977900028578
12.36000500011869
11.928021999665361
11.679074999847217
12.136298999394057
12.09360199936782
12.164883999503218
11.257921000833448
11.72294600019086
11.576872000659932
12.08857799974794
11.859370999445673
12.201720000120986
11.998794999271922
12.303289000556106
12.090097000509559
12.199549999422743
12.261991999366728
11.899293999704241
12.341155000285653
11.607682000430941
11.688664999383036
11.714205999851401
12.756016999446729
12.387036999825796
11.93038300061744
12.03948600050353
11.856821999572276
12.63848400049028
11.763956999857328
12.542311999823141
11.84341900079744
12.475747999815212
12.144803999944997
12.330689000009443
12.424706999809132
12.440137999874423
11.712925999745494
12.164990000201215
12.10687799994048
12.058256000273104
12.133968999478384
11.733945999367279
11.429107999902044
11.93268499991973
12.829580000470742
12.20993099923362
12.450270999579516
11.856049999551033
11.643355999694904
12.98276400029863
11.82959900052083
11.98844500049745
12.765798000145878
11.851129000206129
12.205691000417573
12.380081000628707
12.398867000229075
12.009303999548138
10.669094000149926
11.6365930007305
11.631727999883879
11.775557999499142
11.92372500008787
11.877091000314977
12.041586000123061
12.36803699976008
11.969883999881858
12.12147800015373
11.78495199928875
12.025082000036491
12.453988999368448
12.464149000152247
12.130598000112514
13.07969800018327
12.475038000047789
12.567875000058848
12.35143599933508
11.971724000432005
12.465548000363924
13.15862199953699
12.432710999746632
11.89399700069771
12.3718260001624
12.140477999309951
12.308715000472148
12.96024600014789
12.355058000139252
12.288113999602501
11.745300999791652
12.797989000318921
12.223130999700516
12.417267000273569
11.865585999657924
12.036212000566593
12.271043999135145
12.10881800034258
12.034714999572316
11.906662000001234
12.10858400008874
11.85748300031264
11.851449999994657
12.210910999783664
11.40217699958157
12.280644999918877
12.040525999509555
11.63888599967322
11.956334999922547
12.054265999722702
12.365225999928953
11.91387200015015
12.56628200007981
11.43469799990271
10.628803000145126
12.15823199981969
11.845500000163156
11.750766999284679
12.036545999762893
12.471338999603176
12.08551699983218
12.31855399964843
12.25246200010588
11.502461999953084
12.080327999683504
12.05346599999757
11.467487999652803
11.862929999551852
11.789287999818043
12.269294999896374
12.256761999196897
11.393355999643973
10.115989999576414
12.191281000013987
11.710568999660609
12.140848999479203
10.720225000113714
12.068068999724346
11.700527999892074
12.046248999467934
11.79279099960695
12.349857999652158
12.755677999848558
11.618014999839943
12.026635000438546
11.822190000202681
12.014644999908342
12.181969999801368
12.148628000431927
12.162949999947159
12.349986000117497
12.618912999641907
12.452829000721977
11.800859000686614
12.173879999863857
12.345595000624598
11.785258000600152
11.474057999294018
12.009133999526966
12.39279599940346
11.789288000727538
11.765448000005563
12.764768000124604
12.647223999920243
11.728309999853082
11.837928999739233
12.112826999327808
12.202290999994148
12.031916000523779
11.863081000228703
11.435196999627806
12.127242999667942
12.027794999994512
12.190030999590817
12.158098999861977
11.994675000096322
11.608153000452148
12.10395799989783
11.813103999884333
12.012859999231296
19.38792900000408
11.842963000162854
12.045874999785156
12.38682900020649
11.965013999542862
11.782348000451748
12.12690800002747
11.672034999719472
12.139458999627095
11.767246999625058
12.658487000408059
12.535262999335828
11.985672999799135
11.600464999901305
12.197504999676312
12.807549000172003
11.891133999597514
11.550070000339474
11.817624000286742
12.243281999872124
11.647493000054965
12.280788000680332
12.062285999490996
11.61881300049572
11.807847999989463
11.858725999445596
11.713476000295486
11.98878400009562
12.05623099940567
11.970498999289703
11.953593999351142
12.53585100039345
12.42216799982998
12.177800000245043
12.143499000558222
12.241532000189181
11.583880999751273
11.941903000661114
12.246143000083975
12.022395999338187
12.535071999991487
12.253381999471458
12.449328000002424
11.86956099991221
11.72011700055009
11.275994000243372
11.92615299987665
12.243087000570085
11.7537469996023
12.491309999859368
12.246498000422434
12.6173540002128
11.912461999600055
12.35792500028765
12.213760999657097
12.675325000600424
12.510941000073217
12.68413599973428
12.259008000000904
12.03315500060853
12.582232000568183
12.603412999851571
12.795272000403202
12.090772000192374
12.012156999844592
12.086185999578447
12.378124999486317
12.54185099969618
12.166552000053343
12.291543000173988
11.826349000330083
12.685605000115174
12.719848999950045
12.067835999914678
12.09674200072186
11.99845999963145
12.29210199926456
11.314827999740373
12.221501999192697
12.216265000461135
12.183759999970789
11.952932999520272
12.12199099973077
11.457787999461289
12.727567000183626
12.253872000655974
12.03286600048159
12.589657999342307
12.170089999926859
12.097957000150927
12.0175450001625
12.2710730001927
11.812929999905464
12.626103999537008
12.582342999849061
11.648933999822475
12.240682000083325
11.878231000082451
12.941883000166854
12.176930000350694
11.856021999847144
12.068691999957082
12.476950000746001
11.9169569998121
12.123868000344373
12.039960000038263
12.052906999997504
11.765157000809268
11.930922999454197
12.028180000015709
11.987658999714768
12.770519000696368
11.792467999839573
12.073441999746137
12.045725999996648
12.217980999594147
11.95748400004959
11.771907999900577
11.696835000293504
11.58808099989983
12.23740200020984
11.899291000190715
12.192119999781426
12.47115499973006
12.290263999602757
12.513024999861955
11.77337700028147
11.618499000178417
12.249682000401663
11.94884800042928
12.380072000269138
11.928012999305793
11.814509000032558
11.830724999526865
12.298743999963335
12.176900999293139
12.015444999633473
12.734197000099812
12.3980059997848
12.055215999680513
11.737636999896495
11.77680699947814
11.334800000440737
11.6159429999243
11.78762400013511
12.091857000086748
12.235761999363604
11.86260000031325
12.404342999616347
11.70605599963892
11.964077999436995
12.3893460004183
11.974944000030519
12.131348000366415
12.751072999890312
11.919771999600925
12.046496000039042
12.013266000394651
12.109477999729279
11.998434999441088
12.001120000604715
11.54080000014801
11.858678999487893
11.481907999950636
12.09383799960051
11.511259000144491
11.56897199962259
12.13898900005006
12.325583999881928
11.90614699953585
12.063645999660366
11.95344300049328
11.813789999905566
11.633582999820646
11.356789999808825
12.374755999189802
12.372905999654904
10.663869999916642
12.43971399981092
12.00358000005508
12.227791000441357
12.147799000558734
11.997524999969755
11.813523999990139
12.545530999886978
12.68106999941665
12.16022399967187
12.373762999231985
12.513575999946625
13.048730999798863
12.897040999632736
12.056423999638355
12.848930000473047
11.362795999957598
11.652614000013273
11.496975000227394
12.218726000355673
12.416552000104275
11.912486999790417
12.288193999665964
11.668975000247883
12.39042699944548
11.253611000029196
12.40413699997589
11.370128000635304
11.626253000031284
12.178834999758692
12.298163999730605
11.722997000106261
11.188709000634844
11.851199999910023
12.17661999999109
11.972438999691803
12.436517999958596
11.699950000547688
12.327854000432126
11.317864000375266
11.804658999608364
12.397821999911685
12.119023000195739
11.637192999842227
12.614952999683737
11.592072000894404
11.9091219994516
11.912951999875077
12.16736900005344
11.876890000166895
11.936873000195192
11.783713000113494
11.447251999925356
12.074586999915482
11.895652000021073
12.503689000368468
11.738367000361905
11.889575999703084
11.735236999811605
11.51603900052578
12.300374000005831
11.866640000334883
12.05802699951164
11.8479019993174
12.348055000074964
12.470358999962627
12.341053999989526
12.600913999449403
12.259812000593229
12.28127400008816
12.24913199985167
12.021164999168832
12.099916999432025
11.923541000214755
11.693710000145074
12.137599000197952
12.421248000464402
12.145484000029683
11.754612000004272
12.3932970000169
12.086796999938088
11.726057000487344
11.820868999166123
11.536081000485865
12.048565999975835
11.866239999108075
12.643983999623742
12.04140599929815
12.346484999397944
11.612522999712382
12.61229900046601
12.564187000862148
12.244092999935674
12.365026000225043
10.542680000071414
11.424276000070677
11.929896999390621
11.866200999975263
11.79564899939578
11.785339000198292
11.643603999800689
12.007215999801701
12.199146000057226
12.12512400070409
11.889870999766572
11.694795000039448
12.099077999664587
11.548141000275791
12.726756000120076
11.84646999990946
11.517941000420251
11.729906999789819
11.45291300053941
12.051391000568401
11.377670999536349
11.768196000048192
12.236827999913658
11.84731000012107
12.083837000318454
11.931693000406085
11.939621999772498
12.21471200005908
11.73430700055178
11.862961000588257
11.80400799967174
11.704289999215689
12.679567999839492
11.709265999343188
11.709546000020055
12.128399000175705
11.915434999536956
11.745807000806963
12.476939000407583
12.051116000293405
12.063246999787225
13.344706000680162
12.299713999709638
11.942782999540213
12.017154999739432
12.053364999701444
12.325249999776133
11.969236999902932
12.4100080001881
12.007782000182488
12.882961000286741
11.655874000098265
12.24313200054894
11.647373000414518
11.75163599964435
11.743206999199174
12.1847099999286
12.377676000141946
12.221011000292492
12.473628999941866
12.269322000065586
12.546930999633332
12.11274700017384
12.153540000326757
12.217496999255673
12.06225700025243
11.828024999886111
12.199800999951549
12.225151999700756
11.697855999955209
12.387025999487378
11.993353000434581
11.782808000134537
12.453299000299012
11.692084000060277
12.608803000148328
12.203254999803903
12.124107999625267
11.773568000535306
11.872635999679915
11.583061999772326
12.055735999638273
12.438108000424108
12.005624999801512
11.475319000055606
11.828878999949666
11.931402000300295
12.13455899960536
12.348219999694265
12.532080000710266
12.110567000490846
11.646848999589565
12.208351000481343
11.837730000479496
11.668457000268972
11.935754000660381
12.07161599995743
12.252616999830934
11.895251000169083
11.608582000008028
12.17817599990667
12.006574999759323
12.112318000617961
12.138404000324954
12.329199999840057
12.711452000075951
12.213942000016687
11.819049000223458
11.564142000679567
11.451477999798954
11.984593999841309
12.473458999920695
11.75082699955965
12.232456999299757
12.739476999740873
12.140148999606026
12.294842999835964
11.99909499973728
12.321718999373843
12.100667000595422
12.20399100020586
12.50815099956526
12.905461000627838
11.787888000071689
12.057846000061545
12.562791999698675
11.8467040001633
12.017710999316478
12.310019000324246
12.147660000664473
11.704154999279126
11.990369000159262
12.042270999700122
11.46108800003276
11.904681000487471
12.395097000080568
11.726316000022052
12.227822000568267
12.019010999210877
12.424257999555266
12.196251000204938
13.254991999929189
12.405507000039506
12.63188499979151
12.012795999908121
11.761447000026237
11.97829400007322
11.793309000495356
12.1950350003317
12.227092999637534
12.266666999494191
12.485139000091294
11.941149000449514
11.920482000277843
11.61516299998766
11.65138400028809
12.416096999913862
12.396615999932692
11.84192299933784
12.32391500070662
11.804597999798716
12.379646999761462
11.974322999776632
12.034735000270302
12.499280000156432
12.674274999881163
11.948344000302313
15.262163999977929
12.016804999802844
12.688454999988608
12.59043499976542
12.350146000244422
12.06358600029489
12.32898399939586
11.531391000062285
11.80186799956573
11.946912999519554
11.869099999785249
12.347087999842188
12.285277000046335
12.61483300004329
11.921241999516496
12.764826999955403
10.087436000503658
10.470008000083908
9.5328689994858
9.940891999576706
12.129218999689328
9.90277100027015
10.283964999871387
10.246800999993866
10.870293000152742
9.749869000188482
10.55691100009426
9.60507099989627
10.06305600003543
8.89342000027682
10.892400000557245
11.49862900001608
8.494737000546593
10.422547000416671
8.833398000206216
9.239641000021948
9.454236999772547
10.623732000567543
9.756186999766214
10.596932000225934
9.996134000175516
10.61154200033343
10.039935000349942
9.482106999712414
9.391896000124689
9.671413999967626
10.156477999771596
10.38736499958759
10.196518999691762
11.575982000067597
11.492880000332661
10.83081900014804
10.545299999648705
10.435246999804804
10.174838999773783
12.016894999760552
9.637422000196239
10.21009999931266
9.238970000296831
10.283764999257983
9.869688999970094
10.035686000264832
11.029786000108288
10.778957999718841
10.300992999873415
9.700714999780757
10.255182000037166
9.327122999820858
9.386335000272084
9.418315999937477
9.53484000001481
9.212070000103267
9.057625000423286
9.184058999380795
9.987683999497676
8.769405999373703
8.60488099988288
8.862241999850085
8.832497999719635
9.513449000223773
9.605432000171277
9.814129000005778
9.274280999306939
10.306952999599162
10.280382999553694
10.7365359999676
10.63959299972339
9.5013790005396
9.672053999565833
9.899190999931307
10.58032099990669
11.465057999885175
11.206801000298583
10.47811799980991
11.094689999481488
10.524319999603904
10.438348000207043
10.910930999671109
11.171780000040599
10.501888999897346
11.989724000159185
10.375865999776579
10.485918000085803
10.18229999954201
9.761206999428396
10.28306199987128
10.689825000554265
10.043324999969627
10.27988199984975
10.099525999976322
11.539759999322996
9.642973000154598
10.921242000222264
9.806037999624095
10.269401999721595
11.825318999399315
9.165128999484295
9.609402000023692
10.45172799967986
10.516840000491356
10.544290999860095
10.995753999850422
10.553352999522758
10.377394999522949
11.647694000203046
11.07273600064218
9.95501199940918
10.828189999301685
10.671234000255936
10.79355999991094
11.943472999519145
10.415676999400603
10.723295999923721
10.977424000884639
10.440627000207314
10.923533000095631
10.307992999514681
10.10115900044184
10.984863999510708
10.454117999870505
11.04781499998353
10.792866999508988
10.811731000103464
10.519948999899498
10.169448999477027
10.186059000261594
10.628443000314292
10.171918999731133
10.225130999970133
10.305092999260523
10.37526500022068
11.084296999797516
10.395796000011615
9.94770199940831
11.175768999237334
11.476788999971177
10.780347000036272
10.12777800042386
10.669174000213388
10.74164599958749
9.621162999792432
10.54908100013563
10.190840000177559
10.256361000756442
10.43061700056569
9.645733000070322
10.423685999739973
10.31641400004446
9.415647000423633
9.756096000273828
11.11500699971657
10.08391599953029
10.630813000716444
10.346644000492233
10.813578000124835
9.58325200008403
9.289211999202962
10.805257999891182
9.005092999359476
9.29660200017679
9.33908299975883
10.426288000417117
9.51982000060525
10.135888000149862
10.081385999910708
9.887051000077918
10.936603000118339
10.432267999931355
9.981713999877684
10.199479999755567
10.325683000701247
9.871598999779962
10.306763000698993
10.944652000034694
10.292363000189653
10.521140000491869
10.74913699994795
10.489898999367142
11.129858999993303
11.236342000302102
13.044457000432885
10.94148199990741
9.802817000490904
9.643542999583588
10.263373000270803
9.831018000113545
10.296501999619068
10.34296399939194
10.041545000603946
11.705944999448548
10.057395000330871
10.554171999501705
10.583211000266601
10.046316000625666
10.582161000456836
10.113726999406936
10.933692999969935
10.337803999391326
10.790887999974075
10.50251800006663
10.04739400013932
10.303822999958356
10.513430000173685
10.958582999592181
10.408916999949724
9.79440799983422
10.008954999648267
10.154198999771324
10.385824999502802
9.95728300040355
10.21404099992651
10.51387900042755
10.548670000389393
9.989193000365049
10.533019999456883
11.053954999624693
10.061455999675673
9.2909619997954
10.713945000134117
10.823888999766496
10.433196999656502
11.012195000148495
10.47023800038005
10.664982999514905
11.66154699967592
11.295194000012998
10.482039000635268
10.696694000216667
10.683304999474785
9.932021000167879
9.948582000106398
9.678553999947326
9.802188999856298
9.760236999682093
10.82341900018946
10.229960999822652
10.725958999501017
10.35000400042918
10.987304000082077
10.394465999524982
10.504199000024528
10.054855999442225
10.423927000374533
10.597221999887552
10.771638000733219
10.591721000309917
10.164669000005233
9.831938999923295
9.292192999964755
8.560479999687232
8.387535000110802
8.435306000137643
8.749057000386529
8.82003800052189
8.39762499981589
9.358174999761104
8.690534000379557
8.780127000136417
9.13413699981902
8.887370000593364
8.735565000279166
8.79380999958812
9.085245999813196
8.570699999836506
8.615562000159116
8.605320999777177
8.744054999624495
8.691684000041278
8.25372100007371
7.798016999913671
7.589130999804183
7.57259000056365
8.794206999482412
8.78734700017958
8.720844999515975
9.175209000204632
8.268510999187129
8.313012000144226
8.487267999953474
8.613431999947352
8.334273000400572
8.783776000200305
8.441446999313484
8.756406999964383
8.46525900033157
8.542329000192694
8.432096999968053
8.216000000174972
8.67202300014469
8.436177000476164
8.9815629999066
8.778610000263143
8.082074999947508
8.616971999799716
8.284501000161981
8.835108000312175
9.009802999571548
9.269520999623637
8.927952000703954
8.67890300014551
8.163968000189925
8.532799999557028
8.353233999514487
8.73413499994058
8.5166790004223
8.603041000242229
8.67764300073759
8.463176999612188
8.172478000233241
8.44386599965219
8.802497000033327
8.631392000097549
8.829227999740397
9.602242000255501
9.02514399967913
8.926280999730807
8.531798999683815
8.088184999905934
8.601130999522866
8.582331000070553
8.075384999756352
8.975821999229083
8.734074999665609
10.753427000054216
8.801867999864044
9.010543000840698
9.589741000127106
10.415947000183223
9.51154900030815
8.702573999471497
8.660653999868373
8.13545700020768
8.259229999566742
8.583281000028364
8.268611999483255
8.602240999607602
8.261040999968827
8.275541000330122
9.835709999606479
8.243408999987878
8.404454999435984
7.82312799947249
8.562549999624025
8.518319000359043
8.691563999491336
8.520649000274716
8.653801999571442
8.915770999919914
8.619131999694218
8.362902999579092
9.36065400037478
8.529142000043066
8.484027000122296
8.477657999719668
8.59682200007228
8.434796999608807
8.375307000278553
9.268442000575305
9.050964999914868
9.16095899992797
8.44987599975866
8.605501999227272
8.936750999964715
8.885159999408643
8.23820000005071
7.8046079997875495
8.916140000110317
8.269181000287062
8.922220999920683
8.637011999780952
8.389695999539981
9.632971999963047
8.793016999334213
9.096446000512515
8.642502999464341
8.585031000620802
8.771686999352823
8.866729000146734
8.571889999984705
8.656822999910219
8.512639000400668
8.344083999872964
8.579971000472142
8.4130749992255
8.33621400033735
8.75425600042945
8.985172999928182
9.533579999697395
8.853358999658667
10.379815999840503
8.725425999728031
8.926830999371305
8.925942000132636
8.820447999823955
9.074145999875327
9.242940999683924
8.74747599937109
8.632112000668712
8.464676999210496
8.437806000074488
8.252339999671676
8.517209000274306
8.351063000191061
8.235129999775381
8.644061999802943
8.479686999635305
8.684432999871206
8.746355000766926
8.55816999956005
8.87512000008428
8.975181999630877
8.413135000409966
8.702614999492653
8.549780000066676
8.540998999706062
8.47652799984644
9.274091999941447
9.406475999639952
9.147288000349363
8.653832999698352
8.897050000086892
9.599151999282185
9.19609899938223
8.578031000070041
9.018404000016744
9.46206800017535
8.716824999282835
8.537620000424795
8.663104000333988
9.0399749997232
8.804217000033532
8.157878000019991
8.546259000468126
8.845178999763448
8.489648000249872
8.706867000000784
9.98204400002578
9.272854000300867
8.618850999482675
10.02432499990391
8.957181999903696
8.247431000199867
9.05208499989385
8.812676999696123
8.378563999940525
9.285543000260077
8.6544830001003
8.741225999983726
8.333192999998573
8.286350999696879
8.226189999732014
9.576551999998628
8.779685999797948
8.86576100037928
8.215950000703742
8.848999000292679
8.392404999540304
9.557279999171442
8.207529000173963
8.713626999451662
8.707874999345222
8.563288999539509
8.612841999820375
10.055665999971097
8.824067999739782
8.671784000398475
8.70574399959878
8.843358999911288
8.326483000018925
8.995795999908296
8.750906000386749
8.657921999656537
8.29150200024742
8.739724999941245
8.54715999957989
8.645552000416501
8.317742999679467
8.239140000114276
8.129437000206963
8.501008000166621
8.595843999501085
8.973803000117186
8.628442999906838
8.791618000032031
8.334793000358331
8.808147000308963
9.215650999976788
8.557399999517656
8.423235999543977
8.440216000053624
8.1584980007392
8.935461999499239
9.283661000154098
8.735155000067607
8.846678999361757
8.44256599975779
8.707535000212374
8.690454000316095
8.531969000614481
8.929091000027256
8.873140000105195
9.026263999658113
8.52083900008438
9.5882999994501
8.933011999943119
8.504819000336283
9.179058999507106
8.516548000443436
8.739584999602812
8.411544999944454
8.753086000069743
8.855279000272276
8.59517099979712
8.80043699999078
8.936502000324253
8.363594000002195
9.033525000631926
8.542800000213902
8.241501000156859
8.471506999740086
8.558239999729267
9.087067000109528
8.919940999476239
8.511158999681356
8.574180999858072
8.55604000025778
8.462396999675548
8.419585999945411
8.632111999759218
8.232819000113523
8.302002999698743
8.764996000536485
8.726946000024327
8.706344000529498
9.112167000239424
9.033633999933954
8.671173999573512
9.126206000473758
8.775156999945466
8.168151000063517
8.432005999566172
8.802076999927522
8.888140000635758
8.564990000195394
8.494197999425523
8.622571999694628
8.294821999697888
8.841838000080315
8.714235000297776
8.562911000808526
8.415805999902659
9.487770000305318
9.086897000088356
8.3984650000275
8.664234000207216
10.287732000506367
9.57037200078048
9.076196000023629
8.667151999361522
8.552559999770892
8.434655999735696
8.96789299986267
8.71745499989629
8.419036000304914
8.81867800035252
8.401815999604878
8.656933000565914
8.458036999400065
8.192039000277873
8.845448999636574
8.189938999748847
8.241149999776098
8.785198000623495
8.631872000478324
8.797096999842324
9.449027000300703
8.246691000749706
8.485427999403328
9.420205999958853
8.995234000394703
9.351613999569963
9.609802000341006
8.745074999751523
8.361504999811586
8.954551999522664
8.197309000024688
8.457908999844221
8.205930000258377
10.23555200026749
8.909400999982608
8.365863999642897
8.901254999727826
8.586830000240298
8.972574000836175
8.745155999349663
9.794676999263174
7.487786999263335
8.487097999932303
9.105856999667594
8.629511999970418
7.867189000535291
9.37879499997507
8.6995339997884
8.486098000503262
8.788716999333701
8.673482999256521
8.906789999855391
8.945881999352423
8.76988700019865
8.510570999533229
9.06994599972677
8.622452000054182
8.773806999670342
8.631681999759167
8.35510399974737
8.555309999792371
9.409246000359417
8.645821999380132
8.743364999645564
8.483687000079954
9.087295999961498
10.073125999952026
9.509218999482982
8.228280000366794
8.360983999409655
8.935333000408718
8.36574400000245
8.439606999672833
9.137598000052094
8.574241000133043
8.308051999847521
8.281931999590597
8.504020999680506
8.387125000808737
9.200809000503796
9.350405000077444
8.92156099962449
8.374344000003475
8.59262099947955
8.406595000451489
8.470777000184171
8.845919000123104
8.586720000494097
8.565791000364698
8.26962100018136
8.3921340001325
9.02142500035552
8.519509000507242
8.808507000139798
9.206210000229476
9.34709400007705
8.230959999309562
9.054045000084443
7.397785000648582
8.653742999740643
8.619031999842264
8.817638000437
8.102347000203736
9.43674700010888
8.627903000160586
8.637681999971392
8.50140799957444
9.047913999893353
8.316973000546568
8.791416000349273
8.482707999974082
8.177757999874302
8.628702999885718
8.539992000805796
8.771955999691272
8.842178999657335
8.818018000056327
9.195139999974344
8.533498999895528
9.420526000212703
8.769370000663912
8.756829000049038
8.34259600014775
9.640403000048536
8.633452999674773
8.941502000197943
9.198508999361366
8.80242699986411
8.823568000480009
8.357144000001426
8.747716000470973
8.050155000091763
8.632367000245722
8.5025680000399
8.298322999507945
9.12171700019826
9.059205000085058
8.855779000441544
9.080865999749221
8.852779000335431
8.478058000036981
9.17622900033166
8.389274999899499
9.265722000236565
9.181048999380437
9.638742999413807
9.115335999922536
8.451267999589618
8.447936999800731
9.007014000417257
8.933731000070111
8.686834000400268
8.586300999922969
8.46048699986568
8.899870000277588
8.58757300011348
8.952492000389611
8.669382999869413
8.707924999725947
8.352383000783448
8.384145000491117
8.345264000126917
8.520371000486193
8.689283999956388
8.345393000126933
8.661823000693403
8.139108000250417
8.729906000553456
8.645721999528178
7.699383999351994
8.960391999607964
9.254931000214128
9.654364999732934
10.024764999798208
8.97963300030824
8.670273999996425
8.562640000491228
9.227030000147352
8.84507000046142
8.946220999860088
9.47442799952114
8.885310000550817
8.570440999392304
8.0001030000858
8.356246000403189
9.124877000431297
8.211420000407088
8.594613000241225
8.880709000550269
8.635393000076874
9.700974999759637
8.447035999779473
8.565191000343475
9.09044600030029
9.709085000395135
9.431735999896773
8.8379779999741
9.16084900018177
8.637112000542402
8.784145999925386
8.338634000210732
8.90864099983446
8.55661900004634
8.923231999688142
8.540190000530856
8.674372999848856
9.824447999562835
8.23601000047347
10.253340999952343
8.432956999968155
9.287942999435472
9.06021500031784
8.195468999474542
8.643531999950937
8.915041000363999
8.638882999548514
8.332323000104225
9.005943000374828
9.634553999603668
9.63574300021719
8.633012000245799
9.352675000627642
8.878988999640569
9.484928000347281
9.307122999416606
9.725576000164438
9.182937999867136
10.298453000359586
9.849218999988807
9.573962000104075
9.912839999742573
10.040504000244255
9.907611000016914
9.964701999706449
10.146458999770402
10.964123000121617
10.136367999621143
10.294462000274507
9.766086999661638
9.68035499954567
10.116800000105286
11.027315000319504
11.507618999530678
10.702575000323122
10.40083699990646
9.692454000287398
10.39318600032857
10.007992999817361
10.288373000548745
10.578721000456426
9.851628999967943
10.773058000268065
10.534420000112732
10.496528999283328
10.232110999822908
10.721104999902309
10.74963600058254
10.598314000162645
12.034575000143377
10.222461000012117
9.89382999978261
10.51198899949668
10.33991500025877
10.958222999761347
10.326394000003347
10.684055000638182
9.550029999445542
10.1923700003681
9.800097000152164
10.876199999984237
10.51610900049127
10.295303000020795
11.32917399991129
10.922362000201247
10.315133999938553
10.643972999787366
9.83130899930984
10.54175000081159
10.460878000230878
10.343013999772666
11.706497999512067
10.080416000164405
9.475609000219265
8.307473000058962
8.2645610000327
8.60399100020004
8.981324999695062
8.973003000392055
8.113777999824379
8.27687099990726
8.181459000297764
7.379994999610062
8.62081200011744
9.65171299958456
8.340264000253228
8.451166999293491
8.251841000856075
8.81945800028916
8.722104999833391
8.521599000232527
8.42898700011574
8.551359999728447
8.722195999325777
8.379043999411806
8.403875000112748
8.418016000177886
8.031104000110645
10.340754000026209
9.437386999707087
8.863200000632787
8.559720000448579
8.52877899978921
8.987942999738152
9.486958999332273
7.505048000894021
8.555839999644377
9.379794999404112
8.284202000140795
8.632722999209363
8.869658999174135
9.145457999693463
9.549801000503066
9.987854000428342
6.966492000174185
9.307192999585823
9.7342059998482
9.103897000386496
9.510188999229285
9.742285999891465
8.982883000498987
9.017195999149408
8.95509200017841
8.718094999494497
9.045933999914268
7.949312000164355
8.320242000081635
8.765137000409595
8.933631000218156
8.97541300037119
9.218749999490683
8.775267000601161
8.764815999711573
7.660623000447231
8.806506999462727
9.04384499972366
8.956341999692086
8.672472999933234
8.914860999539087
8.44479700026568
8.801926999694842
8.158628000273893
9.197459999995772
8.171229000254243
8.386745000279916
8.068885000284354
8.123576999423676
8.353753999472247
7.718235000538698
8.608112000729307
7.687954000175523
8.3580640002765
8.38432499949704
8.529779999662424
8.912760999919556
8.608201000242843
9.282371999688621
8.582051000303181
9.064664999641536
8.508728999913728
8.753856000112137
8.370003999516484
8.499120000124094
8.361694000086572
8.84269900052459
8.677955999701226
9.02532500003872
8.480907999910414
8.836168000016187
8.64069199997175
9.031933999722241
8.503697999913129
9.011504000227433
9.460397000111698
9.418515999641386
9.066974999768718
9.524590000182798
10.240512000564195
10.625313000673486
10.749676000159525
9.750575999532884
10.356323999985761
10.551971000495541
9.735495999848354
9.72663599986845
10.789987999487494
9.985443000005034
9.252120999917679
9.682314999736263
10.778077999930247
11.075867000727158
9.9920540005769
10.057955999400292
10.170468999604054
9.81959800083132
10.455416999320732
9.789157999875897
9.839730999374297
9.870879000118293
10.682224999982282
10.803167999256402
10.83394900069834
10.555799999565352
9.126197000114189
10.51464899956045
10.197728999628453
9.684454000307596
9.747575999426772
10.384436000094865
9.944331999577116
10.166058999857341
10.327992999918933
10.586452000097779
10.726786000304855
11.320443000840896
10.488307999366953
10.383005000221601
9.423915999832388
10.379844999988563
10.447796999869752
10.895720999542391
10.338504000173998
10.47745699997904
10.136148000128742
10.030823999841232
10.349144999963755
10.8990509997966
11.337644000377622
10.664194000128191
9.82405899958394
11.015323999345128
10.359965000134252
11.168928999722993
10.223219999716093
9.9930439992022
11.35746499949164
10.923261999778333
10.349564000534883
10.014094000325713
8.90123999943171
9.500017999926058
8.62494200009678
8.578770999520202
8.776276999924448
9.087696000278811
8.70294499964075
8.603631999903882
8.539438999832782
8.587041000282625
8.452637000118557
9.068845000001602
7.837967999876128
8.574399999815796
8.125107000523712
8.692423999491439
8.261771000434237
9.557410999150306
8.991792999950121
10.159329000089201
8.521038999788288
8.725815000616421
8.457375999569194
8.302371999889147
8.380374000807933
8.596911999120493
8.47892799993133
8.933511999202892
8.474836999994295
8.383014999708394
8.883120000064082
8.303552999677777
8.7410659998568
8.554439999898023
8.363804000509845
8.677904000251146
8.968193000328029
8.867679999639222
8.220089000133157
8.540279000044393
8.597031000135757
8.765637000578863
8.690943999681622
8.402444999774161
9.707565000098839
8.94212100047298
8.114026000839658
9.041870000146446
14.219051000509353
8.67783400008193
8.440726000117138
8.617362000222784
8.762206000028527
8.804158000202733
9.785508000277332
9.612101000129769
8.623445000011998
8.345873000507709
8.806228000139527
8.933850999710558
8.68598600027326
8.484187999783899
9.155077999821515
8.649021999190154
8.535329000551428
9.264770999834582
8.852109000144992
8.586201000071014
8.584760999838181
8.72991500000353
8.516689000316546
7.29711199983285
7.1333870000671595
9.539560000121128
8.797116999630816
9.095456000068225
8.410897999965528
8.937321999837877
9.396524999829126
9.028913999827637
8.199259000321035
8.946001999902364
8.547039999939443
8.546620000743133
8.633732000816963
8.195258999876387
8.48881700039783
8.372493999559083
8.956171999670914
8.730925000236311
8.35942400044587
7.6738529996873694
9.477527999479207
8.791796999503276
8.847588999742584
9.253821000129392
8.287772000585392
7.82630799949402
8.486477999213093
8.614071000010881
9.177408999676118
8.466796999528015
8.349134000127378
8.579751000070246
8.63250199927279
8.840637999128376
9.30420300028345
8.586801000092237
8.293981999486277
8.76473599964811
8.60159100011515
9.1135269994993
8.439666000413126
8.947654000621696
8.709204999831854
8.38902500072436
7.894270000178949
8.491728000080911
8.301722999931371
9.037554999849817
9.551240000291727
8.984743999462808
8.650382999803696
9.195730000101321
8.326332999786246
7.813017999978911
9.042296999723476
8.912980999411957
8.528989999831538
9.085945000151696
9.595281000656541
8.630012000139686
8.778176000305393
8.966202000010526
8.582761000070604
8.400895000704622
8.586750999711512
8.718685000530968
8.292492000691709
9.035333999236173
8.935740999731934
8.521689000190236
8.975291999377077
8.6058110000522
8.643402999950922
8.113996000247425
8.699084999534534
8.229449999817007
8.477077999486937
9.050775000105205
9.39141499929974
8.544369999981427
8.771775999775855
8.262520999778644
9.01111400071386
8.361383999726968
9.012533999339212
9.007863999613619
8.478687000206264
9.583170999576396
8.523959000740433
8.515307999914512
8.335892999639327
8.779727999353781
8.096905999991577
8.86201999946934
8.528009000656311
9.11473699943599
8.427146000030916
8.25942300070892
8.9327810001123
8.493336999890744
8.933260999583581
9.149708000222745
9.068465999916953
8.943851999902108
8.745305000047665
8.537870000509429
8.47412799976155
8.433555999545206
8.058935000008205
8.526798999810126
8.226689999901282
8.50821900075971
8.266401999208028
8.340493999639875
9.270681999623775
8.117035999930522
8.425546000580653
8.445397000286903
8.433326999693236
8.302092000121775
8.562289999645145
8.699205000084476
8.870578999449208
8.283971999844653
8.41158599996561
8.670823000102246
8.372365000468562
8.095516000139469
8.23705000038899
8.413554999606276
8.251200999438879
8.972001999609347
9.228840000105265
8.761475999563118
8.898230000340845
8.304621999741357
8.368763999897055
8.367464000002656
8.622572000604123
8.68754400016769
8.606600999883085
8.41519599998719
8.280222000394133
8.341013000062958
8.407715000430471
8.448857000075805
9.095735999835597
7.139137000194751
8.649303000311193
8.853669000018272
8.010494000700419
8.59662400034722
8.83265799984656
8.45696600026713
8.831997999550367
9.034583999891765
9.18627999999444
8.64890299999388
8.244630000262987
8.35771400033991
8.989473999463371
8.865859999787062
8.6417819993585
8.483718000206864
8.197389000088151
8.81471800039435
8.652111999253975
8.517059000041627
8.612051000454812
8.71272400036105
8.552330000384245
8.61150099990482
8.454816999801551
8.53367900072044
8.534139999937906
8.743465000407014
8.24161099990306
9.069305000593886
8.529218999683508
9.270012000342831
8.679674000632076
8.304312000291247
9.564160000081756
8.916370999941137
8.506137999575003
8.875529999386345
8.547540000108711
8.390275000238034
8.902930000658671
8.836379000058514
8.57655099935073
8.21914999960427
8.978344999377441
8.460667000690592
8.676772999933746
8.75414600068325
8.848477999890747
8.693763999872317
8.795688000645896
8.989033000034397
8.722914999452769
8.315362999383069
8.60147399998823
8.5524300002362
10.07926599959319
8.400894999795128
8.538138999938383
8.748446000026888
9.555990000080783
8.73124600002484
8.723616999304795
8.658273000037298
8.964281999396917
8.788267000454653
9.43830699998216
9.233989999302139
9.331752999969467
9.932812000442937
10.645314000612416
10.02730399977736
9.798478000448085
9.993136000048253
9.816368999963743
10.744825000074343
10.661003000677738
10.73841600009473
10.617013000228326
10.074325999994471
10.533671000303002
10.815177999575099
10.289501999977801
9.816497999963758
9.63773300009052
10.603742999592214
9.857099000328162
