payload_size_bytes=512000
runs=100
mean_ms=1.727
median_ms=1.604
stddev_ms=0.563
min_ms=1.003
max_ms=4.976
---raw---
3.3450410001023556
1.9641589999537246
3.7689240000418067
1.283080999996855
4.976464000037595
1.1069539999652989
1.469835000079911
1.941089000069951
3.5982980000426323
1.7448029999513892
1.625539999963621
1.5046060000258876
1.3841569999613057
1.2631579999151654
1.9220729999460673
1.64566000000832
1.4796950000572906
1.6089790000251014
1.479355000014948
1.5770429999975022
1.359067000066716
2.6247839999768985
1.56074799997441
1.667730000008305
1.670621000016581
2.3218189999170136
1.2933220000377332
1.3955199999600154
1.9430490000331702
2.169385999991391
1.4579999999568827
1.2474330000031841
1.7627940000011222
1.7901740000070276
1.1300449999680495
1.34450600000946
1.3117240000610764
1.3361999999688123
1.473394999948141
1.8545919999723992
1.3281059999599165
1.7129130000057557
1.5500669999255479
1.6423800000211486
1.5806979999979376
1.6222479999896677
1.5516669999442456
1.269428999989941
1.4915250000058222
1.3416409999535972
2.028461999998399
1.6446610000002693
1.2088769999536453
2.120134000051621
1.623159000018859
1.5676069999699394
1.7458180000176071
2.3676669999304067
1.6903520000823846
1.0030610000058005
1.0558069999433428
1.9214380000676101
1.3511309999785226
1.9562599999289887
2.0623760000262337
1.7449340000439406
1.5404659999376236
2.2808290000284615
1.4445839999552845
1.8872009999313377
1.3820530000430153
1.401336999947489
1.6999919999989288
1.914218000024448
2.0619030000261773
1.6323600000305305
1.81005499996445
1.4512940000486196
1.5942090000180542
1.5783729999157003
1.3582319999159154
1.5057969999361376
2.1075930000051812
1.3586910000640273
1.7715439998937654
2.012261999993825
1.5632870000672483
1.5998889999764287
1.785935000043537
1.4624739999362646
2.781825000056415
1.2498270000378398
1.5006760000915165
1.7498629999863624
1.4227829999526875
1.5661229999750503
1.6969260000223585
1.5618170000379905
1.6530650000277092
1.7185519999429744
