payload_size_bytes=512000
runs=100
mean_ms=1.961
median_ms=1.817
stddev_ms=0.611
min_ms=1.127
max_ms=5.066
---raw---
4.573159999949894
1.7862040000409252
1.4393540000128269
2.518957000006594
1.9449119999990216
1.3422079999827474
3.4416039999314307
1.4138740000362304
1.6022480000401629
2.2954500000196276
1.9541120000212686
1.597916000037003
1.55164699992838
2.7828749999798674
1.5109859999711261
1.6808810000839003
2.115276000040467
2.411092999977882
1.8364969999993264
2.1159670000088227
1.9865980000304262
1.97146999994402
1.4276240000299367
2.112928999963515
1.6650800000661548
5.0663190000932445
1.881086000025789
1.8942530000458646
1.3052900000047885
2.3855119999325325
2.4478750000298533
2.4931379999770797
1.776367000047685
1.647810000008576
1.4060930000141525
2.6593610000418266
1.6704500000059852
1.8420359999709035
3.3116010000640017
1.8059149999771762
1.64296100001593
2.0117220000201996
1.5924409999570344
2.17551400010052
3.0963939999537615
1.4634340000156953
1.5293870000050447
2.2814500000549742
1.6970419999324804
1.5114060000769314
1.5958490000684833
2.1621859999640947
1.670120999961
2.2939689999930124
1.6567900000836744
1.3347299999395545
1.576677999992171
2.2241570000005595
1.3101199999709934
1.6528699999298624
1.6749310000250262
1.1269540000284906
2.2806489999993573
1.537705999908212
1.715711999963787
2.7255649999915477
1.6001860000187662
1.2701089999609394
1.5710380000655277
1.8250760000455557
1.424773000053392
2.14118500002769
2.2576590000653596
1.1884960000543288
1.541486999940389
2.2880900000927795
3.1681559999015008
2.643883000018832
1.7079499999681502
1.8954180000037013
1.7898429999831933
1.8095559998982935
2.069083000037608
1.7447830000492104
1.8313949999537726
1.8995879999010867
1.7294920000949787
1.8296250000275904
2.0379219999995257
1.5774170000213417
1.517906000003677
1.9097670000292055
2.242228999989493
1.7530829999259367
2.0263610000483823
1.8059859999084438
2.3152330001039445
2.051431999916531
1.9652199999882214
1.4187030000130108
