payload_size_bytes=512000
runs=100
mean_ms=1.820
median_ms=1.641
stddev_ms=0.858
min_ms=1.070
max_ms=8.559
---raw---
2.11095400004524
2.1206840000331795
8.558669999956692
1.7480829999385605
1.6622499999812135
1.4000529999975697
1.6284990000485777
1.420804999952452
2.1479619999809074
1.5527519999523065
2.670416999990266
1.6916060000085054
1.7596499999399384
1.5748759999496542
1.4724029999797494
1.3062790000049063
1.3417310000249927
1.5341419999685968
1.6939070000034917
2.0540279999750055
1.3141250000217042
1.8341949999012286
2.1194050000303832
1.976090000084696
1.463833999991948
1.460046000033799
1.6118290000122215
2.0810729999993782
1.3602610000589266
2.1538349999445927
1.3466120000202864
1.6531100000065635
1.4241459999766448
1.4550040000358422
1.2143569999807369
1.4906769999925018
3.050529999995888
1.5435860000252433
1.532366000105867
1.4225779999605948
1.7504879999705736
1.4030029999503313
1.2182269999811979
1.7056840000577722
1.2708660000271266
2.9508799999575785
1.0699409999688214
1.747343000033652
2.3034000000734522
1.4080920000196784
1.5139170000111335
1.5483969999650071
1.8745300000091447
1.618204000010337
1.6827560000365338
1.6772699999592078
1.4114340000332959
1.9302040000184206
1.4776250000068103
1.5291019999494893
1.4476549999926647
1.292055000021719
1.8373410000549484
1.6274969999585664
1.4256060001116566
1.7054099999995742
1.8183999999337175
2.851382000017111
1.5657270000701828
1.4593070000046282
1.825886000005994
1.096404000008988
1.6687510000110706
1.2318500000674248
1.7721709999705126
1.3376900000139358
3.5080360000847577
1.4925609999636436
4.808043000025464
1.9633099999509795
1.988251000057062
2.386018000038348
1.6563399999540707
1.42941299998256
2.0097809999697347
2.478326000073139
1.995290999957433
1.9603250000272965
2.3035100000470266
1.3448600000174338
1.1611090000087643
1.7004009999936898
2.255885000067792
1.7150220000985428
1.5556179999975939
1.9080279998888727
1.5173069999718791
1.4200479999999516
1.4520089999905395
1.9340090000241617
