payload_size_bytes=512000
runs=100
mean_ms=1.658
median_ms=1.576
stddev_ms=0.403
min_ms=0.898
max_ms=3.393
---raw---
3.3928020000075776
1.840375000028871
3.2672400000137714
2.0071909999614945
1.7645089999405172
1.397522000047502
2.907539000034376
1.5019559999700505
1.4984540000568813
1.8157709999968574
1.4706670000350641
1.556764999918414
1.8027950000032433
1.675891000104457
1.7041319999862026
1.7000770000095144
1.4378829999941445
1.637855000012678
1.8568719999620953
1.5756379999629644
1.7561890000479252
1.5250120000018796
1.7962089999628006
1.302678999991258
1.364632999980131
1.1076430000684923
1.155149999931382
1.7581189999873459
1.183906000051138
1.6761959999485043
1.5238529999805905
1.643370000010691
2.3685019999675205
1.3220609999962107
1.7530620000343333
1.5947979999282325
1.5874540000595516
1.4770330000146714
1.4731980000988187
0.8975239999244877
1.876693999975032
1.4708459999610568
1.3668760000200564
1.1024929999621236
1.849045999961163
1.8260109999346241
1.5363329999900088
1.4747650000117574
1.910817000066345
1.4653559999260324
1.4321109999855253
1.1740769999732947
1.596918000018377
1.6584999999622596
1.9159879999506302
1.556827999934285
1.4268770000853692
1.4716499999849475
1.361890999987736
1.5376569999716594
1.7404829999350113
1.7898350000677965
2.9054880000103367
2.2889199999553966
1.5766070000609034
1.685591000068598
1.6478349999715647
1.957523999976729
1.7240619999938644
1.4399890000049709
1.8902650000427457
1.387699000019893
1.695097000038004
1.5266259999862086
1.8001290000029257
1.8183500000077402
1.4967900000328882
1.0850819999177475
1.291234999939661
1.4628090000314842
1.5166260000114562
1.5728970000736808
1.4102320000120017
1.6396390000181782
1.5083869999443777
1.7997439999817288
1.4240330000347967
1.5356600000586695
1.3361339999846678
1.4472490000798643
1.6790959999752886
1.6769260000728536
1.4981059999854551
1.6747109999641907
1.393623000012667
2.0389789999626373
2.749114000039299
1.8263050000086878
1.28040900005999
1.4583170000150858
