payload_size_bytes=512000
runs=100
mean_ms=1.742
median_ms=1.680
stddev_ms=0.373
min_ms=0.839
max_ms=2.947
---raw---
2.205986999911147
2.9468220000126166
2.059708000047067
2.132766999920932
2.6200070000186315
2.2277580000036323
2.027759000043261
1.7248729999437273
1.4108020000094257
1.8510459999561135
1.4778799999248804
1.7088560000502184
1.6200190000290604
1.8897179999157743
2.0203909999736425
1.5995679999605272
1.9260090000443597
1.7713539999704153
1.4659570000503663
1.5613799999982803
1.7589430000271022
1.5598270000509729
2.04713300001913
1.4041760000509385
1.2528849999853264
2.9169499999852633
1.8499560000009296
1.5939680000656153
1.7983649998996043
2.0965359999536304
1.8373439999095353
1.4946950000194192
1.5853529999958482
1.3369300000931617
1.461404999986371
0.8387550000179544
1.5857050000249728
1.5450339999460994
1.3210170000093058
1.675641000019823
1.8499259999771311
1.824286000100983
1.5363400000296679
1.7035690000284376
1.4505460000009407
1.448462000098516
2.471703999958663
1.5727779999679115
1.3927630000125646
1.726543000017955
1.5998409999156138
1.2881760000027498
2.0269039999902816
1.4040500000191969
1.8576869999833434
1.5595869999742717
1.6838809999626392
1.4713979999214644
1.6292280000698156
1.60278400005609
1.3017149999541289
1.7299370000500858
1.5484850000575534
1.4444130000583755
1.1735560000261103
2.802165999924
1.1638050000328803
1.606688000038048
2.929529999960323
1.4575640000202839
1.8683590000136974
1.7601810000087426
1.7265230000020892
1.7147419999901103
2.1283739999944373
1.4423879999867495
1.6564999999673091
1.8728759999930844
1.8003099999077676
1.8304430000171124
1.6627909999442636
1.9082259999549933
1.9108199999209319
1.516645999913635
1.5225370000280236
1.9403709999323837
1.5487660000417236
2.193496000018058
1.4416469999787296
2.083442999946783
1.873458999966715
1.8632640000078027
1.2833990000444828
1.633058999914283
2.346860999978162
1.6436599998996826
1.703875999965021
1.370645999941189
1.6070789999957924
1.909198000021206
