payload_size_bytes=512000
runs=100
mean_ms=1.711
median_ms=1.623
stddev_ms=0.389
min_ms=1.127
max_ms=3.394
---raw---
2.8598259999625952
3.34242099995663
1.5328069999895888
2.2566580000784597
2.515306000077544
1.7177720000063346
1.7556430000240653
1.6966680000223278
1.2892999999394306
1.763114000027599
1.2278359999982058
2.100413999983175
1.5006450000782934
1.6317810000145982
1.6624959999944622
1.8298359999562308
1.38061099994502
1.1959160000287739
1.9827439999744456
1.5748580000263246
1.5951110000287372
1.2984370000594936
1.8182170000500264
1.4650460000211751
1.5663430000358858
1.5494870000338778
1.4926650000006703
1.5571420000242142
1.6362449999860473
1.7167130000643738
1.2170770000921038
1.6053110000484594
1.12743199997567
1.6261889999213963
1.691590000064025
1.840141999991829
2.1095040000318477
1.7314380000925667
1.5499779999572638
1.5638369999351198
2.0152310000867146
1.3520210000024235
1.8513060000486803
1.8189160000474658
1.4009669999950347
1.270778999924005
1.979014999960782
1.604509000003418
1.9782299999633324
1.6195819999893502
1.1354590000109965
3.3941249999998035
1.8904139999449399
1.4683939999713402
1.6878760000054172
1.247401999989961
1.540851999948245
1.4458389999845167
1.4324840000199401
2.0672829999739406
1.5454260000069553
1.8031240000482285
1.1616250000088257
1.6185389999918698
1.8272949999982302
1.5532899999470828
2.8036850000034974
1.8898350000426944
1.954479000005449
1.8492359999982
1.4677369999844814
1.6151570000602078
1.6792000000123153
1.4971760000435097
1.45932400005222
1.4707379999663317
1.7635460000064995
1.572292999981073
1.8915069999820844
2.3362859999451757
1.762373999895317
2.089263000016217
1.4904479999131581
1.6774819999909596
1.8334330000016053
1.7115619999685805
1.614861000007295
1.6123799999832045
1.487715999928696
1.4929449999954159
1.561217000016768
1.7190419999906226
1.5057760000445342
1.399902999992264
1.6307700000197656
1.6970120000223687
2.2991590000174256
1.6033980000429437
1.7321220000212634
1.6106790000094406
