payload_size_bytes=512000
runs=100
mean_ms=1.699
median_ms=1.618
stddev_ms=0.373
min_ms=1.114
max_ms=3.134
---raw---
1.9504690000076153
2.443575000029341
1.8034439999610186
1.6495799999347582
2.140284999995856
1.5296469999839246
1.4527750000752349
1.6258100000641207
1.4005929999711952
1.374881999936406
2.3997529999633116
1.4160189999756767
1.7849839999826145
1.6082600000117964
1.763944000003903
1.6059490000088772
1.8739270000196484
1.6394799999943643
2.0615230000657903
1.610088999996151
1.7482329999438662
1.8061749999560561
2.6010399999449874
1.847530999953051
1.8940030000749175
2.0094019999987722
3.051532999961637
1.8679459999475512
1.5775570000187145
1.4935560000139958
1.6420389999893814
1.5578679999634915
1.5393770000855511
1.5481770000178585
1.9976109999788605
1.267677999976513
1.327979999928175
1.5988289999313565
2.2110169999223217
1.5757369999391813
1.5261869999676492
1.5673679999963497
1.5725079999810987
1.6858410000395452
1.463203999946927
1.8854769999734344
1.225196999939726
1.6787609999937558
1.356621000013547
1.3172550000035699
1.531488000068748
1.3702510000257462
2.0852530000183833
2.0849329999919064
1.702072000057342
1.2536689999933515
1.5791999999237305
1.5852060000725032
1.2438669999710328
1.5794279998999627
1.2621079999917129
1.5720179999334505
1.3534010000739727
2.422163999995064
1.7746639999813851
1.7377130000113539
1.5496270000312506
1.4200030000210973
1.7235619999382834
1.857717000007142
1.4284840000300392
1.6451809999580291
1.665425999931358
1.7498170000180835
1.9639399999960006
1.4043730000139476
1.964309000072717
1.5017350000334773
1.4737349999904836
1.4155380000602236
1.3416860000461384
1.2914140000930274
2.972619999923154
1.8650370000159455
1.6392900000710142
1.1143539999238783
1.7778940000425791
1.6324700000041048
1.3931509998883485
3.1341149999661866
1.4931050000086543
1.3422219999483787
1.502185999925132
1.1171840000088196
1.7712430000074164
1.9033380000337274
1.6853660000606396
2.0181159999310694
1.9320390000530097
1.5440020000596633
