payload_size_bytes=512000
runs=100
mean_ms=1.787
median_ms=1.657
stddev_ms=0.577
min_ms=1.105
max_ms=5.125
---raw---
5.12486600007378
2.1277749999626394
2.5786779999634746
2.0230919999448815
1.7149730000483032
1.397021999991921
1.9465289999516244
1.369500999999218
2.4705440000616363
1.5107950000583514
1.3326759999472415
1.4092780000964922
1.9121679999898333
1.4376440000205548
2.6945409999825642
2.4018530000375904
1.3331000000107451
1.7118319999553933
1.7861640000091938
2.237627999988945
1.6431899999815869
2.945580000073278
2.094203000069683
1.81284500001766
1.5407769999455923
2.518589000032989
1.7854539999007102
2.35723200000848
1.8095249999987573
1.5664979999883144
1.7722339999863834
1.2778190000517498
1.9029280000495419
1.6927719999557667
2.723091999996541
1.9640199999457764
1.5308889999232633
1.6784709999910774
4.320011000004342
1.5349759999025991
1.2913299999581795
2.849276999995709
1.4016940000374234
1.5148839999028496
1.52707699999155
1.4957260000301176
1.236468000001878
1.5659800000094037
1.1596650000456066
1.8351360000679051
1.522298000054434
1.5727449999758392
2.0149939999782873
1.7198399999642788
1.5007649999461137
2.099365000049147
1.460089000033804
1.6400539999494868
1.5643570000065665
1.7825740000034784
1.5575500000295506
1.813102000028266
2.288204000024052
1.5642700000171317
1.916228999903069
1.3902379999990444
1.1263220000046203
1.6131659999700787
1.4419279999628998
1.5900540000757246
2.1004639999091523
1.5661470000623012
1.69439199999033
1.9999510000161536
1.3101289999895016
1.2794869999197545
1.6900110000506174
1.4711840000245502
1.6385200000286204
1.5192270000170538
1.2252919999582446
1.4759289999801695
1.6738099999429323
2.2546989999909783
1.1351859999422231
1.8443059999526668
1.5567730000611846
1.5086259999179674
1.766621000001578
1.995254999997087
1.7001920000438986
1.567607999959364
1.3715009999941685
1.6707209999822226
1.2974700000540906
1.1046899999200832
2.1619340000142984
1.7054060000418758
2.092659000027197
1.2394990000075268
