Messages/sec=15.15
duration_sec=60.065
payload_size_bytes=8388608
total_messages=910
payload_throughput_MiB_sec=121.20
mean_rtt_ms=42.953
median_rtt_ms=43.821
stddev_ms=9.054
min_ms=19.198
max_ms=70.902
---raw_latencies_ms---
62.7293079996889
59.970381000312045
68.76882799952
59.80894699860073
60.517208999954164
63.881850999678136
67.95950999912748
61.58031699851563
60.51402800039796
61.64447199989809
60.55430899868952
57.612959999460145
58.10766799913836
65.12747799934004
62.275870999656036
59.99235499984934
49.596238999583875
61.54394999975921
59.94986199948471
53.55350600075326
56.575307999082725
57.21227800131601
51.31255400010559
55.33152099997096
52.4399040004937
56.823249000444775
59.68215299981239
52.79709999922488
61.70578400087834
57.64314100088086
57.150635999278165
51.89287200118997
58.74871800006076
53.24076699980651
56.0190819996933
51.959868000267306
59.34046299989859
49.10672199912369
43.438462000267464
40.31825700076297
46.13046199847304
49.56388599930506
49.66807199889445
53.923666000628145
44.22478400010732
39.427739999155165
43.80229100024735
41.891552000379306
39.09402800127282
41.71290600061184
47.43719100042654
41.853476999676786
38.084119998529786
39.77213799953461
30.049912000322365
36.256880999644636
34.79372699985106
35.35745400040469
37.200369999482064
33.840547999716364
40.76020899992727
52.41073699835397
59.51400899903092
47.72874599984789
47.365819998958614
40.67773099995975
41.07343800023955
48.33103799865057
39.70494700115523
43.51653199955763
46.23350499969092
44.64116599956469
28.70279199851211
49.78390200085414
33.722435000527184
24.09369099950709
25.116363000051933
36.71148600005836
34.69831899928977
40.80616899955203
38.65524499997264
46.986928000478656
43.444598999485606
43.8399920003576
31.144131000473863
34.358349001195165
31.748979999974836
32.96819200113532
36.48790800070856
40.74295400096162
44.741775000147754
32.668948000718956
19.19771299981221
23.471073000109755
27.48802499991143
39.498246000221116
32.24161000071035
47.11184699954174
39.89214800094487
47.0878050000465
42.050902999108075
48.10546099906787
52.20106500019028
51.09145200003695
49.599947000388056
48.23259600016172
37.14453900101944
46.892255000784644
52.298434000476846
46.04543000095873
38.53162499945029
40.075578001051326
38.60035800062178
37.355596001361846
43.72995400080981
36.63419300028181
50.70293999960995
47.91597700022976
55.62344999998459
46.20028299905243
53.01472999963153
34.332593000726774
37.87075100080983
48.97223800071515
54.125144000863656
39.993844999116845
42.98952099998132
47.235445001206244
51.89680600051361
47.31281800013676
49.83250300028885
56.20503099999041
49.00611800076149
53.446264000740484
43.644619998303824
52.287401998910354
50.76318200008245
39.05944200050726
52.76053300076455
53.33474100007152
46.493623000060325
60.86799900003825
54.11493999963568
34.6927680002409
30.654363999929046
35.650683001222205
37.589632000162965
36.33412399904046
55.18047599980491
42.83657100131677
34.89290899960906
34.44813699934457
30.27261000170256
30.938090001654928
36.836579000009806
46.33996700067655
45.34617699937371
36.5281819995289
41.83765100060555
33.41259499939042
38.988065000012284
49.434381999162724
47.397149000971694
44.42048199962301
40.13296900120622
49.87081500075874
35.89768100027868
28.22186799858173
39.72057700048026
43.55822300021828
54.111784000269836
46.70748899843602
47.66760899838118
47.245116000340204
48.19045399926836
48.56084499988356
52.833944999292726
37.46912899987365
38.040265999370604
35.55480999966676
32.220989000052214
52.104743001109455
54.35488400144095
48.51122500076599
42.22671199931938
50.24708600103622
41.34209099902364
35.697174000233645
33.174847998452606
48.7610020009015
50.931409999975585
50.03895000118064
56.082733999573975
34.67268299937132
42.47209999994084
37.37347500100441
35.59092999967106
31.737575000079232
49.93166699932772
52.74997299966344
53.68315200030338
53.53808899963042
47.653277000790695
53.66656099977263
45.09897999923851
52.37387000124727
45.07670899874938
55.95343999993929
51.635038000313216
54.90247700072359
33.94978100004664
52.73993199989491
40.6120439984079
33.94080199905147
27.007151000361773
26.983118999851285
30.855718001475907
27.268927999102743
29.811696000251686
31.34790200056159
27.493495999806328
38.30535300039628
32.153756999832694
37.690937000661506
34.643642999071744
35.247039999376284
48.24899499908497
47.97377700015204
48.49282299983315
34.37746499912464
47.47973200028355
46.381459000258474
48.0677960003959
45.392068999717594
35.22333300134051
51.8872900011047
52.55813199983095
48.34685799869476
54.310049999912735
47.66793800081359
50.28354699970805
44.191291999595705
48.28450600143697
49.40778399941337
46.55955499947595
39.07144699951459
49.94932699992205
46.006587999727344
43.99246100001619
53.94358900048246
55.79708499863045
53.20978599957016
52.46768400138535
38.382955999622936
52.638888999354094
49.31179899904237
55.21049699927971
34.91015600047831
48.07289099881018
51.336169000933296
59.070823999718414
52.85601600007794
49.43445200115093
52.046691000214196
49.424521001128596
50.126558999181725
47.855704000539845
47.62861700146459
51.88699700011057
41.8259809994197
54.932279001150164
46.02888799854554
50.08829200050968
47.52820400062774
49.48520400103007
56.74743399868021
55.032151998602785
47.689329001514125
45.43196000122407
50.16350400001102
48.390190000645816
45.74201000104949
50.5060939995019
49.694098999680136
53.733782999188406
40.72649999943678
43.99919699972088
52.383453999937046
51.39175099975546
43.96646600071108
42.50390099878132
50.742141000228
42.658211999878404
52.61970299943641
55.45488499956264
49.095181999291526
49.72057300074084
53.015760000562295
51.677339999514516
50.68636000032711
48.40864400102873
41.51117100082047
49.75573099909525
54.60604899963073
45.04824800096685
52.63406900121481
54.15507099860406
49.58146100034355
48.037290000138455
44.77829800089239
44.09625299922482
52.876375999403535
55.07060300078592
34.700111998972716
57.22342799890612
52.6621190001606
49.46387299969501
52.630668998972396
50.41414099832764
49.199113998838584
56.630030001542764
50.13281299943628
51.02608000015607
54.191875000469736
46.87251300128992
46.53147299904958
54.998509998767986
47.23386500154447
49.022839000826934
41.68915600166656
50.75264200058882
52.38461099906999
32.15183599968441
28.859011999884387
39.99709500021709
35.13473700149916
40.69107600116695
34.225965000587166
34.90277099990635
31.20873800071422
34.12382599890407
32.44514600010007
36.92619200046465
29.6163319999323
33.300160999715445
29.32053600125073
38.42343700125639
32.345883000743925
34.76267599944549
41.58599400034291
50.158894000560394
52.27295700024115
53.84600599973055
49.07295600060024
58.05521900038002
48.73007099922688
48.44768200018734
47.96593699938967
49.32040899984713
47.89989500022784
50.98079900017183
46.23544499918353
54.27290899933723
46.938135999880615
37.66720999919926
48.441980999996304
48.86013500072295
48.14784300106112
40.76412900030846
40.94995400009793
48.68411899951752
48.72138999962772
52.51198499900056
48.21164500026498
45.310036999580916
52.03183100093156
50.48059299952001
42.14893099924666
56.87946299985924
43.56659399854834
48.149353000553674
34.67576299954089
44.722562000970356
48.29412699837121
49.2974740009231
49.47116799849027
51.271592999910354
47.99815799924545
49.44355200132122
50.170884000181104
52.322529001685325
49.21995500080811
52.90990699904796
53.283449000446126
53.56421699980274
49.752781000279356
36.98403400085226
47.67795100087824
36.34796999904211
48.12278300050821
49.48877599963453
51.742282001214335
46.55467399970803
51.58631700032856
49.54391600040253
55.05344300036086
36.91432999949029
70.9021530001337
38.08728399963002
49.190344998351065
50.51922600068792
49.76359099964611
53.715822999947704
52.777748000153224
48.95296700124163
53.46549400019285
56.03855300068972
48.315018000721466
44.2966049995448
52.33935499927611
52.15715800113685
34.930407999127056
48.70729300091625
43.65420899921446
50.61512800057244
51.60373699982301
41.472656001133146
39.78339999957825
44.5751460010797
42.89559700009704
29.791164999551256
42.846921998716425
46.28628899990872
42.85708200040972
48.03612899922882
56.74808399999165
39.73853599927679
52.34425099843065
50.273448001462384
47.582727998815244
49.86093000115943
44.99641700022039
50.57149599997501
49.54442499911238
50.68297899924801
53.099443000974134
49.29933299899858
39.903022998259985
44.64111599918397
54.09321200022532
48.301257000275655
48.607835999064264
38.7402979995386
58.98699400131591
46.0359820008307
44.41971999949601
40.07885699866165
48.812883000209695
55.63909300144587
46.264716000223416
48.7131509999017
51.30364800061216
41.02641700046661
52.35114999959478
51.098371999614756
47.73826999917219
47.921481000230415
43.874042999959784
50.94321800061152
43.2714329999726
48.07476099995256
47.696830000859336
53.3881460014527
50.22476899830508
50.51348999950278
50.564415998451295
50.929386999996495
44.54794400044193
50.258365999980015
49.96607799876074
45.53397400013637
49.30761699870345
47.33225099880656
50.14668299918412
35.13147699959518
53.28422899947327
48.556985000686836
46.01895800078637
50.71008000049915
37.403447000542656
54.509461999259656
47.91686500175274
47.855283999524545
48.09012100122345
48.88229499920271
53.34310999933223
51.921692000178155
37.58115100026771
52.04260100072133
32.75084499910008
43.17883099975006
42.31690599954163
40.613856001073145
48.613676999593736
51.78933299976052
42.16324099979829
48.84193399993819
38.06699899905652
54.41594299918506
57.63331999878574
34.85165399979451
40.910063000410446
50.85841999971308
45.25346099944727
28.757542999301222
34.2334729994036
45.021808000456076
40.65186500156415
48.81848799959698
51.215336001405376
42.68559599950095
36.56387599949085
59.86857400057488
48.33644899917999
47.77622099936707
49.336617999870214
41.34869600056845
40.39844700128015
50.9010820005642
56.11346399928152
53.132294000533875
48.44337200120208
47.92233599982865
49.89782600023318
50.53453499931493
32.90890000062063
49.85489500177209
45.23115400115785
53.41230300109601
48.46874299983028
46.551073999580694
48.24536500018439
53.6141590000625
47.60813699977007
49.35452900099335
47.825601999647915
53.38292200030992
51.126823000231525
50.735601000269526
48.72557100134145
36.72812500008149
42.06176799925743
33.351132999086985
52.91556799966202
45.99880800014944
49.825824000436114
51.13046399856103
53.11011300000246
51.1798479983554
50.941896999574965
50.8800350016827
50.555456000438426
51.172575000236975
47.29967699859117
53.28345899943088
53.76124299982621
52.965614000640926
28.335806000541197
52.53086499942583
50.738931000523735
44.38952800046536
50.56209100075648
51.24726699978055
47.59867200118606
51.130481999280164
47.6049270000658
50.245316999280476
43.26986500018393
45.21138300151506
47.89013499976136
32.90772900072625
51.749014000961324
51.51510500036238
38.73459600072238
38.07692299960763
46.59729599916318
53.26982800033875
53.03894200005743
38.271956000244245
48.361690000092494
28.820294999604812
47.66292800013616
50.01770899980329
50.04972999995516
53.363786999398144
51.19398500028183
48.40133099969535
55.170270999951754
36.83310899941716
47.54758500166645
51.164144000722445
55.1833669996995
51.13881400029641
56.062813000608
52.974889000324765
48.88124999888532
52.632029000960756
51.25960999976087
55.96032100038428
54.268047999357805
43.19071200006874
50.75646200020856
58.21926399949007
49.13019500054361
48.0601499984914
55.26904900034424
33.366233999913675
34.786606000125175
48.891705000642105
49.449816999185714
51.816805000271415
51.733960999627016
41.304824999315315
31.300067001211573
47.37102900071477
52.864055998725235
51.21245599912072
46.243865001088125
51.207385999077815
45.892883999840706
43.724048999138176
45.29620699941006
42.049637999298284
48.403220000182046
49.510479999298695
43.71179800000391
52.60089799958223
46.51672300133214
36.19246900052531
39.94507400057046
43.56803399969067
49.38115000004473
46.877469001628924
53.16822500026319
49.15163300029235
54.24877800032846
47.59132499930274
34.17001900015748
40.3791970002203
47.130715000093915
39.04992699972354
34.88230999937514
30.58689899989986
36.191899998812005
28.807004000555025
40.36887700021907
32.805187000121805
33.847967999463435
29.772665000564302
30.63122999992629
28.937978999238112
29.256993999297265
30.444895000982797
41.54963200016937
28.322246000243467
35.64092300075572
30.61840999907872
31.415003999427427
38.507209001181764
34.69253399998706
37.281381999491714
31.641610999940895
30.499016000248957
27.137924000271596
34.80412700082525
30.375551999895833
31.0076610003307
29.971509999086265
31.56525899976259
34.99531300076342
32.007511999836424
35.74872600074741
34.55521499927272
32.73007400093775
28.23180799896363
30.991092000476783
32.211858000664506
31.198276999930386
33.594960999835166
32.53523800049152
31.564398001137306
35.189828000511625
31.29016000093543
39.27021300114575
27.755209999668295
34.53582399924926
34.61485600018932
30.746144000659115
30.916188999981387
27.5103259991738
36.11644999909913
28.290479000133928
35.52960900015023
33.301941000900115
35.92573199966864
29.798845000186702
32.60383099950559
37.12113700021291
26.60175099845219
34.70583399939642
29.0991040001245
31.986312000299222
32.20128700013447
38.35136599991529
36.876910000501084
28.26120800091303
35.7477249999647
32.54816899971047
27.892136999071226
32.09854600027029
34.08186500018928
31.133021000641747
29.026231000898406
34.27954200014938
35.235661000115215
41.07789400040929
36.36056399955123
35.00513299877639
38.69163600029424
36.43254700000398
39.97594400061644
42.695557000115514
35.30788799980655
34.416734999467735
32.15434699995967
34.663252999962424
34.68457300004957
40.02603600019938
36.08175599947572
37.03021500041359
32.99879299993336
36.488728001131676
29.797965000398108
29.018571000051452
36.680193999927724
29.904768000051263
37.19580999859318
29.772114001389127
27.497716000652872
32.20303899979626
34.352304001004086
31.204697999783093
33.31316199910361
36.19393899862189
32.35228300036397
36.99109399894951
31.519928001216613
31.760974999997416
32.540747999519226
38.76964299888641
43.019896000259905
31.305843998779892
33.63416499996674
44.522072001200286
41.74722799871233
40.85087099883822
35.2541909996944
30.533617000401136
36.46437799943669
41.451652001342154
34.98224199938704
32.48930699919583
35.53602500142006
35.99869299978309
26.784603000123752
26.03244000056293
29.79370100001688
42.10566499932611
37.235916999634355
27.209026000491576
23.86425500117184
25.909146999765653
35.11917700052436
30.785881001065718
30.212036999728298
25.789414001337718
25.31167400047707
43.70117799953732
28.530596999189584
38.54003199921863
30.305272000987316
40.593953999632504
33.929399998669396
44.56772400044429
30.214907999834395
37.543241000093985
32.63553100077843
32.273770000756485
29.681772000913043
44.99212699920463
38.907092000954435
42.86690200024168
30.186057001628797
37.71773600055894
30.672184999275487
32.21780900094018
36.031774998264154
29.607941998619935
41.210702000171295
33.539409001605236
26.89882699996815
35.686323999470915
33.1366070004151
42.861112000537105
39.25825300029828
28.857496999989962
41.353306000019074
42.88860300039232
36.45437699924514
34.28772100050992
33.36075900006108
36.198990001139464
29.734533000009833
32.36847299922374
35.319922000780934
31.144711001616088
37.13859399977082
33.412094999221154
33.66037200066785
39.002165000056266
34.50424299990118
31.414864000907983
26.579147999655106
30.612659000325948
39.698095999483485
33.94613099953858
35.05037499962782
32.242087998383795
37.46019799837086
32.97297100107244
33.30164199905994
27.550456001335988
29.151855000236537
32.29142000054708
37.00161400047364
28.847965999375447
26.768874000481446
35.50268900107767
35.84246199898189
30.817756000033114
26.872176000324544
34.61873200103582
34.480957001505885
30.522777000442147
33.78992900070443
33.80702700087568
30.739840000023833
34.9799930008885
32.51823299979151
34.5737999996345
29.555737999544363
34.488653000153136
33.94328099966515
29.515230000470183
32.48945700033801
36.49282799960929
31.91436899942346
33.49068700117641
29.140377999283373
34.60859199913102
28.776234001270495
25.379601000167895
35.129857000356424
32.52632800104038
33.5984940011258
39.90978199908568
33.405043999664485
36.044634000063525
38.41284999907657
31.371173001389252
28.3592720006709
31.711962999906973
26.505965000978904
46.648326999275014
39.539240999147296
42.20919300132664
42.186102000414394
29.87972700066166
48.36085900024045
40.22585200073081
36.997766999775195
47.01555799874768
39.85901099986222
39.38309699879028
38.24476200134086
32.063127000583336
33.345722000376554
28.953769000509055
37.331644000005326
32.78950599997188
32.776926000224194
36.52181999859749
29.97603000039817
34.623142000782536
39.110477999201976
30.40281399989908
39.065846000085
29.001521001191577
35.8047780009656
45.468180998796015
