Messages/sec=16.33
duration_sec=60.007
payload_size_bytes=8388608
total_messages=980
payload_throughput_MiB_sec=130.65
mean_rtt_ms=39.071
median_rtt_ms=37.305
stddev_ms=9.079
min_ms=19.366
max_ms=56.697
---raw_latencies_ms---
52.235997000025236
44.21340299995791
44.66144000070926
41.592342999138054
24.109342999508954
27.993932999379467
24.895119000575505
30.711352999787778
33.60396099924401
34.01289299836208
49.487234000480385
49.324399000397534
51.383061001615715
50.34494900064601
51.61925799984601
49.23187700114795
53.26757799957704
47.78222499953699
30.488936999972793
29.694490998736
29.34961200116959
33.32253499866056
34.212919999845326
29.88808700138179
29.30177999951411
32.75531500003126
36.91711100145767
33.603091000259155
27.465944000141462
37.42760700151848
35.77110200058087
29.099584000505274
28.89167800094583
32.786145000500255
26.255457998558995
30.631380999693647
28.801155000110157
26.915967999229906
36.753385998963495
37.44414699940535
35.62154300016118
37.990992999766604
27.630539998426684
29.145536000214634
28.280038999582757
30.471046000457136
37.42011700160219
36.59911199974886
28.60751899970637
32.546267999350675
37.20410999994783
34.50387900011265
33.35858299942629
35.895631001039874
34.18201800013776
36.90950099917245
32.61938099967665
34.72037400024419
28.72184300031222
36.31422299986298
28.544386999783455
32.2092979986337
36.0484249995352
30.167585999151925
36.32590899906063
32.04607299994677
42.89723400142975
53.466495000975556
44.1430600003514
47.03640899970196
49.779041999499896
34.64542199981224
52.085261999309296
51.90460700032418
42.61558500002138
46.94748700057971
27.728423001462943
47.908045000440325
48.066499999549706
47.30628099969181
56.62624000069627
51.993828999911784
45.819281998774386
48.972186999890255
38.19188100169413
47.201534998748684
44.75925999940955
47.410141000000294
48.40845600119792
35.71131500029878
44.36383400025079
51.26179699982458
50.994129000173416
47.502522998911445
49.38173300070048
48.21394399914425
35.99746399959258
47.5065189984889
48.872834000576404
47.86022400003276
37.223801999061834
49.43799499960733
40.846891000910546
51.57760699876235
51.48089400063327
42.95403499963868
38.41593200013449
50.08090099909168
53.72791499939922
48.35505899973214
46.983066999018774
49.36778299997968
36.05062500173517
48.92890600058308
49.17636400023184
51.46354400130804
41.80232100043213
43.32390600029612
48.75570100011828
54.26114799956849
49.385000000256696
47.840373001236
50.87648600056127
50.101261998861446
49.315067000861745
50.552835999042145
44.81930199835915
51.37677099992288
36.78793800099811
43.70313800063741
36.670624000180396
36.57098099938594
33.283576000030735
37.77672800060827
33.39109400076268
37.23243999957049
32.674082000085036
27.65524000096775
36.62603299926559
32.22786900005303
26.161664998653578
35.48849800063181
26.700981999965734
35.50439399987226
34.95393199955288
29.751763000604114
27.833654999994906
30.601368998759426
26.3206599993282
35.069204999672365
31.75465499953134
29.03126099954534
30.996667001090827
28.457704000175
26.17871500115143
29.283851999934996
34.87595900151064
28.775688999303384
33.456416000262834
34.964942000442534
33.398980000129086
40.84080099892162
35.86214899951301
33.65171299992653
37.128046998986974
34.20225899935758
36.75495700008469
31.358553000245593
31.027431999973487
29.97007599878998
28.451475000110804
31.178866998743615
37.35794499880285
30.48963699984597
41.91976299989619
29.570267999588395
30.18337700086704
33.469566000349005
36.235603998648
32.46759700050461
38.53573000014876
30.0066820000211
28.667680999205913
27.602271000432665
26.177264999205363
28.73729299972183
34.03871900081867
27.30456900098943
28.980629998841323
33.94460699928459
29.539698000007775
32.04286900108855
37.91973700026574
29.911109000750002
31.650691998947877
27.169943999979296
29.335490999073954
32.630472000164445
30.61358999912045
34.798376998878666
40.32119499970577
30.089403999227216
39.050635999956285
28.511746000731364
34.23466999993252
32.368394000513945
37.98708400063333
28.519236000647652
37.49359799985541
38.110217999928864
29.16406599979382
46.33876700063411
43.09232800005702
42.08347900021181
32.183887999053695
47.74329999963811
47.50869399867952
50.00281899992842
46.73358899890445
50.66426900157239
45.66942699966603
46.78993100060325
50.970218999282224
47.83759400015697
51.8539549993875
45.85573300028045
49.20611799934704
46.42909500034875
51.972758999909274
49.05791099918133
43.39357799835852
51.93526800030668
46.900405000997125
46.66455700134975
53.91636800050037
49.07750100028352
43.66862599999877
48.1092810005066
39.56214200115937
47.97282699837524
48.41526400014118
49.20490500080632
51.67047000031744
48.14262299987604
51.03994099954434
30.364025000380934
33.50390800005698
27.480435001052683
26.347330000135116
32.64949199910916
37.05449600056454
32.54461800133868
28.094803001295077
38.069996000558604
35.50543799974548
36.48709799927019
27.222226999583654
37.75473600035184
33.89389499898243
33.51258800103096
26.824353999472805
26.14873700076714
27.450143999885768
31.946140001309686
34.37000399935641
32.46925599887618
28.058363001036923
29.40213399961067
33.80593700057943
37.987023999448866
32.288241000060225
36.561799999617506
30.347834999702172
28.494095999121782
31.467234999581706
37.26945200105547
36.587000999134034
29.910919998656027
38.72842700002366
32.9420210000535
27.80888400047843
36.244631999579724
28.827324998928816
35.16263799974695
27.997839999443386
30.644816999483737
34.992072000022745
30.006090999449953
28.91834900037793
27.770672999395174
34.30754299915861
35.146367001289036
31.797206998817273
24.708480999834137
32.63797099862131
34.09672700036026
37.63868399983039
32.65379100048449
33.101426999564865
32.01091700066172
33.99235300094006
35.74624600150855
24.760902000707574
28.897402000438888
25.98834899981739
32.26180499950715
27.90426300089166
27.047321998907137
22.93456799998239
28.472506999605685
27.482309998958954
30.21620800063829
20.240224999724887
24.08168699912494
25.353130000439705
25.644479001130094
33.62963699873944
29.081434000545414
32.599840000330005
34.99032299987448
33.91671200006385
31.781175999640254
27.668090000588563
32.042532999184914
30.72673300084716
33.666896999420715
27.80649400119728
39.56116199879034
49.01164900002186
48.90873499971349
46.29200599993055
49.58818600061932
46.019009001611266
46.352807999937795
49.44885199984128
47.92572499900416
51.467393001075834
55.37065499993332
44.64624700085551
53.124663998460164
49.4681740001397
46.37065899987647
52.382161000423366
30.701052000949858
47.82263299966871
48.507973999221576
47.29563699947903
48.32464900027844
41.82171499996912
49.27534700073011
47.14560300089943
28.16261500083783
34.807127000021865
28.90345800005889
31.673601999500534
34.444226999767125
36.86851100064814
29.64639099991473
31.82721700068214
33.643689999735216
39.079015999959665
31.801175999135012
35.377145000893506
33.002613999997266
33.127827000498655
34.26311099974555
37.26828300023044
31.42816999934439
35.13575199940533
31.926376001138124
23.537865999969654
27.014281000447227
48.81959300109884
50.471643000491895
44.48322099960933
51.93969799984188
50.87179499969352
50.153093001426896
52.99098000068625
48.94574699937948
44.824761998825124
36.15060799893399
50.135352999859606
47.204325999700814
50.337660000877804
51.63863899906573
49.08416099897295
39.26146300000255
44.42390999975032
50.300277000133065
49.67172899887373
52.91488799957733
54.10588400081906
36.98525300023903
51.91935699986061
45.209439000245766
41.50689100060845
44.26460600006976
47.76205099915387
39.50056999929075
45.39400799876603
41.74227799921937
41.764768999200896
50.64437900000485
50.86314599975594
45.62812599942845
50.475813000957714
46.56893500032311
51.70957300106238
47.91142500107526
48.257156000545365
51.79864300043846
42.899043999568676
51.81527500099037
45.761119999951916
39.08676699938951
47.98105800000485
48.07090000031167
51.56076599996595
47.76941099953547
49.93224700046994
52.00114999934158
48.70179899990035
52.112243000010494
49.52220400082297
51.65822900016792
49.60582700005034
49.99762999977975
51.27156799971999
54.38122199848294
50.171103999673505
43.667747000654344
47.21701500056952
47.875323998596286
49.38973000025726
53.911618000711314
48.69078899901069
47.2425949992612
50.24858700016921
43.424769000921515
38.796888999058865
51.61424799916858
49.05914099981601
46.542734000468045
48.58733699984441
30.170275998898433
46.88991399962106
49.92782699991949
49.966348000452854
41.20948199852137
44.56079400006274
47.06798000006529
45.84183299994038
50.22295200069493
49.503293999805464
49.544456000148784
49.344647999532754
48.554875000263564
43.388899001001846
49.71703999945021
46.521682999809855
41.42508000040834
46.16813299981004
52.42170199926477
42.84071099937137
49.46409199874324
49.340512001435854
46.547747000659
50.321004000579705
49.90180499953567
53.33074000009219
47.87318499984394
48.212955000053626
40.03354599990416
38.66080499938107
45.395524000923615
50.48701899977459
48.28533300133131
47.3834500007797
46.851812998284004
49.23540599884291
50.930216999404365
48.84985399985453
53.49251000006916
49.564195000129985
43.90079400036484
48.9017359996069
44.54486299982818
47.11696100093832
43.13846100012597
47.60250700019242
47.699958999146475
49.40098000042781
50.798772999769426
44.17248199933965
46.5107829986664
34.55677000056312
47.23551499955647
34.955151999383816
49.14379299952998
37.822317999598454
47.0415090003371
48.228064999420894
48.932796000372036
50.20168500050204
39.78265899968392
44.69641800096724
36.961105000955286
47.841203999269055
47.85807299958833
48.78492200077744
50.876004999736324
45.5137780008954
28.38075799991202
48.04411999975855
51.25124600090203
39.86234100011643
46.01323799943202
49.09582199979923
45.873282999309595
49.714491000486305
46.65558800115832
51.12905399982992
52.65511899960984
48.2929370009515
54.69214100048703
45.76658000041789
51.456332999805454
33.883408999827225
34.419846000673715
28.87291700062633
36.28537300028256
29.479975999493035
34.21143900050083
35.59131099973456
29.78620499925455
31.570398999974714
36.3363489996118
35.79103799893346
27.110622999316547
36.61594199911633
31.521427999905427
38.85192000052484
40.015645001403755
30.85315699900093
30.398393999348627
28.725222999128164
30.718322999746306
36.35682400090445
31.33404200161749
36.311198000476
32.048463999672094
31.302411000069696
30.294731001049513
31.179637000605
35.292730999572086
35.44025699920894
38.2942730011564
38.2418310000503
25.561596999978065
27.320950001012534
37.92267199969501
37.34589399937249
35.77490600036981
30.509456000800128
36.66654999869934
27.725322001060704
28.08504300082859
32.76083499986271
39.51728500032914
35.46940799969889
32.57303900136321
35.24801099956676
32.255829999485286
35.80656799931603
33.55266899961862
31.568837999657262
36.032964000696666
30.682140999488183
35.38201700030186
28.413853000529343
36.39482500148006
32.597949999399134
32.34348200021486
30.20942799957993
35.76588699979766
28.254648999791243
29.829325998434797
37.13978799896722
33.496238000225276
35.715844000151264
36.873800001558266
36.99351400064188
28.619429000173113
35.77322700039076
35.33550400061358
30.771485000514076
31.385833000967978
28.889348001030157
30.623439999544644
38.24716199960676
30.35663199989358
35.21531499973207
39.909822000481654
22.555405001185136
21.887979999519303
28.33262999956787
24.036629998590797
28.92764900025213
22.058460001062485
22.275486999205896
23.383080000712653
27.02508000038506
23.87090499905753
19.366118998732418
27.284148000035202
29.534797000451363
21.930255999905057
24.189854000724154
23.449201999028446
30.010221000338788
21.383458999480354
20.49169199926837
24.63731899842969
30.151435999869136
22.153203000925714
21.37328899880231
23.740881000776426
23.322778000874678
27.94583899958525
30.84177699929569
25.815854000029503
29.65505099928123
22.985178000453743
25.993188999564154
26.49893499983591
24.53467399936926
25.95454899892502
26.326960000005784
24.106532000587322
27.085383000667207
24.803882999549387
25.412462000531377
23.4541129993886
28.323169999566744
24.24284200060356
32.343492999643786
34.023833000901504
34.713524000835605
28.21399599997676
35.2890030007984
39.30836399922555
36.390625000422006
31.869507000010344
34.66073299932759
36.48163099933299
30.018801999176503
36.135628000920406
32.566588999543455
38.04992699951981
33.50812700045935
33.6405919988465
34.48693300015293
35.16398800093157
29.695174998778384
30.38613299941062
26.47807900029875
35.57163100049365
30.36840299864707
33.17913799946837
34.25749999951222
30.973290999099845
29.4019440007105
32.16416699979163
30.16964600101346
32.960010999886435
30.49579599974095
29.35776200138207
31.73711499948695
36.79543300131627
29.87836800093646
33.719134000421036
32.0261879987811
36.18742199978442
33.06242500002554
27.29244900001504
30.580618999010767
33.420754998587654
37.6981560002605
31.485135999901104
33.67204200003471
30.908529000953422
33.17449799942551
30.609994999394985
29.19482699871878
31.15934599918546
35.15803799928108
33.17198699915025
31.941531000484247
30.837985999824014
32.96967100141046
33.74879799957853
37.5954549999733
29.871726999772363
35.922331999245216
31.93816000020888
27.69222200004151
36.32137299973692
31.407164000484045
33.99929300030635
35.37673499886296
28.14276500066626
30.7466239992209
40.5641729994386
28.822174999731942
33.157556999867666
34.56426999946416
31.606811000528978
30.684201999974903
29.55489699888858
31.29932099909638
36.05874499953643
30.410336999921128
27.957889000390423
27.05749100096
32.368213000154356
34.702540000580484
35.258210000392864
34.964953001690446
35.259861000668025
29.95559000009962
24.05509099844494
28.356561000691727
24.62459799971839
29.850265998902614
21.8556340005307
23.190793999674497
21.960647000014433
22.80260299994552
28.42109399898618
20.371788999909768
26.169384998866008
26.2730480008031
21.560175000558957
25.19678099997691
25.96748900032253
23.594092999701388
29.00039100131835
22.36519899997802
25.473243000305956
28.332149999187095
23.26485599951411
24.499024000760983
22.7469410001504
34.057404000122915
32.14169700004277
35.99988299902179
34.22567899906426
32.230699000137975
36.433776000194484
31.054797998876893
51.248838999526924
35.260782000477775
50.56975600018632
40.7504169997992
48.129753000466735
48.654737998731434
38.48512900003698
35.6854640012898
50.97717799981183
52.51178600155981
51.09416199957195
48.28483700111974
48.362759000156075
48.154463000173564
44.11315500146884
48.85171400019317
50.28090700034227
48.987698999553686
46.30129600082
49.4893030008825
40.98151499965752
55.29824000041117
48.76949100071215
51.10788300044078
28.675531000772025
42.12267900038569
43.50011399947107
38.84753999955137
36.86550999918836
51.27476999950886
49.25724599888781
49.33217899997544
43.30815499997698
51.19526499947824
43.746258999817655
46.12466100115853
42.76105900135008
43.03286699905584
46.4548410000134
48.41001100066933
49.8051430004125
49.28379699958896
44.39301899947168
47.03479199997673
51.5788419997989
31.91779000007955
43.84926300008374
49.77499200140301
48.754101000668015
46.55256399928476
46.891964000678854
52.54057599995576
51.33480500080623
49.77538300045126
47.58981600025436
51.66595500122639
48.72064300070633
47.869563999483944
54.31719999978668
47.862584000540664
46.494882999468246
51.5855770008784
49.56550899987633
50.911255999380955
42.811270999663975
40.89385299994319
44.171162000566255
51.51093399945239
51.70221099979244
38.33254299934197
46.04282800028159
52.42102400006843
48.787862000608584
47.02325799917162
45.19575599988457
43.619795000267914
51.07943199982401
39.139615999374655
40.76092900140793
52.38030100008473
45.3631590007717
50.177335000626044
35.86285999881511
44.819795000876184
49.02650000076392
48.83581300055084
48.74254099922837
48.181264000959345
30.752695000046515
45.95493700071529
49.76341300061904
51.611877999675926
41.911103999154875
50.115432999518816
49.74864199903095
40.650655999343144
46.28749699986656
49.7462910007016
47.7549410006759
49.122053000246524
38.471128998935455
47.78362499928335
50.10856300032174
51.042471000982914
47.80185299932782
40.738177000093856
50.80703400017228
52.048051000383566
48.35925900079019
51.86291600148252
48.136102999706054
44.5852749999176
52.01931500050705
38.589872001466574
53.16101600146794
41.81977000007464
49.103712999567506
50.057160999131156
55.71120200147561
51.13873600021179
51.461863000440644
50.875165999968885
39.893780998681905
50.81577399869275
51.99364500003867
43.36800800047058
45.92723499990825
54.3422009995993
52.58266700002423
49.60748699886608
44.33414699997229
40.7317579993105
52.25949799933005
50.21347900037654
41.583206000723294
46.15570299938554
49.465163001514156
51.45026299942401
38.34183800063329
55.566199000168126
51.268467999761924
47.224805000951164
49.75216200000432
53.394852999190334
51.3182680006139
48.75239099965256
51.29072799900314
43.20205300064117
50.10374199991929
41.43758800091746
49.52596399925824
47.84773399842379
49.185964999196585
46.78807100026461
49.36577999978908
45.90178400030709
46.50172299989208
50.25204699995811
52.70232099974237
49.083490999692
49.59454699928756
56.69723199935106
48.63695700078097
51.3743510000495
47.60513600012928
49.17616400052793
49.66203900039545
47.901464999085874
42.40330900029221
49.71242099964002
40.51297000114573
50.648757998715155
33.28383100051724
40.884621999794035
45.828872000129195
48.110892001204775
48.64013700171199
49.442311999882804
46.405449998928816
49.312428000121145
46.5662450005766
45.29811599968525
34.369183998933295
34.52095799912058
33.394293999663205
37.56077199977881
29.758642998785945
34.83903000051214
34.29971700097667
34.65318300004583
30.37394199964183
38.47125900028914
34.33357299945783
37.39454600145109
31.121443998927134
29.263599000842078
30.007342000317294
33.277435999480076
28.875646999949822
37.34111300036602
30.643701000371948
32.67536299972562
33.667431998765096
35.757335999733186
30.12791600122
37.36618499897304
29.28163000069617
32.50200799993763
28.536466999867116
33.78987599899119
25.880835999487317
38.77640800055815
31.048533999637584
34.432847000061884
35.976433000541874
30.40708299886319
38.560270999369095
34.41623600156163
31.651100998715265
