Messages/sec=17.59
duration_sec=60.024
payload_size_bytes=8388608
total_messages=1056
payload_throughput_MiB_sec=140.74
mean_rtt_ms=34.993
median_rtt_ms=34.763
stddev_ms=5.262
min_ms=18.902
max_ms=54.213
---raw_latencies_ms---
45.126151000658865
39.906481999423704
34.127957000237075
37.816169000507216
28.19529699991108
24.1646739996213
30.84104700064927
35.82227900005819
34.71117399931245
42.72616699927312
32.13371600031678
49.131563000628375
37.50365899941244
31.80803699979151
35.8471899999131
35.47473800063017
37.18269999990298
33.86769900134823
38.207921001230716
36.59737199996016
45.37008000079368
33.281800999247935
49.95190899899171
33.50572999988799
37.04691500024637
27.407085999584524
46.47977300010098
29.96756100037601
33.6350620000303
29.59099200052151
37.388675000329386
35.35963499962236
29.045882998616435
30.09349500098324
20.122251999055152
26.70262200081197
25.243246998797986
38.62370400020154
33.1102660002216
34.753326001009555
34.98556300110067
28.97787999972934
39.51947999848926
35.58100200098124
32.13389599841321
35.87023000000045
27.37332200013043
32.21509899958619
34.219488999951864
31.14097600155219
35.851335000188556
31.619081999451737
34.56189099961193
32.949661999737145
32.69067399924097
39.39533599987044
29.797185999996145
36.309384000560385
29.930119000709965
25.671489998785546
34.90394000073138
31.81522599879827
34.42897500099207
38.424037000368116
30.57075900142081
38.153179000801174
32.954042000710615
35.41428600146901
29.598068998893723
37.10796700033825
36.06313499949465
41.46305299946107
42.81876099958026
43.60178500064649
37.04523499982315
32.913261999055976
37.17245000007097
36.74877599951287
33.47853800005396
34.11998699994001
35.94103199975507
35.98765400056436
26.636769000106142
37.51471499890613
38.4837889996561
28.297308999754023
25.04138999938732
48.83099300059257
29.78741600054491
30.01752199998009
32.3984639999253
39.28203300165478
35.07473600075173
37.45555700152181
38.39209599937021
44.04785900078423
37.03996599870152
29.373761999522685
40.31149000002188
34.72182499899645
44.441359999837005
41.49777000020549
36.122548999628634
35.64730199832411
43.4757709990663
46.11828999986756
37.444800000230316
40.58299400094256
32.99757199965825
34.44659699925978
49.92533999939042
44.94357600015064
38.800257998445886
29.761633999441983
38.34256499976618
35.42773700064572
30.705372999364045
33.70043399991118
46.43937999935588
47.53311399872473
39.86550100125896
31.305931001043064
42.62472600021283
36.3214329991024
44.578234999789856
30.70179200040002
44.583574001080706
44.39243900014844
49.96627299988177
44.950376000997494
34.14750699994329
32.057023998277145
40.645365001182654
43.662766000124975
36.819708000621176
29.77533500052232
30.325912000989774
27.647679999063257
31.70232299999043
30.743934001293383
33.299422000709455
53.50634100068419
36.59374200105958
41.87314200135006
42.96872499980964
40.67301599934581
34.4303250003577
31.83764300047187
34.96382199955406
35.28598599950783
38.74062199975015
32.97633200054406
33.629681000093115
32.590259001153754
30.787325000346755
36.06792499886069
39.05859199949191
33.046632999685244
29.365242000494618
29.2258680001396
34.039363999909256
31.31339099854813
33.79819600013434
34.78734199961764
34.007152999038226
36.09803600011219
36.46824299903528
31.61154999907012
34.46814699964307
34.612391000337084
29.393172999334638
32.923840000876226
34.263170999111026
30.493260999719496
29.57790400068916
36.99141400102235
43.13615600040066
50.767195998560055
33.998693001194624
40.18881199954194
38.64141899975948
44.09479400055716
38.02060499947402
35.922122000556556
37.56238100140763
38.061317000028794
40.15166899989708
50.60587700063479
34.540750000815024
35.47683699980553
29.094262999933562
29.843272001016885
33.75086500091129
33.393354000509134
39.59540199866751
32.553353001276264
41.34120500020799
32.832588000019314
29.012230999796884
25.692236000395496
32.40216800077178
26.549255999270827
38.902791999134934
27.027940999687416
26.269128000421915
29.94787100033136
36.10017600112769
29.665631000170833
32.666572000380256
36.64451300028304
35.45880700039561
37.51956000087375
28.286089000175707
38.085746999058756
28.489324999100063
39.783288000762695
36.85448900068877
38.610288000199944
36.86602000016137
33.18071800094913
32.191507998504676
36.13138900072954
36.0694560004049
35.19025000059628
26.344720001361566
35.78041699984169
27.815610999823548
32.58523899967258
31.36602300037339
32.63263100052427
26.586016998408013
37.47125800146023
32.14005699919653
38.095837999208015
34.42346499832638
32.908074999795645
38.75672799949825
37.89244099971256
38.0178249997698
33.57311000036134
35.576356000092346
27.391342000555596
28.678737000518595
35.923600999012706
38.87558099995658
37.25227200084191
34.467507000954356
32.12306599925796
36.84965000138618
29.013080998993246
32.137206000697915
33.57372000027681
27.308359998642118
34.2064289998234
31.595108999681543
37.813648999872385
30.599030000303173
34.26757700071903
49.08280100062257
40.832819999195635
51.136202999259694
49.66145899925323
54.16797599900747
51.15291400034039
52.254746999096824
54.21348800155101
37.30975599864905
34.622897999724955
31.81860000040615
34.82846800034167
31.07101500063436
32.8417079999781
35.005293000722304
39.01324499929615
45.90242499943997
41.65503500007617
40.99014500025078
36.138847999609425
35.582300999521976
34.100527000191505
39.783259000614635
35.35809400091239
42.81924099996104
47.271759000068414
49.226615999941714
31.582908999553183
37.106337998920935
29.258559001391404
44.19820300063293
29.89421799975389
35.511938000126975
33.62223200019798
35.91633100040781
50.00454899891338
34.31824300059816
35.69456500008528
34.26757099987299
28.109253000366152
37.87199100042926
35.3290429993649
35.69857500042417
46.010247999220155
34.66888300135906
36.670522998974775
33.80248699977528
30.515737000314402
37.66519400051038
29.275760000018636
37.62502300014603
35.52008900078363
40.35498599841958
35.20552899863105
29.566507999334135
32.56006900119246
32.44650600026944
33.25892999964708
36.161387999527506
30.268980000982992
42.72360700088029
38.15728900008253
32.0652099999279
30.23416799987899
30.24029900007008
43.62206400037394
47.65881800085481
29.42728400012129
36.95179200076382
27.142614000695175
32.167016999665066
36.430616999496124
29.77538399863988
36.34583299935912
26.079942999786
36.265402000935865
24.236977000327897
25.51517500069167
27.5483469995379
28.249777999008074
38.66537400062953
29.25714900084131
39.15181299998949
35.02800400019623
36.19506999893929
28.91304299919284
34.234410000863136
29.79704499921354
34.54251000039221
36.090916000830475
25.40601200053061
43.4082589999889
33.584209999389714
40.318665000086185
35.88738100006594
36.65159299998777
37.811281999893254
38.506979999510804
34.302415000638575
33.722973999829264
31.241299000612344
33.34596300010162
22.702718999425997
27.452345999336103
25.977548999435385
24.162523999621044
18.901884999650065
24.334640000233776
26.62277899980836
20.626146000722656
33.02036500099348
31.937550000293413
35.897109999496024
36.5184690017486
39.59866299919668
33.17230700122309
39.89514199929545
32.81329699893831
34.718464999969
25.56229699985124
42.159020000326564
40.28346400082228
43.45778999959293
28.442733999327174
37.88456299844256
30.722192999746767
36.93389200088859
28.66592400096124
32.04772400022193
34.87786000005144
33.62243099945772
32.64295199915068
36.43182700034231
32.29417100010323
29.8636469997291
36.013443999763695
30.803407998973853
35.326295999766444
35.22667600009299
31.343771999672754
37.81696899932285
35.61297200030822
28.18435700100963
25.911016999089043
34.39939499912725
30.68387199891731
32.30036099921563
34.915403000923106
40.281554000102915
32.53141699860862
44.495672000266495
30.488386000797618
35.47443800016481
35.73837600015395
35.21699900011299
33.933029999388964
36.18489899963606
30.565377999664634
42.23378300048353
32.42603500075347
35.78781800024444
37.286291999407695
33.83809700062557
30.973319999247906
34.48198299884098
28.981999999814434
24.158374000762706
19.5725739995396
29.68548299941176
29.844286998923053
41.141374998915126
41.118019000350614
37.170679001064855
38.45772300155659
35.36760699898878
33.04572399974859
37.296913000318455
32.4874269990687
35.63729300003615
30.446324999502394
36.5053440000338
36.99114299888606
38.10713800157828
34.828497999114916
26.5796270014107
40.35269599989988
34.66664299958211
37.25298100107466
38.15802900135168
36.27351199975237
36.670829000286176
32.713779000914656
38.25777300153277
37.75373699863849
32.13015599976643
35.81157400003576
39.10829799860949
34.071604000928346
32.49336599947128
31.156547000136925
44.77998100082914
31.181407000985928
33.01167299832741
30.914719000065816
33.964951000598376
38.23436700076854
37.029123999673175
29.550887000368675
30.935859000237542
37.32234299968695
40.84797100040305
40.531640999688534
35.35276399998111
31.366953000542708
33.36924299946986
34.924429999591666
40.1464999995369
28.452753998863045
31.056793999596266
36.910638000335894
32.03209299863374
37.18283900161623
38.72934399987571
31.311781000113115
33.55258900046465
35.57173000081093
33.5574689997884
30.434153999522096
35.36354399875563
30.233493000196177
38.89036200052942
36.782997000045725
35.26701600094384
36.67222399963066
28.708812000331818
35.08121600134473
38.21183100080816
33.77730600004725
32.015142000091146
39.07450800033985
29.677597000045353
35.76639700077067
39.62236400002439
31.296160999772837
47.45049099983589
44.146050999188446
33.77500900023733
46.13578400130791
40.79877900039719
42.85561200049415
41.308174999358016
39.04211700137239
30.268998998508323
37.98752700095065
31.02733299965621
31.99465100078669
38.86482099915156
39.98082499856537
44.00773700035643
39.03139599970018
40.21169099905819
36.386854999364004
28.703772000881145
35.10780600117869
37.62906299925817
28.773943999112817
39.27825400023721
34.418305000144755
36.72183500020765
30.116293999526533
44.9065540014999
34.04992499963555
37.14476800087141
28.657411001404398
36.32699400077399
39.78768799970567
38.179440000021714
42.17608099861536
40.62413400060905
34.8284279989457
35.78203699908045
31.791925001016352
32.85808799955703
29.22797799874388
31.324641000537667
34.88062200085551
40.97194499991019
29.419414000585675
42.51402199952281
31.820586000321782
35.288741999465856
29.73021300022083
36.50918500170519
41.3582769997447
30.392943999686395
33.09693499977584
34.206988999358146
41.651425999589264
30.25208899998688
32.48378599892021
33.740285000021686
35.66109300118114
32.315585000105784
36.665823001385434
33.69521300010092
37.3354740004288
29.111244000887382
34.956612000314635
34.31651200116903
47.63433700099995
38.574760999836144
39.402910000717384
37.85188899928471
34.080205999998725
27.64518999902066
29.914468999777455
33.593711001230986
46.399509999901056
29.149715999665204
34.36173900081485
35.45652799948584
38.74694700061809
29.973910000990145
38.26112199931231
29.78273499866191
36.23733099993842
29.21243700075138
34.29070200036222
35.19217400025809
40.549461999034975
46.77859000003082
30.826285999864922
38.097659999039024
36.07132700017246
28.88480699948559
35.92784400098026
34.377104999293806
32.74227500151028
35.194447000321816
38.10062699994887
35.42836599990551
35.44562799834239
28.933022998899105
38.94650399888633
44.05714799941052
40.08117800003674
31.255222000254435
40.39605300022231
31.27929999936896
40.71780700178351
38.08652699990489
29.8741879996669
32.2397899999487
39.17505100071139
34.4019459989795
36.295456000516424
28.728602001137915
36.318602000392275
30.691797999679693
35.961723000582424
32.71088399924338
32.0731550000346
33.519188000354916
33.06207500099845
28.163586001028307
37.29812600067817
29.82770600101503
37.1070380006131
36.83231900140527
40.14588999962143
44.89811399980681
41.67094200056454
34.45758599991677
32.85341800074093
33.73837500112131
35.69767699991644
31.2150779991498
36.354926000058185
41.589932998249424
42.561383999782265
25.290288000178407
41.75877399939054
38.74777100099891
36.1686890009878
38.59999300038908
34.176418999777525
35.345697000593645
36.55627599982836
31.08198399968387
32.94708000066748
34.31571299915959
33.01697200004128
33.78508599962515
32.31436100031715
27.755093999076053
32.3254420000012
46.142770999722416
31.124645998716005
35.67748200111964
30.808694998995634
20.92540900048334
22.95005100131675
23.348528000497026
24.71174999845971
27.896397999938927
35.45539700098743
34.94434100139188
38.33913500056951
36.44752799846174
38.82762899957015
25.587767999240896
25.46319599969138
36.50672799994936
31.78450400082511
34.42122800151992
37.75119700003415
33.682193999993615
44.00199799965776
38.05943699990166
31.17767600087973
37.32575800131599
31.88478199990641
35.32891299983021
43.1504110001697
31.59328999936406
28.16767600052117
34.78705800080206
29.505876000257558
42.400558000736055
39.240771999175195
41.84434199851239
33.41660600017349
26.571103000605945
28.13441499893088
34.37059099996986
32.940711000264855
41.03409599883889
35.038005000387784
46.9359880007687
45.52494300151011
47.03112199968018
37.8054989996599
37.76619700147421
33.923730999958934
37.81434899974556
28.711762999591883
48.79898800027149
39.25316200002271
36.40432599968335
30.232128001443925
37.22686199944292
35.09744700022566
38.58374199990067
33.89273500033596
40.82212000139407
32.786836000013864
29.979820999869844
36.256670999136986
30.07163400070567
33.377309000570676
32.85184800006391
38.81957800149394
31.929800999932922
30.732932998944307
43.06329800056119
31.47464599896921
36.84433899979922
35.702744999071
40.509450000172365
29.64941099889984
43.31193500001973
40.276893001646386
35.68479400018987
33.73386499879416
36.10461999960535
43.98741600016365
34.02618399923085
37.90043200024229
33.35218400025042
35.82096700120019
31.329292000009445
36.733704999278416
31.81649600082892
45.68005700093636
34.84140799992019
37.6413540016074
33.77628599992022
30.353792000823887
38.14040900033433
31.345352001153515
32.67099199911172
46.65159300020605
32.44382699995185
30.61216899914143
31.69042299850844
34.80116699938662
38.985604000117746
38.62303399910161
31.989614999474725
37.73252599967236
32.2618109985342
33.24651000002632
31.145106000622036
47.118692000367446
36.85525999935635
36.31160400072986
36.69736499978171
34.83643899926392
38.881942000443814
29.20001699931163
38.14459899876965
31.626500998754636
32.97119099988777
43.24715400071
32.6679529989633
37.4228309992759
28.06167200105847
38.66933499921288
36.912866999045946
33.66559200003394
40.80199899908621
33.507178000945714
39.45242900044832
33.513958000185085
37.96934300044086
28.098278999095783
35.16274799949315
31.322091999754775
30.414214001211803
37.244270999508444
35.254456000984646
38.06083699964802
34.54668899939861
32.683422999980394
37.54953999850841
33.46104699994612
35.02210900114733
36.11218699916208
33.19466900029511
35.23576999941724
29.11142499942798
34.55867000047874
34.81999799987534
30.98418199988373
36.372884998854715
29.447803999573807
34.53541900125856
34.525353999924846
26.238725999064627
39.24398100025428
37.06411600069259
38.74085700044816
21.271286001137923
22.115752000900102
25.353339999128366
20.98672799911583
23.841398000513436
30.80476600007387
32.94524100056151
27.797914000984747
37.4065559990413
33.32634300022619
34.18648899969412
40.95494500143104
36.192449999362
31.574278998959926
34.79468000114139
33.680992999507
30.007224000655697
45.160471001508995
32.19757800070511
44.80464100015524
32.762884999101516
38.243671999225626
38.23183100030292
45.65650700169499
40.112997998221545
33.70413400079997
41.72508800002106
33.049124000172014
29.403133001324022
27.391632000217214
38.866449998749886
37.20930400049838
31.40325399908761
32.53430899894738
40.03196600024239
48.10628099949099
32.8114670010109
35.49134800050524
29.747903001407394
38.2728730000963
34.67288600040774
30.755505000342964
30.373802999747568
34.930480000184616
31.555809000565205
27.770902999691316
32.57281000151124
39.65166399939335
36.15984899988689
36.426366001251154
29.46430500014685
33.65806200054067
33.02440300103626
31.351081999673625
38.311643998895306
24.95026799988409
38.0106339998747
28.99613000045065
33.48942099910346
40.76168800020241
29.83885600042413
41.82446999948297
29.97241000048234
40.035865999016096
36.753075999513385
44.192422999913106
37.47771799862676
38.02430600080697
35.320532999321586
39.62704399964423
38.86911100016732
30.23822799877962
40.694796000025235
37.083627001265995
40.208301001257496
47.167163000267465
45.51501300011296
33.75200499976927
38.15957900042122
30.84188700086088
38.65519399914774
40.19621099905635
33.36918400054856
35.123747000398
37.585242000204744
25.49379399897589
32.43510500033153
30.990621000455576
37.28090199911094
29.62437200039858
34.41277799902309
30.645332000858616
36.88384999986738
31.805265998627874
35.360763999051414
34.64018200065766
31.212208999932045
27.57017700059805
39.976004998607095
35.618304998934036
41.30529499889235
49.408550999942236
46.50069199851714
27.64316300090286
36.13777799910167
30.28804899986426
34.08754799966118
38.116378000268014
34.64495300067938
31.388202998641646
34.26686000057089
34.66696299983596
37.58921100052248
37.4129259998881
30.737106000742642
35.31827199913096
35.31352299978607
34.49621800064051
29.684875000384636
35.35363399896596
30.06161399935081
33.47644900168234
31.404033999933745
39.90189200158056
38.06231700036733
38.12738799933868
28.463085000112187
36.15768899908289
32.11918599845376
32.68661299989617
35.15826799957722
31.759165000039502
44.43039000034332
41.12693999923067
36.50045900030818
35.93098100100178
41.22682300112501
30.52396699968085
32.449815998916165
38.003804000254604
46.182873000361724
35.36262399939005
37.34484400047222
42.20495099980326
43.32794600122725
43.00583599979291
38.83271000086097
39.93820299911022
38.05792700040911
29.325990999495843
30.643734000477707
45.489961999919615
36.528090000501834
34.772297000017716
28.13996499935456
29.481935998774134
31.39573400039808
39.09301699968637
35.57275099956314
29.91941899927042
35.93271199861192
26.04578099999344
34.29606200006674
27.918707999560866
35.573930999817094
36.12084700034757
32.3515630007023
33.454836999226245
31.164629999693716
36.05924600014987
31.971210999472532
28.887276999739697
34.452047000741004
31.14982599981886
29.905468998549622
35.96190300049784
32.03628600022057
32.95327100022405
29.746394000540022
34.09881599873188
30.80187600062345
36.29530199941655
30.121776000669342
35.7172250005533
30.377971999769215
27.181618001122843
31.619540000974666
33.9041899987933
27.171756000825553
37.177040001552086
36.239020999346394
38.08850700079347
27.44235299905995
29.108354001436965
25.50924500064866
29.738193001321633
34.64905199871282
33.22055900025589
29.46597499976633
32.29357300006086
29.719772999669658
38.231772001381614
35.93254500083276
30.535656998836203
34.64591299962194
24.211346000811318
34.18329799933417
29.30455099885876
32.448275000206195
36.81411899924569
37.83962099987548
30.734153999219416
31.75010400082101
34.381694000330754
34.527439000157756
35.22148900083266
30.059803000767715
31.41158499965968
29.634370001076604
32.058704000519356
37.106887000845745
30.653200001324876
34.15825799856975
34.849138999561546
37.812307999047334
33.61136099920259
34.35923399956664
34.85178899973107
35.954360999312485
32.093205001729075
31.937390000166488
34.194169000329566
34.55761000077473
29.613484999572393
32.229338999968604
31.70091200081515
38.26120299891045
28.079632998924353
35.234120001405245
35.07579500001157
24.628737999591976
28.83600600034697
31.764978000865085
30.806996001047082
34.50535900083196
30.97919100036961
