Messages/sec=17.58
duration_sec=60.051
payload_size_bytes=8388608
total_messages=1056
payload_throughput_MiB_sec=140.68
mean_rtt_ms=35.776
median_rtt_ms=35.337
stddev_ms=5.483
min_ms=19.990
max_ms=52.623
---raw_latencies_ms---
49.142092999318265
41.8470510012412
40.69996700127376
44.64065599859168
40.98502499982715
41.11735900005442
43.13157999968098
44.13817999920866
45.82587200093258
46.79919199952565
41.684906000227784
40.66335600145976
43.69137799949385
41.56727400004456
47.76147200027481
52.158955000777496
48.10875200018927
45.72039300001052
39.16323999874294
45.16349199911929
48.87098499966669
46.81084100047883
52.62281800060009
43.39673899994523
49.47135300062655
44.99158699945838
45.79579100027331
47.36840899931849
49.5076440001867
50.707750999208656
48.03148900100496
42.28439399958006
47.28227599844104
48.306557999239885
39.55941200001689
36.38062500067463
28.569097999934456
34.019443999568466
31.090233998838812
38.61746199982008
31.497837000642903
25.424331999602146
32.9973619991506
33.66350299984333
34.50927800076897
37.68969500015373
29.312791000847938
41.6642159998446
48.95531200054393
40.01329600032477
34.18794900062494
41.085388000283274
41.20128100112197
30.643170999610447
34.61389199947007
43.85115500008396
48.52872499941441
42.14019100072619
49.529344998518354
36.2596510003641
40.264892999402946
32.84711800006335
48.65831100141804
30.55677799966361
32.88843900008942
49.00384800021129
32.1726869988197
45.533447999332566
40.810069998769904
47.95281599945156
43.33613599919772
49.46606800149311
37.21651099840528
27.370091000193497
34.66377899894724
38.26791800020146
38.7795480000932
38.435788001152105
43.30987499997718
32.51951800120878
36.85408999990614
33.69766399919172
34.31109200028004
38.61398300068686
35.25380100109032
34.789262999765924
36.78597699945385
31.670182001107605
31.910211999274907
33.3064620008372
45.7078849995014
43.59548700085725
36.851808999927016
38.73835700142081
32.37183700002788
46.92537599839852
30.441635000897804
29.451334001350915
37.108632999661495
29.13160599928233
32.24146000138717
39.37485599999491
29.46584500023164
36.50263899908168
31.251489999704063
39.30691399909847
30.48796599978232
33.28919100022176
36.34593000060704
31.781681000211393
35.54160999919986
33.15363699948648
23.311488001127145
28.292900000451482
29.506836999644293
33.57409000091138
30.589649999456014
31.433834999916144
31.024511999930837
34.54602899910242
32.73970399823156
32.031274000473786
33.04345400101738
30.5647509994742
33.65466200011724
34.60028100016643
35.602391999418614
35.20544999992126
36.653748000389896
33.349878000080935
31.948720999935176
29.381263000686886
35.80531700026768
30.9880710010475
32.20199700081139
30.45755499988445
38.683303999277996
33.19646899944928
39.12228300032439
36.1170519990992
30.008941001142375
40.10182800084294
42.60865499963984
31.44994599824713
34.71258500030672
34.878692000347655
34.31898300004832
35.0571779999882
37.346158000218566
39.00780499861867
40.13318899887963
31.29065699977218
34.62828200099466
34.640346999367466
40.69715200057544
32.29818100044213
36.685400000351365
35.28438200009987
35.55117499854532
29.63650099991355
27.367552000214346
35.72484500000428
33.89721999883477
29.5232059997943
36.311674000899075
29.713532001551357
36.361214000862674
33.24753000015335
32.45320599853585
31.18895999978122
37.061416000142344
29.276179000589764
35.78897700026573
29.6198629985156
29.832076999809942
28.776294999261154
34.17669299960835
35.66430299906642
40.389866999248625
34.39643099954992
45.7710999999108
34.33952300110832
32.970217000183766
34.69598299852805
31.33079199869826
34.27831099907053
31.483035998462583
30.220127999200486
32.90633200049342
28.707421999570215
35.69760499885888
32.144886999958544
32.64034099993296
36.73538600014581
35.158857999704196
33.59105099843873
29.206507999333553
28.98781400108419
34.09823600122763
34.06918499968015
33.59500100123114
37.87586100042972
32.27985100056685
39.66258500076947
32.191427000725525
40.85245100031898
32.52275799968629
35.54803999941214
27.788904000772163
37.89308100022026
30.348185000548256
37.658573000953766
31.905329000437632
37.956463000227814
34.70163500060153
28.83851600017806
35.700394999366836
32.12404800069635
37.08419699978549
35.23092999967048
32.41681399958907
32.9242299994803
33.37162699972396
35.748135998801445
35.59743400001025
30.029042000023765
37.31428699938988
44.53286299940373
36.35294199921191
35.91329800110543
37.85697499915841
35.27532099906239
35.685425000338
37.501328999496764
38.44582800047647
30.829736000669072
31.064524000612437
34.07716499896196
28.685760998996557
41.34145599891781
37.81321799942816
31.333872000686824
34.99478300000192
33.59701400040649
38.13601100046071
31.318221999754314
35.13668699997652
34.05955400012317
36.55096999864327
30.387056000108714
37.18887000104587
33.13852700011921
34.05600799851527
35.40595599952212
35.11129599974083
29.42106299997249
32.46068599946739
35.514371998942806
28.695230999801424
28.38025199889671
36.49565799969423
37.95168199940235
39.76509799940686
37.69707499850483
23.884944999736035
29.126528001143015
21.118405000379425
26.167174999500276
21.6050359995279
27.489415000673034
25.813563999690814
26.688019999710377
26.28418899985263
26.254096999764442
19.989568001619773
21.403679998911684
21.819952999067027
24.198515000534826
30.167935999998008
36.47511700000905
35.7511260008323
28.07590600059484
36.77821800010861
28.342489998976816
37.52142000121239
36.009382998599904
30.54560000055062
30.063223000979633
26.211145999695873
26.136743001188734
36.78262799985532
41.47366999859514
31.3912639994669
40.563132000897895
35.34267400027602
36.657343998740544
36.29810499842279
37.630785000146716
35.73743600099988
37.263580999933765
31.32350200030487
33.73322499828646
35.95608199975686
39.02164499959326
43.24861399982183
36.300633000792004
37.40629599997192
30.728644000191707
27.562527000554837
30.16032699997595
34.65855300055409
36.66108399920631
36.75513599955593
30.88680900145846
33.875063998493715
30.73097400010738
33.248224999624654
40.29319400069653
33.33744200062938
32.726499001000775
31.45339499860711
38.55689200099732
28.91637799984892
35.29471199908585
35.42982599901734
28.849075999460183
31.3340419997985
29.914177999671665
32.65104800084373
34.359293000306934
39.54333100045915
34.88762000051793
37.762096000733436
30.35527199972421
34.972872999787796
32.729193999330164
37.00344299977587
36.5351489999739
29.802315000779345
32.688642999346484
26.90891299971554
31.94552999957523
39.849980999861145
28.294820000155596
33.27625100064324
35.236195999459596
37.7552560003096
35.74337600002764
34.889971000666264
29.130894999980228
36.95599200000288
29.302078999535297
42.03139699893654
31.617211001503165
37.004294999860576
31.712504000097397
31.131506000747322
28.948148999916157
37.84695499962254
31.190658000923577
27.192216999537777
30.819645999144996
35.88649999983318
29.86918700116803
26.28249900044466
28.54225600094651
34.64520300076401
33.76264500002435
36.50030799872184
34.725075000096695
28.85360300024331
31.734812999275164
37.337909001507796
35.14002799965965
27.96889999990526
36.44913700009056
36.86144399944169
30.386002999875927
22.731479999492876
27.733213000828982
29.20459800043318
33.40106999894488
32.62222100056533
25.68738999980269
32.71643399966706
35.815186998661375
32.04123300020001
34.16479800034722
32.38682399933168
35.48024799965788
33.78148599949782
33.300761999271344
31.830808000449906
31.765989999257727
36.121257000559126
39.04829700150003
34.28296099991712
33.59072100101912
47.84871299852966
47.70910000115691
42.14167299869587
40.79470000033325
39.74611100056791
31.22196799995436
39.12076400047226
41.53752199999872
36.472142001002794
31.199577999359462
41.72611800095183
34.225729999889154
45.335367000006954
37.020134999693255
33.92847000031907
45.63335599959828
46.300367001094855
35.61434199946234
45.36270799872
30.90026899917575
35.065864998614416
39.1957009996986
35.136647000399535
38.803878998805885
35.79116699984297
34.843083998566726
38.533261000338825
36.86268499950529
35.126738001054036
41.86035100065055
45.827662001102
32.23020999939763
47.780322000107844
44.3688179984747
41.708967999511515
35.0584939988039
29.91381799984083
42.756868999276776
30.16823700090754
40.135459999874
35.944102999565075
35.548190000554314
40.77118799978052
45.60484800094855
39.744047999192844
36.08223599985649
46.08648999965226
31.761415000801207
35.79500799969537
35.61445200102753
34.19062099965231
28.69394099980127
32.150637000086135
38.53099100160762
36.31007299918565
42.32453599979635
39.820269999836455
37.83684900008666
39.2371819998516
37.36789499998849
35.814128001220524
33.6698430000979
34.64604200053145
38.217060999159
37.02522500134364
29.572470999482903
42.65872600080911
33.512607999000465
35.70977399976982
40.53914399992209
49.673518999043154
31.52834799948323
43.43736900045769
42.884042999503436
35.31420400031493
40.399977999186376
28.87092699893401
40.93055299927073
38.4657389986387
39.05119700175419
28.576177999639185
46.86957400008396
37.6982149991818
31.070643999555614
46.301301999847055
35.207630000513745
38.845270000820165
41.648964999694726
41.65995599942107
36.641619000874925
30.648447000203305
29.024232000665506
36.82191799998691
37.31527399941115
35.85973899862438
29.583128000012948
43.28431500107399
30.233159000999876
49.125741999887396
34.48616800051241
27.787123999587493
34.419315999912214
38.044364999223035
36.942292001185706
30.09040399956575
35.816637999232626
31.708167000033427
43.634285999360145
31.17995699903986
37.544520000665216
32.292420999510796
33.64005100047507
31.094543999643065
29.3702149992896
35.81646800012095
31.53377799935697
34.56094000102894
30.732983999769203
41.0511520003638
31.23075800067454
31.633400998543948
24.689579999176203
32.16699700169556
34.386805000394816
34.09801599991624
31.25250899938692
25.85992900094425
33.22416300034092
35.51616900040244
27.268289999483386
34.02856399952725
27.475004999359953
37.52334300043003
33.740474998921854
37.20287299984193
30.762635000428418
35.81586800100922
28.148307999799727
26.584610999634606
26.869704999626265
25.333188999866252
20.6491980006831
27.946792000875575
22.1748240001034
27.802603999589337
24.11579200088454
20.45000100042671
22.035600999515736
37.42235699974117
35.29462299957231
36.09461599990027
34.76356600003783
34.40919500098971
38.04108500116854
34.21597899978224
43.953255999440444
31.53721799935738
29.119254999386612
30.329610999615397
36.819058999753906
26.553110001259483
29.554001999713364
36.615332999645034
40.08776699993177
44.42879999987781
38.93050300030154
31.471895999857225
37.412307001432055
33.802726999056176
34.690082999077276
32.747105999078485
40.36766799981706
44.175971001095604
38.49159899982624
48.64245099997788
49.06394999852637
39.393717001075856
32.71248300006846
39.66075499920407
39.167679999081884
35.58848600005149
32.130407000295236
38.07524699914211
30.655141999886837
41.006796000147006
37.57587100153614
38.92225199888344
33.15455700067105
31.461966000279062
36.13159800079302
34.03431300102966
38.41329699935159
28.865997001048527
36.52634999889415
40.56670199861401
40.32864600048924
38.300894000713015
31.52686800058291
49.0015189989208
47.2933170003671
39.70448600011878
32.35794300053385
33.674272999633104
37.33175399975153
39.43228799835197
33.587160000024596
43.73735900117026
44.37688799953321
40.19215099833673
32.57402000053844
26.52519600087544
40.33738900034223
36.187010000503506
39.208680998854106
31.678254999860656
43.47027999938291
47.08405100063828
34.310297000047285
28.897318999952404
28.627589999814518
36.433462000786676
32.05431300011696
46.91392799941241
36.72059500058822
39.936623001267435
35.55848299947684
30.778755000937963
35.793166998701054
46.54592400038382
31.50078799990297
36.61612299947592
42.15509099958581
40.567202000602265
42.470520000279066
42.26113400000031
29.954411000289838
37.85753000011027
33.39891500036174
32.791231000373955
33.122935999926995
41.068287999223685
34.036524999464746
37.11513800044486
31.541457999992417
35.62359299939999
31.59508000135247
36.27062100167677
38.594921999902
39.07729700040363
28.526986998258508
30.8973489991331
33.14922800018394
37.022124999566586
34.81081800055108
34.09131599983084
33.357301999785705
33.459006999692065
44.37038799915172
46.191023000574205
29.603640001369058
42.86149199833744
32.9122200000711
33.60609100127476
44.25152400108345
39.833300001191674
50.5667759989592
36.23165099998005
29.4393170006515
33.53209800116019
46.535973000572994
42.29825400034315
31.29816199907509
39.960823000001255
30.270339999333373
43.267406999802915
31.07667400036007
36.535090001052595
44.92071399909037
39.52000100071018
35.10145600012038
36.60822200072289
37.59086200079764
34.543278999990434
33.99398200053838
35.93387199907738
35.343133999049314
36.202703000526526
34.012153000730905
37.6504539999587
28.735373000017717
35.847069000737974
35.43996699954732
37.62735199961753
37.380204999863054
37.89200099890877
39.373318999423645
33.96462500131747
36.09763700114854
31.763536000653403
35.108916001263424
28.442414000892313
33.75305500048853
37.75045700058399
31.92930900149804
28.948668999873917
36.97254299913766
31.44181499919796
36.164618000839255
33.37111400105641
32.51536300012958
38.77904799992393
29.79925500039826
32.82337699965865
35.20820899939281
28.982339999856777
39.478659999076626
29.42689299925405
30.600410000261036
35.51230000084615
30.360961998667335
35.63231199950678
30.16118599953188
34.32298299958347
34.38070399897697
25.45926899983897
36.04147400073998
37.616733001414104
30.380922000404098
35.25352600081533
32.060884001111845
39.15433899965137
37.61754299921449
30.22244400017371
26.65549999983341
33.86153899919009
48.8415370000439
37.43814699919312
27.72838300006697
33.315681999738445
31.052512998940074
34.902840001450386
40.36927700144588
35.0465150004311
32.96110100018268
32.69394299968553
42.42738900029508
35.829157999614836
40.676216000065324
34.010163000857574
39.04255599991302
48.957066999719245
37.38035899914394
32.93004000079236
36.51368899954832
36.228213999493164
38.15082799883385
36.52044000045862
35.20433999983652
40.39058599846612
40.60913300054381
29.696012001295458
43.701837999833515
43.99056699912762
45.876803998908144
35.885870000129216
40.28770300101314
32.61977100009972
40.407340000456315
35.75854600057937
39.41107699938584
30.707892999998876
43.20394299975305
28.069353000319097
44.519152001157636
35.87663299913402
34.78266700039967
31.50591699886718
41.24003300057666
35.57670100053656
40.93377299977874
30.841236000924255
40.45507899900258
42.953685000611586
35.3834449997521
33.765318999940064
39.64413399990008
31.85754799960705
32.29191100035678
32.74861499994586
36.57792100057122
36.02318400044169
38.59399199973268
39.38175700022839
31.46393099996203
41.43253899928823
39.981240000997786
29.98252000179491
30.84324199880939
29.927739000413567
38.51389500050573
34.25647000040044
34.435485998983495
38.06827699918358
31.436170000233687
34.498947999964
35.803397999188746
34.95375199963746
34.544838999863714
35.33112399964011
33.81466200153227
37.392195999927935
29.721077999056433
37.41300600086106
34.198668001408805
35.50952300065546
34.655753001061385
35.653703000207315
33.4996069996123
35.50781900048605
41.81005999998888
31.84701300051529
37.102296999364626
31.136215999140404
44.60090099928493
33.8764389998687
40.30686400074046
35.959223001555074
44.74680200110015
38.76474800017604
47.83929400036868
32.57684900017921
38.03043500010972
39.00065499874472
48.665488000551704
42.21806200075662
40.60445899995102
35.912230998292216
49.29682700094418
44.77313999996113
47.38782899949001
43.70332800135657
34.87802999916312
42.03377700105193
30.014352001671796
37.65055399890116
33.76813599970774
37.56415099996957
40.62387399972067
40.07606800041685
33.623940998950275
37.16612399875885
26.94793800037587
37.81701900152257
33.304431999567896
39.54310399967653
41.9157139986055
36.97704399928625
33.17338899978495
34.50613799941493
38.93657600019651
46.5525740000885
43.81846099931863
44.802570999308955
40.987696000229334
35.310421999383834
34.08654499980912
27.681060000759317
41.143680000459426
36.780210000870284
35.24437099986244
29.55070799907844
41.87549299967941
44.902034000187996
34.893030000603176
45.144592000724515
34.51704899998731
37.43884799951047
42.02290700050071
30.33443200001784
42.13271000116947
35.85641899917391
45.226844000353594
45.47730199919897
42.04762799963646
32.00748200106318
48.538924998865696
41.32720599955064
36.425389000214636
32.83982799985097
28.703121999569703
37.84620999977051
33.73519600063446
31.93084999838902
27.891988000192214
30.378133000340313
38.02665500006697
35.46852999897965
39.00584499933757
30.729223999514943
35.559850999561604
33.53156800039869
38.42144800000824
46.43992000092112
36.062736000531004
38.6173629995028
31.414790000781068
42.86484200019913
38.051116000133334
32.28621099879092
32.6583229998505
40.57072199975664
33.565439998710644
34.990373000255204
41.262112999902456
32.27602100014337
37.15017399917997
43.376240000725375
37.68098500040651
46.71916900042561
34.56468999866047
48.6723889989662
39.50090999933309
48.0431989999488
45.38431899891293
45.08657899896207
46.054768999965745
29.8521200002142
35.665584000525996
39.20016100164503
40.67646600014996
30.975800998930936
36.3401190006698
32.31712100023287
39.63891400053399
29.60574899952917
38.69157599910977
38.50856200006092
29.219658001238713
29.132925999874715
40.126959000190254
35.60001299956639
38.98579999986396
28.36554199893726
33.35804300149903
34.90254999996978
28.071283000826952
35.77130800113082
33.076415998948505
38.60586299924762
36.11169799842173
27.498519000801025
34.15351799958444
33.982255999944755
36.241312000129255
36.99404700091691
33.03129500091018
33.95181800078717
30.71168299902638
33.56517000065651
32.47234799891885
40.075581999190035
35.16945800038229
36.648383998908685
31.321660999310552
32.396763999713585
31.83366799930809
36.859832998743514
31.750363999890396
32.58955999990576
41.18224500052747
32.627652000883245
34.85596000064106
31.969971998478286
38.285413000267
31.99628299989854
35.12380600113829
35.322492998602684
36.54972099866427
29.45832600016729
34.490738000386045
29.899207000198658
27.76395299952128
31.53584900064743
38.09006700066675
28.627258998312755
35.76075699857029
28.302709999479703
32.10469499936153
35.202420000132406
40.582222000011825
31.342941998445895
31.075564000275335
29.99658100088709
27.281659000436775
33.575470000869245
37.570341999526136
31.451885999558726
32.43836599904171
48.03503900075157
39.77706800105807
28.072854998754337
28.122284998971736
33.636441999988165
41.03751699949498
38.36225499981083
28.770013001121697
39.213604000906344
32.788606999019976
35.23446100007277
44.33724799855554
40.96975500033295
40.33051000078558
45.78879099972255
36.89438999936101
35.223261000282946
34.205728999950225
33.00155199940491
37.2458199999528
32.59688000071037
37.11003799980972
36.70015500028967
35.59858100015845
36.460768000324606
44.772659999580355
38.96870599965041
31.92830099942512
36.191847999361926
40.89802300040901
47.41164999904868
37.50964999926509
33.40233500057366
37.97658499934187
32.226309000179754
35.03061400078877
35.05549799956498
34.99609299979056
39.15206999954535
37.75441700054216
31.17540600032953
33.86908899847185
44.17266199925507
39.809019001040724
31.575520000842516
28.16703700045764
35.76268699907814
29.582749000837794
30.602420001741848
37.74082700147119
32.04968300087785
32.01402800004871
36.23711000000185
33.995552999840584
37.32987500006857
27.769203999923775
35.64090199870407
30.0973650009837
47.565495000526425
43.65166599927761
