Messages/sec=15.88
duration_sec=60.060
payload_size_bytes=8388608
total_messages=954
payload_throughput_MiB_sec=127.07
mean_rtt_ms=40.578
median_rtt_ms=39.326
stddev_ms=9.180
min_ms=19.354
max_ms=61.792
---raw_latencies_ms---
58.24385499909113
53.80052399959823
52.70003599980555
52.846855000098
55.71788199995353
61.79182599953492
55.46573799983889
58.609578998584766
53.080832998603
59.62118100069347
54.87614699995902
51.996567999594845
54.70858499938913
56.88288199962699
60.02755300141871
23.161359000368975
25.447572999837575
27.42527299960784
28.49729099943943
21.33907899951737
23.148512998886872
24.307097999553662
27.404553000451415
23.606947001098888
28.031910998834064
19.35437800057116
19.886304000465316
21.499303000382497
34.07785499985039
31.05927300020994
37.83489899979031
32.11434500008181
25.985979000324733
33.51557699897967
37.471428000571905
30.901848998837522
31.47517599973071
34.6097709989408
34.42791599991324
38.948053001149674
36.023973998453584
34.5309090007504
28.90679799929785
35.64725300020655
32.392064000305254
35.30586299893912
33.364974000505754
39.13931900024181
31.743514999106992
36.78023799875518
22.06215000114753
26.37436099939805
20.621945999664604
21.44868100003805
22.50237399857724
22.432370999013074
35.83469900149794
31.255104000592837
35.12275200046133
28.53891700033273
33.28039100051683
23.21969600052398
28.214136998940376
33.68330299963418
35.32618300050672
34.2768509999587
28.241148000233807
25.60899800118932
29.495435999706388
22.47693299977982
30.676691998451133
37.37777600144909
35.70825399947353
36.37973500008229
26.983935000316706
43.42990900113364
38.63869400083786
37.30853299930459
30.866647999573615
38.78521300066495
36.59487100048864
37.08751699923596
31.63313100048981
26.967309999236022
37.429427000461146
35.50197800177557
32.93219999977737
34.73731499980204
34.28751199862745
33.84746799929417
37.32336900066002
33.533334000821924
35.947771999417455
28.695752000203356
38.000794000254245
35.503498000252875
27.37824200085015
25.207781000062823
21.968217000903678
26.25403799902415
36.2979589990573
29.147225999622606
29.69062199917971
31.46215600099822
34.07786500065413
33.38007900129014
36.75154200027464
22.546025000337977
25.813140000536805
21.447482000439777
25.559736999639426
34.86453900040942
30.23102800034394
35.55864999907499
30.047772999751032
33.91684000052919
44.15194099965447
35.74885499983793
33.193409000887186
35.26234600030875
33.1656069993187
35.896195000532316
28.924964999532676
32.11221499987005
34.82299799907196
37.28452299947094
28.575997999723768
31.93511000063154
35.30615499948908
30.385583000679617
33.919059998879675
30.92705999915779
31.068443999174633
34.73182500056282
31.634191000193823
31.9053699986398
31.71793600085948
35.252674999355804
30.911588999515516
32.74805399996694
30.581634000554914
31.013241999971797
40.82785100035835
41.884242000378435
50.14444399967033
41.28844399929221
55.27197500123293
38.491069000883726
47.95526999987487
46.54774500158965
57.13277500035474
52.89641199851758
52.65209000026516
55.457794000176364
32.84250700016855
53.060866999658174
51.79209299967624
35.1088269999309
49.985257001026184
50.672452998696826
51.99674600044091
45.3492879987607
48.35009900125442
50.94098799963831
53.09047000082501
39.31688500051678
52.234408000003896
42.64870999941195
51.561746000515996
51.68773100012913
47.35283899935894
49.2005859996425
39.232608000020264
55.29044000104477
39.06563599957735
29.998622001585318
34.427279000738054
34.07135800080141
40.29026399985014
34.950022998600616
36.078888000702136
32.24593999948411
38.36267499900714
30.815647000054014
35.05199400024139
34.86822999911965
29.337271998883807
39.336007999736466
33.39923500061559
34.095556000465876
33.376773999407305
38.4756590010511
37.27924300073937
31.28856100011035
24.658849999468657
26.007480000771466
28.761523999492056
25.081172001591767
28.518688999611186
26.02566600035061
32.750680000390275
32.34634799991909
42.776775000675116
32.44265600005747
32.66919199995755
37.912334000793635
31.999591999920085
36.0357749996183
30.41892600049323
32.85445399887976
42.09661999993841
39.908443999593146
36.89298099925509
31.893348999801674
32.48603899919544
29.744954001216684
36.1935299988545
31.087833998753922
34.62821200082544
33.94145099991874
35.27787200073362
31.69222300130059
32.526629000130924
35.4268190003495
37.25881699938327
39.374788999339216
31.588243000442162
33.75505499934661
41.381656999874394
39.074916998288245
35.82438800003729
31.84753699861176
34.32710900051461
36.50258400011808
37.621293000484
38.5863640003663
32.04063300108828
30.644950998976128
34.64230200006568
32.758174998889444
38.24737300055858
21.520172998862108
25.825033999353764
22.103342000264092
27.748205999159836
22.70233899980667
26.30064900040452
35.403568001129315
34.881669000242255
31.56793999914953
35.92955199928838
35.55061099905288
30.350111999723595
36.76707700105908
27.891968000403722
33.141677000458
28.73397199982719
34.949507000419544
34.755214999677264
38.77286699935212
33.79025200047181
26.200715999948443
40.76164799880644
47.75382099978742
44.148736998977256
47.221685001204605
43.33745700023428
39.71824899963394
42.09494799943059
32.49717000107921
33.49073800018232
39.19287099961366
36.93607300010626
31.340601000920287
32.65039100006106
47.07912999947439
30.445054999290733
34.5002679987374
33.3156209999288
45.02043700085778
35.57926699977543
39.16215500066755
33.06114400038496
34.900839998954325
34.61632200014719
38.255252000453766
30.882062999808113
34.4974439994985
31.775770999956876
33.30382199965243
26.80883100038045
31.336963000285323
33.22703000048932
33.56998900017061
35.55201099879923
39.4286770006147
41.60545400009141
40.77064800003427
32.8207670008851
38.57737199905387
32.301061999532976
35.482618000969524
30.32849100054591
36.82722899975488
34.594603999721585
33.06339399932767
31.212538999170647
46.02852799871471
41.08992799956468
43.44002099969657
46.49837299984938
38.62897399994836
35.42785500030732
35.783166998953675
37.21703100018203
32.90522899987991
24.01540000028035
26.847569999517873
22.3525499986863
25.34317000026931
21.533303000978776
27.233376998992753
23.272927001016797
20.659576999605633
22.845065001092735
25.179921000017202
33.20948200052953
27.374223000151687
30.272822999904747
34.528889000284835
35.7406009989063
51.254636999146896
50.087754001651774
51.07298099937907
52.45670899967081
49.1751640001894
44.28993500005163
51.51696499888203
50.73250099849247
55.84362700028578
48.7882620000164
47.45043100047042
49.71357300019008
51.37696199926722
52.273627999966266
42.44321900114301
29.5594479994179
48.90062499907799
31.103305000215187
40.16683900044882
33.89866900033667
36.81211900038761
31.60933999970439
27.654211000481155
37.095607000082964
52.51703599969915
52.02411100071913
48.34091900011117
50.601946999449865
52.931738000552286
48.99423799906799
52.36421000154223
46.46371099988755
52.43567300021823
47.978606999095064
41.153050000502844
41.24560300078883
36.40427199934493
36.099426999498974
55.37143199944694
36.819478000325034
51.62036299952888
49.849004000861896
42.46127000078559
42.05735699906654
51.077931999316206
50.45789299947501
41.596404000301845
54.62534999969648
52.715931999046006
48.598355999274645
25.937377999071032
49.255415999141405
49.813348001407576
42.57312299887417
40.96692499842902
58.750845000759
53.797074000613065
46.88731399983226
52.63685899990378
51.42905200045789
51.85783600063587
46.689728000274044
51.30878799900529
44.972085999688716
49.033880000934005
48.74180099977821
47.9512470010377
38.89376200095285
47.1018610005558
45.23191500084067
47.02504799934104
54.95113899996795
48.284247000992764
51.374511000176426
44.9669259996881
30.808166000497295
49.32246899988968
48.190134000833496
46.007046999875456
52.18423500082281
47.04503399989335
52.74711299898627
50.14810300053796
48.805901999003254
50.445468001271365
47.08953499903146
47.05721999926027
52.95278899939149
54.28084900086105
48.14660800002457
48.26233700077864
50.858494998465176
49.522989998877165
52.147504000458866
32.20198800045182
36.324523000075715
51.5039900001284
49.76138099846139
53.056210999784525
41.828850999081624
46.96166599933349
53.54735699984303
50.14746400047443
50.03177999969921
44.15612099910504
51.78864799927396
46.62289600128133
53.04598200018518
48.630041999786044
51.09985199851508
49.59850700106472
50.49868400055857
53.58475800130691
46.291306000057375
31.916538999212207
28.25274799943145
42.247852999935276
37.08098500101187
34.87037900049472
33.828877998530515
36.217258999386104
35.30659200077935
27.202056000533048
27.786193999418174
38.60241300026246
31.434884998816415
27.73696199983533
42.26897399894369
48.50944400095614
48.22082999999111
48.688920000131475
49.276677000307245
52.00451000018802
50.36247000134608
48.343058000682504
47.39032900033635
56.93981999866082
50.640947998545016
31.777636000697385
54.63079000037396
50.695660000201315
35.2122700005566
45.45246099951328
49.03360000025714
48.284871998475865
48.252389000481344
43.34095699960017
56.27834900042217
46.61220599882654
54.123354000694235
48.0532099991251
47.65687799954321
30.329621000419138
53.14619500131812
49.72095000084664
46.61138699884759
47.67983300007472
57.4665410003945
50.82789399966714
49.08533200068632
51.094411999656586
53.72328200064658
38.34084499976598
52.32141900160059
49.12721199980297
48.59819199919002
48.427301000629086
56.77975499929744
46.64596799921128
43.98656600096729
50.385720998747274
45.86511300112761
47.812863000217476
49.19999400044617
47.6731419985299
49.36130900023272
51.35109999901033
52.35277099927771
50.43429199940874
52.46068400083459
48.071900999275385
44.17301099965698
50.72564999863971
50.55737600014254
47.801512000660296
50.439631999324774
48.80014199989091
53.39776200162305
36.03246499915258
45.91714500020316
52.7718229986931
44.53470899898093
52.00418999993417
51.70805099987774
31.553078999422723
50.7194999991043
41.09811200032709
51.599028000055114
48.037299000498024
51.60142699969583
50.149413000326604
50.188184999569785
49.19833500025561
50.05678099951183
50.87731500134396
51.566111000283854
43.905634000111604
50.58720699889818
54.07298199861543
48.110060999533744
49.48311400039529
48.80765300003986
43.99949700018624
54.10420299995167
31.100854999749572
51.911276999817346
48.92255699996895
50.660439001148916
49.29415800143033
49.855197001306806
54.20700699869485
48.47666299974662
50.69510999965132
44.65105700001004
37.600692001433345
46.98884800018277
45.276046001163195
53.74403299902042
38.64213299857511
48.82809300033841
49.71322100027464
52.39060200074164
46.2235850009165
50.54737499995099
49.62552799952391
43.271205000564805
53.29588899985538
30.04045300076541
44.223602999409195
48.61557699950936
48.83441300080449
49.07180100053665
53.43535300016811
48.03213000013784
47.763241000211565
44.043368001439376
50.50831400149036
47.8146530003869
42.82570100076555
48.771812000268255
54.01066000013088
40.39868700056104
45.672186999581754
42.285985000489745
46.659927000291646
51.72636099996453
49.17142399972363
48.78940200069337
50.7271110000147
46.276696000859374
52.2479570008727
37.313364000510774
26.288719000149285
36.67606400085788
30.521856000632397
31.039262999911443
36.785087000680505
35.18257399991853
27.789033998487866
31.278921000193805
32.99136200075736
35.06150499924843
29.144844998882036
33.31503200024599
34.68105399952037
30.759804998524487
33.9903839994804
36.8905809991702
39.43746799996006
35.556439999709255
29.16093100066064
34.2330999992555
32.76367600119556
28.913177999129402
38.14877399963734
27.413212999817915
35.44993200011959
27.811415000542183
29.04063200003293
39.01230100018438
29.678590999537846
32.47098500105494
34.19684800064715
30.96093099884456
34.40854499967827
34.9347810006293
28.790528000172344
29.049148000922287
33.272950999162276
32.742663999670185
35.467718000290915
37.59302099933848
36.9694229993911
34.232429999974556
35.68004400040081
34.423511000568396
35.604991999207414
37.624238000717014
34.57906999938132
30.539647999830777
28.75076700001955
28.551236999192042
29.44701399974292
38.3837660010613
29.12273299989465
39.35323499899823
37.214912999843364
29.69414200015308
37.149538000448956
34.641153000848135
35.71816499970737
28.94982899852039
33.55770500093058
35.95484200013743
26.035400998807745
33.78422599962505
30.4988219995721
36.1850899989804
30.630739998741774
33.723594000548474
29.106343999956152
37.28892299841391
34.594250999361975
35.38199499962502
33.38832400004321
36.36709499915014
34.090635999746155
39.47277900078916
36.04511500088847
33.440056000472396
32.02760299973306
33.77485599958163
31.18109699971683
35.36289400108217
36.90866199940501
27.196045999517082
26.272647999576293
36.26492100011092
27.33095299845445
33.2468169999629
33.45990599882498
34.63812200061511
27.87496599921724
35.49653900154226
32.32983500129194
38.080117001300096
29.396597001323244
35.90841100049147
30.171417000019574
36.72985599951062
39.88910200132523
29.10403399982897
27.29123800054367
36.63973299990175
31.058042999575264
26.786493999679806
33.11751700130117
39.04473599868652
37.10438800044358
32.16271699966455
34.56474899940076
31.526298000244424
34.56220000043686
32.350296000004164
33.35419299946807
35.314472999743884
34.96033199917292
31.849038001382723
30.327329999636277
28.34552100102883
36.38764599963906
26.35767999890959
34.07976499875076
34.618450999914785
29.116174999217037
29.658441999345087
30.76568500000576
32.57256399956532
26.595568999255192
32.3158319988579
37.45315000014671
30.906197998774587
27.476744000523468
32.68981400105986
29.07946199957223
38.78893900036928
35.880830999303726
29.521707001549657
30.86368699950981
29.35868199892866
33.36725299959653
36.552528999891365
36.94357200038212
32.26276099849201
39.08927800148376
37.599223000142956
39.346794999801205
34.719855000730604
58.45734500144317
49.26086699924781
59.6044100002473
32.28394100005971
35.92716200000723
26.024946000688942
50.15396400085592
43.79490999963309
51.84157599978789
30.99088099952496
33.99784700013697
50.03900900010194
29.569828999228776
30.264508999607642
49.889025000084075
48.479928000233485
53.16515500089736
53.557297000224935
41.32874599963543
52.18868100018881
39.758747998348554
50.36368000037328
48.73860100087768
54.2627579998225
43.988845998683246
53.84119599875703
47.950886999387876
46.94651600038924
48.61466599868436
43.304855998940184
39.01858499921218
36.14852699865878
34.815238001101534
35.520579000149155
40.920773999459925
32.25231999931566
39.12471900002856
37.07981600018684
29.348862000915688
36.5137799999502
29.073243000311777
28.303398999923957
48.262394999255775
47.87492400100746
52.17417600033514
48.08018099902256
46.14791200037871
55.11416500121413
45.61251599989191
36.85593000045628
51.787734000754426
50.68712999855052
48.67071900116571
51.94197799937683
37.45342800175422
48.7477709993982
50.26446699957887
42.29010500057484
50.95890000120562
46.47286200088274
30.07213400087494
43.45565000039642
45.269385000210605
40.989466000610264
45.2325149999524
44.498142999145784
51.36327299987897
49.144792999868514
46.74987899852567
36.392455998793594
48.267656999087194
48.27453600046283
38.26885200032848
56.19817799924931
51.857686001312686
43.215212999712094
50.698369999736315
47.98400799882074
47.41766000006464
49.16164399946865
46.09777999939979
49.67445900001621
40.366496999922674
47.07070899894461
45.484031999876606
53.992940000171075
45.387168998786365
50.437452000551275
46.08623000058287
52.47632400096336
56.68630199943436
47.80979299903265
49.83304899906216
50.451232000341406
48.50130399972841
45.26056500071718
49.26459700072883
50.25643699991633
50.480803998652846
48.70316900087346
52.930448999177315
54.55390700080898
46.046419000049355
47.7241899989167
54.27121899992926
40.916502999607474
41.30696499851183
48.41939100151649
49.06248000042979
42.76789299910888
39.694565000900184
48.71110000021872
49.655499000436976
48.35581899897079
56.04608300018299
49.108110999441124
45.760080000036396
46.24266400060151
56.389542998658726
49.93825699966692
40.45540900006017
37.75824699914665
51.49736500061408
56.61755999972229
49.98151800100459
39.596152999365586
46.84528300094826
33.34286300014355
51.446863000819576
49.43808200005151
53.11180299941043
42.66439700040792
47.19124300027033
48.500582999622566
42.20605500086094
48.908815000686445
53.035020999232074
49.55045099995914
45.01555799834023
47.10662099932961
51.22383100024308
36.22529099993699
52.00387900003989
44.70970900001703
45.99749699991662
46.23797000022023
45.31039200082887
40.49789599957876
51.61247300020477
48.31596800067928
42.31367500142369
45.617465999384876
48.433301999466494
34.670033999645966
40.449369998896145
36.333154999738326
48.00503399928857
40.28596399984963
48.69984900142299
49.062430998674245
42.523991000052774
48.63614799978677
51.1185529994691
49.156153998410446
52.37707999913255
49.86109499986924
48.41837099957047
47.91173499870638
47.01490900151839
46.55202299909433
43.820061000587884
51.8798360008077
48.824862999026664
35.232770000220626
46.65727700012212
42.26111400021182
51.321630000529694
46.25896499965165
46.973266998975305
51.405972000793554
49.08782100028475
52.39006100055121
50.29751800066151
52.846155000224826
47.83801399935328
49.70193999906769
52.091912999458145
38.595391999479034
51.47400399982871
39.67028499937442
30.178035998687847
49.027209999621846
42.9818559987325
46.61667600157671
48.7157900006423
27.24282700000913
45.853892999730306
49.63368799872114
45.95899199921405
44.50405200077512
46.06300200066471
36.48599899861438
52.00949100071739
50.93055799989088
48.35646900028223
48.923296000793925
47.32867799975793
49.098520999905304
53.29713900027855
34.686613998928806
57.33218200111878
46.53243400025531
48.26366099950974
42.937014000926865
52.15929999940272
