Messages/sec=5.88
duration_sec=60.025
payload_size_bytes=15728640
total_messages=353
payload_throughput_MiB_sec=88.21
mean_rtt_ms=132.440
median_rtt_ms=131.108
stddev_ms=7.674
min_ms=120.436
max_ms=217.094
---raw_latencies_ms---
164.34574099912425
129.07922100021096
132.02265499967325
135.64284600033716
128.19721199957712
131.08650600042893
130.74212499941495
137.96815300065646
133.07552700007363
130.98619199990935
128.21057200017094
133.18228700063628
140.67696599977353
131.273379999584
129.59867599965946
128.48984099946392
126.29439600004844
128.90986899947166
131.88997600082075
137.9935730001307
136.70307499978662
126.54827599999408
130.31778300046426
127.53814500047156
130.6034789995465
131.56985499972507
135.65164500050741
133.32552900010342
136.3590730006763
131.10791800045263
125.72916299995995
129.204832999676
131.6186590001962
132.0864730005269
131.6113389993916
140.98744100010663
135.47224900048604
127.27547400027106
137.37885299997288
131.610396000724
129.123755999899
129.8594440004308
126.29106899930775
127.06963199980237
131.25262599987764
123.80029400083004
131.34010399971885
127.90165499973227
129.11181500021485
137.89740300035191
137.38531199942372
155.49669100073515
143.6607579998963
138.280080000186
126.97182200008683
154.05002299939952
135.08204299978388
129.18979400001263
145.46762600002694
144.32237799974246
128.14491500012082
128.42617000023893
127.6301699999749
159.25231199980772
126.83341800038761
131.49113100007526
130.65565899978537
146.6382770004202
145.48170499983826
148.7142820005829
136.94145099998423
127.71334700028092
157.59625000009692
127.5124349995167
127.64076799976465
144.29523199942196
143.31203500023548
137.58991200029413
130.45276499997271
132.50762299958296
127.63736600027187
131.68013999984396
141.83366100041894
129.80341099955695
126.55116699988866
131.40964600006555
126.53559200043674
128.05672100057564
135.7107450003241
126.25122800000099
132.7388660001816
131.92705399978877
137.66525700066268
129.87498299935396
137.18767999944248
132.1127510000224
125.4060519995619
132.04127000062726
136.92750900008832
129.61683000048652
127.89670800066233
131.51602299967635
129.42435300010402
128.59892699998454
131.95018999977037
124.26146300003893
153.5738439997658
142.74076099991362
136.76945399947726
138.42187899990677
217.0935379999719
138.64233799995418
129.40696100031346
133.49852600003942
138.33204399998067
130.14203799957613
131.2641900003655
130.54011500025808
138.8040159999946
139.22743600051035
136.46737700037193
137.21181100027025
126.25453300006484
131.74731299932319
133.04827399952046
131.27520500074752
133.52576499983115
128.6037159998159
131.79560200023843
137.76765800048452
133.59943799969187
132.96976899982837
146.1471699994945
134.1660830003093
135.27546800014534
131.40856199970585
128.01214799947047
126.13849300032598
126.16724600047746
140.34531700053776
133.8983420000659
131.16934400022728
138.35209300032147
127.9744240000582
135.23089499994967
135.07548899997346
134.87304000045697
138.48372800021025
129.1303499992864
136.9197179992625
131.83222400039085
130.34550000065792
129.16983800005255
133.28430300043692
128.4686220005824
129.3086450004921
131.43455200042808
128.032988999621
126.40590399951179
130.63213199984602
126.91670799995336
129.61223699949187
127.19574800030387
129.52511599996797
124.8440359995584
127.65681200016843
136.3833440000235
129.91668700033188
122.02827800047089
133.62347900056193
141.03388400053518
129.4186310005898
126.58397800078092
133.50507599989214
126.37489900043875
133.58228100059932
132.95873100014433
137.60890499997913
131.50998400033131
136.2345199995616
136.01101099993684
135.95523700041667
127.75568300003215
129.33634300043195
136.68229900031292
128.6695469998449
141.1532559995976
133.54191500002344
129.5785660004185
128.34738299989112
139.0082389998497
131.8142620002618
127.67383299978974
126.09267999960139
135.79714400020748
139.81534600043233
128.63499600007344
127.68602799951623
133.28417299999273
131.20174699997733
132.06654700024956
127.4029080004766
133.471985000142
130.95406599950365
140.76714200018614
122.39277899971057
125.6610760001422
127.87932999981422
136.04283499989833
129.45749200025602
124.2317969999931
128.74636099968484
126.27429500025755
132.12155699966388
125.70117900031619
128.54330700065475
128.50012600029004
132.8219260003607
127.43645899990952
128.1829720001042
125.31059000048117
128.38437000027625
126.35073599994939
131.1790949994247
140.20898600028886
131.31797999994888
140.5443399999058
137.9526740001893
127.71141800021724
129.93946699953085
124.68996799998422
131.39608000074077
132.69486399985908
127.2116370000731
133.79695799994806
128.85375200039562
129.58729799993307
129.8231629998554
124.16783899971051
131.16278299912665
130.4505069992956
133.08848999986367
131.41038399953686
139.2973259999053
129.66367800072476
134.52558600056364
125.72691000059422
128.2270450001306
132.49061700025777
127.63292899944645
128.9212329993461
165.570683999249
123.95404399921972
131.55394499972317
133.88054099959845
130.2257630004533
133.59046400000807
135.8820530003868
131.25007599956007
129.1803300000538
125.76716399962606
127.86716299979162
133.40426899958402
128.71854800050642
126.9840060003844
131.10509000034654
137.44687899998098
126.35218000013992
131.3171659994623
129.39075800022692
132.27327799995692
137.31556899983843
131.834147000518
127.4514110000382
130.60276700070972
127.07078899984481
124.01532800049608
129.30494500051282
129.6550289998777
120.43574800009083
126.8572930002847
132.33864399990125
124.29665600029693
127.95973400079674
128.8633120002487
130.79108399961115
142.1047779995206
130.76548400022148
127.92498700036958
129.02072700035205
126.3222110001152
130.17021599989675
132.99710000046616
132.0572380000158
125.08134200015775
133.97121599973616
130.25913599994965
130.63856900043902
135.94971299971803
133.02655499956018
127.13116999930207
137.019132000205
127.33738199949585
136.07529799992335
128.48808099988673
131.3771250006539
123.97330299972964
130.73061100021732
128.19014799970319
137.2523350000847
136.20606499989663
132.13912399987748
134.19339700067212
129.29979900036415
130.7441340004516
134.5395890002692
134.5275469993794
126.71739899997192
131.74507100029587
141.13221800016618
146.13287300016964
147.5646169992615
140.06361799965816
142.84094699996785
126.65555499916081
141.221423999923
125.4961929998899
126.6125350002767
133.23604099969089
129.10663999991812
126.01769600041735
127.14935700023489
128.8756129997637
133.00610899932508
129.34695200056012
131.9454369995583
127.44165899948712
132.9498559998683
127.10865999997623
123.854792000202
130.6183590004366
132.90321599924937
129.439108999577
135.86696499987738
128.56316399847856
129.57449500026996
126.23946799976693
127.87416399987706
131.78222100032144
128.6375509989739
128.96266799907607
128.5041840001213
125.29312000151549
