Messages/sec=5.14
duration_sec=60.150
payload_size_bytes=15728640
total_messages=309
payload_throughput_MiB_sec=77.06
mean_rtt_ms=156.308
median_rtt_ms=137.735
stddev_ms=29.102
min_ms=119.990
max_ms=216.470
---raw_latencies_ms---
167.13116699975217
129.06883299910987
138.09777799906442
131.6435980006645
124.89785399884568
132.67971000095713
129.62594799864746
126.7940859997907
131.5118739985337
131.66203199943993
136.32339099967794
128.13733300026797
127.5799939994613
135.66238899875316
136.84905800073466
146.06057399942074
199.6003849999397
137.7350849998038
127.98771800044051
128.14566700035357
129.00010700104758
122.79000300077314
134.96210299854283
128.79875099861238
130.87389700012864
131.822776998888
134.90601500052435
129.78018099965993
129.55261500064807
134.78601700080617
132.75334399986605
125.3683609993459
130.11124699914944
129.74917000065034
125.15969300147844
128.86760200126446
132.8365549998125
127.29904000116221
132.66121100059536
126.76792599995679
130.27823099946545
133.68620799883502
136.36064299862483
132.26499099982902
131.8341389996931
128.75406700004532
124.0821480005252
129.26983299985295
134.93770199966093
126.43576300069981
128.90099300057045
129.14574299975357
130.10262699935993
136.9184650011448
125.79342999924847
140.18923100047687
135.4926889998751
127.27553699915006
129.50582400117128
127.5191389995598
130.32280999868817
136.31222999902093
127.87693999962357
129.18146400079422
128.2794990002003
130.83316099982767
128.9873819987406
130.244166999546
133.92385899896908
128.5076129988738
124.2794750014582
127.89078099922335
128.033413000594
137.17960900066828
129.25249600084499
135.78238500122097
130.85087699982978
126.55234200065024
129.73657499969704
125.70948000029603
134.11071799964702
127.2209250000742
122.93414499981736
144.5413359997474
136.13204499961284
148.79570100129058
134.62002999949618
146.3377969994326
139.7447609997471
139.34235000124318
130.5430989996239
158.29387799931283
129.92820699946606
126.87832200026605
131.49042399891187
172.84158799884608
152.0626829988032
125.13110100007907
140.8736190005584
145.58466500056966
126.5543740009889
135.05690600140952
162.77031699974032
134.31053800013615
127.96060999971814
135.7813320009882
157.15554199960025
132.18066000081308
137.62040899928252
141.63934899988817
216.00776100058283
130.88612499996088
130.98874199931743
128.46285200066632
129.2299130000174
138.85002299866755
134.80273400091392
136.65359700098634
130.5430840002373
128.4346819993516
128.61502799933078
131.01000099959492
139.4304360001115
130.732708999858
128.44361499992374
132.52985699909914
125.9649059993535
128.66824400043697
135.73611100036942
127.13326300035988
131.83201900028507
125.89676799871086
125.55901700034156
131.55032999929972
125.64133200066863
129.49978000142437
125.83722799899988
134.07587200163107
136.47435600069002
133.25759599865705
141.26842900077463
129.9861380011862
137.0713460000843
128.39318599981198
139.12890500068897
125.41555400093785
136.42933400114998
130.76363500113075
125.8338730003743
135.40527999975893
126.74112999957288
130.76281100074993
134.7419859994261
140.9333619994868
129.1060630010179
133.7129969997477
128.90646499909053
133.96369099973526
132.97103000149946
140.99700000042503
132.89522699960798
126.36929899963434
129.9868919995788
128.6345070002426
127.15805000152614
134.52073999906133
127.15776499862841
129.71536000077322
132.55708799988497
124.13855999875523
131.43848999970942
127.99637799980701
119.98977599978389
132.41192600071372
134.89656899946567
131.49432499994873
135.23319399973843
155.07489999981772
145.60161900044477
137.02112899954955
140.53599899852998
133.80511699870112
148.33077600087563
142.19246699940413
130.1326760003576
200.532128001214
189.0150689996517
209.33221199993568
187.44808500014187
193.34363199959625
193.02654700004496
188.3126100001391
183.46348500017484
189.28578000122798
192.9797500015411
197.17216200115217
183.93986899900483
194.5233909991657
197.01298500149278
189.36015899998893
184.30932699993718
183.21149599978526
200.55547099946125
175.7875299990701
195.6114799995703
185.6463479998638
186.4247150006122
197.38475500162167
181.23555600141117
187.11789600092743
188.61690599987924
193.36460199883732
177.67031700168445
186.96503099999973
190.71856700065837
188.52867399982642
189.06366200099
184.8963239990553
184.7665789991879
193.60261200017703
186.1586630002421
191.32389500009594
186.7880170011631
180.39574599970365
215.52387500014447
208.08075400054804
184.1419330012286
193.5635560002993
190.12628400014364
198.62043000102858
190.61467400024412
193.55567599995993
184.90471999939473
195.94042700009595
186.77401700006158
186.00608599990665
183.76822900063416
188.40220300080546
200.06822100003774
190.6432390005648
183.5457689994655
192.12585700006457
205.74090899935982
192.9684080005245
189.4077790002484
194.73944499986828
191.60539299991797
192.79961800020828
185.57406999934756
195.2087659992685
190.1687680001487
186.84493399996427
191.3170900006662
216.46991200032062
200.59622099870467
192.23702199997206
185.97841099835932
191.82753400127694
183.78055100038182
187.26335300016217
180.82573399988178
190.00749299993913
201.64682299946435
189.94535800084122
195.43227199937974
185.97445900013554
184.73909400017874
187.59811299969442
186.32426700060023
184.3385819993273
199.6407080005156
185.97540399969148
181.12572500103852
188.08655300017563
186.89012799950433
185.69746100001794
183.54546500086144
193.33237499995448
192.41935599893623
183.3919179989607
184.41149499994935
187.67105199913203
182.64431100033107
192.86319999991974
187.4270799999067
191.46516799992241
183.64083799860964
183.79122199985432
184.52490900017438
203.43160099946545
189.0360760007752
186.08258799940813
187.7474449993315
188.7382040004013
187.38070300059917
194.69555700015917
187.7939170008176
189.8939459988469
193.9533599997958
184.84416599858378
192.7331469996716
179.74591299935128
184.79172399929666
180.66638499840337
191.95804199989652
190.10981500105117
186.56385500071337
184.19090299903473
182.1671650013741
