Messages/sec=4.35
duration_sec=60.187
payload_size_bytes=15728640
total_messages=262
payload_throughput_MiB_sec=65.30
mean_rtt_ms=190.220
median_rtt_ms=188.651
stddev_ms=10.191
min_ms=174.229
max_ms=283.812
---raw_latencies_ms---
230.25296599917056
195.1492620009958
191.65628100017784
185.23389899928588
185.93002499983413
184.1027339996799
190.5668359995616
208.82608899955812
187.60341000051994
183.59296700145933
193.58349300091504
191.98694600163435
183.69844100016053
185.5005159995926
196.44788699952187
186.9212969995715
202.24063599926012
187.91813399911916
188.65711100079352
183.33198000073025
187.87062499905005
185.14377800056536
195.09763600035512
193.6888429991086
196.52760999997554
187.08300099933695
195.95021500026633
187.0440780003264
181.90410600072937
187.98419999984617
191.0965679999208
189.45163799980946
187.3745049997524
184.45288700058882
185.58130800010986
189.1271919994324
199.15311700060556
188.15737399927457
181.41856000147527
187.51133199839387
198.73428500068258
184.43313999887323
181.1034299989842
195.84611999925983
185.20330700084742
187.11284400160366
185.98589399880439
187.95848800073145
191.90100000014354
198.6997349995363
185.03193099968485
195.20482099869696
186.21314600022743
187.53449100040598
195.09368899889523
204.81794499937678
181.44191600003978
185.89825699928042
181.90480100020068
190.22920800125576
190.47628299995267
181.1547340003017
199.9920279995422
188.49091999982193
182.19134799983294
194.2682259996218
179.80280299889273
189.93657699866162
183.3727839984931
193.62845099931292
194.62480900074297
198.93041800060018
182.23241600026086
189.8687869997957
190.29038799999398
193.11515200024587
197.88635199984128
190.95288700009405
186.3677879991883
193.48555400029
182.98724199848948
184.54959100017732
185.72548900010588
194.8178269994969
190.25186199905875
186.41987100090773
189.00202499935403
197.81362899993837
194.0710599992599
197.32800299971132
190.7025420005084
201.33831199927954
192.5951110006281
187.74466500144626
185.50725299974147
195.93808199897467
189.80323699906876
190.66289600050368
188.0882469995413
199.72502699965844
180.78810000042722
188.0384010000853
193.29790200026764
196.43346700104303
193.62203200034855
194.65647300057753
180.8970300007786
188.66994100062584
191.27258799926494
193.22984800055565
187.54561599962472
194.98660300087067
197.45279099879554
185.8521850008401
189.17403999876115
187.9785589990206
177.76493599922105
186.85216999983822
187.11555499976384
186.04493199927674
188.17040900103166
188.97855899922433
184.7859299996344
193.51194699993357
182.66586899881077
283.81176899893035
182.1594709999772
181.6421410003386
185.69637600012356
186.6444869992847
184.78714599950763
185.19912400006433
183.6855919991649
199.81305400142446
192.66384100046707
185.35247199906735
202.05014600105642
187.37415199939278
183.39386899970123
190.03495699871564
188.20516199957638
199.05724599993846
195.0176829996053
193.20666500061634
192.82342299993616
180.43327300074452
179.2989759996999
186.7391209998459
191.83900699863443
189.0768819994264
180.06109000089054
190.261167999779
185.6099409997114
190.48978700084263
193.0404480008292
187.17208000089158
185.61508899983892
189.4322980006109
188.519006000206
192.40261500090128
187.69740300012927
193.53619499997876
195.2884760012239
185.03072000021348
183.5029880003276
180.7391700003791
188.35067100008018
191.5025569996942
186.77897400084476
185.81298699973559
185.17772599989257
189.4360450005479
187.49410700002045
194.6630879992881
184.243220001008
187.26795700058574
181.60126399925502
180.15850199844863
188.64404099986132
184.19212699882337
193.05911400078912
192.11148700014746
183.60666999979003
182.6469879997603
185.87810700046248
194.69990000106918
203.41836099942157
187.76617100047588
181.95244999878923
188.37026500114007
185.30909400033124
185.12213499889185
181.73661599939805
193.3544969997456
184.38471000081336
283.0316679992393
187.82673299938324
198.980004999612
192.99609100016824
193.56923799932702
182.06462200032547
190.3940930005774
190.5980939991423
185.52991000069596
189.64294199940923
197.70940899979905
190.06993400034844
200.41590499931772
189.82021099873236
187.4810739991517
188.61395100066147
186.39272099972004
188.98342400098045
185.71853600042232
187.2209080011089
184.6122839997406
189.66686100066
190.33821400080342
193.462704999547
196.53406100042048
190.17663199883827
204.2153229995165
195.52930200006813
194.18503000088094
196.86039099906338
188.91241799974523
185.76670699985698
201.60611500068626
192.0123549989512
185.08136099990224
188.55068200173264
191.97252199955983
193.5537530007423
184.63265699938347
187.00951000028
197.1930780000548
185.98633500005235
196.9003550002526
191.38693599961698
195.42550400001346
182.11428100039484
190.9275300004083
184.2854710012034
174.2293580009573
189.60036499993294
190.31072100005986
183.96577599924058
186.7786620005063
195.65235400114034
184.3069189999369
190.3395069984981
191.682769000181
183.69249900024442
190.08894699982193
182.43239100047504
183.3753840001009
184.96310899899981
193.40414399994188
184.5662479991006
192.53478700011328
188.8438549995044
192.70532600057777
