Messages/sec=5.79
duration_sec=60.058
payload_size_bytes=15728640
total_messages=348
payload_throughput_MiB_sec=86.92
mean_rtt_ms=128.845
median_rtt_ms=126.986
stddev_ms=9.594
min_ms=113.935
max_ms=186.012
---raw_latencies_ms---
142.0055130001856
124.2365839998456
139.40825999998196
138.05289399988396
146.53044100032275
136.4551950000532
145.5909820006127
131.68268999925203
142.23001099981047
137.51043699994625
136.23809899945627
132.59609800024919
138.7117570002374
133.3228000003146
127.25946199952887
127.83535300059157
175.18745699999272
159.35768100007408
175.79895000017132
168.2519569994838
138.33097199949407
128.7787440005559
128.79504299962719
129.7344640006486
123.77582999943115
155.5422660003387
121.263294999153
127.15376199957973
123.3494560001418
125.94533900028182
129.31191000006947
132.66489999932674
119.97198600056436
135.9543409998878
126.6718890001357
120.79698999968969
128.86345599963533
133.20679599928553
130.82217400005902
130.45733900071355
120.90258299940615
127.62971699976333
122.21088800015423
125.20902400046907
122.16364100004284
122.76497899983951
134.49200600007316
126.98815800013108
121.49111100006849
123.73419899995497
116.03320499943948
131.54118599959475
130.6496290007999
125.62534599965147
123.97940600021684
128.27771699994628
128.08120099998632
120.87998200058792
123.5538839991932
126.13034200057882
131.28416200015636
128.8695050006936
128.15654299993184
130.9737990004578
124.87555000006978
140.06242899995414
125.77522099945782
123.52915500014205
119.98873500033369
123.67440199977864
124.17474499943637
120.8997730000192
124.07605499993224
131.15600699984498
136.7938880002839
126.98422700032097
132.923688000119
126.323350000348
128.3272400005444
124.81064199982939
130.9837399994649
129.58387700018648
131.29429800028447
120.04991699996026
136.7952009995861
131.97949000004883
126.83367199952045
120.80239999977493
125.22871399960422
128.33568899986858
118.74246200022753
127.91486599962809
122.01372599975002
117.83250000007683
125.59183099983784
125.51458799953252
126.00598700009868
137.68348799931118
141.23771100003069
131.52143499974045
127.7385299999878
127.05477999952564
133.08303299982072
129.73946100009925
137.6694820000921
126.35653899997124
128.4105559998352
141.64746300048137
135.07637299971975
131.83058399954461
120.05775199941127
120.96791499971005
123.46722100028273
125.01936799981195
124.91533999946114
117.20913499993912
124.85406599989801
131.33263000054285
121.78378200042062
125.52201300059096
131.15778399969713
125.98636800066743
130.48145399989153
125.5862949992661
127.96630699995148
126.62667699987651
122.83596099950955
129.8403569999209
120.65382499986299
121.90955200003373
133.17084499976772
128.72618099936517
122.7109780002138
126.7653529994277
113.93544400016253
123.41735300014989
124.09019999995508
121.22690300020622
123.16685499990854
129.79689600069833
140.4888569995819
125.57532000028004
118.37930599995161
129.48062299983576
124.0825919994677
122.22415300038847
122.92085399985808
133.55078600034176
119.02535499939404
118.4651590001522
126.56261600022845
120.30398400020204
139.73776499915402
121.1397200004285
127.28583199987042
117.90608200044517
126.4540020001732
127.88182000076631
135.15244600057486
133.56601699979365
129.3027980000261
131.09573199926672
130.07793100041454
131.40994700006559
132.78490300035628
123.32677599988529
128.70607999957429
117.91359099970578
119.56849299986061
123.97390600017388
144.7729129995423
130.2803930002483
130.4626229994028
122.91863300015393
124.74712999937765
122.33622599978844
130.21244999981718
117.78793800021958
119.26828299965564
122.29867499991087
124.59056799980317
129.21058500069194
129.40844100012328
122.93841400060046
129.0778729999147
126.27821600017342
129.5287749999261
159.52798599937523
171.6370439999082
144.5221309995759
131.17276599950856
124.33670999962487
119.01476599996386
124.4776310004454
119.21337100011442
127.4999140005093
120.73891000000003
118.05597599959583
123.04109100023197
121.47132999962196
121.7771020001237
119.43489799978124
128.61246699958429
128.37851500080433
139.82016699992528
132.7043909996064
130.36238000040612
143.0932279999979
132.34763099990232
124.66643700008717
124.96267700043973
120.88232199948834
125.00773800002207
124.09954499980813
136.26010900043184
127.59282600018196
133.8090839999495
124.51482300002681
124.87471900021774
127.85616500059405
116.35572399973171
127.47146199944837
125.79403099971387
128.00280500050576
119.1969120000067
130.27267699999356
122.4087190003047
126.6084580001916
129.81877800029906
126.60581700038165
121.01907800024492
128.89463000010437
126.50980299986259
124.22847699963313
139.10126900009345
120.04588699983287
122.59674399956566
123.54718599999615
122.74031899960391
123.08443999972951
127.42272099967522
144.27156300007482
133.31220999953075
126.64406800013239
136.16872599959606
136.13260500005708
123.04894800035981
140.79190800021024
125.23139400036598
130.9681089996957
133.54940699991857
124.951425999825
126.26415599970642
144.58776300034515
122.5342419993467
125.76334400000633
126.54630399993039
129.20122499963327
129.74078100069164
132.68580099975225
128.56980099968496
125.11822699980257
121.51427099979628
133.89885800006596
125.00764699962019
126.84674299998733
124.25256999995327
123.82515100034652
155.68428599999606
186.01162600043608
184.3926809997356
132.7289170003496
131.6897960005008
131.09920300030353
139.23267999962263
147.3895570006789
135.74123399939708
147.750998000447
137.51692799996817
137.89567799994984
134.4126129997676
122.73140799970861
132.96515000001818
127.64902800063282
131.05126099981135
125.58077500034415
140.0556239996149
126.02578899986838
127.45731199993315
134.82671800011303
124.24065400045947
122.70944700048858
133.3429400001478
127.60102599986567
138.4470090006289
126.93358700016688
117.81809000058274
115.61979699945368
128.72844100002112
121.40397799976199
125.44226000045455
117.34357499972248
126.78409099953569
116.8058880002718
129.70064999990427
126.4054399998713
128.68472900026973
119.56148199988093
120.70761599989055
134.18738600012148
133.52124599987292
123.44146199939132
136.35551199968177
118.6698149995209
128.06131599973014
122.17092099945148
116.9136910002635
131.60169799994037
126.10938099987834
121.57211300018389
122.50173200027348
140.5548100001397
118.93647300075827
119.64239000008092
121.14164000013261
119.77277899950423
124.22374400011904
119.17636100042728
122.45594900014112
122.46914000024844
119.76969899933465
122.06073800007289
139.83823800026585
130.07735700011835
122.46477500048059
120.58906399943226
128.63006800034782
132.107363000614
131.533235000461
132.81034499959787
128.48805300018284
128.95388299966726
126.66787800026214
128.6656389993368
125.69634899955417
123.02635700052633
119.15240000053018
127.0793199992113
