Messages/sec=5.83
duration_sec=60.158
payload_size_bytes=15728640
total_messages=351
payload_throughput_MiB_sec=87.52
mean_rtt_ms=128.061
median_rtt_ms=126.919
stddev_ms=8.460
min_ms=115.068
max_ms=182.351
---raw_latencies_ms---
180.12034299954394
142.2097129998292
135.17476599918155
130.7111010000881
129.82432399985555
135.28866000069684
132.1887659996719
130.71777099958126
138.642081999933
128.02168899997923
135.41820299997198
126.10191099975054
131.21008899997832
132.23479699991003
132.68190100006905
137.29232099922228
133.66783000037685
130.46184799986804
134.20133700037695
121.93014399963431
127.56420999994589
130.378075000408
132.22584599952825
129.76345300012326
128.59211600061826
129.05250000039814
129.35241000013775
132.04502199914714
126.06871000025421
129.87456599967118
123.06934899970656
117.72253599974647
133.53838700004417
121.01625600007537
122.04629799998656
123.84787300015887
120.70257699997455
122.87738300074125
124.98539700027322
127.92043699937494
125.94858700049372
124.20754300001136
141.2803619996339
130.55223599985766
131.12102300055994
127.22177500018006
122.47460400067212
122.43114800003241
127.19717399977526
126.28890599989973
124.38053799996851
124.75616300071124
123.5148420000769
122.43927999952575
118.1576019998829
130.25990200003434
124.49388099958014
141.92020100017544
135.55813299990405
132.60484300008102
122.33863700021175
130.1874669998142
130.77633300054003
131.57047699951363
125.81865199990716
127.46755500029394
128.34030800058827
131.61343800038594
131.95901900053286
122.50538700027391
126.28723599937075
119.69717600004515
126.65885699971113
130.96906800001307
120.15587000041705
132.41360200026975
147.36119700046402
161.92457899978763
169.08200700072484
118.6990460000743
124.52118799956224
138.9088999994783
129.4205320000401
131.03919100012718
124.64076699961879
132.07304299976386
142.36438399984763
124.09294000008231
126.54644399935933
137.22021800003859
123.45062999975198
140.35126499948092
130.58427499981917
119.82486000033532
120.87546400016436
117.15426899991144
136.80756599933375
121.50073399971006
120.31187699994916
129.5803489992977
121.99742699976923
137.285509999856
118.84534000000713
124.08634900020843
124.60885800010146
116.6627040001913
116.17394999939279
119.07642700043652
120.4192069999408
122.7031979997264
134.1462649997993
126.57513500016648
115.96224299955793
122.20563300070353
122.91045699930692
117.75379999926372
122.16691300000093
124.47700199936662
121.76920000001701
123.38032800016663
129.45182399926125
122.11190000016359
120.04060600065714
129.5496760003516
129.76930799959518
125.48636199971952
138.89232499968784
127.41668600028788
122.49661100031517
127.62251700041816
131.0230799999772
148.7842360002105
117.47133900007611
122.3918079995201
120.45924999983981
125.79594100043323
128.8318339993566
130.72989600004803
127.92305600032705
141.2406399995234
129.02216000020417
122.17047600006481
132.72288200005278
128.14164199971856
123.00201200014271
122.28943500031164
134.38047199997527
134.61687499966501
126.72464000024775
127.8893059998154
135.603249000269
134.91526899997552
118.36857599973882
119.00563499966665
128.3702800001265
127.79293099993083
121.53318500077148
127.12106100025267
117.55982200065773
122.28257500009931
122.4933930006955
121.77608999991207
115.92080400077975
137.8226970000469
121.23944300037692
126.91941499997483
127.53121500009001
123.96291599998221
130.7760560002862
126.51222900058201
115.06841499976872
115.09685599958175
119.38531600026181
131.54467799995473
119.27239400029066
130.36018000002514
117.40540599930682
116.5913630002251
129.45075300012832
132.63479899978847
118.9017420001619
130.6964599998537
120.28805499994633
122.51435100006347
121.42364899955282
121.08485699991434
123.91381499946874
128.96865699985938
118.42445700040116
117.1740999998292
121.96793499970227
122.9326550001133
134.32658600049763
122.13443000018742
123.9334649999364
125.95649699960632
124.63121600012528
120.93202300002304
124.21165900013875
122.27986500056431
127.37553899933118
122.15935599942895
137.68148199960706
122.09561899999244
130.5329150000034
128.29166299979988
131.41691200053174
125.94947700017656
123.28358000013395
131.66406999971514
128.97142800011352
138.67400300023291
131.74231199991482
119.59374299931369
119.37348599985853
127.15476599987596
119.70186600046873
123.97883599987836
128.7445719999596
128.2991080006468
128.22494499960158
132.4534740006129
131.4225920004901
123.08880999989924
135.03433699952438
123.85286300013831
131.80880399977468
128.3663929998511
136.88373199966009
138.14261600055033
137.86241799971322
123.86020200028725
124.06350899982499
120.6584669998847
134.64460999966832
132.39306200011924
171.92487300053472
182.35080999966158
141.37570399998367
126.60785099978966
123.75591499949223
118.74637800065102
120.98678599977575
118.94737900001928
120.90162200001942
128.47326199971576
121.12767400049052
122.77483000070788
127.07890499950736
126.61376699998073
125.33633800012467
130.49754499934352
122.33987699983118
122.42629899992608
124.88424399998621
125.36269800057198
125.74381899958098
133.01153100019292
129.0313839999726
137.1609770003488
132.80312400002003
146.96460399954958
138.96412200028863
126.83551300051477
123.97422699996241
136.96211999922525
136.72862600014923
130.67778999993607
129.43311700018967
123.83637099992484
137.6793629997337
134.9531020005088
128.1314529996962
124.35378000009223
124.54263400013588
130.70526000046812
132.67569100025867
136.36726200002158
132.79060399963782
126.40374999955384
132.583813000565
131.90701799976523
126.18432300041604
121.97974599985173
127.79449200024828
121.0627469999963
121.0330599997178
122.98745699990832
137.0074520000344
134.57733700033714
129.206525999507
141.37147499968705
127.77460899997095
137.27722200019343
120.91319099999964
128.34132900024997
128.69869099995412
123.01837299946783
135.7636150005419
135.813175000294
126.08589000046777
132.53640600032668
129.77900199985015
136.91624000057345
126.12486099988018
129.72154099952604
118.9625300003172
142.94350799991662
118.28391299968644
136.14681599938194
149.73748800002795
121.99984699964261
123.36347800010117
127.01339399973222
132.60148799963645
132.28469800014864
116.46873800054891
126.26380599976983
125.54484000065713
138.07517500026734
123.07968000004621
121.01993600026617
119.04793600024277
122.43948900049872
121.65372800063778
131.66086399996857
126.99330799932795
123.16434100011975
132.50305499968817
125.38176399993972
121.36916700001166
123.25695399977121
134.59004899959837
126.5049129997351
131.16680400071346
122.69203800042305
119.89780499970948
132.30310899962205
123.64556600005017
129.3413020002845
125.05631899966829
128.04964299994026
119.8182199996154
118.36335599946324
119.71835199983616
121.7452789996969
129.07118099974468
120.81545000000915
123.69128800037288
139.11341600032756
126.03006799963623
