Messages/sec=5.87
duration_sec=60.011
payload_size_bytes=15728640
total_messages=352
payload_throughput_MiB_sec=87.98
mean_rtt_ms=127.317
median_rtt_ms=126.473
stddev_ms=6.733
min_ms=116.789
max_ms=186.719
---raw_latencies_ms---
134.6329420002803
125.16134200086526
129.89207600003283
133.3572710000226
129.48856300045009
120.19816099927993
118.71219699969515
120.87862699991092
135.209826999926
117.29080299937777
120.34529600077803
127.49572299981082
139.97721699979593
122.59188900043227
119.377717000134
125.49089299955085
159.3467419997978
124.83207199966273
128.95787700017536
130.61387799916702
122.72292799934803
132.2642969998924
128.51855000008072
132.23008299974026
126.87210000058258
128.5216339992985
125.64010699952632
124.42690300031245
128.32773799982533
130.08118200013996
131.93681099983223
123.85220299984212
134.09139800023695
131.7384919993856
119.48491000021022
130.40380099937465
125.66119700022682
130.86231499983114
128.94910799968784
124.69284799954039
121.43768799978716
126.3969649999126
120.8793619998687
122.25093399956677
128.48887400014064
131.8762990003961
122.9393040002833
135.19771999926888
132.9704589998073
126.03823900008138
119.89015200015274
122.17582199991739
122.51287399976718
135.75825299994904
122.30825799997547
128.07162100034475
127.00959399990097
123.46806099958485
126.05790399993566
127.00468899947737
131.94135899993853
128.7002899998697
127.75227099973563
118.32772500019928
130.5171940002765
129.2372609996164
126.04227399970114
131.45963400074834
127.50019400027668
130.66378899929987
130.42307199975767
125.11598600030993
128.1710440007373
123.25959400004649
122.48589699993317
128.9800489994377
129.9458230005257
123.47046100057923
130.47983400065277
121.61241500052711
121.65818599987688
125.33344700023008
122.61053000020183
123.05049400038115
123.06441900000209
125.57466500038572
122.75601199962693
128.71004099997663
125.92483599928528
121.66505599998345
124.38531899988448
125.35270799980935
127.80998599919258
129.03048199950717
135.94483900033083
122.80496999937895
132.93824900028994
128.21129499934614
135.0429730000542
128.44377199962764
131.4540430003035
118.93600799976412
118.21241100005864
122.87591299991618
129.9868489995788
128.73929099987436
132.30217899945274
120.7671490001303
125.26872600028582
119.1663299996435
130.51297000038176
127.18345600023895
116.78850799944485
130.3360989995781
130.19235499996284
141.36616500036325
129.74136100001488
127.07044000035239
132.48965999991924
119.0456060003271
130.90356700013217
122.30107600043993
130.5899170001794
119.53162100053305
127.43423199935933
117.02177499955724
122.39757800034567
123.2900739996694
122.37004700000398
124.98682699970232
130.67159000001993
123.4686910001983
130.22860100045364
119.74848799945903
116.85783000029915
132.86212700040778
126.39486900025076
125.75185700006841
118.9871510005105
130.16454199987493
132.6402299991969
126.91795499995351
122.13471099948947
128.00217200037878
135.21991800007527
124.1968430003908
125.27007599965145
117.26271200041083
130.83626499974343
127.41699999969569
118.80062900036137
122.37561799975083
124.70236799981649
122.27558599988697
125.0963309994404
123.96307499966497
118.91654299961374
119.90644100023928
128.77120499979355
129.97906799955672
135.38277199950244
125.73496000004525
126.94636899959733
125.89727800059336
123.5406329997204
123.82054200043058
127.61822599986772
131.3405020000573
128.5629779995361
119.3110340000203
125.08631000036985
125.38565900013054
128.0678020002597
120.89760399976512
118.59701199955452
129.4951689997106
123.97395500011044
124.87761299962585
124.52969300011318
123.58537399995839
134.64722099979554
129.83699400047044
134.32626999929198
132.01282999943942
120.0019859998065
133.62136899922916
138.56167900030414
132.79991400031577
124.86724400059757
121.59717299982731
136.58110899996245
125.72325499968429
127.80936199942516
131.47171399941726
126.85991399939667
121.36775199996919
130.13068300006125
124.05525800022588
131.16074500067043
132.6919610000914
125.0673389995427
132.6496199999383
131.88589899982617
130.46562199997425
123.74512899987167
134.3427210003938
121.1210999999821
130.97863900020457
120.88975199912966
130.828945999383
131.13651299954654
130.1947950005342
131.5361759998268
126.68465900060255
130.31497900010436
127.80779300010181
129.1537929992046
124.06257899965567
123.10816900026111
141.7061839993039
138.49570699949254
130.04751300013595
129.82359299985546
126.82795199998509
133.9930230005848
123.87819400009903
126.04664100035734
134.44630400044844
126.79661200036207
186.7192019999493
143.13940400006686
123.11148000026151
118.56833199999528
119.43914799940103
127.46990200048458
143.02423499975703
126.29260700032319
142.69996500024718
124.92518500039296
130.60557800054085
131.2783630000922
126.08151099993847
121.36102700060292
134.5099560003291
121.20174200026668
140.99823299966374
131.10026300000754
124.63237700012542
119.25651199999265
123.89303400050267
119.9755389998245
125.36220800029696
130.03008999930898
126.30763199922512
117.99300399979984
123.70111099971837
125.11358099982317
126.32907700026408
131.85069499922975
131.16239400005725
129.73497099937958
118.10872899968672
126.80441199972847
125.47857200024737
144.30320399969787
135.88460800019675
126.24661499921785
132.72230199982005
128.94006699934835
122.70871300006547
127.82328599951143
124.38477800060355
121.99032599983184
126.84662300034688
122.3052249997636
127.48133300010522
126.3490900000761
126.98729799922148
119.9222440000085
119.98532500001602
125.9089449995372
119.01409500023874
121.3494459998401
117.98202499994659
123.49565200020152
128.399330999855
123.86011200032954
120.81245899935311
118.63689399979194
124.67798699981358
124.23766499978228
126.31095199958509
121.52822200005176
138.00654300030146
130.72793999981513
125.71016899983078
127.59458600066864
117.81660900032875
130.66861999959656
126.54825400022673
119.70204599947465
122.2119929998371
118.52274099965143
129.18766400071036
143.4675390000848
127.71419000000606
130.77477200022258
128.72419100040133
125.34718700044323
120.55943700033822
130.71204100015166
120.77469500036386
122.24093399981939
120.38013900018996
126.14156200015714
124.0808049997213
124.01613699967129
119.34264899991831
129.87625499954447
121.4356280006541
129.15109599998686
123.43985099960264
123.23556299998017
122.88721499953681
134.8919880001631
135.2696889998697
147.21394200023497
125.07312199977605
123.594155000319
140.79981800023234
126.21048400069412
136.9235900001513
129.31826899966836
146.37847799986048
126.11424100032309
130.57459599986032
136.0696639994785
128.98908799979836
121.64058000053046
135.6979849997515
119.69978699926287
130.54481499966641
127.74966699998913
133.6565999999948
117.81665399939811
128.5336600003575
122.7709650001998
118.73297200054367
135.19990800068626
138.09774999936053
136.52338700012479
123.072348000278
