Payload size bytes: 51200
Runs: 50
Mean: 21.155 ms
Median: 21.843 ms
StandardDeviation: 2.523 ms
Min: 16.748 ms
Max: 24.799 ms
--- raw latencies ms ---
23.018928999817945
23.492124000085823
24.03796999988117
17.665439999973387
24.13240000009864
21.151752999912787
24.187185999835492
18.444938000129696
20.601105999958236
20.47342900004878
23.514762999866434
22.426998999890202
19.798199999968347
23.814421999986735
18.018353999877945
17.161830000077316
17.43379799995637
24.799226999903112
20.040111999833243
17.959973999950307
22.60679000005439
24.266453000109323
21.751769000047716
23.328666999987036
24.05271200018433
17.721677999816166
18.387834999884944
19.41662300009739
22.327116000042224
21.437408999872787
23.273424999842973
17.79917899989414
23.812716000065848
19.944522000059806
18.435837999959404
23.848031999932573
20.230962000141517
21.933957000101145
17.412296999964383
19.115582000040376
23.04035799988924
17.997895000007702
24.00198600003023
22.507049000068946
16.748228000096788
22.262797999928807
23.749484000063603
22.14763300003142
18.16280499997447
23.864456999945105
