Payload size bytes: 51200
Runs: 50
Mean: 20.125 ms
Median: 19.401 ms
StandardDeviation: 2.669 ms
Min: 17.353 ms
Max: 33.069 ms
--- raw latencies ms ---
17.353258000184724
21.02061899995533
25.142813000002207
18.223234000060984
19.625733000111723
20.739614999911282
18.66104600003382
21.1500469999919
18.624673999966035
18.605320999995456
19.10135499997523
18.634231000078216
19.76556299996446
17.777870000145413
20.576398000002882
19.655220000004192
19.464963000018543
27.801364999959333
18.724527999893326
19.513985999992656
18.50739499991505
19.280458999901384
20.287208000127066
33.069144999899436
21.33844000013596
21.109232000071643
22.138992999998663
19.01247999990119
19.011900999885256
18.44096299987541
19.814295000060156
18.86523500002113
20.22690499984492
18.66424500008179
19.652130999929796
18.729760000042006
19.337331999849994
19.606185000156984
21.84549399999014
18.033564999996088
20.337888000085513
19.197157000007792
18.407308999940142
18.343678000064756
18.09067299996059
24.147012999947037
21.98918799990679
21.07767999996213
18.68100299998332
18.857813000067836
