Payload size bytes: 51200
Runs: 50
Mean: 19.177 ms
Median: 18.542 ms
StandardDeviation: 2.251 ms
Min: 17.384 ms
Max: 31.922 ms
--- raw latencies ms ---
21.788801999946372
22.85806500003673
21.858934999954727
21.261739000010493
20.286397000063516
18.330959999957486
31.9223310000325
19.10786200005532
18.49610399995072
18.174695999960022
18.476648000159912
18.86802300009549
22.479333999854134
18.18971300008343
17.788727999914045
18.98080899991328
18.97232500004975
17.648733999976685
17.94328599999062
19.81352699999661
20.267888000034873
17.384376999871165
17.883000999972865
17.56883200005177
18.030555999985154
17.71676899988961
17.716760999974213
18.49923999998282
18.526885000028415
18.61975499991786
17.897184999810634
18.187350000061997
20.74580899989087
18.53732599988689
18.32839500002592
17.588080999985323
18.736879000016415
19.364646999974866
17.656082000030437
18.849010999929305
19.140630000038072
19.021274000124322
19.916284999908385
18.572635000055016
18.02063700006329
19.25071300001946
18.546261999972558
18.69689299996935
18.216836999954467
18.135928999981843
