Payload size bytes: 51200
Runs: 50
Mean: 19.379 ms
Median: 19.074 ms
StandardDeviation: 1.331 ms
Min: 17.824 ms
Max: 23.447 ms
--- raw latencies ms ---
18.39129000018147
18.559360999915953
19.722929000181466
19.06200100006572
21.1237120001897
19.55722299999252
23.222484999905646
18.91176499998437
19.949448000033954
19.85823499990147
19.372995999901832
18.164612999953533
19.07078299996101
23.446666999916488
20.130523000034373
18.695606999926895
19.258334000141986
18.51998100005403
20.4152010001053
20.305263999944145
18.36489800007257
19.077378000019962
19.72407500011286
19.066272999907596
20.254410999996253
20.68524800006344
18.65161899991108
19.677889999911713
21.545956999943883
18.25955599997542
19.363767999948323
18.955189000052997
20.53952900018885
18.384141000069576
18.648448000021745
19.40874500019163
18.678933000046527
19.1660430000411
19.54121399990072
17.958501000066462
18.121011999937764
17.824263999955292
18.21457599999121
19.57939800013264
17.912789999854795
18.221192999817504
23.181736999958957
17.95177600001807
18.018128999983674
18.242155000052662
