Payload size bytes: 51200
Runs: 50
Mean: 18.755 ms
Median: 18.437 ms
StandardDeviation: 1.390 ms
Min: 17.403 ms
Max: 25.091 ms
--- raw latencies ms ---
18.440329999975802
18.4269190001487
18.48275600013949
17.608664999897883
18.520874999921944
19.170913000152723
17.86840099998699
18.49747300002491
17.899670999895534
18.140601999903083
19.879605999904015
19.858844000054887
17.422932000044966
23.77484400017238
18.316927000114447
18.622126000082062
18.165122000027623
18.051216999992903
17.850602999942566
18.42809300001136
18.889538999928845
25.091142000064792
19.909627000060937
18.37635800006865
19.033347999993566
18.435235999959332
17.55987200021991
18.071306999900116
17.67263500005356
20.463748999873133
17.710384999872986
18.029568999963885
17.800297999883696
19.368575000044075
17.832458999919254
17.402815999957966
18.03860499990151
18.48780400018768
18.224547000045277
18.82227199985209
18.437881000181733
18.7746579999839
18.91026599992074
19.07140999992407
18.30787600010808
18.221842000002653
20.79267599992818
18.79206100011288
19.24190499994438
18.56479200000649
