Payload size bytes: 51200
Runs: 50
Mean: 19.454 ms
Median: 19.140 ms
StandardDeviation: 1.327 ms
Min: 17.598 ms
Max: 23.656 ms
--- raw latencies ms ---
17.597515000034036
18.860636000226805
19.002548000116803
20.756521000294015
22.46893600022304
18.400632000066253
18.654237000191642
19.241965000219352
18.83338299967363
17.654848999882233
21.474317999945924
18.760842999654415
19.959276000008686
19.665807999899698
19.37123200013957
18.511035999836167
18.7687120001101
21.706349999931263
20.558542999879137
19.880221000221354
20.09746500016263
22.094612000273628
18.784830999720725
19.295652999971935
18.972489000134374
20.29143199979444
18.868946000111464
19.03888199967696
18.944830000236834
17.682522999621142
19.43032300005143
19.55741499978103
19.944454999858863
20.549660999677144
19.411770999795408
23.655733999930817
20.073550999768486
18.545100999745046
18.21094600018114
17.697246999887284
18.354273000113608
18.790991000059876
18.07724899981622
18.71500199968068
19.687777999934042
18.68676999993113
18.07222300021749
19.34955800015814
19.254567000189127
22.455231999629177
