Payload size bytes: 51200
Runs: 50
Mean: 18.942 ms
Median: 18.730 ms
StandardDeviation: 1.161 ms
Min: 17.097 ms
Max: 23.288 ms
--- raw latencies ms ---
23.28770400004032
18.63081500005137
17.80270900007963
17.561009000019112
20.167192999906547
17.873432999977013
18.644228999846746
19.198021999955017
18.463501000042015
18.055208999840033
18.816063000031136
19.339486000035322
21.33761899995079
18.52604300006533
18.993457000078706
17.937746000143306
17.97687400016912
19.602836000103707
18.334610000010798
19.853381000075387
19.109022000066034
17.888620999883642
18.230485000003682
18.485540000028777
20.20751600002768
18.876502000011897
19.435079000004407
19.214934000046924
19.88532500013207
19.007289000001037
19.067532000008214
17.838571999845954
18.17219000008663
21.442688999968595
18.553263999820047
17.09666100009599
18.93807800001923
17.956250999986878
18.43548500005454
18.071420000069338
19.209641999850646
19.072691000019404
19.489441999894552
21.40326299991102
20.410608000020147
18.97808399985479
18.177148000177112
17.94903300014994
17.653604000088308
18.430764999948224
