Payload size bytes: 51200
Runs: 50
Mean: 19.226 ms
Median: 18.634 ms
StandardDeviation: 2.455 ms
Min: 17.165 ms
Max: 31.087 ms
--- raw latencies ms ---
19.40303500009577
18.726576000062778
17.782065000119474
17.547953999837773
18.46480199992584
17.460048999964783
18.150722999962454
18.22764600001392
17.972616999941238
20.58386499993503
18.208633999847734
18.22814699994524
17.21763299997292
17.808831000138525
18.05099800003518
17.76727900005426
20.208739000054265
21.167223000020385
19.707428999936383
19.645507999939582
18.17750400005025
17.88080100004663
17.755411999814896
17.578141999820218
17.165479999903255
18.249809999815625
17.95916500009298
19.66044999994665
20.535621999897558
18.87418199999047
18.541995999839855
20.35286599993924
31.086694999885367
19.380339000008462
19.615706999957183
19.85926800011839
17.849701999921308
19.501051999895935
21.95838699981323
19.047673999921244
19.01260799991178
19.323954999890702
19.291970000040237
18.984671999987768
18.215813000097114
18.197743999962768
19.106530000044586
18.188928000199667
28.79567200011479
18.8199799999893
