Payload size bytes: 51200
Runs: 50
Mean: 20.211 ms
Median: 19.863 ms
StandardDeviation: 1.883 ms
Min: 17.714 ms
Max: 24.169 ms
--- raw latencies ms ---
17.80381599996872
20.076080000080765
18.241895999835833
23.712790999979916
18.774000999883356
21.099011000160317
18.483891999949265
18.007466999961252
18.861947000004875
23.024882999834517
20.62878600008844
23.566040000105204
23.080971000126738
20.594006999999692
19.9415049999061
18.144322000125612
18.466189000037048
21.087974000010945
20.602786000154083
19.059698999853936
20.26682699988669
23.46031000001858
24.169239999991987
19.068114999981844
20.216772000139827
19.123786000136533
20.433752000144523
18.529132999901776
20.52031200014426
19.00445299997955
19.052757000054044
23.21170599998368
19.819051000013133
19.81834200000776
19.907188000161113
17.931806999968103
22.060800999952335
18.663133000018206
23.374438000018927
17.713580999952683
18.02516599991577
18.310443999780546
22.288885000079972
19.807619999937742
21.299077000094258
23.798800000122355
20.007142999929783
19.491000000016356
19.251364000183457
18.676475999882314
