Messages/sec=78.94
duration_sec=60.010
payload_size_bytes=512000
total_messages=4737
payload_throughput_MiB_sec=38.54
mean_rtt_ms=11.513
median_rtt_ms=13.551
stddev_ms=3.726
min_ms=3.755
max_ms=33.796
---raw_latencies_ms---
17.4259390005318
10.708583999075927
11.541031000888324
8.283821000077296
14.817350000157603
12.459747000320931
13.064296999800717
14.70503699965775
14.325616000860464
13.688895998711814
13.616434000141453
19.703107998793712
15.260824000506545
14.465438998740865
17.24788499996066
14.69633899978362
14.270983998358133
14.515874001517659
13.408578000962734
14.104298999882303
13.703155998882721
13.992570000482374
15.225426999677438
13.81550999940373
13.550433999625966
14.806302000579308
14.28960500015819
14.67590799984464
16.52383100008592
14.819519999946351
14.63166400026239
14.36277799984964
14.144019000013941
13.59220399899641
14.381847000549897
14.516111999910208
14.894762998665101
16.484241999933147
13.537912000174401
9.19812699976319
13.020475000303122
11.160390000441112
11.481748999358388
13.022596000155318
13.195823001296958
13.163109999368316
13.36904600066191
11.826309000753099
11.73051600017061
12.841981000747182
9.241690000635572
12.197701000332017
10.771617000500555
10.942352000711253
8.861608999723103
13.202261001424631
11.933111998587265
12.806359998648986
13.157359999240725
10.106607000125223
13.603572999272728
11.385874999177759
13.166709999495652
13.2115310007066
12.479238999731024
13.51684099972772
12.106848000257742
10.592811000606162
12.63723400006711
12.034526000206824
13.883122999686748
13.62392299961357
14.536264001435484
15.258658999300678
14.26451800034556
12.512630000856007
13.78592799846956
13.606573000288336
12.551851999887731
15.129814999454538
13.76197600075102
13.917580999986967
13.723376998314052
13.604793999547837
12.325734000114608
11.277853000137839
12.694266000835341
12.200891000247793
11.981023999396712
14.098568000918021
9.500459000264527
12.015025000437163
10.741546999270213
13.490928999090102
13.901172998885158
14.252654000301845
14.18590100001893
13.562341999204364
11.251401001572958
14.90977299908991
13.975903999380535
9.854349000306684
12.520541000412777
14.486653999483678
13.008138001168845
12.501574999987497
12.25894200069888
13.30166499974439
13.24363200001244
13.018466999710654
12.143239000579342
12.24787200044375
12.927923000461305
12.038711000059266
12.614958999620285
12.860083001214662
15.823179999642889
15.145839999604505
14.966324999477365
16.171333998499904
15.448180000021239
16.087240999695496
14.270957999542588
5.76912600081414
5.8894609992421465
5.455463999169297
6.4610659992467845
7.474233001630637
6.364438000673545
5.189838000660529
6.3157120002870215
5.437926000013249
7.987365001099533
7.636231999640586
7.258781999553321
7.150086999899941
7.049025000014808
7.213891998617328
6.937137999557308
7.28320099915436
7.192327999291592
6.6091999997297535
7.154307999371667
6.593541000256664
7.221579999168171
7.061243999487488
7.2581509994051885
7.391213999653701
7.198399000117206
7.413864999762154
7.252304998473846
7.435190998876351
7.156268000471755
7.161997998991865
7.121155998902395
7.559039000625489
6.857189000584185
6.8763740000576945
6.723239001075854
6.633180999415345
6.779986000765348
7.135306999771274
6.8067669999436475
7.007072999840602
6.834816998889437
6.789596000089659
6.672713001535158
6.865270999696804
6.505145000119228
6.999213001108728
6.984401999943657
6.811987001128728
6.6641279991017655
7.091589999618009
6.589070000700303
6.834538000475732
6.962481000300613
6.74028499997803
6.568245000380557
6.907173999934457
6.383103998814477
6.756529999620398
6.575823999810382
7.227128999147681
6.771876000129851
6.947410998691339
6.574729999556439
6.968502000745502
6.9598409991158405
6.836037999164546
6.662362000497524
6.926121001015417
6.917700000485638
6.6487019994383445
6.481508000433678
6.5920209999603685
6.72400499934156
7.6739730011468055
11.881411001013475
10.176718998991419
11.175439998623915
15.367377000075066
11.383934999685152
13.56909200148948
13.178929999412503
11.855471000671969
14.198220998878242
11.972412999966764
11.353984000379569
10.274963000483694
10.470017001352971
9.785227000975283
13.72408700080996
11.592360999202356
10.936872000456788
13.374316999033908
10.58674100022472
12.368114999844693
11.214821999601554
11.382575999959954
12.625483999727294
11.859120000735857
10.009805000663619
12.260592999155051
11.678654000206734
9.553820000292035
14.248823001253186
12.86748200072907
12.764187000357197
10.999705000358517
11.707435000062105
12.253761000465602
12.597881999681704
12.612243999683415
12.254743000085
14.784778999455739
13.868852000086918
14.313305000541732
14.691146001496236
14.269523999246303
15.26247699985106
11.496119999719667
12.292858000364504
10.81310499830579
13.372714998695301
13.643502999912016
14.058728000236442
14.501069999823812
14.525733999107615
13.186060999942129
14.172210998367518
12.561101000756025
11.095279000073788
11.621876001299825
11.516434999066405
12.25549200171372
12.432977000571555
14.021124999999302
12.360998000076506
10.993111000061617
15.080369999850518
14.94752399958088
14.596562999940943
15.31183599945507
14.704135999636492
13.689224999325234
13.824879000821966
14.204715000232682
13.830080999468919
14.451179000388947
14.031816001079278
14.098669000304653
14.440060000197263
13.85733100141806
14.08811799956311
13.909823001085897
14.151680001305067
14.387867000550614
14.06026299991936
14.081263001571642
14.992734999395907
14.415783000004012
14.775871999518131
12.107438000384718
15.507411999351461
12.882342000011704
10.819399998581503
11.549360999197233
12.779048000084003
9.295882000515121
12.6059529993654
14.475890000539948
9.961652000129106
15.769169000122929
12.618864000614849
14.140430999759701
9.945592000804027
13.082888001008541
9.043483998539159
10.824987999512814
14.602248000301188
14.788808999583125
14.024919999428676
13.495870000042487
13.187680000555702
13.99160000073607
14.70075199904386
14.096032999077579
13.090452001051744
13.960034999399795
14.248397999836016
12.993508000363363
13.641008999911719
13.619289000416757
14.35987199874944
14.21925700014981
14.012416999321431
14.463238998359884
14.170800999636413
14.053226999749313
14.070368000830058
14.263602999562863
13.987876000101096
14.500079998470028
14.404237999769975
10.628693000398926
11.257362000833382
8.316552999531268
13.320095000381116
9.488907999184448
12.801188999219448
12.787648000085028
12.939594000272336
9.626252000089153
12.530211000921554
14.169260000926442
15.331615000832244
10.020285000791773
11.33364399902348
10.79697900058818
10.032275000412483
9.760007000295445
13.863530999515206
11.713517000316642
14.804309999817633
12.18101199992816
13.941553999757161
11.631303001195192
10.633034000420594
11.194729999260744
11.344463999193977
11.108706999948481
10.687574000257882
11.979295000855927
11.405907000153093
9.198048999678576
12.684834999163286
10.52051999977266
8.720984998944914
13.992645999678643
13.889260999349062
9.343063000414986
9.298622000642354
13.06255700001202
12.61636399976851
11.935008000364178
11.49313899986737
13.162365001335274
12.175248999483301
13.410916999418987
13.341380999918329
11.37233000008564
13.695195999389398
14.021005999893532
14.198147000570316
13.686811000297894
14.111939000940765
13.933922000433085
13.49820500036003
13.049581999439397
13.93739299965091
13.779373999568634
16.226757999902475
13.800049000565195
13.56295099867566
13.840130999597022
13.963154999146354
13.969583998914459
14.174780999383074
14.45328000045265
14.101758000833797
14.671545999590307
14.427568999963114
13.773998000033316
14.655210999990231
12.462792999940575
14.002935000462458
14.194281999152736
14.769098999749986
14.834562000032747
14.620959000239964
14.90166699841211
14.389858000868117
13.350875000469387
14.185296000505332
14.030034999450436
13.972648999697412
14.32558099986636
14.158449999740697
13.33837999845855
13.792628000373952
14.25857300091593
13.893882000047597
13.832169999659527
14.11699399977806
13.88640700133692
14.43531999939296
13.860731000022497
13.951938999525737
14.457074001256842
14.210024000931298
13.77582699933555
13.40382799935469
14.352920999954222
14.068667000174173
15.027636998638627
14.871195999148767
13.897001999794156
15.031435999844689
14.14462000138883
13.88442200004647
14.190660000167554
13.883601999623352
13.851650999640697
14.844560999335954
14.263274000768433
13.798799000142026
13.53676600047038
13.65269899906707
13.759917999777826
14.75892900089093
13.990499999636086
14.279178998549469
14.135444000203279
14.451838998866151
13.934962998973788
14.071057999899494
14.16288000109489
13.60201399984362
14.31088500066835
14.576162999219378
13.619134999316884
14.305044000138878
14.386725999429473
15.057188000355382
14.105827000093996
14.019266000104835
14.199334000295494
14.00355599980685
14.269953000621172
13.403742999798851
13.817094999467372
14.611709000746487
13.766574000328546
13.441656999930274
14.144684999337187
14.979760000642273
14.234607999242144
13.90255699880072
13.461679000101867
14.375486000062665
14.758848999917973
13.78019799994945
14.454340000156662
14.028550998773426
13.55012599924521
13.837111000611912
13.374964999457006
13.248953000584152
13.667879999047727
12.326344000030076
14.480863999779103
13.99139000022842
14.360131001012633
14.169971000228543
13.861980000001495
13.505155000530067
14.133798998955172
14.39178699911281
14.053527000214672
13.500364999345038
11.816123998869443
12.818960000004154
10.432135999508318
12.210000999402837
13.651703999130405
12.34501599901705
12.497290001192596
12.018604000331834
11.215171000003465
12.138149000747944
14.005697999891709
14.505748000374297
14.253672999984701
9.886770998491556
12.242201000844943
14.4917700017686
11.561450999579392
11.660034999295021
12.527694001619238
11.592355000175303
12.959597999724792
10.7944689989381
11.556662000657525
12.977164000403718
11.218990999623202
15.64847500048927
12.164788999143639
9.998083000027691
13.197001000662567
10.233429999061627
12.369126001431141
9.26648099994054
10.731226000643801
11.681025000143563
11.068375999457203
14.111448999756249
14.441239000007045
13.635944000270683
13.669305999428616
14.521111999783898
14.487820000795182
14.308462999906624
15.065690999108483
14.60127100108366
13.170739999623038
10.716464999859454
15.146089999689138
11.096852000264334
12.994978998904116
9.999394000260509
10.755355999208405
11.914741999135003
10.408656000436167
12.160869999206625
14.501550000204588
11.07622799827368
11.488289999761037
11.540530000274885
10.95763299963437
11.769576998631237
10.652082999513368
12.724046000585076
8.38611499966646
9.384095999848796
9.799908000786672
10.09270699978515
7.601351999255712
11.088277000453672
10.388425000201096
11.152109000249766
10.536430001593544
13.963823999802116
11.937382998439716
11.199530999874696
11.07439599945792
11.181140000189771
9.337784000308602
10.44851699953142
10.68890399983502
11.473528000351507
11.735125999621232
9.862588000032702
11.191853000127594
13.481126001352095
11.856342998726177
12.823708999349037
11.628068001300562
13.583647998530068
13.614993998999125
14.596983999581425
15.145822999329539
14.514788999804296
14.898139999786508
14.668825999251567
15.171580998867285
13.698295000722283
15.149910999753047
14.357605999975931
14.23457300006703
12.914652999825194
10.719075999077177
13.071486999251647
13.805679000142845
12.389797000651015
12.359977999949479
9.775742000783794
11.136068000269006
12.997410000025411
11.427667999669211
12.744139999995241
11.85348699982569
12.363100999209564
12.343073000010918
11.130258000775939
15.78131699898222
13.050176999968244
15.274084000338917
13.715377001062734
17.683553998722346
14.797922000070685
14.82836100149143
13.777022999420296
15.647780999643146
15.375101000245195
14.960374999645865
15.316921000703587
15.060871999594383
13.898623001296073
14.298882999355556
13.942944000518764
14.55254200118361
10.711847999118618
12.195298000733601
11.895855001057498
11.012544000550406
12.61058599993703
12.86979200085625
13.37655600036669
12.994190001336392
13.135262999639963
14.411993999601691
14.523435998853529
15.166519999183947
13.701605999813182
14.091217999521177
12.547223001092789
13.966433998575667
13.137702000676654
12.083016999895335
14.550771998983691
12.36574699942139
13.796121000268613
13.254434999907971
12.98963699991873
12.549041999591282
14.02593400052865
14.074696999159642
14.46515499992529
11.239886998737347
13.742316999923787
14.270194000346237
12.68227500077046
13.44876899929659
14.08265999998548
13.041025998973055
14.2781640006433
12.731397000607103
13.09664800101018
13.761977999820374
13.813560000926373
13.546066998969764
14.683920000607031
13.912202999563306
11.396345998946344
9.861310998530826
13.18037000055483
12.263037999218795
12.987018999410793
13.808461000735406
12.10798800093471
13.087137000184157
11.01569500133337
10.801978000017698
12.051256000631838
11.70465600080206
10.970963001454948
12.543091001134599
11.663204999422305
13.176680000469787
10.86235000002489
10.973854001349537
11.778717000197503
12.273112999537261
12.859200000093551
13.235952001195983
13.282646001243847
12.61192200036021
12.802847999410005
11.327018000883982
12.1272640008101
13.290418000906357
10.910371998761548
10.681664000003366
12.530433001302299
11.287000999800512
12.210254000819987
11.709037000400713
12.165680000180146
13.540703999751713
11.927031999221072
13.791658999252832
9.456006999243982
12.616423000508803
10.918021000179579
11.984193999523995
13.27666399993177
13.292755000293255
12.726549000944942
12.884062000011909
13.566236999395187
13.271447000079206
11.489021999295801
14.19425100175431
10.018824999860954
13.310833999639726
10.676614998374134
10.308115999578149
10.123406000275281
12.301643999307998
11.8110789990169
11.273662999883527
10.37481500134163
12.435158998414408
10.632983001414686
12.986814999749186
11.402375999750802
11.475027999040321
13.052065998635953
12.918763000925537
10.257125000862288
14.054626999495667
13.901143000111915
14.40305199866998
14.710982999531552
14.494576000288362
15.584746999593335
15.900344000328914
14.687047001643805
15.041880000353558
12.911832998725004
13.628689001052408
14.640209999924991
15.990936000889633
14.78011299877835
14.965120999477222
14.795400000366499
16.520981000212487
14.539141999193816
19.22820999971009
12.791655000910396
12.895281999590225
11.023565000868984
12.711235998722259
11.36500599932333
12.417648000337067
13.203701999373152
15.237802999763517
12.106707999919308
11.172820000865613
12.35755500056257
15.044436999232857
15.856591999181546
14.794630000324105
14.91707300010603
14.193761999194976
14.233662999686203
14.461909000601736
14.163142999677802
14.507067999147694
14.124749999609776
14.809140000579646
14.538600999003393
14.486590998785687
15.305073999115848
14.78488000066136
14.000356000906322
14.193261000400526
13.434307998977602
13.642457000969443
13.669764999576728
15.155396000409382
15.384553000330925
15.515391000008094
13.888424000469968
13.80614899971988
14.403338000192889
14.314566000393825
13.993684000524809
12.96185399951355
12.179729999843403
12.784907999957795
11.107006999736768
14.289713999460218
11.214923000807175
11.5913419995195
13.381628999923123
10.928416999377077
13.607193999632727
11.74105599966424
11.016066000593128
12.175388999821735
14.126475000011851
13.527847000659676
14.520132001052843
14.748687999599497
14.486975000181701
14.581802999600768
15.33365999966918
15.003565998995327
15.081368999744882
14.086998000493622
15.292536998458672
13.529181000194512
14.431051000428852
14.052106998860836
13.978355000290321
5.356171999665094
5.7058250004047295
5.122235999806435
5.172387000129675
5.494641998666339
5.280710000079125
5.922375001318869
5.155165999894962
5.5479679995187325
5.8197760008624755
5.5377879998559365
5.43285500134516
5.492071999469772
5.313315999956103
5.507366999154328
5.728665000788169
5.132746000526822
5.296260998875368
5.476917000123649
5.313720999765792
5.435615001260885
5.16806700034067
5.4348350004147505
5.038713999965694
5.096819999380386
4.768578999573947
5.447485998956836
5.942129999311874
5.411779999121791
5.224554000960779
5.4641609985992545
5.529612999453093
5.616869999357732
5.405564001193852
5.257720000372501
4.791595001734095
5.302915998981916
5.611626000245451
5.617079999865382
5.239068999799201
5.277999998725136
5.311151000569225
5.308985999363358
5.0336179992882535
5.320661999576259
5.407373999332776
5.490236999321496
5.150916998900357
5.687632999979542
5.291940000461182
5.1191660004406
5.472667000503861
5.547437998757232
5.4683910002495395
5.147990999830654
5.433664999145549
4.926900001009926
5.846758000188856
5.581989000347676
5.395563999627484
5.011862998799188
5.226774001130252
5.750090000219643
5.315026000971557
5.035213000155636
5.205804000070202
5.650772000080906
5.451175000416697
5.425215000286698
5.33911300044565
5.700912999600405
5.264670000542537
5.256624999674386
5.151882000063779
5.225423999945633
4.909942999802297
5.331532000127481
5.671521999829565
5.139867000252707
5.711023000912974
5.16002699987439
5.693347000487847
7.869843000662513
6.380374001309974
5.9417929987830576
6.057477001377265
5.449150001368253
5.595921000349335
5.577318999712588
5.497387001014431
6.222145000720047
5.778910001026816
5.982741999105201
5.631535001157317
5.785117000414175
5.743924999478622
5.612230001133867
5.707554000764503
5.713523998565506
5.76401599937526
5.435510000097565
5.522221999854082
5.303095998897334
5.47736099906615
5.674567999449209
6.068519000109518
5.77392600098392
5.867567999302992
5.402065000453149
5.220598000960308
5.385774000387755
5.8090820002689725
4.907353999442421
5.720789000406512
5.245364000074915
4.998672000510851
5.3947639989928575
5.374639000365278
5.404777999501675
5.630965999444015
5.260244999590213
5.708393000531942
5.42053499884787
5.125556001075893
5.563040000197361
5.335601999831852
6.255460999454954
5.193356999370735
5.331881999154575
5.460566000692779
5.838257999130292
5.047828000897425
5.022768000344513
5.262105998554034
5.290995999530423
5.351322999558761
5.412803999206517
5.350867999368347
5.398539000452729
5.274970999380457
5.371527999159298
4.992516000129399
5.396223999923677
5.1970980002806755
4.778284999702009
5.154905999006587
5.33410299976822
5.306811999616912
4.972716000338551
4.880383001363953
5.128500999489916
4.9575259999983246
4.9821419997897465
14.226545001292834
14.674018000732758
14.05615499970736
14.358866001202841
14.596813000025577
13.791240000500693
13.605325999378692
14.857243999358616
14.409057999728248
14.406359998247353
14.277856998887728
14.332544998978847
15.088679001564742
15.008764999947743
14.555222000126378
13.442279001537827
13.281137000376475
13.497940999513958
13.943916999778594
13.386907001404325
14.03423600095266
13.303613999596564
13.534911999158794
14.500540000881301
14.653185000497615
14.841010999589344
14.96878500074672
14.53991699963808
13.676450998900691
15.047898999910103
14.393016999747488
13.434071001029224
13.873284000510466
15.26338799885707
15.196686999843223
15.004680999481934
14.728137999554747
15.395413000078406
14.427748999878531
13.581257000623737
15.164952999839443
15.590257000440033
15.68046600004891
14.759084000615985
15.597431000060169
16.87457299885864
14.574672999515315
14.912034001099528
13.329909999811207
13.72781400095846
13.526570999601972
14.620148000176414
14.632889000495197
13.544041999921319
14.128539000012097
13.456148999466677
14.337438000438851
13.552008998885867
15.871896999669843
14.123173999905703
14.670030999695882
13.076721999823349
14.769309000257635
15.02423700003419
14.263841998399585
13.286744000652106
13.995737999721314
13.952014000096824
14.565462999598822
14.302753999800188
14.022630999534158
13.756472000750364
14.003651000166428
13.926028999776463
14.425233001020388
14.072632000534213
14.898863000780693
13.93247799933306
14.286391000496224
14.13670900001307
14.25303799987887
14.77717899979325
13.205096998717636
14.257323000492761
14.35301099991193
14.756971999304369
14.129598999716109
13.65749400065397
13.89461799954006
13.881356999263517
14.605156000470743
13.390318999881856
14.289500999439042
14.1487609998876
12.918172000354389
14.5325209996372
14.722347999850172
13.878166000722558
14.840796000498813
14.16016000075615
14.563892000296619
14.178400999298901
14.131031999568222
13.83626999995613
14.563242999429349
14.39293700059352
14.408093000383815
13.817123999615433
14.350736999404035
13.703945998713607
13.575172999480856
14.070922999962931
14.370973000040976
14.109068000834668
13.758687000517966
15.058037999551743
14.878832000249531
13.681640999493538
15.807185998710338
14.012446001288481
14.927504000297631
14.435064000281272
13.572457999543985
13.341966001462424
14.338475000840845
14.404607998585561
14.297523999630357
13.403046999883372
14.395057998626726
14.015745999131468
13.756047001152183
13.734947999182623
14.110229001744301
14.455700000326033
14.596902999983286
13.982745000248542
14.907523000147194
13.664759999301168
14.189515000907704
14.3025450015557
13.270813000417547
14.263512999605155
13.920919000156573
14.136264000626397
14.652989999376587
14.363271000547684
13.238310999440728
12.967083999683382
13.672585000676918
13.823870000123861
14.117589000306907
14.24584800042794
13.600237998616649
14.681296001072042
14.535291000356665
14.30373800030793
14.184738000039943
13.690734998817788
14.447388000917272
14.182221000737627
14.770649000638514
14.622764001614996
14.051467000172124
14.455819000431802
14.336565000121482
14.070361999984016
13.652819001436
14.405486999748973
13.902371998483432
14.204457000232651
14.109382998867659
14.003615000547143
14.729087999512558
14.396646000022884
14.292694999312516
14.110848000200349
14.334346000396181
13.854831000571721
13.551350999478018
12.312024000493693
14.90304600156378
12.380883999867365
11.95109299987962
13.33109500046703
11.250952000409598
15.133019998756936
14.426166999328416
14.201809999576653
13.917663000029279
13.366896999286837
13.875482000003103
13.455959000566509
13.944344000265119
14.007850999405491
14.459743999395869
14.110198999333079
13.425498000287917
14.218111000445788
13.622028998725
14.213256999937585
14.486898999166442
14.775789000850637
14.078706999498536
13.915088000430842
13.999560000229394
14.244829000745085
13.455342999804998
13.324674999239505
13.63747400137072
14.189170000463491
13.695445999474032
13.545666000936762
14.174514999467647
14.041897000424797
14.31933000094432
13.695066998479888
14.427382999201654
13.655554001161363
14.191872998708277
14.687196000522817
14.016635999723803
14.5926490004058
14.825435000602738
13.9570459996321
13.36893600091571
14.724236998517881
14.112726999883307
14.131399999314453
14.747458000783809
12.471547999666655
14.1633709990856
13.622616999782622
14.310533000752912
14.231531999030267
14.142930000161869
14.489500999843585
14.227217001462122
14.526955999826896
14.521851000608876
14.78217500152823
13.257156999316067
13.185715999497916
15.19302599990624
14.634613999078283
14.48141600121744
13.83461000114039
13.707021000300301
14.34455599883222
15.204764998998144
14.126398998996592
14.462330000242218
13.87006000004476
14.510150998830795
14.058787000976736
13.83438100128842
13.604282999949646
14.515181001115707
14.117669001279864
14.254263000111678
13.432497999019688
14.497825999569613
14.815653999903589
14.275753001129488
13.905841999076074
14.768238999749883
13.937892999820178
14.507215999401524
13.517485000193119
13.36393600104202
13.851425999746425
13.543400998969446
14.653804999397835
13.954878999356879
13.709460999962175
13.823670000419952
13.554475999626447
14.233792999220896
13.290273000166053
14.545926998835057
13.970833999337628
14.508616000966867
13.92319800106634
14.458150000791647
14.45434400011436
14.116423999439576
14.21113200012769
14.41763299953891
13.587878000180353
13.824109999404754
13.040236000961158
14.213562000804814
14.333170000099926
13.602352999441791
13.604677998955594
13.227912000729702
14.634765999289812
13.803169000311755
13.314553998498013
13.961773000119138
14.135510000414797
14.43806399947789
13.634699000249384
14.367885998581187
13.770859000942437
12.772378000590834
13.64538000052562
13.825345000441303
13.501670999175985
14.284693999798037
14.540982001562952
13.517340999896987
14.672374998554005
14.007815998411388
13.753088000157732
9.911090999594308
10.168224000153714
10.778171999845654
12.107377999200253
14.277774000220234
12.73042699904181
10.024373999840464
11.833238999315654
10.607743000946357
11.812528999143979
12.138398999013589
10.913591999269556
12.030275000142865
10.526048999963677
14.177265999023803
10.609476999889011
12.400297000567662
12.038056000164943
12.137308000092162
12.031135000142967
12.131863999456982
13.358239999433863
11.899333001565537
11.853550000523683
13.412057000095956
12.639025000680704
12.888331000795006
13.58658299977833
12.99397900038457
13.823795001371764
12.717811001493828
12.528666000434896
12.933632999192923
12.10431799881917
13.163284998881863
12.574721999044414
12.854940001489013
12.357539999356959
12.386596999931498
13.233002999186283
13.265202000184217
13.72232699941378
12.432022000211873
13.447708999592578
11.971477999395574
12.018384999464615
11.035645000447403
11.88281100075983
12.853669999458361
12.196781000966439
12.55215699893597
11.420462000387488
11.497145000248565
12.447854000129155
12.970193000001018
12.194680999527918
12.111617999835289
12.65599500038661
11.302877999696648
11.647064000499086
13.112847998854704
13.342675998501363
13.088241999867023
11.510393998833024
13.805479999064119
14.015225999173708
14.033302000825643
14.653591000751476
13.932953001130954
13.837869999406394
14.131149000604637
14.228551999622141
13.173651001125108
14.114589999735472
14.404154999283492
14.607907000026898
13.463871000567451
14.881891000186442
14.501830999506637
14.960824999434408
14.396987000509398
14.405998999791336
14.112037999439053
14.369735999935074
14.551582000422059
14.433731001190608
14.17833799860091
14.449670999965747
15.213091999612516
14.492849999442114
15.215524999803165
14.433099999223487
14.247782000893494
14.142068999717594
14.054249000764685
14.126332000159891
14.778348999243462
14.293096999608679
14.229722999516525
13.984724999318132
14.41074800095521
14.865372999338433
14.138968999759527
13.992464999319054
13.817989998642588
14.703835999171133
14.264064999224502
14.568212000085623
14.497823000056087
14.56464200055052
14.111517999481293
13.916277999669546
13.671950000571087
14.75194799968449
14.561951998985023
14.544851999744424
14.430827000978752
14.560563000486582
14.517249999698834
15.257263999956194
14.060337000046275
14.32666400069138
14.141644998744596
13.747663000685861
13.638755999636487
14.742339999429532
14.28367399967101
14.50394099992991
14.540020998538239
14.270703999500256
14.112529001067742
14.482599999610102
14.375647000633762
14.627425998696708
13.862001000234159
14.264874000218697
14.258398001402384
14.761935999558773
14.174441001159721
14.154480000797776
14.627724998717895
14.619293999203364
14.1139879997354
14.61894400017627
13.621484000395867
14.774580999073805
14.488369999526185
14.462670000284561
14.042598999367328
14.630975001637125
14.474559000518639
14.168780999170849
14.024567999513238
14.020856000570348
13.872040999558521
13.84159000008367
14.166721000947291
14.724467999258195
13.828388999172603
15.064507999341004
15.089528000316932
13.980984998852364
14.192651000485057
14.579548998881364
13.334298999325256
13.7514790003479
14.026066000951687
14.24313300049107
13.932055000623222
13.755027999650338
14.08360899949912
14.728368001669878
14.564561999577563
14.370928998687305
13.978771999973105
14.246841999920434
14.820131000305992
14.216014998964965
14.054926999961026
14.07361800011131
14.29641399954562
14.072248000957188
14.330349000374554
14.373210999110597
14.069773000301211
14.582113000869867
14.407567001399002
13.974263998534298
15.036650000183727
13.985857000079704
14.909935000105179
14.42539100025897
14.240393000363838
13.694696999664302
14.22951499989722
14.04970899966429
13.714180000533815
14.257602000725456
12.972523998541874
14.545965999786858
14.206120000380906
14.29859400013811
13.482713000485091
13.954486001239275
14.262392998716678
13.763787999778287
14.277902999310754
14.462618999459664
14.347865999297937
15.04852699872572
14.892316001350991
15.005205999841564
14.29424300113169
14.560053999957745
15.014045999123482
14.829331999862916
14.63569599945913
15.119784000489744
14.398074999917299
14.54446900061157
14.968348001275444
15.379267000753316
15.307625999412267
15.018627000245033
13.545933999921544
14.28572099939629
13.640653998663765
14.227123001546715
13.952045999758411
14.00473499961663
14.619923000282142
14.554421999491751
14.40942699991865
14.379947000634274
14.533580999341211
15.312975001506857
14.868762000332936
15.470950000235462
14.116157999524148
13.688226999875042
14.194590999977663
14.484179999271873
14.60578399928636
14.680496000437415
14.376456001627957
13.4875120002107
13.316423999640392
13.905044999773963
11.843617001431994
14.108670999121387
14.670255000964971
13.975637000839924
14.013246000104118
14.366847000928828
14.902623999660136
14.253654999265564
14.034333999006776
15.100017999429838
14.066536999962409
14.46622900039074
14.69581899982586
14.164548001645016
17.631605000133277
18.16137700006948
19.61645099981979
18.933704999653855
21.25583499946515
18.430694999551633
17.433384999094415
19.225885000196286
20.81240000006801
28.46115399916016
23.502023999753874
27.214990001084516
33.79619600127626
19.432320999840158
15.676457000154187
15.9952379999595
15.217940001093666
13.607016000605654
14.136529000097653
14.136470999801531
14.418865999687114
13.906783999118488
14.547679000315838
15.353726001194445
14.748749999853317
14.92582399987441
14.315643998997984
14.819840998825384
14.68763600132661
14.248454999687965
15.291690000594826
14.851760999590624
15.43248800044239
17.399618998751976
16.21368199994322
15.911133999907179
16.023910999138025
14.486145999399014
14.465008000115631
14.245682999899145
14.299009999376722
14.507025000057183
14.401784999790834
14.998013000877108
14.36069699957443
14.3328569993173
15.206091999061755
13.099196999974083
12.771448000421515
15.137962000153493
14.38117599900579
14.785019000555621
14.437648000239278
13.747897999564884
16.068479000750813
14.831149999736226
14.535602000250947
14.477349999651778
13.52936100010993
14.651285000581993
14.955537999412627
14.684494999528397
14.321275000838796
14.14743500026816
15.145707000556285
13.7634929997148
13.985610001327586
14.021818000401254
13.980265001009684
13.888322000639164
14.193383998645004
14.306965000287164
14.54529399961757
14.48393999999098
13.822422000885126
14.4716819995665
14.668853000330273
12.898401999336784
15.55084500068915
13.825547999658738
14.462629998888588
14.719906999744126
14.252462999138515
14.214360999176279
14.476611999270972
14.140219000182697
13.822920998791233
14.321596998343011
13.518092999220244
14.012417999765603
14.442939000218757
14.233222000257229
14.259933999710483
13.701498000955326
14.073728998482693
14.527080998959718
13.72181599981559
13.937764000729658
14.272864000304253
14.271519001340494
13.643980000779266
14.150799999697483
13.944844000434387
14.135438999801408
14.193531000273651
14.51949100010097
13.81937000041944
14.499392000288935
15.262912998878164
15.047626999148633
14.582932000848814
14.913973000147962
15.800519999174867
14.233706999220885
14.126144000329077
13.98931399853609
14.193872000760166
14.522819999911007
13.966225000331178
14.432288000534754
14.054731998839998
12.487390000387677
15.125464999073301
14.352694999615778
14.305833999969764
14.102267999987816
14.48992299992824
14.250640999307507
13.660725999216083
14.16495000012219
13.287032999869552
13.609113999336842
13.719477001359337
14.322170000014012
14.64312899952347
13.95584799865901
14.24812799996289
14.627219999965746
14.387286999408389
13.653586000145879
13.76372699996864
14.01222100139421
13.616883999929996
14.373990999956732
13.835996000125306
13.899057001253823
14.538802000970463
14.444088999880478
14.473220000581932
14.330584999697749
13.654061000124784
14.447692999965511
14.281664000009187
14.190906998919672
14.688590999867301
13.625383999169571
14.634945999205229
14.429918001042097
14.328376000776188
15.107383000213304
14.061775000300258
14.240101998439059
14.09354300085397
14.301978999355924
14.801220000663307
14.5304119996581
14.944853000997682
13.322895001692814
13.932568001109757
14.489064998997492
13.865307000742177
14.733652000359143
13.867951998690842
14.471283999228035
14.43545400070434
14.135859999441891
14.56230799885816
14.417453001442482
14.024287000211189
13.820895001117606
14.626460000727093
15.029771000627079
14.76975500008848
14.723238000442507
14.5541019992379
13.656934001119225
14.647649000835372
15.252028999384493
13.641460000144434
14.644764998593018
14.903602999766008
15.570872999887797
14.327564000268467
14.817370998571278
13.319749999936903
14.35664199925668
14.611823000450386
15.400608001073124
14.533802001096774
13.968404000479495
14.688577000924852
14.10029399994528
13.284498998473282
13.785353001367184
13.806754001052468
14.811080000072252
13.801139999486622
16.091008999865153
14.891281000018353
14.310474998637801
14.560106999851996
14.952204999644891
14.360475999637856
14.433014001042466
14.297673998953542
14.83816099971591
13.996785000927048
14.258518000133336
13.874446000045282
14.11260399981984
14.4650839993119
12.905482000860502
13.94476399946143
13.950452999779372
14.359511000293423
13.94685900049808
14.717566000399529
15.18579299954581
13.836235000781016
14.385197000592598
14.211496998541406
14.520075999826076
13.439566000670311
13.6243340002693
13.44680799957132
14.307675000964082
13.442697998470976
14.353046000906033
14.659714999652351
14.006064999193768
14.119278001089697
14.167420000376296
13.709897000808269
15.307659999962198
14.154814998619258
14.8261710000952
14.200560000972473
14.342606000354863
14.874316999339499
14.460993999819038
14.243862999137491
14.503730000797077
14.576973000657745
14.649605000158772
14.739628000825178
14.381812999999966
14.67010600026697
15.090192999196006
15.087387999301427
13.228763000370236
14.537150000251131
14.102098999501322
14.01409600111947
13.842362001014408
14.257087999794749
13.994549999551964
14.272983000410022
14.658575000794372
13.677605998964282
13.318563998836908
13.530822001484921
14.111539001532947
14.04456599993864
14.742277999175712
14.38584700008505
13.490929999534274
14.673859999675187
15.517605999775697
14.432848000069498
14.373676998729934
14.627524000388803
14.062659000046551
13.484941999195144
14.004964999912772
13.694756999029778
13.692361999346758
14.453849000346963
14.542646998961573
13.224586999058374
14.504761000353028
14.494291001028614
14.584881999326171
14.357722000568174
14.36657100020966
13.684296000064933
14.521101998980157
14.32601499982411
15.104820999113144
15.756823999254266
14.263718998336117
14.39335699978983
15.702087001045584
15.016556999398745
13.91965800030448
14.502965001156554
14.162786001179484
14.37282099868753
15.403993000290939
14.576547999240574
14.364786999067292
14.376405999428243
14.682166000056895
13.97564000035345
13.629687999127782
13.968035000289092
13.744732001214288
13.703370999792241
14.257737999287201
13.932238000052166
14.381617000253755
13.309329000549042
13.52696600042691
13.793292000627844
14.267402999394108
13.873145999241387
13.881050999771105
14.063737999094883
13.762118000158807
14.190431000315584
13.30302499991376
13.982024000142701
12.073006999344216
14.185805999659351
12.916412999402382
14.399731000594329
13.243721999970148
14.16953999978432
14.453103998675942
14.62739900125598
14.405687999897054
14.586702998713008
13.957179999124492
14.416123000046355
14.910324000084074
14.898407000146108
12.860595999882207
13.680788999408833
13.470624000547105
13.141708999683033
13.916582998717786
14.262332999351202
14.126132000455982
15.470852000362356
13.66135399985069
14.519311000185553
14.527842000461533
13.91029200021876
14.344380999318673
14.42014799977187
14.159823998852517
14.145480001388933
14.418093000131194
13.960039001176483
13.956194999991567
14.221747000192408
14.375701999597368
14.009989999976824
12.965018999238964
14.001654999447055
13.877592000426375
14.051947999178083
14.222043000700069
13.571130999480374
13.908712000556989
13.40291699852969
13.716986999497749
13.735237000219058
14.240873000744614
14.92354299989529
13.752458000453771
13.640279001265299
14.158304999000393
14.83367099899624
14.432907999434974
14.647674999650917
14.052597000045353
14.111309001236805
13.329774999874644
13.982476000819588
14.093718000367517
13.899732000936638
14.094136999119655
13.564791999669978
13.951139999335282
14.628472999902442
13.84646599944972
14.845240000795457
13.619174000268686
13.016849999985425
13.936784000179614
13.64496499991219
14.026080998519319
13.808258998324163
13.945933998911642
14.734156999111292
14.838416000202415
13.434661999781383
14.444803999140277
14.182785998855252
13.836585998433293
14.536835999024333
14.56598199911241
13.704346001759404
13.679775000127847
13.89785299943469
14.353311000377289
13.662125000337255
13.652953999553574
14.173335999657866
13.760037998508778
13.531415999750607
13.330120000318857
14.462608998655924
13.195149998864508
13.807753999572014
14.182824999807053
15.070110001033754
13.97470500160125
14.39814699915587
12.960995998582803
13.291872999616317
12.926073000926408
14.418753000427387
14.209896999091143
13.721159999477095
14.207852000254206
14.071430001422414
13.547021000704262
14.276144000177737
15.301047000320978
14.400807000129134
13.707408999835025
13.197991000197362
14.206111000021338
14.825170001131482
13.96686500083888
14.102928998909192
14.356387000589166
13.871051000023726
14.210822000677581
14.309827998658875
13.82981899951119
14.336455000375281
13.47566999902483
14.64623600077175
14.462238999840338
14.2326220011455
14.575694000086514
13.884701000279165
14.39259800099535
13.272333000713843
14.516301000185194
14.972105000197189
14.304667000033078
14.374383001268143
14.190710999173461
15.432152000357746
14.914253000824829
13.426457999230479
14.187734001097851
14.065047998883529
18.667066000489285
22.73254099964106
22.375900000042748
23.406100999636692
21.132312000190723
24.15291299985256
24.020469998504268
30.33307199984847
25.915526999597205
28.583658999195904
14.317484999992303
13.772002999758115
14.52183800029161
15.043457999126986
13.42031799867982
13.752257998930872
14.544802001182688
13.578652000433067
14.654045000497717
14.42888400015363
13.695921001271927
13.994697999805794
13.206990999606205
14.251212000090163
14.4341989998793
13.864851000107592
13.756910999290994
14.67451499956951
13.742062999881455
14.068901999053196
14.378728999872692
13.71949699932884
13.682273000085843
13.489492999724462
14.34142600010091
15.067668000483536
15.082758000062313
14.345318000778207
14.425198000026285
13.838380999004585
14.503320000585518
13.944435000667
14.215215000149328
14.703713999551837
14.437331999943126
13.737609999225242
14.832791001026635
13.369635998969898
14.4100180004898
14.291726000010385
13.67191300050763
13.247413000499364
14.691938999021659
14.75985900106025
13.980157000332838
13.688285000171163
13.86168200042448
13.67493799989461
15.426838001076248
14.025465001395787
14.881452001645812
14.63435500045307
12.828951999836136
13.64576700143516
14.845900999716832
14.34398799938208
13.819031999446452
15.31627300028049
14.153832000374678
15.023965999716893
14.240983000490814
13.370750999456504
14.088743999309372
13.730057000429952
14.127409000138869
14.623143999415333
13.325497000550968
14.458158999332227
14.162495999698876
13.631339001221932
13.974763998703565
14.547522001521429
14.886343000398483
14.10700800079212
13.91776399941591
13.970653999422211
13.699436000024434
14.726348001204315
13.82720000037807
13.936794000983355
14.197729999068542
14.360069000758813
13.994773999002064
14.476275999186328
12.867408000602154
15.005732999270549
14.47463999829779
14.214892000381951
14.240982000046642
13.81917000071553
13.942113000666723
13.39436700072838
14.66106500083697
13.79221200113534
14.85016100014036
14.566231999197043
13.974675001009018
14.196019999872078
14.578824000636814
14.823830000750604
13.508010999430553
13.723349000429153
15.921553000225686
14.629313998739235
13.721131999773206
14.271048001319286
14.194772000337252
13.57075200030522
14.721647999976994
14.077756999540725
14.262833999964641
14.352105999932974
14.016049999554525
15.777274998981738
15.154528999119066
14.487089998510783
14.239957999961916
13.366676001169253
13.205506000304013
14.242368000850547
13.728202000493184
14.254972998969606
16.006419000405003
13.46114099942497
12.572240999361384
14.185112000632216
14.48166899899661
13.38350699916191
14.177219998600776
14.833150000413298
13.881531998777064
14.261182999689481
14.34372599942435
14.034396001079585
15.375237999251112
14.260363001085352
14.38553700063494
14.526804001434357
14.346455998747842
14.291804998720181
14.48812000126054
14.51740099946619
13.600521999251214
14.019158999872161
14.35374600077921
14.201260999470833
14.161212999169948
14.517370998873957
14.356786999996984
13.216252000347595
14.407180000489461
14.148942000247189
13.071248999040108
13.836779000484967
14.476882000963087
14.156113000353798
13.650062001033803
14.520171000185655
14.275404999352759
14.668724999864935
14.192663000358152
13.29073399938352
14.320074998977361
14.541431999532506
14.013865999004338
14.268474000346032
14.488662000076147
14.127192000159994
14.33765699948708
14.294132000941318
14.365256000019144
14.067728001464275
14.044617000763537
13.737709999986691
14.249015001041698
13.764982999418862
14.308505000371952
13.637484000355471
13.937804000306642
13.99044500067248
14.392375998795615
14.749698000741773
14.015434999237186
15.05207700029132
14.400870000827126
13.562538999394746
14.94855000055395
13.651969999045832
13.922157000706648
13.92424299956474
13.83534900014638
14.09285100089619
14.264232999266824
14.087507999647642
14.257425998948747
13.26490300016303
14.258922999943024
15.112769000552362
14.047886001208099
14.001207999172038
14.22311200076365
14.877074001560686
14.38960700033931
14.279844999691704
14.541591999659431
14.125048999630962
13.35745600044902
14.263032999224379
13.800159000311396
14.498012000331073
14.475153999228496
14.427673999307444
14.456458999120514
14.29718700092053
14.92536600017047
14.801328999965335
14.34192700071435
14.455388998612761
14.162014998873929
13.444844000332523
14.26114400055667
14.029758000106085
13.17092199860781
14.31091799895512
14.58891299989773
13.86806099981186
14.567702999556786
13.416217001577024
14.798989999690093
14.315157000964973
14.020866001374088
14.531594000800396
14.275063000241062
13.847801001247717
14.201922000211198
14.483035000012023
13.914467999711633
14.11033799922734
14.586328001314541
14.677740999104572
5.229767999480828
5.232399000306032
5.60117599889054
5.303834999722312
5.321431999618653
5.677651999576483
5.255885000224225
5.182684999454068
5.132045000209473
5.663173000357347
5.549307999899611
5.398663999585551
5.366196000977652
5.305280999891693
5.36612799987779
5.4002540000510635
5.091603999971994
4.909913999654236
5.376982999223401
5.465045000164537
5.214607999732834
5.668551999406191
5.625355999654857
5.430164999779663
5.404588999226689
5.144438000570517
5.5137670005933614
5.704616000002716
5.80644699948607
4.9760799993237015
5.541828999412246
6.044757999916328
5.643331998726353
5.3991479999240255
5.146542000147747
5.426159999842639
5.5008170002111
5.839217999891844
5.3236539988574805
5.518748001122731
5.756915001256857
5.461806000312208
5.27855100153829
5.217848000029335
5.775764999270905
5.470571999467211
5.392428000050131
5.520747999980813
5.335992998880101
5.358781998438644
5.406256999776815
5.739972000810667
5.532288001631969
5.379903999710223
5.792796000605449
5.872120000276482
6.337347998851328
5.717478999940795
5.340865000107442
5.773515000328189
5.591889999777777
5.587497998931212
5.3591129999404075
6.233510001038667
5.67303199932212
6.127491000370355
4.913045000648708
5.371365999963018
5.303040999933728
5.3311349984142
5.652734000250348
6.5014649990189355
5.399203999331803
5.485155999849667
6.0271649999776855
4.9468140005046735
5.489182000019355
5.5581289998372085
5.8550289995764615
5.195366999032558
5.253751000054763
5.212798998400103
5.456264998429106
5.061093999756849
5.80344599984528
5.0784939994628076
5.153256999619771
5.751875998612377
5.432675001429743
5.415299001469975
5.183511999348411
5.273263001072337
5.315540998708457
5.381203000069945
5.535318001420819
5.866880001121899
5.346771999029443
5.299640999510302
5.546677999518579
5.667871999321505
5.4837759998918045
5.264950001219404
5.366282999602845
5.358423000870971
5.633630999000161
5.475135998494807
5.416643998614745
5.409783998402418
5.469121999340132
5.443650001325295
5.261239999526879
5.136548999871593
4.766366000694688
5.3034219999972265
5.467696999403415
5.094617999930051
4.899149000266334
5.253979999906733
5.401063999670441
5.305736998707289
4.788153000845341
5.280878000121447
5.519088001165073
5.391013000917155
5.84491799963871
5.5066179993445985
5.864438000571681
5.37093300044944
5.259030000161147
5.329572000846383
5.588858999544755
5.509316999450675
5.366743000195129
5.139707000125782
5.4894389995752135
5.549077000978286
5.338621998816961
5.418976001237752
6.06030400012969
5.5174270000861725
6.126616999608814
5.580458999247639
5.717426000046544
5.508387999725528
5.6470870003977325
5.462323000756442
5.7203939995815745
5.663812000420876
5.064466999101569
5.100252999909571
5.275710000205436
5.708802000299329
14.350941999509814
14.034269999683602
14.490270999885979
14.463360001172987
14.12835900009668
13.72191599875805
13.550562000091304
14.192951999575598
13.82157000080042
15.156139999817242
14.561157999196439
13.916256999436882
13.799979999021161
14.506395000353223
13.912857000832446
14.015274999110261
14.312395000160905
14.411748999918927
13.84658999995736
14.373141999385552
14.70701200014446
13.873840998712694
14.12367400007497
13.277056999868364
13.911603000451578
14.842652999504935
14.508811000268906
14.201170000887942
15.126389000215568
14.188270999511587
14.41680800053291
13.984924000396859
14.437417999943136
14.415267998629133
14.549023000654415
14.598452999052824
14.108519000728847
14.560452000296209
15.22596199902182
14.692841999931261
14.645560000644764
14.173126000969205
13.691852000192739
14.72474699949089
14.805650000198511
14.150840999718639
13.552692000303068
14.313325998955406
14.083117001064238
14.483610000752378
13.788758000373491
13.518104999093339
13.555412999266991
14.567526999599067
14.476062999165151
14.93575799941027
13.813964998917072
14.818820000073174
14.483421000477392
15.006557001470355
14.570662000551238
14.99296600013622
14.3794630002958
14.565497000148753
11.376067001037882
14.637623999078642
12.670835001699743
14.755883001271286
14.655668999694171
14.523841000482207
15.6929670010868
14.0699540006608
15.613579000273603
13.993489999847952
14.329630001157057
13.636899000630365
14.170774999001878
14.055857998755528
14.82888999998977
14.787840000280994
13.903257999118068
14.556437001374434
14.74361799955659
14.660437998827547
13.685961001101532
14.5913179985655
14.20640299875231
14.231691999157192
13.874805999876116
14.770633999432903
13.028854998992756
13.476149999405607
13.716018000195618
14.22562699917762
13.803259998894646
14.446183000472956
14.400418000150239
14.148669000860536
14.105979000305524
14.087458999711089
14.747908000572352
14.259782999943127
13.889866999306832
12.715699998807395
14.4725890004338
14.22947300125088
14.600113001506543
14.386108001417597
14.139009999780683
14.283124999565189
14.312404000520473
14.46223999846552
14.69909700062999
19.19613400059461
14.275712999733514
14.118650999080273
13.759059000221896
13.845310000760946
13.421817000562442
15.288444999896456
13.529849999031285
14.064606999454554
14.366416000484605
14.978806000726763
14.52065000012226
13.944084001195733
14.455598000495229
14.623369999753777
14.300684999398072
13.345590999961132
14.656250001280569
14.233648000299581
14.9790049999865
14.23311299913621
14.406877000510576
13.923778000389575
15.34843199988245
14.962034001655411
13.963364999654004
14.495651001197984
14.26340599937248
14.205100998879061
13.815054999213316
14.337109998450615
14.217822999853524
14.33269500012102
14.333525999973062
13.900301999456133
14.15846099916962
13.203255999542307
14.00544100033585
14.042012000572868
13.04328100013663
15.092297999217408
14.363256999786245
13.714806000280078
13.962869999886607
14.576369998394512
13.925806999395718
14.221195999198244
14.586762999897473
13.896776999899885
14.616653999837581
13.975701998788281
13.833099999828846
14.870831999360234
14.931873000023188
14.309275000414345
13.590436999947997
13.729606998822419
14.08238300064113
14.195159999871976
14.297706000434118
14.221011999325128
13.732168999922578
14.860164999845438
13.547856999139185
14.368890999321593
13.61693799844943
14.262712998970528
14.058456999919144
14.495511000859551
13.95009900079458
14.170005999403656
15.060397001434467
14.058636999834562
12.381696000375086
12.620264000361203
14.585132999854977
14.304385000286857
14.078639000217663
14.802370000325027
14.90238699989277
14.777105001485324
14.300193999588373
13.973584998893784
14.391506998435943
13.452593999318196
13.923952999903122
13.555072000599466
13.703102000363288
13.851380001142388
14.463870000327006
14.063483000427368
14.437093999731587
13.442467999993823
13.877837000109139
14.160934999381425
14.025485999809462
14.074987999265431
13.475280000420753
14.579613000023528
14.689495999846258
14.726717001394718
15.202570999463205
14.327716000479995
14.092604000325082
14.123575001576683
14.925133998985984
14.855949999400764
14.068956999835791
14.680575999591383
13.77961999969557
14.233072999559226
13.88920299905294
13.854491000529379
14.280703000622452
14.568452999810688
14.248752000639797
13.766734000455472
13.993948999996064
13.755277999734972
14.222693000192521
14.716571999088046
14.750069000001531
14.272378000896424
13.816939999742317
14.124464001724846
15.08751400069741
13.237518000096316
14.111832999333274
14.09811400117178
13.896377999117249
13.934193000750383
14.76996000019426
12.722995999865816
12.976514999536448
15.046987000459922
13.241503000244847
14.673161000246182
14.387922001333209
14.535483000145177
14.697350999995251
15.009664000899647
14.506098999845563
14.078542999413912
14.616641001339303
13.42795699929411
13.888355000744923
14.053405999220558
13.71471200036467
13.456443999530165
14.712846999827889
14.88067300124385
14.216376999684144
13.781374000245705
14.632514999902924
14.128748998700758
14.66855600119743
14.030645999810076
15.068587999849115
14.222562000213657
14.274593000664026
14.54454499980784
14.278094000474084
15.008854999905452
14.564762999725644
14.268445998823154
14.222571999198408
14.512312000078964
13.269842000227072
14.788380000027246
14.25502299935033
14.294917000370333
14.781638999920688
13.750087000516942
13.07767700018303
13.962224000351853
13.272862999656354
14.069578000999172
14.639429999078857
14.049592000446864
14.266514001064934
14.088510000874521
13.989244000185863
14.099998999881791
15.332535000197822
14.267373999246047
14.236622999305837
14.20871199843532
13.649944999997388
15.2506149988767
14.261211999837542
15.091379000296001
14.110768999671564
13.981328000227222
13.550900999689475
14.300965000074939
14.938336000341224
15.481143000215525
13.434434000373585
14.302555000540451
14.542914999765344
14.762958000574145
14.29192900104681
14.495956000246224
14.189792998877238
14.769828998396406
14.456258000791422
14.411918000405421
14.033157998710521
14.926881000064895
15.054736000820412
13.945095000963192
13.95948399840563
14.593714000511682
14.301884000815335
15.19426199956797
14.356906000102754
14.38950200099498
14.778665999983787
14.394796999113169
14.177310999002657
14.935216000594664
14.416939999136957
13.911254000049667
14.977147000536206
14.064437000342878
12.787850000677281
14.802327999859699
14.647496000179672
15.002545000243117
13.82292000016605
15.16051399994467
14.591409999411553
15.011015999334631
13.968853998449049
14.237252999009797
14.7057770009269
14.0348749991972
13.970965001135482
14.272683998569846
14.357296000525821
13.959914998849854
13.507710000340012
13.872305000404594
14.213933998689754
14.19080099913117
14.870863000396639
14.504088001558557
13.641313998959959
14.331255999422865
14.071106999836047
14.900973001203965
9.945282001353917
12.91211299940187
9.60347199907119
13.344875000257161
11.403456999687478
14.91955399978906
13.952414001323632
13.771879001069465
14.058700000532554
13.542896000217297
13.735902000917122
14.173984998706146
13.947329998700297
14.802358999077114
14.088448999245884
14.77322800019465
14.450771001065732
13.782447998892167
14.404838000700693
14.539326000885922
14.663290001408313
13.631014999191393
14.30131399865786
14.216582001608913
14.626605001467397
14.09540900021966
14.079046999540878
13.786599000013666
14.47213999927044
13.883731000532862
13.710917000935297
14.156769000692293
14.742329000000609
14.721886998813716
13.65949799946975
14.432910000323318
13.766788000793895
14.711439000166138
14.345946001412813
14.961244000005536
15.049757001179387
14.868111999021494
13.918471000579302
14.803719999690657
14.909513000020524
14.731486999153276
13.84190499993565
13.978872999359737
13.460646001476562
14.109939998888876
13.585582000814611
14.755617999981041
13.509740001609316
14.293754000391345
13.898012000936433
14.060087998586823
14.236372999221203
13.837480999427498
14.220303000911372
13.912812000853592
13.94717400035006
14.34040499952971
14.464742000200204
14.096406999669853
14.56254200093099
14.039949001016794
14.672355999209685
14.52975400025025
14.440209000895265
13.964085001134663
14.22748299955856
12.824089000787353
10.959973000353784
9.720234998894739
10.433927998747095
11.568990999876405
12.952622999364394
14.198412000041571
14.056107000214979
14.584781998564722
13.953073999800836
13.683475001016632
14.183950999722583
14.173440000377013
13.900384999942617
14.07912900140218
14.01110500046343
13.861981000445667
13.183961000322597
13.413997001407552
13.981274998513982
14.233063000574475
13.627063999592792
14.485699999568169
14.179960999172181
14.834211000561481
14.14950999969733
14.091839000684558
14.146760000585346
13.153672000044025
14.213761000064551
14.123439001195948
13.2934680004837
14.892027000314556
14.049286999579635
14.469708999968134
14.686395999888191
14.191431999279303
14.659104999736883
10.826018999068765
13.84565999978804
11.405547000322258
12.321075000727433
13.258162998681655
10.5718020004133
11.25901200066437
9.624251999412081
10.435988000608631
10.422186000141664
15.288745000361814
13.520780999897397
10.342875999413081
13.741546999881393
12.567221998324385
10.477863001142396
12.372051000056672
15.332166000007419
13.299074000315159
13.922427999204956
15.248894000251312
13.880886999686481
14.438090000112425
13.487768999766558
14.247357999920496
14.124444998742547
13.546412001232966
13.965444000859861
13.323024999408517
13.118458999088034
12.544921000881004
13.279803999466822
11.65661300001375
12.348956001005718
11.062985999160446
10.367924000092898
11.540866998984711
13.327934999324498
11.836278999908245
10.022094000305515
11.443147999671055
11.151279000841896
16.592894000496017
10.579902000245056
13.083487001495087
10.642564000590937
12.414907998390845
15.636234998964937
11.328844000672689
13.836310001352103
14.443849000599585
13.585482000053162
13.777408999885665
11.167330001626397
14.594333000786719
12.182479998955387
13.755567000771407
10.442596998473164
10.985133998474339
13.792300000204705
13.175539999792818
14.159870001094532
11.08681599907868
10.559351001575124
12.34630399994785
8.881570000085048
13.166569999157218
10.431246000734973
12.325055000474094
13.999335998960305
11.462706999736838
12.41581700014649
10.030764000475756
12.510409998867544
10.634613001457183
11.580422000406543
11.20188999993843
12.896301999717252
9.8089479997725
13.76985800015973
13.711136998608708
13.267383001220878
14.309647000118275
13.76777800032869
14.892021999912686
13.366516001042328
13.707165999221615
13.369980000788928
13.68311599981098
13.791868999760482
13.951344999441062
14.137628000753466
14.150261999020586
14.327605000289623
14.182140001139487
12.948533998496714
14.190990999850328
14.41721800074447
13.386766999246902
13.969276998977875
13.927023999713128
14.50022000062745
14.606294000259368
14.684406998640043
14.134281998849474
14.159600999846589
13.946282999313553
14.324204999866197
14.01702600014687
13.846521000232315
14.07873800053494
14.08959699983825
14.576874000340467
13.763408998784143
14.853250999294687
14.0926700005366
13.666105000083917
14.346871001180261
14.623708999351948
14.123019000180648
13.8280199989822
13.925782999649527
14.834445999440504
11.808743000074173
13.557460999436444
15.035361999252927
14.310565000414499
13.448605001030955
13.628999000502517
13.618923998365062
12.579672000356368
10.73184600136301
12.968534998435644
14.824928999587428
12.183051001557033
13.952104000054533
10.282661000019289
13.051636999080074
9.910750999551965
11.634224001682014
10.214980000455398
11.735004998627119
10.109026999998605
11.151339000207372
12.464899000406149
11.760556999433902
9.833491001700168
11.80398399992555
13.045380999756162
11.776917999668512
11.416507000831189
12.166989999968791
12.57800299936207
12.09848799953761
12.98030399993877
10.727925999162835
13.019955998970545
12.10599299884052
11.471971998616937
12.940283999341773
12.374146001093322
11.527594999279245
12.872446000983473
12.247247999766842
12.583216999701108
10.979958999087103
11.445911999544478
13.258823000796838
13.271263998831273
12.616934000106994
12.185511001007399
12.633853999432176
12.43990699913411
12.227901999722235
12.562927000544732
12.777762000041548
11.459592999017332
11.573095998755889
11.214410998945823
13.439058000585646
13.95721299923025
14.419752998946933
10.232306000034441
11.928603000342264
11.322943000777741
12.9302679997636
15.038483001262648
14.647485000750748
14.50467100039532
13.85879100052989
14.654669999799808
14.231387000108953
14.049166999029694
14.840365998679772
15.706961999967461
12.605832998815458
14.137241001662915
14.464407000559731
14.540411000780296
13.303084000654053
15.515366001636721
13.878855001166812
15.37876799920923
15.030197000669432
14.157689000057871
14.476780999757466
14.342316000693245
14.057377999051823
14.10762799969234
13.982504000523477
13.060727000265615
14.35237099940423
13.761643000179902
14.051046999156824
14.254833000450162
14.420337000046857
14.499916000204394
14.714410999658867
14.3015949997789
13.100162999762688
13.508755999282585
13.988775001053
13.746733000516542
12.65952499852574
14.535366000927752
14.17881999987003
13.682786000572378
13.590288001068984
12.705459999779123
14.077689000259852
14.112128999840934
14.021569999385974
13.938363999841386
14.252367998778936
13.701756999580539
14.147379999485565
14.8593220001203
14.395947000593878
13.773099000900402
15.333355999246123
14.39168199976848
14.704272000017227
15.644344999600435
14.421857998968335
13.690751000467571
14.862926000205334
15.652109999791719
13.176565000321716
14.958843999920646
14.026916000148049
14.394691999768838
12.83289499951934
14.913908999005798
13.906377000239445
14.882932000546134
15.246065000610542
15.839739000512054
15.292799998860573
14.57120699888037
14.944934000595822
14.411508000193862
14.465479000136838
15.736920999188442
15.003553999122232
15.859506998822326
15.044407000459614
14.462118000665214
15.291384999727597
14.744488000360434
14.82138999926974
15.437497000675648
15.021255998362903
14.765410000109114
14.530899999954272
13.838941000358318
15.03300200056401
13.703131000511348
15.429584000230534
13.588588000857271
14.239833000829094
14.761118000023998
15.124565999940387
14.82663800015871
14.598931998989428
14.486404999843217
14.527806000842247
14.497350999590708
11.526446000061696
12.362069999653613
14.114739999058656
15.070133000335773
14.615459000197006
16.251990000455407
14.228981999622192
15.976951000993722
14.673726000182796
14.634424000178115
15.398072999232681
15.227410000079544
14.079907999985153
15.107656001418945
15.2896449999389
15.744432999781566
13.93352800005232
13.789118000204326
12.067358000422246
12.755729998389143
14.079918000788894
13.063897000392899
14.590042999770958
11.511290000271401
13.666333999935887
11.56859199909377
14.45295500161592
13.581002000137232
15.134205001231749
14.643993999925442
14.859811999485828
15.365266001026612
13.662710000062361
14.427223000893719
14.286974999777158
14.752877999853808
13.83144600004016
14.548909999575699
13.959703999717021
14.204722001522896
13.252411999928881
13.595943000836996
14.338056000269717
13.669743999344064
13.443259000268881
14.109978999840678
13.397115999396192
14.603228999476414
14.75382299940975
13.172259999919333
13.445894001051784
12.8449809999438
14.303768999525346
14.055546998861246
14.887882000039099
14.43285799905425
13.747818000410916
14.926538000509026
13.453023999318248
14.593992000300204
14.791338999202708
15.172130999417277
14.969674999520066
14.444589000049746
13.678666000487283
14.869046999592683
13.139923999915482
13.853501000994584
13.729676000366453
13.92694400055916
15.066742998897098
14.594468999348464
13.67822099928162
14.561108000634704
15.147410000281525
14.638570000897744
14.755627998965792
14.273224000135087
14.818390000073123
14.808915000685374
14.734942000359297
14.195656000083545
14.841551001154585
15.308825000829529
14.47613399977854
13.9324880001368
13.9804059999733
14.420416999200825
14.630478000981384
14.323655999760376
14.091078001001733
15.516092000325443
14.681484999528038
13.80376799897931
14.408228000320378
14.653680000265012
13.43291400007729
14.67733000026783
14.577098001609556
13.41460699950403
14.301335000709514
13.886912000089069
14.36834600099246
14.75121799921908
14.01183500092884
14.218231999620912
14.956544999222388
13.705895999009954
14.033176999873831
14.159790000121575
14.083302001381526
13.323779001439107
14.64457499969285
15.394608999486081
13.882745999580948
13.79801400071301
14.131720001387293
14.784579001570819
14.956066999729956
15.438696000273922
14.613512999858358
14.059537001230638
14.323404000606388
14.330300999063184
14.291878000221914
16.29468100145459
15.124895000553806
15.08666900008393
14.47673999973631
15.460204998817062
14.503917998808902
14.698826000312692
13.795200000458863
14.116798998657032
15.257922999808216
14.022301000295556
13.878046000172617
13.819555000736727
14.636103998782346
14.104413001405192
14.558302000295953
14.449254000282963
13.800128999719163
14.220701999875018
14.135168999928283
15.304470000046422
14.958623998609255
14.918663000571541
14.532566001435043
13.688135999473161
14.44246299979568
14.785530000153813
15.538518000539625
13.245297999674222
13.041735999649973
12.572671999805607
13.189170998884947
11.760256998968543
13.05150599910121
10.527688998990925
10.911690998909762
10.810538999066921
11.042075999284862
12.249811999936355
9.875558998828637
13.206991001425195
11.796773000241956
11.148618001243449
12.098182000045199
11.767486999815446
10.488317999261199
12.86646100015787
12.930742999742506
15.12578900110384
14.613459999964107
10.485365999556961
13.773568000033265
12.687615999311674
11.354660999131738
10.588957000436494
12.93423300012364
12.27643299898773
12.961893999090535
11.514809999425779
11.435868000262417
11.617754000326386
11.10074799908034
12.136463999922853
11.429587999373325
11.103007000201615
12.973978999070823
12.798144000043976
10.966638999889256
12.170250000053784
10.91654700030631
11.509790001582587
11.682495000059134
13.850360999640543
14.575898001567111
16.096891999040963
14.910519999830285
15.989168001397047
15.361664000010933
14.871501000015996
15.147991000048933
15.47373100038385
15.44893900063471
14.375785998709034
12.792623998393537
9.991283000999829
10.71401100125513
9.924325999236316
12.32594000066456
11.88062599976547
13.410356999884243
12.699991999397753
16.17449100012891
13.883362000342458
15.697605998866493
13.15116899968416
15.347557000495726
14.631170000939164
14.878887001032126
13.745541999014677
19.47660400037421
17.814228998759063
20.9827779999614
18.136190999939572
24.791711999569088
20.219693999024457
16.777513999841176
14.346259000376449
14.607934001105605
14.48101999994833
14.431929999773274
13.265261999549693
13.89569200000551
13.45783899887465
14.587312000003294
14.423759001147118
14.23613299994031
15.191892000075313
14.49008600138768
14.622828999563353
14.067598000110593
14.547515000231215
15.6826420006837
15.152025000134017
14.913361999788322
14.549641999110463
14.025578999280697
14.428767999561387
14.676355998744839
14.251242000682396
14.207381000233
15.636424999684095
14.825725000264356
14.248847999624559
14.76111899864918
14.53574700099125
14.118634000624297
14.46132899945951
13.88134500120941
14.713836999362684
14.986624999437481
14.59963399975095
13.874440999643411
14.51699100107362
14.70054700075707
10.282490999088623
12.700355999186286
11.181497999132262
13.79635299963411
14.646658000856405
13.975652000226546
13.834703000611626
14.251321999836364
14.852349000648246
15.189100999123184
14.049251998585532
14.762808999876142
15.325329999541282
15.463240000826772
14.796749001106946
15.04894699974102
15.09268100016925
15.08441700025287
14.560953999534831
13.488698999935878
14.337836000777315
14.823741001237067
14.34472799883224
14.167729999826406
12.443198000255506
14.665614999103127
12.918002999867895
11.582522000026074
12.405347000822076
13.499410999429529
13.351974999750382
14.079247001063777
10.936733000562526
11.940078000407084
11.534706000020378
12.777423000443378
10.839055001270026
11.498510000819806
11.064116000852664
14.15600399923278
13.800443999571144
14.53886199851695
14.570192999599385
14.06559699898935
14.395707999938168
14.582735000658431
15.046829999846523
14.491932999590063
14.446253999267356
14.293829999587615
13.626550000481075
14.254524998250417
14.203168999301852
14.247776000047452
13.984486999106593
14.288549000411876
14.685568999993848
14.84612399872276
14.729862999956822
14.143439999315888
13.959576001070673
13.989851000587805
14.945188999263337
14.754881000044406
15.47294800002419
14.493673999822931
14.786824000111665
15.10346400027629
13.877330999093829
10.453642998982104
10.972213000059128
11.449746998550836
15.616945000147098
20.42610599892214
14.37719199930143
14.413307999348035
13.215077000495512
11.948428000323474
11.982309999439167
13.165923999622464
11.408447000576416
11.962431999563705
12.86177099973429
13.203851000071154
12.0447579993197
15.712936999989324
14.314265001303283
11.896951000380795
13.251463000415242
13.279022999995505
11.226081000131671
13.311934999364894
10.30642300065665
14.565253000910161
14.328971001305035
14.326925000204938
13.41975499963155
14.6755599998869
13.733263000176521
13.785718998406082
15.092329000253812
14.399780000530882
14.77869600057602
14.50934199965559
14.295008000772214
14.756294000108028
14.058491000469076
14.690044001326896
15.102057999683893
15.022535999378306
15.227043000777485
14.382277000549948
13.490139999703388
12.289702999623842
12.388109000312397
11.37776500036125
11.05081599962432
12.414278000505874
10.117147001437843
11.47573799971724
10.5264800004079
12.40090200008126
11.154714000440435
12.315973999648122
10.531950001677615
12.473718999899575
11.055664999730652
11.49282900041726
14.536111000779783
13.317644001290319
12.993824999284698
14.452224000706337
8.69873899864615
13.146753000910394
13.060774999757996
10.738580998804537
11.06723000157217
14.041399001143873
14.534572001139168
13.612698001452372
13.515646000087145
15.005934999862802
14.789361001021462
13.90567299858958
14.336619999085087
13.802560000840458
12.826148999010911
14.346556001328281
14.822481000010157
14.871170000333223
14.53657199999725
14.445473998421221
14.083457999731763
13.465177000398398
14.151952000247547
14.078870000957977
13.298439000209328
14.128874001471559
14.55900200016913
14.546546999554266
13.105313000778551
13.931064999269438
14.715026998601388
14.49563500136719
14.208397000402329
14.391966999028227
14.958724999814876
15.020226999695296
5.848958000569837
5.325512000126764
5.462586999783525
5.359241999030928
5.535318001420819
5.341487001714995
5.522063000171329
4.985870999007602
5.253950001133489
5.34351199894445
5.25529999868013
5.508987998837256
5.318150999300997
5.377124000006006
5.555028001253959
5.140226001458359
4.969902000084403
5.218599000727409
5.693683000572491
5.17047599896614
5.117415999848163
5.284890999973868
5.192529999476392
5.144852999364957
5.350481998902978
5.271770000035758
5.480017000081716
5.557339000006323
5.252429999018204
5.4199679998419015
6.188225999721908
5.285060999085545
5.19851699937135
5.629700999634224
5.203127999266144
6.017642999722739
5.366018000131589
5.338236000170582
5.212047999521019
5.681213000571006
6.2938610008131946
5.471466000017244
5.995831999825896
5.696403000911232
5.356742000003578
5.7048529997700825
5.768856000941014
6.068265000067186
5.708497999876272
3.754528999706963
6.330872000035015
6.938891001482261
6.623466000746703
6.631857000684249
7.0243029986158945
6.8773089988098945
7.0162729989533545
6.845341998996446
6.706439000481623
6.762259999959497
6.752188999598729
6.851948999610613
7.621250000738655
6.993686998612247
6.792751999455504
6.779126000765245
7.3700049997569295
6.898178999108495
6.982181999774184
6.9001090014353395
6.898679999721935
6.918989998666802
7.010473000264028
7.105696000508033
6.82643999971333
7.187398001406109
6.776725998861366
6.979101999604609
6.7451349987095455
6.56599899957655
6.835856998804957
6.930170000487124
7.024742999419686
6.873579000966856
6.810946000769036
6.6871729995909845
6.985431999055436
6.807126999774482
7.002403001024504
6.823178000558983
6.944182001461741
6.905838999955449
7.013503000052879
7.302887001060299
6.950005999897257
6.73591000122542
6.586445000721142
6.638061999183265
6.830796999565791
7.237320000058389
6.924821000211523
6.827777999205864
6.927971999175497
6.943300999409985
6.8289170012576506
7.1411869994335575
6.924401001015212
6.960340000659926
7.092215999364271
6.801166000514058
6.893063000461552
7.301522000489058
7.255430000441265
6.8969289986853255
6.845027000963455
6.878199999846402
6.776225998692098
6.8008760008524405
7.216739000796224
7.1055549997254275
6.850988000223879
6.913619999977527
7.128977000320447
6.9290909996198025
6.953230998988147
6.8548080016626045
7.288782000614447
6.595992999791633
6.829070000094362
7.040816999506205
6.780386000173166
6.991132000621292
6.704113000523648
6.695186999422731
7.168537998950342
7.076926000081585
6.951172999833943
7.030290998955024
6.884898999487632
7.060615000227699
6.76521499917726
6.779248999009724
6.763976000002003
7.086454999807756
6.74618700031715
6.8889199992554495
6.8608579986175755
6.885008999233833
7.033803000012995
6.802936000894988
6.490466999821365
6.792617001337931
7.222938998893369
7.1067949993448565
6.793606000428554
7.034184000076493
6.884768999952939
6.9239809999999125
6.949310998606961
7.005763000051957
6.735767999998643
6.753314999514259
6.654381999396719
7.093516000168165
6.7748759993264684
6.865897999887238
6.9602809999196324
7.045344000289333
6.500023000626243
6.820212000093306
7.11275600042427
6.768764998923871
6.791976000386057
6.852677999631851
7.068917000651709
7.007547999819508
7.073565999235143
6.816270000854274
6.76170799852116
6.4826970010472
6.974361000175122
6.739074999131844
7.997253000212368
6.967732999328291
6.858728000224801
6.950080998649355
6.568429000253673
6.999883000389673
6.870350000099279
6.853647999378154
6.921800000782241
6.87874800132704
7.102075998773216
7.013023001491092
6.903269999384065
6.916870001077768
6.988027998886537
7.041388000288862
7.276070000443724
7.558515000710031
6.900784999743337
7.214440000097966
7.149746999857598
7.346492999204202
7.118846999219386
10.243911001452943
11.251490999711677
12.726466999083641
11.923355001272284
12.661834000027739
11.04655499875662
10.714105001170537
10.850689999642782
10.523713999646134
14.071880001210957
12.367316001473228
11.196380000910722
12.711698000202887
13.733047999267
7.666075998713495
5.592909999904805
5.201617999773589
6.00097300048219
6.151686999146477
6.230598000911414
4.944280000927392
5.348803000742919
5.435925000710995
5.305995999151492
5.564334998780396
5.352491998564801
5.460185999254463
5.217887999606319
5.354162000003271
5.536218000997906
5.331031999958213
5.124275001435308
5.292830999678699
5.766270000094664
6.1445820010703756
5.003142001442029
5.416144998889649
5.298640000546584
6.526688001031289
6.672975001492887
7.267910999871674
6.971550999878673
7.179977999840048
7.112246999895433
7.450351000443334
6.992467999225482
7.11997500002326
7.428946000800352
7.750105998638901
6.901220000145258
7.254541000293102
7.039973999781068
7.134495999707724
6.900588999997126
7.019413000307395
6.992783000896452
6.8585280005208915
7.058004999635159
7.364302999121719
6.882069999846863
7.163487000070745
7.232169000417343
7.1721679996699095
7.170008000684902
8.069534998867312
7.622471999638947
7.1605769990128465
7.0279940009640995
7.038514000669238
6.851177999124047
7.2135190002882155
6.795986000724952
6.934670998816728
6.6748129993357
7.2286910017282935
7.2340500009886455
7.201177999377251
7.314132000828977
6.991872000071453
7.391854000161402
7.502616999772727
6.978752000577515
7.110866001312388
7.402614999591606
7.065785001032054
7.3993849982798565
7.025242999588954
7.055430000036722
6.61279599989939
7.08242499968037
7.273450999491615
6.906439999511349
6.9972820001567015
6.826966999142314
7.330082000407856
6.8505780000123195
7.341611999436282
7.003333001193823
7.0152240004972555
7.154367000111961
7.401334998576203
7.005473000390339
6.785886000216124
6.753527999535436
6.884959000672097
6.845517998954165
7.006534999163705
7.265160000315518
7.092485000612214
7.088496000505984
7.100276001438033
7.361903999481001
7.008521999523509
7.00997300009476
7.0503229999303585
7.200359999842476
7.084234999638284
6.972572999075055
6.7421969997667475
6.723006999891368
6.949782000447158
6.973882000238518
7.228909998957533
7.243093001306988
7.300939001652296
7.203039000160061
6.874827999126865
7.2084090006683255
7.427176000419422
7.513118000133545
5.179076999411336
5.481805999806966
5.603510000582901
5.316570999639225
5.243812000117032
5.580940000072587
4.892409000603948
5.572391999521642
5.335781999747269
5.246488999546273
5.050673000368988
5.341412999769091
5.286199999318342
5.4980570002953755
5.429355000160285
4.752774000735371
5.229999000221142
4.897118000371847
5.423714999778895
5.257409000478219
5.200749001232907
5.557239001063863
5.201867999858223
5.398024000896839
5.568299000515253
5.232127999988734
5.434685001091566
5.704545999833499
5.071296000096481
5.253400000583497
5.169477000890765
5.122856000525644
5.558119000852457
5.208227999901283
5.130694999024854
5.199958000957849
5.347231999621727
5.2743090000149095
5.4837970001244685
5.3499229998124065
5.811666000226978
5.531599999812897
5.303911000737571
5.918144999668584
5.337386999599403
5.776966001576511
5.391452999901958
5.843787999765482
6.789105998905143
6.808067000747542
6.622696000704309
6.86963500083948
7.052064000163227
7.429736000631237
6.736483999702614
7.2275689999514725
7.196497999757412
7.047164001050987
7.018272999630426
7.333252999160322
7.15623700125434
7.00569299988274
7.078913999066572
5.193676999624586
5.389776999436435
5.290127999614924
5.033815999922808
5.255979000139632
5.823530000270694
5.21085600121296
4.891368000244256
5.5801700000301935
4.941498998960014
5.428975999166141
5.417623999164789
5.559158000323805
5.480996000187588
5.494426999575808
5.505257000550046
5.372027999328566
5.711009000151535
5.663781999828643
5.528268000489334
5.299840000589029
5.280625999148469
5.360458000723156
5.421374999059481
5.1262159995530965
5.140505998497247
5.309214000590146
5.73677200009115
5.201837000640808
5.629020999549539
5.273819999274565
5.6456219990650425
5.7211939983972115
5.440054999780841
5.28741099878971
5.272399999739719
5.633041999317356
5.056903999502538
5.100564998429036
5.603911000434891
6.54895099978603
5.459676000100444
5.429874998299056
5.284191000100691
5.235137999989092
5.077395000625984
4.992066000340856
5.1523149995773565
5.392443999880925
5.5895890000101645
5.314420999638969
5.7922260002669645
5.222208001214312
5.394493999119732
5.3911439990770305
5.616590999125037
5.174817000806797
5.375442999138613
5.390754000472953
5.156547000296996
5.580368999289931
5.331581000064034
5.5966809995879885
5.509378999704495
5.771074998847325
5.360563000067486
5.415414001618046
5.106075001094723
6.432176000089385
5.556399000852252
5.063344000518555
5.338332000974333
5.509729000550578
5.334502999176038
5.414962999566342
5.627300999549334
5.589985001279274
5.704367998987436
6.07790499998373
5.756905000453116
5.9272810012771515
5.702693000785075
5.199738001465448
5.269969999062596
5.285211000227719
6.446276000133366
5.26856000033149
5.130956000357401
5.251598999166163
5.470516000059433
5.225169001278118
5.393064000600134
5.402995000622468
5.490495999765699
5.344412000340526
5.205617999308743
5.200577999858069
5.656432000250788
5.297300998790888
5.569469001784455
5.55138799973065
5.387874000007287
5.64101199961442
5.646421999699669
6.1331070010055555
5.055063000327209
5.425384999398375
5.857758998899953
5.3484729996853275
6.103604999225354
5.507247999048559
6.425244999263668
7.016053999905125
7.160037999710767
7.186548000390758
7.133066001188126
6.929119999767863
7.212948999949731
7.2232799993798835
7.7600749991688645
7.079785998939769
6.82723700083443
6.8786800002271775
7.005682000453817
7.266599999638856
6.893288998981006
7.019224000032409
6.956912000532611
7.199739000498084
7.179357000495656
7.321412000237615
7.029374999547144
7.273428000189597
7.197700000688201
7.0385239996539894
7.244950000313111
7.325612001295667
7.089505999829271
7.249539999975241
6.975731999773416
7.063854000080028
6.909859999723267
7.0800980010972125
6.925480000063544
6.6579319991433294
7.170537001002231
7.170157001382904
6.955381000807392
7.0689460007997695
7.131645999834291
7.293591999768978
6.967721999899368
7.074088000081247
7.449377000739332
7.254180998643278
7.361414000115474
6.679715999780456
6.872236999697634
7.141550000596908
6.959571001061704
6.90469899927848
6.803599000704708
7.036713001070893
7.214672001282452
7.240065000587492
7.163153000874445
7.89364999945974
6.949399999939487
7.16653800009226
6.923760000063339
7.175077998908819
7.611011998960748
7.112395000149263
7.317741999941063
6.995002000621753
6.80776999979571
6.715945000905776
6.976231999942684
6.601480999961495
7.184808000602061
7.21888900079648
6.87611900139018
6.874800001241965
7.086453999363584
7.062975000735605
7.127426999431918
7.136537000405951
7.349643001361983
7.003852999332594
7.569130000774749
7.103655001628795
7.176327999331988
6.817567998950835
6.82697000047483
6.450666000091587
6.7886969991377555
7.079175000399118
6.960691000131192
7.455536000634311
7.314524998946581
7.4329159997432726
7.08336500065343
7.133727000109502
7.590008999613929
7.42800499938312
7.588000000396278
7.191017999502947
7.169610998971621
6.1871380003140075
6.816717999754474
7.2251290002895985
7.06742399961513
6.458985999415745
6.493057000625413
5.415384999650996
5.532237000807072
5.128385999341845
4.759841000122833
4.608174998793402
5.4206949989747955
5.407807000665343
5.232867000813712
5.460166999910143
5.618270999548258
5.0621740010683425
5.719463999412255
5.851456999153015
5.538049001188483
5.2156309993733885
5.9328300012566615
5.370214999857126
5.926216999796452
5.606972999885329
5.578837000939529
5.4579059997195145
5.957052000667318
5.157575998964603
5.406264999692212
5.205518000366283
5.234649001067737
5.135635999977239
5.184338000617572
5.2416700000321725
5.340040999726625
5.877679001059732
6.043282999598887
5.933164999078144
5.3181760013103485
6.078835000153049
5.487115999130765
5.46223599849327
6.1727279990009265
5.963531000816147
5.719123999369913
6.391034999978729
5.715839000913547
5.971975999273127
5.681014999936451
5.911541000386933
4.963040000802721
5.861588000698248
6.072214999221615
5.644842000037897
5.9375210003054235
6.183638000948122
5.8476680005696835
6.0581249999813735
5.863688000317779
4.984851999324746
5.424343999038683
5.415113999333698
5.361363000702113
5.485956000484293
5.393064000600134
5.103347000840586
5.187007000131416
5.4311350013449555
6.006522999086883
5.3600829996867105
5.746685001213336
5.447575000289362
5.542537999644992
5.747285000325064
5.214278999119415
5.351914000129909
5.604990999927395
5.172507000679616
5.533438001293689
5.640102001052583
4.991661999156349
5.5971399997361
5.962041001112084
6.773504999728175
7.235000000946457
7.325193000724539
6.951260998903308
7.420526000714744
7.720097999481368
7.6783410004281905
7.891245000791969
7.773810999424313
6.388908999724663
5.307041999913054
5.5106580002757255
5.09498000064923
6.458961999669555
6.783880000511999
7.7332469991233665
7.204638999610324
7.184911000877037
7.133360999432625
7.200358000773122
7.039556001473102
7.6155809983902145
7.659717999558779
7.217307000246365
7.324789001359022
7.404046000374365
7.922099999632337
7.804566999766394
7.13362600072287
7.220219000373618
7.35148300009314
7.146736999857239
7.096965999153326
6.933800999831874
7.068836001053569
6.792494999899645
6.638744998781476
6.677429999399465
6.978935000006459
7.022052999673178
7.072796999636921
7.33595300152956
7.200107998869498
7.056354999804171
7.370179000645294
7.126250999135664
7.007583000813611
7.138029000998358
7.072221998896566
7.050062999041984
6.939410000995849
6.752025999958278
7.083125999997719
6.91189899953315
7.5541300011536805
6.714753999403911
7.501758000216796
7.022113000857644
7.418915000016568
7.558708999567898
7.197459000963136
7.610591999764438
7.272664000993245
7.322430999920471
7.529929000156699
7.914502999483375
5.248367000604048
5.773378001322271
6.505587998617557
6.528341000375804
6.180665001011221
5.695922998711467
6.828719999248278
6.217633999767713
6.638622000536998
5.951184999503312
5.394324000008055
5.675831998814829
5.701043000954087
6.135786999948323
5.727957999624778
6.732619000104023
5.164098000022932
5.395273999965866
5.266829999527545
5.089485001008143
5.686434999006451
5.165366999790422
5.566219999309396
5.2381790010258555
5.369893000533921
5.258060000414844
4.975380999894696
5.6959129997267155
4.94226999944658
5.4024649998609675
5.468575000122655
5.3191320002952125
5.43044499863754
6.280080999204074
6.848747998446925
7.637671998963924
7.268281000506249
7.04176399995049
7.3582239983807085
6.767508000848466
6.736744999216171
7.008823999058222
7.3076410008070525
6.820816999606905
6.899281999722007
6.9558720006170915
7.399024998449022
7.368353999481769
7.3438839990558336
7.509077999202418
7.05052400007844
7.089325999913854
7.002378000834142
6.925345000126981
7.26111000039964
7.170849999965867
6.927870001163683
6.8677780000143684
6.829977999586845
6.925403000423103
6.6593570008990355
7.093680000252789
6.997163000050932
7.1834890004538465
7.266733000506065
7.295372000953648
7.2699909997027135
7.334522999371984
7.439416000124766
7.358994000242092
7.379292999758036
7.031515999187832
6.966603999899235
6.833072000517859
7.3392129997955635
7.181633998698089
7.321452001633588
7.298773000002257
7.398399999146932
7.19886400111136
7.284577999598696
7.600397999340203
7.365223998931469
7.387853998807259
7.051323000268894
7.485107000320568
7.968657999299467
7.096753000951139
7.375784000032581
6.90353000027244
6.977451999773621
7.413788000121713
7.109035999746993
7.2355390002485365
7.063655999445473
7.352992999585695
6.931400999746984
7.357443000728381
7.39984500069113
7.0022419986344175
7.161649999034125
6.862084999738727
6.874148999486351
7.005633000517264
6.861251000373159
7.306413001060719
7.035542999801692
7.237620000523748
7.049994999761111
6.995921999987331
7.24087500020687
7.175462998930016
6.954331000088132
7.07389399940439
7.153468000979046
7.483696999770473
7.046123999316478
7.4486260000412585
6.621540998821729
6.804007000027923
6.778056000257493
7.002332000411116
7.029723001323873
7.531537999966531
7.171950001065852
7.096904000718496
7.889430000432185
7.573780001621344
7.895030999861774
7.6274209986877395
7.412175000354182
6.904369000039878
7.072377000440611
7.008080001469352
6.686533000902273
7.252491999679478
7.219545999760157
6.86142799895606
6.6810930002247915
7.106336001015734
7.441466999807744
7.219040000563837
8.386335999603034
6.985422000070685
5.48798700037878
5.604120000498369
6.186827999044908
7.312040999750025
7.4770169994735625
7.149552000555559
7.216533998871455
7.125334999727784
7.3791140002867905
6.695076001051348
6.367162999595166
7.2029189996101195
7.006922000073246
7.495317999200779
7.781095999234822
7.840607999241911
7.1926229993550805
7.471851000445895
7.599831000334234
7.470690999980434
7.866003999879467
7.579099999929895
7.369234999714536
7.334294999964186
7.0796649997646455
7.213859000330558
7.026993998806574
7.722904001639108
7.107055998858414
7.681078999667079
7.296186000530724
7.281810998392757
7.745806000457378
7.481386999643291
7.500087998778326
7.051743999909377
6.940981000298052
6.900582000525901
6.526158000269788
7.014171998889651
6.795776998842484
6.789436998587917
6.779307999750017
7.005352999840397
7.75529699967592
7.780365000144229
7.505817999117426
7.167346999267465
7.018143000095733
7.115976999557461
7.0897850000619655
6.982343000345281
7.266030999744544
7.363908000115771
6.91817799997807
7.336130000112462
7.25966900063213
6.9603710016963305
6.931019999683485
7.399415000691079
7.932590999189415
5.93608300005144
6.711205998726655
7.337323000683682
7.751144999929238
7.2752710002532694
7.425994999721297
7.2309650004172
7.258714998897631
7.556070000646287
7.070055000440334
7.329535999815562
7.094725000570179
7.050694999634288
7.197688999440288
7.2467099998902995
6.998401999226189
7.091116000083275
7.220098999823676
7.269531000929419
7.26320000103442
6.834368001364055
6.868759001008584
7.182108000051812
7.122335999156348
6.801567000366049
6.651601999692502
6.869397999253124
6.99257199994463
6.803628999477951
6.505325000034645
7.562871998743503
7.237240999529604
7.250304000990582
7.405499998640153
7.60560699927737
7.247734998600208
7.556518999990658
7.409611000184668
7.410100000925013
7.155737999710254
7.541490000221529
7.314974998735124
7.342220000282396
7.02353300039249
7.104166999852168
7.827986999473069
7.513668000683538
7.646766998732346
7.21585900100763
7.8345029996853555
7.2453550001227995
8.28957699923194
7.6209569997445215
7.536778999565286
7.640882000487181
7.558994000646635
7.800637000400457
7.39308400079608
7.659148001039284
7.36483800028509
7.443626000167569
7.732936001048074
7.721345000391011
7.802287000231445
7.252135999806342
7.51870300155133
7.96923699999752
7.755799999358715
7.758109999485896
7.701268999880995
7.605821001561708
7.628011000633705
7.665802999326843
7.839826999770594
7.697459001064999
9.098880998863024
7.764685000438476
7.571669999379083
7.575150999400648
7.214078001197777
7.831097998860059
7.542030998592963
7.557757000540732
7.374402999630547
7.499402998291771
7.376608999038581
7.649721999769099
7.146972000555252
7.431033000102616
7.810009999957401
7.675393000681652
6.931534999239375
7.2945140000229
7.143443999666488
7.402023999020457
7.53828399865597
7.620706001034705
7.430624998960411
7.326203000047826
7.575630001156242
7.913904999441002
6.897433999256464
7.507151000027079
7.009840001046541
7.458587000655825
7.380165001450223
7.500637999328319
6.899789999806671
7.387565001408802
7.694363999689813
7.531588998972438
7.181868999396102
7.348193001234904
7.634961999428924
7.690017999266274
7.242489999043755
7.725969999228255
7.507672000429011
6.715153998811729
5.4025239987822715
7.093219999660505
7.138942000892712
7.012012998529826
7.302771999093238
7.2813320002751425
7.538138999734656
7.417790999170393
7.470951999493991
7.206113999927766
7.14922800034401
7.431402000293019
7.401564000247163
7.581289999507135
7.56704999912472
7.035346001430298
6.805173999964609
6.897389999721781
6.825457998274942
6.6796430000977125
6.840419000582187
7.504158998926869
7.516636000218568
7.610480999574065
7.303971000510501
5.361313998946571
5.26501000058488
5.563518001508783
7.481587999791373
7.414245999825653
7.047893999697408
6.855429001006996
6.801176999942982
6.6309599988017
7.193153998741764
6.848822999018012
6.954381000468857
7.216429999971297
13.410870000370778
12.891044001662522
13.037566001003142
