Messages/sec=72.14
duration_sec=60.008
payload_size_bytes=512000
total_messages=4329
payload_throughput_MiB_sec=35.22
mean_rtt_ms=12.733
median_rtt_ms=13.795
stddev_ms=2.935
min_ms=4.633
max_ms=35.464
---raw_latencies_ms---
24.7791830006463
13.86420099879615
13.654197000505519
13.415341998552321
13.626719000967569
14.018145999216358
14.109929001278942
14.568463000614429
15.315466000174638
15.282444001059048
13.299363999976777
14.872176998323994
15.899379000984482
14.685077001558966
14.2581620002602
17.331651999484166
8.467491999908816
14.810869999564602
13.274192999233492
14.326286000141408
13.530371001252206
8.61096699918562
14.08393800011254
13.407386999460869
8.204261001083069
7.021142000667169
5.257399001493468
5.505917000846239
4.63318100082688
5.18884099983552
5.207765998420655
6.494232000477496
5.939014999967185
9.118128000409342
11.757231999581563
7.783421000567614
9.007952998217661
5.333230999895022
6.816088998675696
5.7170359996234765
5.418005001047277
5.633556000248063
5.251508999208454
5.158285999641521
5.493627000760171
5.6253359998663655
5.189421999602928
5.363123000279302
5.388253999626613
13.369156000408111
12.915821000206051
14.128112999969744
14.509690001432318
14.031705999514088
13.637365000249702
14.542381999490317
13.895962001697626
13.92633300019952
14.141890000246349
14.867862999381032
14.006374998643878
14.202841999576776
14.852959999188897
13.044045999777154
14.45649999914167
14.028247000169358
14.153654999972787
14.24367700019502
13.840911000443157
14.088841000557295
13.330824998774915
14.550474999850849
14.662886000223807
12.562260999402497
4.97127000016917
5.022823001127108
5.280946001221309
5.2752849987882655
5.810306000057608
6.261639000513242
6.258520001210854
6.64832300026319
6.477712000560132
7.485444000849384
7.034561000182293
7.403129999147495
7.583107999380445
7.135861998904147
7.212454000182333
7.651581998288748
6.89328599946748
7.303753000087454
7.1334659987769555
7.63297499906912
6.65266000032716
7.0753159998275805
6.941850000657723
6.909080000696122
6.900338999912492
7.298171000002185
7.070434001434478
8.878818998709903
6.5197439998883056
6.784970999433426
7.304061000468209
6.841148000603425
6.837877999714692
7.164548000218929
7.739497999864398
7.240259999889531
7.063225000820239
6.9561420004902175
7.072014999721432
7.0386740007961635
7.320082000660477
7.7530359994852915
6.8174820007698145
7.040488999336958
6.884700000227895
6.700713000100222
7.006828000157839
7.003587999861338
7.243310001285863
6.886480001412565
7.030562999716494
6.988462000663276
6.946631001483183
7.125535999875865
7.4783280015253695
6.54333100101212
6.763424999007839
6.802166999477777
6.953202000659076
7.192598000983708
6.8669389984279405
6.837897999503184
6.817266999860294
7.115756001439877
6.74714600063453
6.797457001084695
6.666556999334716
6.8171370003256015
7.316917999560246
7.411904000036884
6.895390000863699
6.855759000245598
6.816447001256165
7.021773999440484
6.6289319984207395
6.557990000146674
6.785866999052814
6.714039000144112
7.043167999654543
6.64918199981912
6.683433999569388
6.928810000317753
6.849818999398849
6.79043599848228
6.799066000894527
6.957321000299999
6.777635999242193
6.827907000115374
6.756008999218466
6.6459919999033445
6.71057399995334
6.768645000192919
6.598750998819014
6.569789999048226
6.762884999261587
6.7611640006361995
6.932870999662555
6.906795000759303
7.017099000222515
7.0845249992999015
7.863449000069522
14.87996200012276
13.573316999099916
14.527896999425138
13.634076000016648
13.200141000197618
13.113177999912295
13.720797000132734
12.44101900010719
13.584512000306859
13.830660000166972
13.846690999343991
14.190153999152244
14.08573700064153
13.9735210013896
16.175146000023233
16.692616998625454
13.909170000260929
14.780079000047408
14.40679799998179
13.765228000920615
14.654925000286312
13.831500999003765
14.607789000365301
13.723593001486734
14.82299300005252
14.283511000030558
14.419113000258221
14.202011001543724
14.145729001029395
14.009356000315165
13.973824999993667
13.964750000013737
13.699831999474554
14.625302999775158
14.001374998770189
14.863096999761183
14.409973000510945
13.999463999425643
14.206937001290498
10.458573000505567
11.754417000702233
11.347817000569194
12.95354200010479
10.841798999535968
11.04696599941235
12.980913999854238
12.276633000510628
10.422685998491943
11.275642998953117
10.797278000609367
11.033456001314335
11.013924000508268
12.596422999195056
12.823979999666335
11.844941998788272
11.426151999330614
13.327943001058884
11.926934999792138
11.157668999658199
11.850516000777134
12.24555799853988
12.649634998524562
11.220180000236724
11.324983999656979
12.070218999724602
12.727907000225969
12.276040999495308
12.454433001039433
11.712510000506882
11.44612799907918
12.723447000098531
11.556040000868961
11.614703000304871
12.526810998679139
11.304383999231504
12.524793000920909
12.724447000437067
13.017408999075997
13.24460099931457
12.805608999769902
12.836832998800674
13.060016999588697
13.311974000316695
10.75298699834093
12.226131000716123
10.654525000063586
11.989144999461132
12.751366999509628
9.655443998781266
12.20388999900024
12.420967999787536
10.057614999823272
12.199990000226535
11.224612000660272
10.32944899998256
10.176343999773962
10.449116998643149
13.181426000301144
13.689323001017328
13.845872999809217
13.743587000135449
13.21983299931162
13.2647119989997
13.807764000375755
13.504905000445433
13.505992999853333
12.66199700148718
14.142484998956206
13.20787599979667
13.894601999709266
14.252924000174971
13.694885999939288
14.209792001565802
13.676504999239114
14.164482001433498
13.172203000067384
13.781280000330298
12.741396998535492
13.375037000514567
13.103977998980554
13.572571999247884
13.759008001215989
13.176761000067927
12.772410000252421
13.515747999917949
14.288434000263806
13.985004999994999
13.408726999841747
9.221399999660207
11.885290999998688
10.697525000068708
10.634202000801452
10.2339610002673
10.186370000155875
11.56028100012918
13.370135999139166
11.089477000496117
10.54846100123541
10.07864600069297
11.266691999480827
10.573332001513336
11.934662999919965
11.464608998721815
11.682923999615014
10.450206998939393
11.754637000194634
13.406857000518357
12.134018999859109
10.944972998913727
14.380267999513308
12.874231000751024
10.392606000095839
15.150499999435851
9.530810000796919
10.583141000097385
11.54203100122686
11.62768500034872
11.201731000255677
13.337723999939044
13.515920998543152
13.162623001335305
13.424590000795433
13.755134999883012
13.457270000799326
13.306584000019939
13.181624000935699
13.441958000839804
13.392275999649428
13.43303800058493
11.95148400074686
10.42798600064998
9.73806599904492
11.560141001609736
14.912983000613167
13.171880000300007
11.426897001001635
12.561411998831318
13.864671000192175
12.994287999390508
14.113698000073782
13.31369399849791
13.362896999751683
13.458343999445788
14.003928999954951
13.426217999949586
13.768171000265284
13.679657999091432
12.789038000846631
13.356034998651012
13.456590999339824
13.1722299993271
13.503480000508716
14.095558999542845
13.739498999711941
13.41598100043484
13.060177001534612
13.347320000320906
13.541496999096125
13.255415000458015
13.60121200013964
13.683885999853374
13.653010000780341
13.104693000059342
10.471896999661112
14.05371699911484
13.248543000372592
13.226180999481585
12.572101999467122
13.234831998488517
13.704629000130808
13.235850999990362
13.835362000463647
13.324696999916341
13.864172000467079
13.435347000267939
13.278213000376127
13.689045999853988
14.042691000213381
13.952303999758442
13.2643779998034
13.377135999689926
12.934152999150683
14.076027000555769
14.25781400030246
13.424848000795464
11.58736300021701
13.574723001511302
10.266650999255944
10.238912000204436
10.124217000338831
13.231315000666655
12.70587399994838
13.407008000285714
12.65000700004748
13.630659001137246
14.264291001381935
12.869575999502558
13.598020999779692
13.548000999435317
13.208660999225685
13.342946000193479
13.37595900076849
13.569943001130014
14.27348300057929
13.413298000159557
13.427338000838063
11.312452999845846
10.931701999652432
11.115647999758949
13.79820900001505
13.078427000436932
11.229652000110946
11.022314998626825
9.305922998464666
11.384516999896732
9.711855000205105
12.311505000980105
11.186330000782618
11.0590369986312
11.701656001605443
10.860209999009385
11.167169999680482
10.285651998856338
11.799388999861549
11.294602998532355
10.458067999934428
10.6772050003201
10.625802999129519
12.065655999322189
10.11500800086651
11.83642899923143
8.601260999057558
10.25073199889448
9.401376000823802
10.515480000321986
9.905469998557237
10.37541600089753
10.986145000060787
11.466687999927672
10.523139000724768
10.382885999206337
11.384546000044793
12.303837000217754
9.059293000973412
13.70541700089234
13.704136999876937
12.852575999204419
13.167895000151475
13.259942999866325
14.022796000062954
10.227722001218353
10.111706998941372
10.272682999129756
8.37371399939002
13.358235000850982
13.083547999485745
10.147438999410952
12.88294100049825
13.042168000538368
12.893651000922546
11.044616001527174
10.294603000147617
11.193610998816439
12.10901800004649
11.643702999208472
12.444407999282703
11.911630999748013
11.318494000079227
10.344235999582452
12.890056999822264
12.876302000222495
13.592987999800243
13.419352999335388
12.669404999542166
13.903646999096964
13.374247000683681
13.410277000730275
13.537651000660844
13.03994499903638
13.570133000030182
13.253953000457841
13.286478999361861
14.403297000171733
12.491554000007454
13.874890999431955
13.307735000125831
13.449180998577503
12.74077100060822
12.982500000362052
13.890447000449058
14.076407998800278
13.479969999025343
13.79873900077655
14.049071998670115
13.415946999884909
13.70593699903111
13.242711998827872
13.046980000581243
14.049416999114328
14.050562000193167
13.113132999933441
13.694629999008612
13.816849999784608
14.344735998747637
13.827430000674212
12.800288999642362
13.826878999680048
14.114088999122032
13.93110400022124
14.078977999815834
14.080646998991142
13.784603999738465
13.515570999516058
13.754465000602067
12.591700000484707
13.738708001255873
13.741078999373713
13.135039000189863
13.89473300150712
13.207085999965784
14.017370000146911
13.414117000138503
12.568582000312745
11.184630999196088
8.690053999089287
11.521869999342016
13.3114750005916
13.039485998888267
12.08471800055122
13.046727000983083
11.058976000640541
11.62742300039099
8.06605599973409
11.216281000088202
10.097487000166439
10.143928999241325
10.218239000096219
11.395326000638306
11.97766400036926
10.250700999677065
9.613523001462454
13.155000000551809
12.286373999813804
13.633693999508978
13.060842000413686
11.86526700075774
11.98529400062398
13.237332001153845
14.286842999354121
13.598452998849098
13.386745999014238
13.227131999883568
13.945685001090169
14.350895999086788
13.160559999960242
8.331314000315615
14.190681000400218
11.491449000459397
10.640634000083082
12.480418999984977
11.678995000693249
12.745047999487724
13.529050000215648
12.135850000049686
11.318504000882967
12.101616999643738
9.612280999135692
11.55695099987497
11.153269000715227
11.909587001355249
11.573666999538545
10.53866099937295
12.069169000824331
10.68127500002447
12.759692999679828
11.152553999636439
11.646524000752834
12.40089699967939
12.528125998869655
10.715254999013268
11.191014000360155
12.21105199874728
11.890351001056843
11.814069001047756
12.759697001456516
11.417143001381191
10.653097999238526
11.511155000334838
12.280548000489944
12.043584998536971
11.39065200004552
12.119372999222833
11.587932000111323
12.23046700033592
11.938517998714815
10.78749299995252
10.556846000326914
12.383905999740819
11.246582000239869
12.04982499984908
12.008830000922899
11.488269999972545
13.537161001295317
10.88590099971043
13.49717899938696
12.450088001060067
10.385356001279433
11.088955998275196
11.812348999228561
13.75475700115203
11.082036999141565
10.656562999429298
13.343866001378046
10.923002000708948
13.086839000607142
11.95902299878071
12.902893000500626
13.714806000280078
13.002165000216337
13.14960899981088
13.80549999885261
13.477638998665498
13.587438001195551
14.00774099965929
13.117167998643708
14.652485000624438
14.015345001098467
14.983515999119845
13.128480000887066
13.049365999904694
13.23664700066729
13.59682700058329
14.049381999939214
14.482325001154095
13.886681999792927
12.98811500055308
13.490008999724523
14.264944000387914
14.184137000484043
13.674249999894528
14.195993999237544
13.06850700166251
13.473189999785973
13.12031800080149
11.501114999191486
12.459053999918979
11.577561999729369
11.798298000940122
11.021423999409308
10.147918001166545
11.92188300046837
9.91133100069419
10.019384000770515
11.802668999735033
10.196400000495487
11.563141000806354
10.704163998525473
12.825353998778155
12.500069999077823
11.653113999273046
12.549180999485543
11.812728000222705
11.689524999383138
13.104558000122779
10.621347999403952
10.879715000555734
11.606303000007756
11.167818998728762
10.693214999264455
12.217820998557727
11.45853299931332
12.11798300028022
12.235902000611532
13.3565260002797
12.159818999862182
12.38330100022722
10.093185999721754
11.47333399967465
13.83209999949031
11.433116998887272
11.13537800119957
12.2814530004689
11.966103998929611
12.444347999917227
11.961264001001837
12.977283000509487
11.152213999594096
10.947247999865795
12.906246998682036
12.700385999778518
11.072601000705617
13.484804001564044
13.777002999631804
14.124154000455746
13.306384998941212
14.451602999542956
13.573817999713356
13.334789999134955
13.857545998689602
12.802634000763646
13.255865000246558
13.809172000037506
14.052848000574159
13.685799998711445
13.482648999342928
13.58562399946095
12.609872999746585
9.382054999150569
13.800909000565298
10.29945200025395
11.010445001375047
10.30600299964135
13.854470998921897
12.633843998628436
11.382575999959954
14.2506330012111
14.855981000437168
11.457909000455402
11.970153000220307
9.169537999696331
11.636614000963164
10.558560999925248
10.968423001031624
11.609208000663784
9.493192999798339
11.679274999551126
12.166179998530424
12.69074900119449
12.688135000644252
13.147589001164306
11.779868000303395
11.644373998933588
12.727385999824037
12.177639999208623
13.210660999902757
12.696910998784006
13.431318000584724
13.391597000008915
13.705941000807798
13.797309999063145
13.621964000776643
12.842490999901202
13.331854999705683
13.595413000075496
13.685654999790131
14.003635998960817
14.23417699879792
14.204236000296078
13.816348999171169
13.784999000563403
13.69908100059547
14.139233999230783
13.361806999455439
14.108957999269478
14.017501000125776
13.735301999986405
13.614823999887449
13.994005001222831
14.66104599967366
13.846971000020858
14.81846999922709
14.009485999849858
14.212220999979763
13.704437000342296
14.458383999226498
13.598858000477776
13.660034999702475
13.503240999853006
13.194986000598874
13.646960000187391
14.220287001080578
12.958377999893855
13.295984999786015
13.940023000031943
14.366926001457614
12.438059000487556
13.137339001332293
12.92026199917018
14.129169001535047
10.658494000381324
10.5000800012931
13.732717001403216
9.781166998436674
11.380604999430943
10.655263999069575
10.58782400104974
11.441339000157313
11.941782999201678
12.479609998990782
11.63182599884749
11.642293999102549
11.43736800077022
11.104437999165384
12.967843000296853
11.71644600071886
11.525839001478744
9.610163000616012
12.931037999805994
13.669821000803495
12.908611999591812
13.369139000133146
13.705682998988777
13.027135999436723
14.1630800007988
13.305444999787142
13.801287999740453
13.40020700081368
13.741586999458377
13.928963000580552
14.272676000473439
13.599303001683438
13.826560998495552
13.965705000373418
14.064637000046787
13.467429000229458
13.114418999975896
13.897991999328951
13.004485001147259
13.518669999029953
13.480404999427265
13.547565999033395
13.577501998952357
14.097077999394969
13.64924500012421
13.924102999226307
13.476210000590072
12.659173999054474
14.04901699970651
13.191572999858181
13.38089300043066
14.730317001522053
13.554653000028338
13.79594799982442
13.727826999456738
12.402626998664346
10.646123999322299
14.951573999496759
9.700174001409323
8.56363999992027
9.473848000197904
10.403446000054828
13.26653399883071
13.491839001289918
13.390026000706712
12.969203999091405
13.36056699983601
13.395117000982282
12.978583999938564
13.443547999486327
13.098419000016293
13.109388000884792
13.643493999552447
13.849639999534702
13.700565999897663
13.762289001533645
14.306860000942834
14.367526999194524
13.634876999276457
13.21239000026253
13.537783999709063
14.034686000741203
13.4940199986886
12.77264799864497
13.454248000925872
13.166049999199458
12.824292000004789
13.563881999289151
13.869260999854305
13.680484998985776
13.558972999817342
13.514670999938971
13.534531000914285
13.137140000253567
13.72524199905456
13.638381000419031
12.843810000049416
13.909313000112888
13.876869999876362
13.372076000450761
13.341197998670395
13.81802000105381
12.635514000066905
13.504470000043511
11.806598000475788
11.322935000862344
11.72704700002214
9.13729800049623
10.750816001745989
14.068028000110644
11.723925001206226
12.29946399871551
11.414276999857975
12.371204000373837
12.639835000300081
11.766526999053895
12.010143998850253
11.330405999615323
10.248659000353655
11.122959000203991
13.593064999440685
13.109438999890699
13.505850000001374
13.500839999323944
13.00290600011067
14.30363699910231
13.772189999144757
13.912131998949917
13.818372000969248
13.608203000330832
13.326725998922484
12.77556799868762
12.835019999329234
14.282303998697898
14.168719999361201
13.970484000310535
13.598695999462507
13.441557999612996
14.241793000110192
13.736017001065193
13.769687999229063
14.095897999141016
13.314984000317054
14.153199999782373
13.587281999207335
12.587113000336103
13.63830400077859
13.393139999607229
13.431028000923106
13.911091999034397
14.091527998971287
12.845900999309379
13.780470999336103
13.180929998270585
13.58098200034874
13.825865000399062
13.019551999605028
14.15505899967684
13.793204001558479
14.436527999350801
13.635434001116664
13.66204600162746
13.279692999276449
13.637597001434187
13.94926400098484
13.032376000410295
13.613586001156364
13.239522000731085
12.241861999427783
14.16189199881046
14.012138000907726
13.380106000113301
13.795871000183979
14.114419000179623
13.65831500152126
13.891751999835833
13.791129998935503
13.740827000219724
13.340019999304786
13.099955000143382
14.055464000193751
12.391715999910957
13.051085999904899
13.946504001069115
13.659745000040857
13.654506001330446
13.796871000522515
12.86813099977735
13.719399999899906
13.802092000332777
13.269495000713505
13.78078899870161
13.873914000214427
13.148338999599218
13.36948899916024
14.150598999549402
13.682120999874314
13.10142400143377
13.000265000300715
13.30871699974523
14.088358999288175
12.798866999219172
13.079917000140995
13.963704999696347
11.62871599990467
10.651192998921033
12.814290001188056
13.937558000179706
15.093083000465413
13.138090000211378
13.898322999011725
14.263774000937701
15.510130000620848
14.07864700013306
13.295763999849441
12.722016999759944
13.613074001114
13.647343999764416
13.809928999762633
14.011315999596263
13.946983999630902
13.334135001059622
13.583731999460724
13.605702999484492
13.99072599997453
13.621106001664884
12.914401999296388
13.630653998916387
12.370525999358506
13.121588999638334
13.272653999592876
13.470869000229868
13.587763000032282
13.588003999757348
14.397506000022986
13.796683999316883
13.193645998399006
13.657876999786822
13.721407000048202
13.666066999576287
13.462296999932732
13.395680000030552
14.207981999788899
13.939823000328033
13.339716999325901
14.325908001410426
14.317013999971095
13.288884001667611
14.165321001200937
13.970564001283492
13.405567000518204
13.44345899997279
13.973164001072291
13.514690999727463
13.281147999805398
13.942018998932326
13.711355999475927
13.588702999186353
13.675875999979326
14.141730000119423
13.677954999366193
14.005304999955115
13.23380299982091
14.00951600044209
12.966932999916025
14.05408000027819
13.98514399988926
13.77435799986415
14.067500000237487
12.166728998636245
13.852719999704277
13.26089500071248
13.241822000054526
13.851113999407971
13.575316999776987
13.66371099902608
12.95996400040167
12.873122999735642
13.491321000401513
14.412221000384307
13.811349999741651
12.555532000988023
14.623756000219146
14.163019000989152
14.117329999862704
14.403040000615874
14.158318999761832
13.329428000361077
14.14492999901995
13.832320000801701
13.88705099998333
14.103630999670713
13.725126000281307
12.352097999610123
13.168329998734407
13.315665000845911
13.67519100131176
15.254957999786711
15.613035000569653
14.880332000757335
13.459148998663295
14.565068000592873
13.689510999029153
15.164460999585572
14.889583000694984
14.702237000165042
15.81934000023466
14.170000000376604
15.67359600085183
14.463819999946281
14.693815999635262
13.589608999609482
15.760993001094903
14.959776999603491
14.448646001255838
16.233153000939637
13.526531000024988
14.152212999761105
14.058425000257557
13.69970599989756
13.225406999481493
14.0162000006967
14.010770999448141
14.112311000644695
14.315095000711153
14.5313620014349
13.720521999857738
14.32871999895724
14.046866999706253
13.61598400035291
13.970003999929759
14.280823999797576
13.843209999322426
14.63977500134206
13.663996000104817
13.751447000686312
14.378596999449655
13.838371000019833
14.299043999926653
14.386017999640899
15.013444999567582
14.180049998685718
14.575822999177035
14.017277999300859
13.762688000497292
14.157929999782937
14.251648000936257
13.774263999948744
13.95552400026645
5.094845000712667
4.697893000411568
5.187836999539286
5.9193910001340555
5.128375001731911
5.76684499901603
5.518717998711509
6.512287000077777
7.4647970013757
6.102135999753955
5.92100100038806
5.2681690012832405
5.8825180003623245
5.390549000367173
5.164364001757349
5.529215000933618
8.34867400044459
5.556447998969816
5.538078999961726
5.851867999808746
5.015331998947659
5.440815000838484
5.478986999150948
6.159417998787831
5.344131999663659
5.489725999723305
5.421844000011333
5.508948001079261
5.698961998859886
5.420299999968847
6.27659599922481
5.5825500003265915
5.850827999893227
6.123776000094949
5.930245999479666
5.432990001281723
5.459635000079288
5.618373999823234
5.763212000601925
4.8492989990336355
5.2912600003764965
5.520046999663464
5.758115001299302
5.322701001205132
5.598640000243904
5.08778500079643
5.443347999971593
5.748491999838734
5.3016500005469425
5.698193999705836
5.2157610007270705
5.460197000502376
5.204144999879645
5.487316999278846
5.200550998779363
5.227935998846078
5.272541999147506
7.323865000216756
6.635960000494379
4.982787000699318
5.593825000687502
6.171861999973771
5.154333999598748
5.2252589994168375
5.570298999373335
5.670431999533321
5.140885999935563
5.0634880008146865
6.156441999337403
7.9773720008233795
5.408610000813496
5.655231998389354
6.004118000419112
5.772799999249401
5.7640149989310885
6.2800639989291085
5.8825590003834805
5.293321000863216
5.211669000345864
5.664121999870986
5.393273999288795
5.459106001580949
5.562361999182031
5.924512999627041
5.281760999423568
5.786058000012417
5.458076999275363
5.5748300001141615
5.857623000338208
5.845363000844372
5.998304999593529
5.922203999944031
5.379743999583297
5.64374100031273
5.462205999720027
5.983437000395497
5.619380999632995
13.536520998968626
13.991469999382389
14.526930999636534
13.927173999036313
13.203926000642241
13.677761000508326
14.685600999655435
13.267772999824956
13.99597499948868
12.61754299957829
13.91580299969064
14.12493299903872
14.493320999463322
13.747312999839778
12.506355000368785
13.469708999764407
13.56449199920462
15.194996998616261
12.9436130009708
14.232666999305366
13.937212999735493
14.183449999109143
15.160705999733182
13.621207999676699
14.160536000417778
14.48830999834172
14.188269000442233
12.892951999674551
13.91006300036679
14.220232000297983
14.32392000060645
13.118343998939963
13.501550000000861
13.523180999982287
14.053527000214672
13.622913000290282
14.042467999388464
13.987984999403125
13.952713001344819
13.916342999436893
13.385275999098667
14.292455000031623
13.837649999913992
13.29082500160439
13.689516001250013
14.54306100094982
15.17872200020065
14.92219799911254
14.178141000229516
12.896906000605668
12.684475999776623
14.612303000831162
14.611774000513833
12.722586001473246
13.711536999835516
13.780307001070469
13.439537999147433
14.55106199864531
13.498099000571528
13.30326400056947
14.63270400017791
14.854111999738961
15.535122000073898
15.186291999270907
13.602222999907099
11.166948999743909
14.545691999956034
14.17582900103298
14.12721899941971
16.41756400022132
15.024210999399656
15.138951999688288
14.599373000237392
14.218832000551629
14.838432000033208
13.414479000857682
12.333054000919219
9.95710200004396
15.12879000074463
14.892082999722334
13.29545299995516
13.767099000688177
13.422246998743503
13.549111001339043
14.614403999075876
13.69156600048882
14.343894999910844
14.252362998377066
13.350906001505791
14.794314000027953
13.586036999186035
13.823242999933427
13.30941900050675
14.18547600042075
13.906907999626128
14.692060000015772
14.666324999780045
14.271539001128986
14.32862000001478
13.865331000488368
14.427087999138166
13.811209999403218
13.535910999053158
13.658804000442615
14.098863999606692
13.43909299976076
12.925283001095522
13.944963000540156
13.74900799964962
13.631529998747283
14.168395999149652
12.621322999621043
15.511354000409483
14.471259000856662
14.213080999979866
13.198960999943665
14.135329000055208
14.914953000698006
13.689815999896382
14.198536999174394
13.03471599931072
13.792973999443348
14.470554999206797
13.564677001340897
12.970523999683792
13.68479099983233
13.37810099903436
14.389977000973886
14.027290000740322
14.228886999262613
13.922309000918176
13.539001000026474
14.695310999741196
14.705616998980986
13.640740000482765
14.219206999769085
14.67655200031004
13.527215000067372
14.080447999731405
13.11155800067354
13.192486001571524
14.353275999383186
13.812144999974407
13.503090000085649
13.877724000849412
14.138409998849966
13.813890000164974
13.653570000315085
13.01784499992209
14.045652000277187
14.51961499878962
13.48327500090818
13.515935999748763
13.657859999511857
14.366960998813738
13.869335998606402
13.887171999158454
13.010765998842544
14.280283001426142
14.021556000443525
13.496434999979101
14.01781300046423
14.393846999155357
13.949162999779219
13.945933998911642
14.161994999085437
14.148644999295357
14.545582000209833
13.467568998748902
13.717487001486006
13.80208400041738
13.83960500061221
14.615292999224039
14.957264000258874
14.198312001099112
13.841224999850965
13.793754000289482
13.476459000230534
13.52925599894661
13.63308399959351
14.459837999311276
14.247183000406949
13.690766001673182
13.554531000409042
14.003290998516604
12.923787000545417
13.48069899904658
13.437808000162477
13.619273000585963
13.993135000418988
14.07030700102041
13.980773999719531
13.874012000087532
14.532141000017873
18.689528000322753
12.903071999971871
14.305523998700664
14.016874998560525
14.770523999686702
13.708941000004415
14.314473999547772
13.345467999897664
14.171571001497796
13.723419999223552
14.517237999825738
14.068349000808666
14.89864199902513
14.443574000324588
14.12032900043414
13.683135999599472
16.518643000381417
15.569204999337671
15.086077999512781
15.757151999423513
14.905910999004846
13.009564001549734
13.142050000169547
13.359104999835836
15.41859399912937
15.837165999982972
14.272152999183163
13.713611000639503
14.529516000038711
15.845451000132016
14.727166999364272
15.599079000821803
15.348385999459424
13.084657000945299
13.836504998835153
14.530907001244486
14.800825001657358
15.306084000258124
14.572972999303602
14.557681999576744
15.401686998302466
14.982415001213667
15.399978999994346
15.36532700083626
15.821045999473426
14.530485999785014
14.60659599979408
12.800149001122918
13.75975800146989
14.647305000835331
13.192774000344798
14.359555998453288
14.428009000766906
13.493749000190292
13.94915400123864
14.561695001248154
13.83628000075987
14.536771999701159
13.60891799959063
13.535686999603058
14.082116998906713
14.25029399979394
13.43644000007771
14.479563998975209
16.03136700032337
14.720121998834657
13.89152200135868
14.625734000219381
14.362175999849569
14.874914999381872
14.687606000734377
15.16095300030429
14.065509998545167
13.22349300062342
14.407187998585869
15.129780000279425
15.133512000829796
13.768554999842308
13.768168000751757
13.44785800029058
14.066276999074034
14.109577999988687
13.601263000964536
13.75744800134271
14.309393998701125
14.848163000351633
14.176460999806295
13.235080999947968
14.840510999420076
14.625623998654191
14.651305000370485
13.79883899971901
14.416017998883035
14.904641999237356
15.038137000374263
14.132099000562448
14.203733000613283
14.095407001150306
13.685055999303586
14.348374999826774
12.889022000308614
10.62696300141397
9.909501999572967
13.786618001176976
13.032365999606554
9.422086000995478
14.779458999328199
12.947352999617578
10.416527000415954
13.264404999063117
14.34228499965684
14.000474999193102
14.80908499979705
14.107963001151802
15.204216000711313
13.86577099947317
13.716961000682204
14.80625499971211
13.363441999899806
14.317735000076937
13.64915400154132
14.066387999264407
14.832250999461394
14.305479999165982
14.370021999638993
13.38353600112896
14.009028000145918
13.632767000672175
13.538963001337834
14.119030000074417
13.99012499859964
13.915653000367456
14.091577999352012
14.003135000166367
14.109638999798335
12.99907500106201
12.868330999481259
12.961825999809662
13.890251000702847
13.943874000688083
15.044158999444335
14.920243000233313
13.768111000899808
13.689546000023256
13.424668000880047
9.399025000675465
11.090316998888738
12.138447998950141
12.41497699993488
10.770255999887013
12.622923000890296
10.960711999359773
9.94070300112071
10.186269999394426
14.290324001194676
12.026854999930947
11.361144999682438
9.898839998641051
12.664795000091544
10.298942999725114
13.123864000590402
14.233196998247877
14.352514999700361
13.989205999678234
13.233005000074627
13.995254999827011
14.149890001135645
13.727257000937243
14.673865000077058
14.015475999258342
14.107521001278656
14.306646999102668
14.366877001521061
14.891478000208735
13.83116000033624
13.34715000120923
13.050097000814276
13.413677999778884
11.594863000937039
10.707876999731525
12.620542000149726
14.613033999921754
14.065987999856588
14.48675999927218
14.542581000569044
11.60196299861127
9.80708800125285
13.836510999681195
13.290435999806505
14.666664999822387
14.462749000813346
13.991235000503366
12.831449001168949
13.737502998992568
14.330059999338118
14.446379000219167
13.812660001349286
13.742098000875558
13.768570999673102
13.87492700087023
13.104162999297841
13.974828998470912
14.074398000957444
14.158612999381148
13.661797000168008
14.203046001057373
14.05882200015185
14.062947000638815
14.37332700152183
14.538082001308794
15.24232299925643
14.718157000970677
13.883921999877202
14.358897000420257
14.071626999793807
14.058275999559555
14.258274000894744
14.392481998584117
13.628830000016023
13.530090000131167
13.018955000006827
14.185512000040035
14.058616001420887
14.780161998714902
13.566871999501018
13.69830800103955
14.197262000379851
13.722481000513653
14.125264000540483
14.063347000046633
13.72648700089485
13.517130000764155
13.335628000277211
13.189519999286858
13.897254999392317
13.681765000001178
14.206501000444405
14.283225000326638
14.084758000535658
14.210452000043006
13.838562999808346
13.749357000051532
13.817859000482713
14.674356001705746
14.368367001225124
15.059847000884474
13.693045999389142
13.491822999640135
13.808829000481637
13.620485999126686
13.899002000471228
13.626666001073318
13.156540000636596
13.781048999589984
13.46389399986947
13.611898000817746
15.471900000193273
17.295185998591478
14.549920999343158
14.328166000268538
14.603712999814888
14.349576000313391
13.568532000135747
14.209832001142786
13.889342999391374
13.842279999153106
13.603745001091738
14.64035699973465
12.695814999460708
9.951722000550944
12.883322000561748
14.010438000696013
13.865532000636449
13.413673001196003
13.401582000369672
14.482189999398543
14.267202999690198
14.037427001312608
13.879400999940117
13.938774000052945
13.522880999516929
14.305615999546717
13.904384000852588
14.581825998902787
14.048106999325682
14.220011998986593
13.53770599962445
14.860409000903019
13.295233999087941
13.743908000833471
13.743288000114262
14.261406000514398
14.550731999406707
14.548035998814157
14.13924699954805
13.989737000883906
14.627474000008078
13.294733998918673
14.914793999196263
14.14585999918927
13.576585000919295
13.294518999828142
13.352440000744537
13.84303099985118
13.60933299838507
14.27159299964842
13.661195000167936
13.846370000464958
12.581205999595113
14.857678999760537
14.888757001244812
14.705501000207732
13.393667000855203
15.143025000725174
14.687781000247924
14.89178100018762
14.040972000657348
13.920352999775787
14.491904999886174
14.733650999914971
14.210200000889017
14.522593999572564
14.99361500100349
14.46444899920607
14.121834001343814
13.871860999643104
14.204356000846019
15.09702300063509
13.541489000999718
14.055579000341822
14.145137000014074
14.48404499933531
13.746771999649354
14.019255000675912
14.410488000066835
13.549526998758665
14.196869000443257
15.011952998975175
14.385096999831148
13.382356000875006
15.042257000459358
14.24541800042789
13.25539299978118
13.496035000571283
14.571863001037855
13.641393999932916
13.99266800035548
14.114417999735451
13.376816001255065
14.403101999050705
13.20301900159393
13.946941999165574
13.860606000889675
13.231097000243608
13.133659000232
12.715521001155139
13.849365999703878
10.477028001332656
12.499800001023686
11.691871000948595
13.328864000868634
13.328439999895636
12.277124000320327
13.262002999908873
12.358744999801274
14.185881000230438
10.522619999392191
12.94964400040044
14.599404001273797
13.50060000004305
13.30570699974487
13.083265999739524
12.794141999620479
12.641573999644606
11.978523998550372
14.841610000075889
13.417787000435055
13.999475999298738
12.641598999834969
13.40588499988371
14.161607999994885
12.630495000848896
13.822700000673649
13.623418999486603
12.921716999699129
14.19935100057046
14.381476999915321
14.304225000159931
14.142373998765834
14.561807000063709
13.548700999308494
14.602593999370583
14.393047998964903
13.765318999503506
13.571268000305281
14.19384499968146
14.03392599968356
14.330685000459198
14.350465999086737
13.22618799895281
13.522786000976339
14.134848999674432
13.666083999851253
13.837979999152594
14.501539999400848
14.195031000781455
14.030886000909959
14.13753000088036
14.417418000448379
14.054015999136027
14.479560999461683
13.985400999445119
13.485620000210474
12.986204999833717
13.241333001133171
13.331110998478835
14.248362998841912
14.02340000095137
14.072469000893761
13.566260999141377
13.725978000366013
14.249108000512933
13.361051000174484
13.893547000407125
14.448392999838688
14.388087000043015
13.667515000634012
13.592463999884785
14.162729001327534
13.51569600046787
14.132433001577738
14.068387001316296
14.387016999535263
13.446368000586517
14.484139001069707
14.762253000299097
14.811686000030022
13.353156000448507
14.289094000559999
14.622124999732478
13.678356001037173
13.230442000349285
14.027797999005998
13.75046299835958
13.222126999608008
13.526742999601993
13.601683000160847
14.08819000062067
14.05425600023591
14.30547000018123
14.202966000084416
13.955508000435657
13.32720599930326
12.866925000707852
13.913574000980589
13.94289400013804
14.243633000660338
13.806098999339156
14.410263000172563
13.679625999429845
13.877835999664967
14.109117999396403
13.682056000106968
14.33983700007957
15.12723899941193
14.541190001182258
14.26676000119187
14.602958000978106
14.700818001074367
14.01124299991352
14.627542999733123
13.936045001173625
15.260562000548816
14.184071998897707
14.428739001232316
13.989253999170614
14.483988999927533
14.755369000340579
13.435179000225617
13.605785001345794
14.035086000149022
14.494466000542161
12.787933999788947
14.14737800041621
13.52468100049009
14.075147999392357
13.768618999165483
13.471398000547197
14.084218000789406
13.655110999025055
13.569206999818562
14.616974998716614
14.20843599953514
13.607688000774942
13.680965001185541
14.658496000265586
14.534441999785486
13.78633400054241
14.421152000068105
13.674550000359886
13.812254999720608
13.93780299986247
14.141984000161756
14.631181000368088
14.649512000687537
14.03724599913403
13.872286999685457
14.045906998944702
13.622754000607529
13.819129999319557
14.1533559999516
13.552136999351205
13.242863000414218
14.568242000677856
14.078677999350475
14.020860000528046
14.364851998834638
14.637345999290119
14.877532999889809
14.883203000863432
15.210410998406587
14.205931998731103
13.67205600035959
13.507060999472742
14.45067900021968
12.789148999218014
10.990544000378577
11.803109000538825
12.636433000807301
11.139018999529071
11.140567999973428
13.253031000203919
14.143663000140805
13.866307999705896
15.084403999935603
14.053002998480224
14.30329399954644
14.731477000168525
14.55664500099374
14.592878998882952
14.218116000847658
13.94884399996954
13.962893001007615
12.626854000700405
14.211372999852756
13.925803001257009
13.950604001365718
14.470119000179693
14.343577000545338
13.313622999703512
14.263494000260835
13.753151999480906
14.05851199888275
13.595104001069558
14.966786000513821
13.96561999899859
14.315079999505542
13.861023000572459
14.189581999744405
14.49621599931561
12.570962999234325
14.808654999797
13.795434999337886
14.189096998961759
14.334433999465546
13.679686999239493
13.840380999681656
13.86733099934645
14.239296999221551
14.038671000889735
12.82266999987769
14.539390998834278
14.289534999988973
14.706886999192648
14.513475998683134
13.878207000743714
14.356002000567969
14.264621000620537
13.821540000208188
14.23104199966474
14.122689999567228
13.23967200005427
14.537282000674168
14.402262999283266
14.811774999543559
14.155950000713347
14.546790998792858
14.596889999666018
14.024625001184177
13.154769998436677
13.565195999035495
14.710167000885122
12.881540998932905
14.752597999176942
14.940564999051276
14.028427000084775
14.080236998779583
13.882777000617352
14.870451999740908
13.68405100038217
14.433499000006123
13.476358999469085
14.692191998619819
13.81584900082089
13.780829000097583
14.394342000741744
14.453390000198851
14.945724000426708
14.40679799998179
13.883937001082813
13.703440999961458
13.230324000687688
14.984161000029417
14.348766000694013
13.948437001090497
13.457417000608984
13.727587000175845
14.316565000626724
14.217231999282376
13.511323999409797
14.551098000083584
13.812459001201205
13.566151999839349
14.102228000410832
14.55138200071815
14.165119999233866
14.657425001132651
15.150908999203239
14.292113999545109
13.946918999863556
14.301945000624983
13.563957001679228
13.12885900006222
13.373216999752913
13.913506998505909
13.925208000728162
14.851886000542436
13.986795998789603
14.16797499950917
13.074812000922975
14.466259999608155
14.466458998867893
13.768533999609645
14.135140001599211
13.92549299998791
13.46557400029269
13.613854000141146
13.798687999951653
14.736037999682594
14.7704179998982
14.308184998299112
14.154274000247824
15.18687600037083
14.586252998924465
14.280313998824568
14.443979000134277
13.843591001204913
14.198381999449339
14.016854998772033
14.324505000331555
14.100702999712666
13.341981000849046
14.036596001460566
15.026946000944008
15.086437000718433
15.287813999748323
14.58388399987598
14.399047000551946
14.376447001268389
14.330194999274681
15.391128001283505
15.674586000386626
14.955403999920236
13.384359999690787
12.41384700006165
13.915468000050168
14.67459600098664
14.644906001194613
13.995204999446287
14.12230899950373
15.506904999710969
14.61698800085287
14.93956499871274
14.367895999384928
14.518161000523833
14.723195999977179
16.39410799907637
13.947253999504028
14.594297999792616
14.516700999593013
14.888047000567894
14.45589899958577
14.740653999979259
14.578080999854137
15.564158999040956
14.227851999748964
14.02453599985165
14.055646999622695
13.870998998754658
14.542645001711207
14.079997999942861
13.936023999121971
14.339577999635367
13.617819000501186
13.89785300125368
14.713828999447287
13.924689999839757
14.379480000570766
14.117283999439678
14.162596000460326
14.302829998996458
14.242768000258366
13.82605000071635
14.8308799998631
14.214352999260882
15.207383999950252
14.634404000389623
13.227042998551042
10.891520998484339
14.644484999735141
14.267595999626792
14.87610199910705
15.230836001137504
14.094995998675586
14.099422000072082
14.270056000896147
13.461061000271002
14.31743099965388
14.261374999477994
14.304419000836788
14.856849000352668
14.763077000679914
13.988529999551247
13.973838998936117
14.358586999151157
14.471084999968298
14.519946000291384
14.241363000110141
14.918098000634927
14.468654999291175
14.459407999311225
13.57707899842353
12.89008900130284
14.089579000938102
14.099137999437517
14.042277000044123
14.232292998713092
14.210511000783299
12.990923998586368
13.49674899938691
14.409428000362823
13.791769999443204
14.312489000076312
13.856605999535532
14.063076998354518
13.542251999751898
14.44923800045217
14.210211998943123
14.118188000793452
15.339121999204508
14.422564001506544
14.606267999624833
11.486583998703281
13.137874000676675
14.142625001113629
14.285385999755817
13.433288000669563
14.500119999866001
14.415818000998115
13.716780998947797
13.940970000476227
14.349611001307494
13.172895000025164
14.218938000340131
14.448967000134871
15.438449001521803
14.547535000019707
14.01795600031619
14.721788000315428
15.096174000063911
15.055376999953296
14.47791399914422
14.855560999421868
14.76001700029883
14.780719999180292
14.210331999493064
14.836201000434812
15.20114699997066
14.130423000096926
14.15065100081847
14.24766499985708
14.054577000933932
13.41823800066777
14.807059998929617
15.335378999225213
14.644443999713985
14.013211000929005
14.742231998752686
14.013318001161679
13.868074000129127
15.064518000144744
14.35929500075872
13.701256999411271
14.905205000104615
14.105458998528775
14.403088000108255
12.500319999162457
13.532106000639033
13.145194001481286
14.939873999537667
14.525161001074594
15.499631999773555
14.337336000608047
14.754719000848127
14.110288000665605
14.175870999679319
13.604535000922624
13.922643000114476
14.199590999851353
14.325677999295294
14.989702998718712
15.325295000366168
14.233222000257229
15.622423999957391
14.948113999707857
14.892870000039693
14.585667999199359
14.777824999328004
14.065397999729612
14.37036900097155
13.724027001444483
11.90813199900731
12.93260599959467
14.361056000780081
13.373658999626059
14.45689600041078
13.996835001307772
13.759149000179605
15.529375999904005
14.32708399988769
15.014241998869693
15.110575001017423
14.738739000677015
13.542532999053947
13.706316000025254
13.898825000069337
13.571041999966837
14.16808000067249
13.981205000163754
14.732943000126397
14.975652000430273
14.159161000861786
13.36236999850371
14.253680999900098
14.104908999797772
13.907201999245444
14.062157000807929
13.527822999094496
13.848869999492308
13.82078200003889
13.909792000049492
14.222637999409926
14.409782999791787
13.879082000130438
14.145524999548797
13.66726599917456
14.607871000407613
14.392164999662782
13.899968000259832
13.03993100009393
14.67429100011941
12.770748000548338
14.635029998316895
15.017747000456438
14.165749000312644
14.799000000493834
14.17787999889697
15.142272000957746
13.497769999958109
14.850903999104048
14.982022999902256
15.364380000391975
14.32177300011972
13.88755200059677
13.523900999643956
13.71970699983649
13.609412999358028
14.011324999955832
13.42683099937858
13.496999999915715
14.563311000529211
14.14714900056424
14.901562999511953
13.845819999914966
13.845351999407285
13.46058799936145
14.39919699987513
13.373576999583747
14.051897000172175
14.077049998377333
14.119759000095655
13.876520999474451
14.707931999510038
14.391011998668546
14.203841999915312
14.032976998350932
13.511360000848072
14.645785000539036
14.040299000043888
13.144198999725631
14.189792000252055
14.36823100084439
13.985699999466306
13.469449000695022
14.017970999702811
13.972328999443562
14.20128400059184
14.301084000180708
14.019805999851087
14.063591999729397
13.121824000336346
14.619314999436028
13.96222299990768
13.157429999409942
14.289197000834974
14.87334000012197
14.997037000284763
14.077560999794514
13.720392000323045
13.917221998781315
14.491481000732165
13.185776000682381
14.618962000895408
14.438132000577752
14.403240000319784
13.208245998612256
14.473981000264757
14.078152998990845
13.972998998724506
14.583502999812481
14.125248999334872
13.608450999527122
14.610783999160049
14.376392000485794
14.83545600058278
14.611893000619602
14.881752000292181
13.951314000223647
14.191602000209969
14.709297000081278
13.294517000758788
13.946663999377051
13.985164998302935
13.15249999970547
13.470883000991307
14.060253000934608
13.764470999376499
14.37658599934366
14.145060000373633
14.777808000872028
14.438769001571927
14.533314000800601
13.576612998804194
14.339730001665885
13.413754999419325
13.308375999258715
13.9409240000532
13.907945000028121
14.285132998338668
13.840366000295035
13.832760998411686
13.654430000315187
13.79494100001466
13.935883000158356
14.960160000555334
14.02856300046551
13.579407999714022
13.563427000917727
13.699975001145503
13.775809000435402
14.266972999394056
14.246931999878143
14.15181999982451
13.415078001344227
14.060266999877058
14.114239000264206
14.580216000467772
13.398009999946225
13.669935000507394
13.904691999414354
13.96042400119768
14.39614800074196
14.131369000097038
14.591223998650094
15.089410999280517
14.238277000913513
14.455618998908903
14.09577599952172
13.921156998549122
14.243786999941221
14.177301000017906
13.217215000622673
13.902004999181372
14.008367999849725
14.190310999765643
14.229316000637482
13.84795000012673
13.632383999720332
13.318875000550179
11.822567999843159
12.554691998957423
9.761885999978404
9.733025999594247
13.819678999425378
12.084297000910738
12.393737000820693
14.011246001246036
11.231850001422572
10.866480999538908
10.14824899903033
13.260872001410462
13.8437800014799
11.980933999439003
11.897533000592375
12.763785000061034
13.785328999802005
13.29931300097087
13.98876500024926
13.04929700017965
12.574321001011413
12.48307800051407
14.014686001246446
12.940103000801173
12.974394001503242
13.210291999712354
13.577948000602191
14.259399000366102
13.868086000002222
13.415742001598119
14.002221998453024
13.8417380003375
13.64589500008151
13.725542999964091
13.75589800045418
12.97873000112304
13.683765999303432
13.21202199869731
14.15880499916966
14.77633399917977
14.119668998318957
13.755126999967615
13.63328500156058
13.992239999424783
13.873855999918305
13.979630000903853
13.456348999170586
13.24593699973775
14.422078000279726
13.215621998824645
13.287308000144549
14.138749998892308
13.268118000269169
13.909467999837943
13.903917000789079
13.364125999942189
9.98298600097769
12.977050999325002
14.113430999714183
12.302731000090716
14.778188999116537
15.980068999851937
15.259010999216116
15.26857499993639
15.085807999639655
14.439268999922206
14.663301000837237
14.800273998844204
13.82916100010334
14.37303600141604
15.14474100076768
14.066327999898931
15.038575998914894
14.839960998870083
15.380151000499609
14.119109000603203
14.34206100020674
13.667470000655157
14.744177999091335
14.819250000073225
14.510449998851982
14.619743998991908
14.12065400108986
14.354639999510255
14.699548999487888
14.343553000799147
13.984639999762294
14.070403000005172
13.858920001439401
14.03170699995826
14.096629000050598
13.93050299884635
14.15473999986716
13.369500999033335
14.01494099991396
14.007474999743863
14.222522000636673
13.670741000169073
14.002003999848966
14.32975600073405
13.66602499911096
14.123054999799933
13.725631999477628
13.911296999140177
12.960443998963456
13.32252999964112
14.046176000192645
13.402466998741147
13.99128399862093
12.223691001054249
14.521410999805084
13.938034000602784
13.963978999527171
14.646280000306433
13.719667000259506
13.810440001179813
13.499103999492945
13.392002001637593
14.122329001111211
14.153980000628508
13.560241999584832
14.084868000281858
13.621025000247755
13.82826900044165
13.903942000979441
13.826215999870328
14.050417001271853
13.413902999673155
14.749422000022605
14.351927000461728
14.403908000531374
16.113848998429603
14.337185000840691
14.227632000256563
14.237233001040295
14.268154000092181
13.762292999672354
14.202007001586026
14.779004000956775
14.615248999689356
13.6209840002266
13.664295000126003
14.293293999799062
14.80376000108663
13.262092999866582
14.455943999564624
13.68781100063643
13.961099999505677
14.04665100017155
15.081073999681394
14.338570999825606
14.519350999762537
13.878411999030504
13.7302279999858
13.793588001135504
13.905193000027793
13.790667999273865
14.182709999658982
14.199491999534075
14.465180000115652
14.286372999777086
13.314854999407544
13.310035001268261
13.813164001476252
12.275543000214384
13.73161199990136
14.386927001396543
14.233642999897711
14.0008559992566
14.08530300068378
14.083407999351039
14.739312999154208
13.849860999471275
13.799868000205606
14.029597001353977
13.453788000333589
14.163480000206619
14.406357999177999
14.228452000679681
13.50194999940868
13.626374000523356
14.196300999174127
13.898391000111587
14.249603000280331
14.491374999124673
14.153957999951672
14.288084999861894
14.03287600078329
13.612103000923526
13.717836000068928
10.361194999859435
12.039855999319116
11.079107000114163
12.102470000172616
11.26949899844476
15.294393999283784
14.440699000260793
14.25554299930809
14.33672599887359
14.528816998790717
14.910382999005378
14.24449699879915
14.780690000407049
13.53051600017352
14.292248999481671
14.346150999699603
14.229882001018268
13.525975999073125
14.16463100031251
14.109304000157863
14.398274000996025
14.347571001053439
14.444997999817133
14.063392000025488
14.544980998834944
13.670795000507496
13.653793999765185
13.968715000373777
14.657266001449898
13.419987999441219
13.678760999027872
13.479965000442462
14.115269999820157
15.040366999528487
14.076280000153929
13.814716998240328
14.373676000104751
14.393837998795789
13.858696000170312
13.778423999610823
14.410206998945796
13.543887000196264
14.30224899922905
13.563774000431295
13.876961998903425
13.265063000289956
13.359239999772399
13.834144998327247
13.55499300007068
13.518046000172035
14.025540998773067
13.633533999382053
15.28493499972683
14.334084999063634
14.308359999631648
14.731258999745478
13.524120000511175
17.13625999946089
15.709302999312058
14.144609000140917
14.862146999803372
13.54003000051307
14.770609999686712
16.931693000515224
16.51014200069767
14.228934000129811
12.132327001381782
17.714437999529764
13.848010999936378
14.855640998575836
14.915603000190458
14.507061001495458
14.13972899899818
14.050087000214262
14.839716999631491
12.976890000572894
13.464768999256194
13.437403000352788
13.675870999577455
13.794923999739694
14.907237999068457
15.204516999801854
14.470158999756677
14.998345999629237
14.562582000507973
14.366348999828915
13.969129000543035
13.915419000113616
14.178090999848791
13.630358998852898
14.684960999147734
13.998144999277429
14.158500000121421
14.188051000019186
13.808929001243087
14.8284649985726
12.77800200114143
13.737018000028911
13.539041001422447
14.460438998867176
13.275994000650826
13.288553000165848
10.775998000099207
13.05630099886912
12.401932001012028
11.533150000104797
12.612663000254543
10.811218999151606
10.049485001218272
14.614274001360172
11.965074001636822
12.982734999241075
14.030156999069732
11.61742699878232
12.709020998954657
12.117377998947632
10.040264000053867
11.306664000585442
12.709496000752551
12.145269000029657
12.307733999477932
12.730165999528253
12.406666999595473
9.865509999144706
13.078797001071507
10.47717800065584
11.639803000434767
11.996414999885019
12.929091999467346
9.785476999240927
14.103891000559088
13.98919500024931
13.189689998398535
13.533160999941174
14.539422001689672
14.766551999855437
13.679666000825819
13.3741560002818
13.822843000525609
13.995174998854054
13.23094500003208
13.539339999624644
13.830408999638166
13.489332999597536
13.555048999478458
14.477939999778755
14.111618000242743
14.839162000498618
14.152241999909165
14.436170999033493
14.692996999656316
13.569983000706998
14.059838998946361
13.928488000601646
13.65518999955384
14.475218998995842
14.743818999704672
13.778717000604956
14.532142000462045
14.048588998775813
14.076411000132794
14.659514999948442
13.857801000995096
14.133288999801152
14.43753900093725
14.03827699868998
14.408648001335678
13.865950999388588
14.713517000927823
14.512981999359909
14.237304998459877
12.522930001068744
13.815971000440186
14.085478000197327
13.987754999106983
13.703526001336286
14.061749001484714
13.89906499935023
13.437135999993188
14.344385999720544
14.342615999339614
14.60067399966647
14.105900001595728
14.972164999562665
14.465580999967642
13.721948000238626
13.982734999444801
14.10875900000974
14.230277000024216
14.727473000675673
14.032909999514231
14.049252000404522
13.511869001376908
13.539642000978347
14.400153000678984
14.658981001048232
13.587097999334219
14.203356000507483
14.97702000051504
14.588668000214966
14.48676000109117
14.274994000516017
14.20058199983032
14.06464300089283
14.273773000240908
16.833356999995885
16.545738000786514
15.886856999713928
14.214344000720303
15.52925000032701
14.755518001038581
14.884898000673275
13.245867001387523
14.34538600005908
8.364424998944742
13.78872399982356
14.711760999489343
12.86790199992538
11.988095000560861
15.17425100064429
14.704186000017216
14.362498999616946
14.396371001566877
13.992653000968858
13.495369999873219
14.42650799981493
14.028690000486677
15.62415499938652
13.359086999116698
15.629188001184957
15.593113999784691
15.87936699979764
15.983059000063804
15.283626000382355
15.441165000083856
14.948390000427025
13.703766000617179
13.763078000920359
14.214432001608657
14.625898000304005
14.333815001009498
14.284544000474853
14.316937000330654
14.021855999089894
14.166431999910856
13.386745999014238
14.621732998421066
14.287214999058051
14.227190999008599
14.323224999316153
13.830989999405574
14.47880100022303
13.795348999337875
10.32410500010883
11.004113999661058
11.81890899897553
11.093966000771616
11.550450999493478
11.659113999485271
10.423216999697615
12.880100999609567
15.793171000041184
11.212231000172324
13.658564999786904
13.72240799901192
14.901702999850386
14.554962001056992
13.5547919999226
13.734846999795991
13.807211998937419
13.892863000364741
14.559580999048194
14.524203999826568
14.144325999950524
15.006535999418702
15.311355000449112
13.304496000273502
14.763646000574226
14.450118000240764
13.73260899890738
14.079327000217745
14.779909999560914
14.508473001114908
15.77804899898183
16.241352999713854
17.99980699979642
17.235204000826343
18.328055999518256
17.314585998974508
16.312024999933783
16.574332999880426
17.09424000000581
19.050525001148344
16.718762999516912
17.675477000011597
18.18236200051615
16.748607999033993
14.32838599976094
15.076919000421185
14.37028799955442
14.68846599891549
14.673204999780864
15.139130000534351
13.996114999827114
15.043065999634564
14.687430000776658
13.616793999972288
14.484408999123843
12.741251999614178
14.548707000358263
15.115419000721886
15.692066001065541
17.160561999844504
15.34978699964995
15.763151999635738
16.003589000320062
16.45792999988771
15.381316999992123
13.544511000873172
13.900392999858013
15.664315998947131
15.704976998677012
14.612653998483438
15.486979998968309
14.258253999287263
14.235712000299827
13.27728399883199
14.422557998841512
14.447449999352102
14.127467999060173
13.477677000992117
14.052926999283955
13.701150999622769
14.513285999782966
14.452059000177542
13.946483999461634
15.04309699885198
14.489609999145614
13.875291999283945
13.973263998195762
14.337298000100418
13.856170000508428
13.894642999730422
14.399738998690736
14.750110000022687
13.806708999254624
13.8071220007987
14.027985000211629
14.09301800049434
13.349595001272974
13.89371700133779
13.059701001111534
13.949414000308025
14.388607000000775
15.550052001344739
13.745297999776085
15.234562000841834
13.843573000485776
14.413360999242286
14.417538999623503
13.875740000003134
13.627485001052264
14.779457998884027
14.830023999820696
13.96094400115544
14.460828999290243
14.335636999021517
14.354805998664233
13.83554000130971
13.96146399929421
14.411527999982354
14.090258999203797
14.370476999829407
14.617664000979858
13.989854998726514
14.417567999771563
14.529510999636841
14.900402999046491
14.39259799917636
14.106069000263233
14.6298649997334
15.115107999008615
15.226792998873862
14.124991999779013
14.030517000719556
13.700798001082148
14.113089000602486
14.505552999253268
14.728416999787441
13.798674999634386
14.087842999288114
14.61079399996379
14.521423001497169
13.567672000135644
13.651765000759042
14.44859900038864
13.870872000552481
14.012325000294368
14.214181999705033
14.38344700000016
14.230243999918457
13.63861899881158
14.589700998840271
14.054176999707124
13.719496000703657
12.867793000623351
14.482349999525468
13.859279999451246
14.096679000431322
15.391119999549119
14.004585998918628
13.889652000216302
13.720431999900029
13.712952000787482
14.113969999016263
14.345659999889904
13.709761999052716
13.979714998640702
13.867433999621426
14.011646000653855
13.20486999975401
13.890292000724003
14.300306000222918
14.62565200017707
14.384677000634838
14.408368000658811
14.246753000406898
14.144122000288917
14.375056000062614
13.905121999414405
14.287744001194369
13.944813001216971
13.440852999337949
13.709361999644898
13.642525000250316
13.729676998991636
13.729795999097405
13.893133000237867
14.451627999733319
13.549131999752717
13.75627900051768
14.018974999999045
14.001355000800686
13.362226000026567
14.189700999850174
13.814899999488262
14.043045999642345
14.79572000062035
13.603087998490082
14.246697999624303
13.99764499910816
13.895123000111198
14.568212000085623
14.495755000098143
13.918622000346659
14.283447000707383
14.286343999629025
14.44399899992277
14.812694998909137
13.896997001211275
14.71381599913002
14.293784000983578
13.84659500035923
13.312379998751567
14.081668001381331
13.15200899989577
13.101868999001454
13.806060000206344
14.233791998776724
14.571618999980274
14.638509001088096
5.338682000001427
5.2896799988957355
5.149766999238636
5.482447000758839
4.879317999439081
5.230528999163653
5.297411000356078
5.355582999982289
5.347442998754559
5.424405000667321
5.200307999984943
5.348492000848637
5.302913999912562
5.230332000792259
5.058153001300525
5.6639619997440604
5.464986001243233
5.97619100153679
4.975153999112081
5.287030999170383
5.43631400068989
5.806826999105397
5.456576000142377
5.358753000109573
5.182476999834762
5.061875999672338
5.267037999146851
5.285399998683715
5.317601999195176
5.435785000372562
5.097698000099626
5.157783998583909
5.197208000026876
5.185289999644738
5.162585999642033
5.215357999986736
5.45723600043857
5.4735409994464135
4.854337999859126
5.3267359999154
5.663021998771001
5.634803999782889
7.644871999218594
5.608960998870316
5.3311610008677235
5.5363779993058415
5.795736000436591
5.675062999216607
5.2357990007294575
5.683044999386766
5.70757599962235
5.1818070005538175
5.467826000312925
5.711186999178608
5.426140000054147
5.398278999564354
5.306461998770828
5.348407001292799
4.711108000265085
5.207837000853033
5.722375000914326
5.177906001335941
5.4261040004348615
5.111615000714664
5.942054000115604
5.730644001232577
5.544657999053015
5.423405000328785
5.073674001323525
5.221929000981618
5.236498998783645
5.280082999888691
5.563399001403013
5.456887000036659
5.136334999406245
5.575721999775851
5.013533000237658
5.292722999001853
5.463835999762523
5.133315999046317
5.518687001313083
5.416836000222247
5.919444000028307
6.0796420002589
5.5519379984616535
5.4603259995928966
5.331820999344927
5.135035999046522
5.208267999478267
5.647722000503563
5.3567820013995515
5.454086000099778
5.51288799942995
5.246311999144382
5.576939000093262
5.262290000246139
5.551677999392268
5.647312000292004
5.213598000409547
5.44202499986568
5.223744999966584
4.728289000922814
5.392774000938516
5.5123370002547745
5.24561000020185
6.08572499913862
6.294290998994256
5.483310000272468
5.52543699996022
5.1480059992172755
5.145666000316851
5.4770070000813575
5.30296100077976
5.4066390002844855
4.756629999974393
5.6593050012452295
5.391724000219256
5.22705900039
5.205088000366231
5.478895998749067
5.165839998880983
5.355041999791865
5.524217998754466
5.090964999908465
5.133637998369522
5.23607700051798
5.179866000617039
5.4852070006745635
5.297371000779094
5.366593000871944
5.8260870009689825
5.49821200002043
5.063648000941612
5.329505000190693
5.3436119997058995
5.382542998631834
4.805626000234042
5.265285999485059
4.92320400007884
5.59577999956673
5.399597001087386
5.288711001412594
5.447274999824003
5.251632001090911
5.115546000524773
5.153128999154433
5.671732000337215
5.262909999146359
5.387666000387981
5.527598999833572
5.390083000747836
5.645680999805336
5.5868990002636565
5.19161800002621
5.53792800019437
5.205132998526096
5.365687999073998
5.2600899998651585
5.202607999308384
5.343774999346351
5.172096000023885
5.2207009994162945
5.324028999893926
5.2929530011169845
5.8864090005954495
5.353221999030211
5.21432899950014
5.214077998971334
5.253119001281448
5.254202000287478
5.432365000160644
5.717333999200491
5.597490000582184
5.378674000894534
5.048013999839895
5.272349999358994
5.570287999944412
5.189790999793331
5.225106000580126
5.1636370008054655
5.49440899885667
5.257193000943516
5.597162000412936
5.312885999956052
6.002874999467167
5.999204999170615
5.475809000927256
4.9576259989407845
5.209232998822699
5.564993998632417
5.089914000564022
5.475945999933174
4.873018000580487
5.089615000542835
5.551749000005657
5.507047000719467
5.197779999434715
5.300130998875829
4.958864999935031
5.292015001032269
5.303142999764532
5.150999000761658
5.168416999367764
5.198008999286685
5.527280000023893
5.718274000173551
5.162615998415276
5.56200900064141
5.081154000436072
5.276862999380683
5.405174000770785
4.951781000272604
5.198798000492388
5.641022999043344
4.956191000019317
5.507767000381136
4.9666209997667465
5.000740999093978
5.229048001638148
5.572021998887067
5.265456999040907
5.042814000262297
5.563968999922508
5.359532999136718
5.157318999408744
5.148827000084566
5.211040999711258
5.340812000213191
5.303511999954935
4.99034099993878
5.33047200042347
5.050855001172749
5.255318999843439
5.114094999953522
5.324361998646054
5.2897900004609255
5.574564000198734
5.392839000705862
4.9884909985848935
5.261529999188497
5.270899999231915
5.336578000424197
4.923544000121183
5.306480999934138
5.141898000147194
5.035030999351875
5.406954998761648
5.051852998803952
5.52280800002336
5.254259000139427
5.493007000040961
5.256989999907091
5.397396000262233
5.366859999412554
5.859947999852011
5.413233999206568
5.553818999032956
5.299740998452762
5.503010001120856
5.555608999202377
4.836739999518613
5.350285000531585
5.484466999405413
5.46119599857775
5.12239599993336
5.412288999650627
5.084448999696178
5.261770000288379
5.345741999917664
5.094277999887709
5.369722999603255
5.364578000808251
5.439660000774893
5.372773000999587
5.293563999657636
5.0916650016006315
5.202658001508098
5.4692880003130995
5.28808399940317
4.995477000193205
4.940370001349947
5.478576998939388
5.272341999443597
4.801166000106605
4.997591999199358
5.1962789984827396
5.144865999682224
5.142386000443366
5.226528999628499
5.275934998280718
5.026346998420195
5.349592000129633
5.4348949997802265
5.153646998223849
5.181657999855815
4.987803000403801
5.438181999124936
5.668922000040766
5.501095998624805
5.475216999911936
5.176856999241863
5.35517299977073
5.461597998873913
5.176287999347551
5.678552000972559
5.077173998870421
5.179820000194013
5.289760998493875
5.330412999683176
5.415254001491121
5.389173998992192
5.368878000808763
14.78605400006927
14.803178999500233
11.019924999345676
14.134430000922293
13.577481999163865
13.780908000626368
14.140889999907813
14.194121000400628
14.264068000557018
12.792948000424076
13.458547999107395
14.537036999172415
14.57224200021301
14.688461000332609
13.621124000565032
13.047350999841
13.707501000681077
13.521209999453276
14.856247000352596
13.618098999359063
13.827279999532038
13.72410600015428
14.612699000281282
13.396106998698087
14.526372000545962
14.226512999812257
14.898322999215452
13.92687200132059
12.985309998839512
14.015786999152624
14.315774000351666
14.841385000181617
14.590794000469032
14.240013000744511
14.206121000825078
14.431854000577005
14.327849999972386
14.915437999661663
14.329415000247536
14.127783999356325
14.795134000451071
14.16599499862059
13.837079999575508
14.171299999361509
14.51575000101002
13.992539999890141
13.947319001090364
15.052126998853055
14.469980000285432
13.85263100019074
14.716646999659133
14.364396000019042
14.251803000661312
13.94123799946101
14.242286999433418
13.963409001007676
13.877211000362877
15.035323000120115
14.370621000125539
13.286198000059812
15.061447000334738
15.238072999636643
13.485960998878
14.019675001691212
13.59099199908087
13.958343999547651
13.970609999887529
14.44513499882305
14.253532999646268
14.043581000805716
14.235206999728689
14.092157998675248
13.516170000002603
14.378156000020681
13.60213299994939
14.42368800053373
14.390687001650804
14.467478000369738
14.892897999743582
13.515331000235165
14.178405999700772
15.396418000818812
14.660390001154155
14.256191001550178
14.941112000087742
15.741687999252463
14.602323999497457
14.258973998948932
13.865901000826852
15.12191899928439
13.911113999711233
14.215231998605304
14.529246000165585
13.504935001037666
14.169500000207336
13.748787001532037
13.857571000698954
14.754793000975042
12.83017999958247
13.689330999113736
14.395286998478696
14.374426998983836
14.587633000701317
14.38770800086786
14.59381299900997
14.734127000338049
14.180550999299157
15.366347000963287
13.125559000400244
13.988955000968417
14.123078999546124
13.733839001361048
13.788551001198357
14.092802000959637
14.232972000172595
14.050265999685507
14.329884999824571
14.602102999560884
14.69532699957199
13.926147999882232
14.250227999582421
14.205240999217494
13.169969999580644
13.927703999797814
14.644886001406121
14.948804000596283
14.077957999688806
14.289707998614176
14.844261000689585
14.147084000796895
14.585812999939662
14.378716999999597
14.225131999410223
13.535670999772265
14.603243998863036
14.643284999692696
14.099608999458724
14.052026999706868
14.346445999763091
14.025075999597902
14.714932998685981
13.884666999729234
14.115893998678075
14.201045998561312
15.504491000683629
14.617943999837735
15.637635999155464
13.67055799892114
14.33706500029075
13.290664001033292
13.350035000257776
14.719863000209443
13.938497999333777
14.269033999880776
14.546120999511913
14.486411000689259
13.741638000283274
13.39581699903647
13.352515999940806
13.247950999357272
14.409552999495645
14.523836000080337
13.641335001011612
14.942273999622557
14.61486399966816
14.523402000122587
15.018404999864288
15.089238999280497
13.094468000417692
13.821840000673546
14.275564000854502
14.039346999197733
13.940212998932111
15.010336999694118
13.918651999119902
14.334637999127153
14.25986600042961
13.041825999607681
13.870744998712325
14.404552000996773
14.661603001513868
14.437717998589505
14.862562000416801
13.882152001315262
14.738538000528933
15.137264999793842
14.006940999024664
14.57866500095406
14.376646999153309
14.050616999156773
14.077757999984897
15.352406999227242
14.013515999977244
14.633319999120431
14.37256400095066
14.149558999633882
14.171460001307423
13.588413001343724
14.152390000162995
14.006559000335983
19.955163999838987
22.373809000782785
21.03008200174372
19.173787999534397
19.05574800002796
25.190795000526123
35.463738000544254
29.438214000037988
31.529677000435186
18.519433000619756
17.478100999142043
13.740727001277264
13.564635000875569
13.963784000225132
14.437158999498934
13.25626200014085
13.55405300091661
14.541612001266913
13.710487999560428
13.103729999784264
13.755129999481142
13.147929999831831
14.172110999425058
13.576147001003847
13.615899000797071
13.737728000705829
13.763517999905162
13.785011000436498
14.02995599892165
14.424987999518635
14.247625000280095
14.59867499943357
13.8073420002911
14.702334001412964
14.11397799893166
13.348727999982657
13.941614000941627
14.539162000801298
14.42918899920187
15.414747000249918
14.056097001230228
14.94928399915807
14.012105999427149
14.312857998447726
13.834478000717354
14.287013000284787
14.071797000724473
13.776108999081771
14.885061998938909
14.934264998373692
14.272931999585126
14.432477999434923
13.483299999279552
14.442099000007147
13.77399000011792
14.439657999901101
13.891094999053166
14.17057099934027
13.133559001289541
15.852402000746224
13.231072000053246
10.486949000551249
11.853880001581274
8.742365000216523
13.012538000111817
12.520569998741848
12.934301999848685
11.541349998879014
12.94156599942653
14.829580999503378
14.31210700138763
14.134340000964585
14.171079999869107
14.609832998758066
13.38705699890852
14.978954999605776
13.580001999798696
14.781829000639846
14.961455000957358
14.91488300052879
14.250873000491993
14.494090999505715
15.254133999405894
14.19111599898315
13.626911000756081
14.47885900051915
14.020673999766586
12.570581000545644
14.168829999107402
13.706156998523511
14.659645999927307
13.24685300096462
13.721527000598144
13.639245000376832
13.973074999739765
13.869471000361955
13.757582999460283
14.678391000416013
14.295763998234179
14.962463999836473
15.042801998788491
13.446525999825099
14.976233998822863
14.670378001028439
15.063875000123517
14.820070000496344
14.187921000484494
13.947663001090405
14.158031000988558
13.823653000144986
14.408249000553042
13.201239999034442
13.967560000310186
13.660215001436882
14.74308800061408
14.30505399912363
14.182349999828148
14.129719998891233
13.97232400086068
14.348575999974855
15.390562999527901
14.394593999895733
14.8234610005602
13.773767999737174
14.302783998573432
14.148319000014453
15.173051999227027
14.160720000290894
13.780354000118678
14.070395000089775
16.35070399970573
15.194360999885248
15.116349999516387
15.541384000243852
15.672903000449878
14.307497000118019
14.525971999319154
15.946543999234564
16.360616000383743
14.265926000007312
14.613731000281405
14.258953000535257
14.549503001035191
13.865064000128768
13.86634299888101
13.775908000752679
14.348566000990104
13.590986000053817
14.68592799938051
15.039658999739913
13.399089000813547
13.87739400161081
14.121088999672793
14.108409000982647
13.52061100078572
14.119091998509248
14.50914199995168
15.206632000626996
14.339016001031268
12.921127001391142
13.738223000473226
14.395325999430497
14.320685999337002
14.493710999886389
14.63052400140441
14.377289000549354
14.244362000681576
14.036947000931832
14.30371400056174
14.061267000215594
14.096281000092858
14.822418001131155
16.42386300045473
14.37521200023184
14.635895000537857
13.73512299869617
15.56454300043697
15.869496999584953
15.31591499951901
14.119868999841856
15.528772000834579
14.732489000380156
14.031967000846635
14.205340999978944
14.427469001020654
14.162229999783449
14.257382999858237
14.179164998495253
14.537561999532045
14.229262000299059
14.535820999299176
14.476160000413074
13.922918000389473
13.630417999593192
14.284086999396095
14.412537000680459
14.425178998862975
13.172921999284881
13.261396999951103
13.825367999743321
15.019614000266301
14.115457999650971
13.554413999372628
14.758448000065982
14.243802001146832
14.66713900117611
14.265270001487806
13.753688999713631
13.974604999020812
13.63538399891695
14.046405998669798
13.484899000104633
12.663515000895131
14.066257001104532
14.263173001381801
13.923593000072287
13.762290000158828
13.87232200067956
14.76665799964394
15.747258999908809
13.269312999909744
14.723656999194645
14.909288000126253
14.280801000495558
13.927079999120906
14.910342000803212
16.102518999105087
13.859475999197457
14.280534000135958
15.159681001023273
15.447988998857909
16.012166001019068
16.548965000765747
14.724463999300497
14.505590999760898
15.077770998686901
14.264166999055305
14.142354999421514
14.38704000065627
13.866793000488542
15.488415001527756
15.084663000379805
15.331406000768766
15.6258639999578
13.89923699935025
14.774276000025566
15.104639000128373
15.534372001638985
15.622023998730583
15.60810500086518
14.49458000024606
14.565393999873777
13.68502500008617
13.996625999425305
13.695785999516374
13.811142998747528
13.401369998973678
14.36831699902541
13.800679000269156
13.676405000296654
14.30270700075198
13.89393099998415
14.246364000428002
14.136459998553619
13.681204998647445
13.12988000063342
13.187419999667327
14.235767001082422
15.11034400027711
15.004176000729785
15.284939001503517
13.784676999421208
15.327882998462883
15.01296700007515
14.135913999780314
14.77102399985597
14.387176999662188
14.268466000430635
13.562091000494547
13.859030999810784
13.919983999585384
14.550920999681694
14.08831799926702
14.718417000040063
14.067508000152884
13.89391699922271
12.910866000311216
14.007454999955371
13.901532998715993
14.553412000168464
13.322345001142821
14.091398001255584
14.652825999291963
14.256112999646575
13.866961000530864
14.591053000913234
14.867011999740498
13.039850999120972
13.117538999722456
14.472405000560684
13.60462400043616
13.264381999761099
13.408086999334046
14.31498400052078
13.89550099884218
13.35485599884123
16.26223499988555
14.349712999319308
14.812641000389704
15.219901999444119
15.10316799976863
14.194347000739072
15.352960999734933
14.655875000244123
14.556303000063053
15.619939998941845
13.593428000604035
14.201050998963183
14.846916999886162
13.661990000400692
13.934434000475449
14.40479799930472
13.73525700000755
14.048006998564233
13.442052999380394
13.395697000305518
13.72639200053527
14.046985999812023
13.448108000375214
13.477194001097814
14.636165000410983
13.887716000681394
14.17327099989052
13.435468001262052
14.231172001018422
13.907223001297098
14.318120000098133
13.99918599963712
14.116734000708675
13.492289999703644
14.189660998454201
14.272678999986965
14.439243999731843
14.146510000500712
14.448083999013761
14.181160999214626
12.984125000002678
13.571347000834066
13.439397998809
14.527781999277067
13.853140000719577
13.68123599968385
14.308385001641
14.58068300053128
14.866557001369074
14.743511999768089
14.390497000931646
15.6509560001723
15.399597999930847
15.690391999669373
14.422854999793344
15.178417001152411
15.153774998907465
14.322495000669733
10.998063999068108
10.039950000646058
10.10898200001975
13.433727999654366
12.891581000076258
12.585223001224222
12.616404001164483
12.148269999670447
11.807209000835428
13.268331998915528
13.827290000335779
14.19205099955434
14.74390899966238
13.909192000937765
14.491001000351389
13.959683001303347
11.497460000100546
14.565072999175754
12.57010200060904
12.399876999552362
11.769896998885088
11.837760001071729
14.697646998683922
15.018086000054609
10.28941299955477
12.81830900006753
15.449630000148318
13.834141000188538
13.581702998635592
14.027396000528825
13.855066001269734
14.038941999388044
13.603465999040054
13.290126998981577
13.808833999064518
13.306079999892972
13.742567000008421
13.098088000333519
14.510914999846136
14.731367999047507
14.21811200088996
13.76538300064567
13.820850001138751
12.85447100053716
13.960878999569104
14.03996599947277
13.15043000067817
13.981494999825372
13.430148001134512
13.684162000572542
13.881271999707678
14.006489998791949
13.443428000755375
13.798789999782457
13.432367999484995
13.338574999579578
13.10396200096875
14.274114000727423
14.396541999303736
13.37748100013414
14.172376000715303
13.19026500095788
14.31628600039403
14.539711000907118
13.427707999653649
14.347426000313135
13.804869000523468
13.952643999800785
14.491611000266857
14.435967999816057
14.208461998350685
13.50060000004305
14.407937000214588
14.904822999596945
14.223651000065729
14.560257999619353
14.072121999561205
14.610363999963738
14.092108000113512
14.859016999253072
14.17621499967936
13.405563000560505
14.166150000164635
14.730312999745365
14.057422000405495
14.014816000781138
13.44001399957051
14.467504001004272
13.873095998860663
14.567778000127873
13.71432100131642
14.619199000662775
14.103693998549716
14.817765000771033
14.075032999244286
13.941604000137886
14.488079999864567
14.253982999434811
14.051666999876034
14.665595001133624
14.790623999942909
13.532962000681437
13.989409000714659
13.404601999354782
13.436608000120032
14.445843000430614
14.669055999547709
13.532660999771906
14.541566999469069
14.105612999628647
15.542041001026519
15.199637000478106
14.099748001171974
14.648570000645122
15.407099001095048
15.939254000841174
16.360621999410796
15.382072000647895
14.105758000368951
14.68642399959208
14.65556800030754
13.959718999103643
15.723974000138696
14.872122001179378
14.572486999895773
13.627693999296753
14.738267000211636
15.581903000565944
15.755358999740565
14.216812000086065
14.96410399886372
14.598554000258446
14.87506200101052
14.487368998743477
15.145061001021531
13.67167500029609
14.428309001232265
14.414387998840539
14.550502000929555
13.547547001508065
14.070261999222566
14.228686999558704
13.576973000454018
13.548901000831393
14.070432998778415
11.559950999071589
14.14983899849176
14.063552998777595
14.538461000483949
14.393916999324574
14.857270998618333
14.309785001387354
14.197180998962722
14.636994999818853
13.964304000182892
14.065736999327783
13.633538999783923
14.289038999777404
14.648536000095191
14.055875999474665
14.564801998858456
14.646266999989166
14.484029999948689
14.373032001458341
14.05124099983368
13.739117999648442
14.646325000285287
14.788258999033133
14.493040000161272
14.521180999508942
14.457069000854972
14.352205000250251
14.227691999622039
14.18912099870795
14.83442000062496
14.68691599984595
13.229062000391423
14.608924999265582
14.751516999240266
14.20238600076118
13.581718001660192
14.238603000194416
14.248442001189687
13.887877001252491
14.524255999276647
13.202521000494016
14.99069000055897
14.064651999433408
13.893261999328388
14.415497998925275
13.997394000398344
14.369206999617745
14.499040000373498
13.68655599981139
14.535151998643414
13.853530001142644
14.597602999856463
13.46212899989041
14.68409600056475
14.534232001096825
13.826980999510852
14.91408200126898
14.173211000525043
14.46904400108906
14.242933000787161
14.421353000216186
14.618373999837786
15.15161099996476
14.300110000476707
12.634738999622641
11.035575000278186
14.58973399894603
13.900092000767472
12.034577001031721
15.378266998595791
13.744648000283632
12.154358999396209
11.248542999965139
10.411015000499901
12.170988999059773
10.761356999864802
10.533803000726039
11.297813000055612
9.972252999432385
13.068246998955146
10.37446599912073
13.348745000257622
12.850360999436816
10.36689400098112
13.253721999717527
13.269363000290468
10.22218100115424
13.421626999843284
10.676044001229457
13.503650001439382
12.791447999916272
10.762407000584062
11.174430001119617
11.397425998438848
10.322873000404797
14.342426000439445
9.11882800028252
10.529170000154409
12.279673999728402
12.843669999710983
10.990175000188174
11.635371000011219
12.504371001341497
12.187269998321426
9.689313999842852
11.818309001682792
10.088428000017302
12.112737998904777
9.920740998495603
9.948922999683418
9.71513500007859
11.52826999896206
11.112906999187544
11.900941000931198
12.829029999920749
10.074416000861675
12.144349000664079
12.94480599972303
12.095826999939163
13.382446999457898
14.113717999862274
14.119675000983989
13.678470000741072
13.001557999814395
13.855514000169933
13.032400998781668
13.723981001021457
13.055114999588113
13.810858999931952
13.742997000008472
13.925131999712903
14.349136999953771
13.746397000431898
12.661695000133477
10.643682999216253
11.742676999347168
12.918581998746959
11.026304999177228
11.145249000037438
11.896920999788563
12.058455000442336
10.805407999214367
11.496078999698511
12.708595999356476
11.77928799916117
8.615093000116758
11.382075999790686
12.004924999928335
11.503629999424447
10.083585999382194
11.944351999773062
11.098406999735744
12.723125999400509
11.291863998849294
11.282613000730635
14.61621500129695
13.69824600078573
11.079365998739377
14.310014999864507
12.09723799911444
12.975433999599773
12.063195999871823
10.429766998640844
12.091386999600218
10.77780800005712
10.627012999975705
10.372325001299032
11.028605000319658
12.21795200035558
9.416666000106488
13.109437999446527
12.076720000550267
12.29581400002644
12.429648000761517
11.98918700174545
12.549725999633665
12.155951999375247
12.327275000643567
11.598382001466234
12.308265000683605
12.35526500022388
13.723346999540809
12.112389000321855
12.220271000842331
13.061707999440841
13.062988999081426
12.232036999193951
13.449323998429463
13.011545001063496
13.815572998282732
12.51900100032799
12.411216999680619
11.828578999484307
12.681497999437852
13.129290999131626
13.806013999783318
13.911459000155446
13.501612998879864
13.65570500092872
14.231861998268869
14.247903000068618
14.507650999803445
14.63302399861277
15.17631199931202
