Messages/sec=73.45
duration_sec=60.013
payload_size_bytes=512000
total_messages=4408
payload_throughput_MiB_sec=35.86
mean_rtt_ms=12.538
median_rtt_ms=13.457
stddev_ms=4.146
min_ms=4.413
max_ms=220.274
---raw_latencies_ms---
7.961561999763944
6.1368659989966545
10.064296000564354
4.964760999428108
9.78404700072133
5.4741490002925275
7.606970999404439
4.431264998856932
6.373583000822691
5.74150499960524
7.450966000760673
7.123875999241136
9.254730999600724
7.907440000053612
12.925631999678444
7.965032000356587
6.632980999711435
12.645724998947117
11.772988000302576
11.631544000920258
11.069111000324483
12.594116999025573
14.026435999767273
18.537953999839374
8.309971999551635
6.889629001307185
7.073135000609909
6.732634999934817
6.755635999070364
6.816600000092876
6.845765999969444
7.029383999906713
6.791986001189798
6.946720999621903
6.84338300015952
6.527806001031422
6.467616000009002
6.727765001414809
6.772004999220371
6.946181998500833
6.866768999316264
6.744928001353401
6.845644998975331
6.845370999144507
6.365404000462149
6.4779370004544035
7.380603001365671
6.535067999720923
6.871271998534212
6.773907000024337
6.992104999881121
5.2067260003241245
5.160708999028429
5.17390700042597
5.275532999803545
4.779705001055845
4.7894749986880925
5.11363099940354
4.917483998724492
4.924671999106067
4.906617001324776
5.328800998540828
5.267919999823789
5.2845099999103695
5.02857299943571
5.451155999253388
4.952070999934222
4.711162999228691
7.02705399999104
17.485641001258045
13.101953001751099
13.606382999569178
13.751231999776792
13.194557001042995
13.595808000900433
14.09551400138298
13.918438000473543
14.227127001504414
12.6609950002603
13.862091000191867
13.503680998837808
13.247127999420627
13.484363998941262
13.199970999266952
13.062297000942635
13.116813999658916
12.84719000068435
11.976563999269274
14.913143000740092
10.274432001097011
10.36614500117139
9.302532000219799
10.418947000289336
9.896210000079009
11.473818000013125
10.651394000888104
10.951272000966128
13.965595000627218
12.180884999906993
13.413912000032724
13.583403000666294
13.088866999169113
13.471849999405094
13.45901800050342
11.356075001458521
12.600382000528043
13.826214999426156
13.571657000284176
13.36194100076682
12.946959001055802
13.423096999758855
13.856630999725894
15.42911900105537
10.184789000049932
11.978262999036815
12.261911999303265
12.320750000071712
11.852145000375458
11.64106400028686
11.85465600065072
11.69453999864345
12.830630001190002
13.416607998806285
14.091553000980639
13.359100999878137
13.547601000027498
13.152909999917028
12.286993000088842
13.793430000077933
13.597922999906586
14.104018000580254
13.081129998681718
13.276112998937606
12.838278998970054
13.738797999394592
13.128855000104522
13.510247001249809
13.830916001097648
12.506375000157277
13.208512000346673
13.61903299948608
13.693202001377358
13.79632499993022
13.14595899930282
13.346161000299617
14.168624999001622
13.111438000123599
13.46876999923552
12.856549999924027
13.665780999872368
13.652814999659313
13.203571001213277
12.944803000209504
13.394741999945836
11.745809000785812
12.538830998892081
13.619104000099469
13.934294000137015
12.414868999258033
14.867764000882744
13.98532999883173
13.137108999217162
13.457160001053126
14.222711999536841
14.125838999461848
13.526720000299974
13.15563999924052
13.222960998973576
13.85377099904872
13.43658799851255
13.883374000215554
14.126546999250422
11.348804999215645
12.076556999090826
9.44983699992008
11.666999000226497
11.203355999896303
12.464508999983082
9.501073000137694
11.930168000617414
12.332784999671276
11.454187999333953
9.799583000130951
11.927736999496119
9.709343999929843
11.779348000345635
9.801549998883274
11.283157000434585
10.85867599977064
12.277153000468388
11.887112999829696
12.647927000216441
11.392889000489959
11.017374999937601
11.877388998982497
11.89043600061268
12.713911999526317
12.525269999969169
12.484790000598878
10.71598599992285
10.560350001469487
11.399872000765754
10.811142999955337
11.314194000078714
10.843558999113156
11.723567000444746
12.851931000113836
12.117030999434064
13.768439001069055
13.530780001019593
13.04383900060202
13.642353998875478
14.129388999208459
13.680125999599113
13.44146900009946
13.216601999374689
12.99077699877671
13.676586000656243
13.543553999625146
13.449228999888874
12.810337999326293
13.230033000581898
13.053005999609013
13.24450500032981
14.06880400099908
13.920842999141314
12.85309200102347
13.411446998361498
13.290036000398686
13.817983000990353
12.35213499967358
13.6737169996195
12.831517000449821
13.525432999813347
13.394085999607341
13.476191999870935
14.169820999086369
12.504981999882148
13.215741000749404
13.48443899951235
14.010164999490371
13.65041399913025
10.110447999977623
13.057366999419173
11.02925499981211
12.279485001272405
13.308992000020226
13.510401000530692
13.288703999933205
12.8893919991242
12.279065998882288
13.837901000442798
13.336693999008276
14.095128999542794
13.030965001235018
13.658955000209971
10.529350000069826
12.54727099876618
11.165969001012854
12.135898999986239
12.158409001131076
10.279443000399624
11.786127999585005
12.759127999743214
13.078416999633191
10.44723800077918
11.632052999630105
10.580762000245159
10.29601200025354
21.638778000124148
27.10331399975985
26.92757299882942
11.678449000100954
10.957153001072584
10.652934000972891
11.856080000143265
12.022645998513326
11.805280999396928
11.507032000736217
12.087536000763066
12.118158998418949
11.8918099997245
11.206680999748642
10.456807000082335
13.534611998693435
13.508129999536322
13.623763999930816
14.356916000906494
13.228312000137521
14.051456999368384
14.302784000392421
13.46848899993347
11.805207999714185
13.415399998848443
13.60745300007693
13.425250001091626
13.88358199983486
13.935762999608414
12.973294000403257
13.79859100052272
13.453378998747212
13.670965001438162
14.165201000650995
13.159269999960088
13.841729998603114
13.984676999825751
14.018706000570091
12.527079999927082
11.95649400142429
13.53781100078777
14.29925699994783
13.473996001266642
13.729050000620191
13.738147001276957
13.461308999467292
13.436528999591246
13.755517000390682
13.214211001468357
13.718905998757691
13.856641999154817
13.641674000609783
13.146440000127768
13.654577000124846
13.830121999490075
13.612347000162117
12.950452999575646
14.00108499910857
13.0097580004076
13.845012999809114
11.896162000994082
11.453867999080103
9.479677999479463
12.734997000734438
10.60227200105146
12.608373999682954
10.503138999411021
11.670104000586434
9.978722999221645
9.987752999222721
12.530541000160156
13.232481998784351
9.350254000310088
11.954633999266662
8.887269999831915
13.226892000602675
10.275372000251082
12.112382999475813
9.484263000558713
14.088767999055563
10.300982999979169
12.392295999234193
8.230620000176714
11.63534300030733
8.052383998801815
9.828098000070895
12.796239001545473
10.417375999168144
8.209850000639562
10.412167001049966
10.378785000284552
9.512889000689029
10.987423000187846
11.418077001508209
11.639072999969358
10.341694000089774
12.144628999521956
9.482928000579705
11.562921999939135
10.036134999609203
10.328574000595836
10.552981000728323
11.70165500116127
11.433447998570045
12.519530000645318
11.637102999884519
14.212824000424007
13.189029999921331
13.611244001367595
13.602932998765027
13.594075000582961
13.59285299986368
13.790811999569996
14.040236001164885
13.738495999859879
13.536491000195383
14.15305999944394
13.84085999961826
14.11396900039108
13.55064100062009
14.054109000426251
12.623915999938617
13.150951999705285
13.394186998993973
13.111330999890924
13.314535000972683
13.773941000181367
13.732154000535957
13.64444499995443
13.714746999539784
14.326915999845369
14.365524999448098
13.22058200094034
13.869634000002407
14.072787000259268
13.371736000408418
13.218754000263289
13.3894570008124
14.002228001118056
13.390819000051124
13.597612000012305
13.222700999904191
13.36161700055527
14.274185999965994
13.906563001000904
13.724428999921656
13.13238900002034
13.785735000055865
13.30032899932121
13.962066999738454
14.395587000763044
14.696176000143168
14.193121000062092
13.805270000375458
13.745399999606889
12.789918999260408
14.211433999662404
13.68979600010789
13.977255999634508
14.2114419995778
14.057109001441859
13.657094999871333
13.30993400006264
13.404818000708474
13.867322999431053
13.579802000094787
14.199391998772626
13.821849999658298
12.630744000489358
13.77692899950489
13.770518000455922
13.658345000294503
13.637334001032286
13.671405000422965
13.506781000614865
13.786778001303901
13.945253000201774
12.805882000975544
13.906472000599024
13.826161000906723
14.331685999422916
14.009145001182333
13.997426000059932
13.436179000564152
13.580442000602488
13.27306600069278
13.855633000275702
13.198005000958801
13.416208001217456
14.59933399928559
14.209273000233225
13.677977998668212
13.473168999553309
13.929765998909716
14.093226998738828
13.11861899921496
13.651705001393566
13.258691998998984
13.36215599985735
14.011445000505773
13.316934999238583
13.804051999613876
14.10084800045297
13.59998600128165
13.23435199992673
14.174920001096325
13.417846999800531
13.596165999842924
14.008015999934287
13.697554999453132
13.836940999681246
13.874981001208653
13.73326700013422
13.207801001044572
13.359066999328206
13.823989998854813
13.553872000557021
13.2496149999497
12.988369000595412
12.93558799989114
13.974195000628242
13.062755999271758
13.112128999637207
13.321077000000514
13.142878999133245
13.017565001064213
13.523621000786079
13.806119000946637
13.31826899877342
13.562156998887076
12.974227998711285
13.786614001219277
13.436578999971971
13.509010001143906
13.78548899992893
13.183515000491752
13.958368999738013
13.527006000003894
13.026029999309685
13.364510999963386
12.602258000697475
13.546170999688911
13.945163000244065
13.088538000374683
13.824849000229733
13.360011000258964
12.519764999524341
13.083637999443454
12.695376000920078
13.389220999670215
13.610523001261754
13.22683699982008
12.923418000355014
14.531512000758084
13.670045000253594
13.909192000937765
13.285488999827066
13.103588000376476
13.630938999995124
13.747562999924412
12.875585000074352
12.751416999890353
13.083032999929856
13.991419999001664
14.12252900081512
13.806205000946647
13.458543999149697
11.642843999652541
12.954573998285923
14.59141299892508
13.467398999637226
13.781788999040145
13.769113000307698
13.891352000428014
13.966918999358313
13.365781000175048
13.811560000249301
13.259302000733442
13.906481999583775
14.10655899962876
13.77757799855317
13.559123000959517
12.84042000042973
13.605062998976791
13.81801499883295
12.896551999801886
13.283627999044256
14.232416999220732
13.00405599977239
12.690460000158055
13.874981999833835
13.557232001403463
13.713397000174155
12.879130999863264
13.225852000687155
13.014865000513964
13.519551999706891
14.414967999982764
13.458664001518628
13.94864800022333
13.670255999386427
14.128570001048502
13.806323999233427
14.403413000763976
13.530161000744556
11.80255800136365
13.839530000041123
13.267538999571116
12.944099000378628
13.396751999607659
13.98199000141176
12.382345999867539
13.793488998999237
14.586907998818788
13.297459001478273
13.810479000312625
12.976314001207356
12.873767000201042
12.996859000850236
13.603202998638153
13.342930000362685
13.963568999315612
13.440198999887798
13.844671000697417
13.45577800020692
14.153834999888204
14.043682000192348
13.614358000268112
13.931808000052115
12.583491999976104
13.213829999585869
13.031697000769782
13.415811999948346
13.49495499925979
12.940322998474585
13.109649000398349
13.829008999891812
14.194481998856645
13.224141999671701
13.324654999451013
14.108579000094323
13.428502999886405
13.704581000638427
13.583212999947136
13.968684001156362
13.735936998273246
13.678274999620044
12.70199499958835
13.503400999979931
12.482218000513967
13.252442000521114
13.631259000248974
14.30068899935577
13.36058599918033
13.540391000788077
13.59305299956759
13.87858199996117
13.584602000264567
13.749567999184364
13.713551001274027
13.739803000134998
14.389661999302916
12.91297700117866
13.097258000925649
12.923931999466731
13.233256999228615
13.05702200079395
14.380816999619128
12.928532998557785
13.54501100104244
13.675344998773653
13.705687000765465
13.418668000667822
14.024935999259469
13.319884999873466
13.885161000871449
14.013510999575374
13.375982000070508
13.448117999359965
13.441777999105398
13.104006999128615
13.096603999656509
13.425047998680384
12.300170999878901
13.26932099982514
12.758730999848922
13.042132999544265
11.106328000096255
11.490181999761262
11.676469999656547
11.766452000301797
13.90714300032414
13.509815998986596
13.811199998599477
14.015096001458005
13.813149998895824
13.619077999464935
14.128314998743008
12.92566299889586
13.441848001093604
13.40164800058119
14.052656999410829
13.755698000750272
15.211756999633508
14.344961000460899
13.9034019994142
13.54790699951991
12.009369000224979
13.791573999696993
13.412952999715344
12.93257199904474
13.234808000561316
14.190506999511854
13.3963419993961
13.891956999941613
13.688174998605973
13.705606001167325
13.960604001113097
13.564532999225776
13.66748500004178
13.47231999898213
13.80894899921259
13.07993799855467
13.652584000737988
13.609473999167676
13.829460000124527
13.293113001054735
13.804025000354159
13.651500001287786
13.527850000173203
14.069168000787613
13.731736999034183
13.048165999862249
13.965254000140703
13.278333000926068
12.736785998640698
13.802544999634847
13.660134000019752
13.13491400105704
13.488029999280116
14.047626000319724
12.920301998747163
13.556702000641963
12.296783999772742
13.621464000607375
12.480168999900343
13.564951999796904
14.41283800158999
13.323724999281694
14.01743600035843
13.303518999236985
12.871705999714322
13.36705600078858
13.595592999990913
13.625633999254205
13.588712999990094
13.688174998605973
13.630325000121957
13.368365998758236
13.997550000567571
13.306524000654463
12.727220999295241
13.41124799910176
13.545810999858077
13.599449001048924
13.118814000335988
11.58559300165507
13.755357000263757
13.645809998706682
13.50954100053059
13.186415999371093
13.576873001511558
13.372321000133525
14.11117299903708
12.789978998625884
13.711441000850755
13.540465999540174
9.353053999802796
14.520361000904813
12.355495000520023
10.111852001500665
12.976809000974754
12.867060999269597
10.600782001347397
12.173499000709853
12.48876999852655
14.518849999149097
10.350025000661844
13.924952998422668
12.408747001245501
12.872230998254963
12.421396999343415
12.902812000902486
12.865790999057936
12.980064999283059
11.972894000791712
13.866791001419188
10.94083300085913
10.265627000990207
9.859254998445977
12.094887000785093
11.900080999112106
11.873051000293344
12.193390000902582
12.051837000399246
11.748487000659225
12.105138001061277
12.030494999635266
11.668993998682708
11.855959999593324
11.86924099965836
11.492044999613427
11.576052000236814
11.199527001735987
11.014444000466028
12.056657000357518
11.314318999211537
12.467574000766035
11.57372700072301
11.513024999658228
11.74877599987667
12.336465000771568
11.904542001502705
11.20292999985395
10.72923600077047
13.5398010006611
12.57729200005997
13.179180999941309
13.714406999497442
8.865968999089091
13.06243699946208
11.310904001220479
13.221651999629103
12.086865999663132
13.137178999386379
10.29504300095141
11.59382300102152
9.924560999934329
10.221491000265814
10.311893000107375
10.969473998557078
11.751468000511522
9.494058000200312
12.979774000996258
13.903942999604624
13.076266999632935
14.138608999928692
13.610613999844645
13.415167999482946
13.429327998892404
13.20536599996558
13.617417998830206
12.63733399900957
13.682716000403161
13.638025000545895
13.677086000825511
14.422296999327955
13.340244999199058
13.498219999746652
13.501389999873936
13.382446999457898
12.492179999753716
13.854950999302673
13.749619000009261
19.288383000457543
21.00633900045068
22.304447998976684
20.600186000592657
13.129870998454862
13.936495000962168
13.354443000935134
13.189490000513615
14.207332000296446
13.742148001256282
13.880181999411434
14.360115999807022
14.279704000728088
13.73092900030315
12.397469999996247
13.253234999865526
13.957252000182052
13.784198001303594
13.302317000125186
13.405417001195019
13.530386000638828
14.399932999367593
11.957372998949722
10.475937999217422
14.073087000724627
10.679463999622385
11.02946500031976
10.349115000281017
12.73376700009976
12.06553699921642
13.82865000050515
11.276373001237516
10.268591999192722
11.765057999582496
7.701423000980867
11.149259000376333
10.605432000375004
12.174259001767496
11.470800998722552
10.912652000115486
12.064679000104661
11.492228999486542
11.978043999988586
11.344434000420733
12.239783000040916
11.59635200019693
11.592812999879243
11.549971000931691
12.274591999812401
11.586602000534185
11.925172999326605
11.54636299906997
11.813918999905582
11.592261000259896
11.650943999484298
12.870910999481566
11.130316999697243
9.707395000077668
10.137327000848018
12.958663999597775
10.160799000004772
9.048705000168411
14.510610000797897
13.837339998644893
13.676536000275519
13.724926000577398
13.945163000244065
13.648183999976027
13.287208999827271
12.723571999231353
13.86735000050976
13.683568000487867
13.891171998693608
13.5068309991766
13.764577999609173
14.225634000467835
13.63111399950867
13.255263000246487
13.560691000748193
13.041799000347964
13.389105999522144
13.526282000384526
14.280903998951544
13.495029999830876
12.974427001609001
14.076337000005879
14.025201000549714
13.761774998783949
13.356584999201004
13.751738999417285
12.30470299924491
14.112019000094733
13.962864999484736
13.952343000710243
13.40928700119548
13.370718999794917
12.947773999258061
13.473920998876565
13.944083999376744
13.434660000712029
12.997665000511915
13.210581999373971
13.487680000253022
13.819440000588656
12.963343000592431
13.588582998636412
13.87751299989759
13.480441999490722
13.456638998832204
13.001893999899039
13.827000000674161
13.300243001140188
12.602672999491915
13.324294999620179
12.95998299974599
13.558431999626919
13.637747999382555
13.088787000015145
13.731547000134015
13.080458998956601
14.201609999872744
13.467722001223592
13.188070999603951
13.763290000497364
13.679096000487334
12.462158001653734
14.086928000324406
13.51560100010829
13.700305000384105
13.617163998787873
13.141354000254069
13.645094999446883
13.061758998446749
13.9969480005675
13.613433000500663
13.78872900022543
14.019618000020273
13.628544000312104
14.29223400009505
13.453691000904655
14.15941100094642
13.735258999076905
13.21184100015671
13.588584999524755
13.694015999135445
13.389116000325885
13.812250001137727
13.122880998707842
13.316454000232625
13.233421999757411
13.203200998759712
13.82437000029313
13.444077998428838
13.606272999822977
13.746927999818581
13.39072700102406
14.030986001671408
13.609694000479067
14.376068998899427
14.388849000170012
13.59010500164004
13.90677100062021
12.698795999313006
13.430768000034732
13.844212999174488
13.78613299857534
13.067022000541328
13.665155000126106
13.419658000202617
13.584412999989581
13.878651998311398
13.218690999565297
13.731548000578186
12.843180998970638
13.055806999545894
14.272069000071497
13.179044999560574
13.628747001348529
13.696915999389603
13.036615999226342
13.3703859992238
13.30961399980879
13.071376999505446
13.176541000575526
13.347455998882651
15.049927000291063
12.888373999885516
12.843708000218612
13.381020999077009
13.527925999369472
13.329964998774813
13.91360300112865
13.292985000589397
14.16683000024932
13.493521999407676
13.967726999908336
13.585303000581916
13.384516001679003
13.652735000505345
13.695735000510467
13.491431000147713
13.605812999230693
13.140778999513714
13.539221001337864
13.892081999074435
13.495321998561849
13.502988000254845
13.642154999615741
13.13677899997856
13.552211999922292
13.228862000687514
13.960366999526741
13.811639000778086
13.576225999713643
12.707325999144814
12.75540000096953
12.835408999308129
13.641064000694314
13.442088000374497
13.879762000215123
13.677385000846698
13.040297999395989
13.476228999934392
13.859705000868416
13.066541998341563
13.736998000240419
13.48346099985065
14.226911000150722
14.003665000927867
14.125158999377163
13.25072200052091
12.770441000611754
12.780589000612963
13.332426999113522
13.290234001033241
13.752520999332773
14.542882001478574
14.303206000477076
12.845389999711188
13.456829001370352
13.727100000323844
13.105015999826719
14.367136998771457
14.14366999961203
13.41969800159859
13.75359799931175
13.110043000779115
13.358200998482062
13.400619000094594
13.208872000177507
13.45332100027008
13.419726999927661
13.706156998523511
12.958833000084269
13.330445000974578
13.726227998631657
14.09470699945814
12.903867000204627
13.40034100030607
13.535731999581913
13.883707000786671
12.398422000842402
13.241041000583209
13.164441999833798
13.937353000073927
13.044397999692592
13.271012998302467
13.792658999591367
13.536982000005082
13.545347001127084
12.184134999188245
13.75082099912106
13.503689999197377
13.621084999613231
13.12167799915187
13.469868999891332
13.135240998963127
12.72739699925296
13.962314000309561
13.65153499864391
13.626164000015706
13.441552999211126
13.353849999475642
13.029837999056326
13.269562999994378
13.97994800026936
14.115439000306651
13.314465000803466
13.963564000732731
13.4563600004185
13.490870000168798
12.18229999903997
13.363135998588405
13.291623999975855
13.752318000115338
14.087696999922628
12.652146999243996
13.676738000867772
12.782411000443972
13.941575998615008
13.901062999138958
13.754682000580942
13.589132999186404
12.22004599912907
13.727306999498978
13.527401000828831
13.448158000755939
13.112440001350478
14.187020999088418
13.248113000372541
12.344404000032227
13.351827999940724
13.63453500016476
13.811699000143562
14.034431998879882
13.233237001259113
13.30337400031567
12.56102200022724
13.591693001217209
13.405576999502955
13.479569999617524
13.05534699895361
13.06321999982174
13.554601999203442
13.782439000351587
13.05926900022314
13.556202000472695
13.281113000630285
13.374586000281852
13.099237999995239
13.702131000172812
12.047021000398672
12.863500000094064
13.324440998985665
13.900906998969731
14.26231799996458
13.550835999922128
13.456217999191722
13.542712000344181
13.302494000527076
13.554041999668698
13.884772000892553
13.287750000017695
13.301234999744338
12.930606999361771
12.720526001430699
13.549770999816246
13.498305999746663
12.873285999376094
13.248298000689829
13.996430001498084
13.668751000295742
12.548370999866165
13.314349998836406
13.24767799997062
12.841715000831755
13.56531800047378
14.178795001498656
14.112029999523656
13.892071001464501
13.35173100051179
13.17107499926351
13.719325999772991
13.68103599997994
13.585933000285877
13.068506999843521
14.408613000341575
13.481903999490896
14.240753000194672
13.753417000771151
13.3260849997896
13.53049200042733
13.654303998919204
13.005533999603358
14.3504869993194
13.796728000670555
13.45482900069328
13.453808998747263
13.73576699916157
14.078054000492557
11.587795999730588
13.280823000968667
12.846380001064972
13.741302998823812
13.702651000130572
13.45139299883158
13.053241998932208
13.045826000961824
13.383497000177158
13.157691999367671
12.78072599961888
13.638124999488355
13.714036000237684
13.784258999294252
12.713471000097343
12.938423000377952
12.758763001329498
13.457918999847607
13.61444800022582
13.384063999183127
13.12819099985063
14.415518000532757
14.072597999984282
13.936957999248989
13.445702999888454
13.303904999702354
12.448358000256121
13.419097000223701
13.366575998588814
13.580181999714114
13.609993000500253
13.56732200110855
13.999290000356268
13.548256998547004
13.650363998749526
13.3752910005569
13.355031000173767
13.691636000658036
14.116857999397325
13.405747999058804
14.005946000906988
13.460047999615199
14.001335999637377
14.288833999671624
14.230033000785625
13.981074998810072
13.624133998746402
13.261802998385974
13.477729000442196
13.793230000374024
13.306763999935356
13.798025000141934
12.164309999207035
13.175230000342708
13.464233999911812
13.547461001508054
13.483534999977564
13.093352999931085
13.706202000321355
13.11697299934167
13.799885000480572
12.500564000220038
13.71242599998368
13.702546999411425
12.546191001092666
13.682254999366705
13.202740999986418
13.15760999932536
13.337790998775745
13.454544001433533
14.51720099976228
13.864151000234415
13.536810998630244
14.263569999457104
13.971124000818236
12.71406600062619
14.931363000869169
13.551717000154895
13.193917999160476
13.731498000197462
14.242971999919973
13.25884300058533
13.401647000137018
13.751976999628823
13.193450999096967
13.558217000536388
13.886467000702396
13.371909999477793
14.114739000433474
13.544851000915514
13.994454999192385
13.390246998824296
14.280392999353353
13.033056999120163
13.506240000424441
13.759507999566267
13.695084999199025
13.739350999458111
13.98440399862011
12.467950000427663
13.028276000113692
13.849331000528764
14.179305000652676
13.469760000589304
14.040762000149698
13.843053999153199
13.191910000386997
12.997850000829203
13.534592000723933
13.569813001595321
13.456769000185886
13.932022999142646
13.243239000075846
12.597463000929565
13.003465999645414
13.659949001521454
13.45023400062928
12.254937999387039
12.363951000224915
13.06494700111216
12.625014000150259
13.285293000080856
13.346351001018775
13.86148600067827
13.473948998580454
13.8464900010149
13.263273000120535
12.780108998413198
13.334634000784718
12.572311999974772
12.621978999959538
13.506241000868613
13.672502000190434
13.001245000850759
13.494730001184507
12.316870999711682
13.350281999009894
13.284412998473272
13.431878000119468
13.598204001027625
13.876675000574323
13.026725999225164
13.589882999440306
13.13293800012616
13.812544999382226
12.525606000053813
13.20850099909876
13.342284999453113
13.631583999085706
13.685035999515094
13.407837999693584
13.423403001070255
13.780748999124626
12.613388000318082
13.31222400040133
12.779677999787964
14.115919000687427
13.40728300056071
13.444322999930591
13.348034999580705
13.45189000130631
13.027675000557792
13.607873999717413
13.137648998963414
13.319296000190661
13.803509000354097
13.824665000356617
13.327168999239802
13.99210999989009
13.379681999140303
13.439258000289556
13.394716999755474
13.985011000841041
13.213726999310893
13.576253000792349
30.22946800047066
32.62613199876796
25.364910999996937
28.611603998797364
12.61114900080429
12.849513001128798
14.077976999033126
14.02682099978847
13.673591000042506
14.139434000753681
13.734152000324684
13.351655999940704
13.411717000053613
13.84606499959773
13.171595999665442
13.586992999989889
12.459771000067121
13.785679000648088
13.680435999049223
12.753816999975243
13.547521999498713
13.634305001687608
13.083760999506922
12.971588999789674
13.207181000325363
13.126499999998487
13.256707999971695
12.925843000630266
12.103132999982336
13.62995899944508
13.140689001374994
13.191994999942835
13.311014999999315
13.35777599888388
12.373024999760673
13.516521001292858
12.776212999597192
13.010280999878887
13.48902899917448
13.0177110004297
13.048841001364053
14.405597999939346
13.58109200009494
13.232032000814797
12.767497000822914
13.973215000078198
13.602293998701498
13.063737000265974
14.117860999249388
13.4603540009266
12.826584999857005
13.439993001156836
13.208886000938946
13.164910000341479
14.114404000793002
14.04536700101744
13.046265999946627
13.268388000142295
13.615104000564315
13.512196999727166
13.63685900105338
12.162160001025768
12.598848001289298
14.244104000681546
14.112068000031286
13.933938000263879
13.207872001657961
13.753032000749954
12.581822000356624
13.281653999001719
13.048726999841165
13.51009000063641
13.308093999512494
13.116374999299296
12.856101000579656
14.109517998804222
13.950505999673624
13.259373999972013
13.083426998491632
13.59148299889057
12.765007999405498
12.773263999406481
13.661351000337163
13.239161999081261
12.997875999644748
14.185550999172847
13.72819100106426
13.263577000543592
14.478540000709472
14.299038999524782
12.556831999972928
13.22880800034909
13.917062999098562
13.361376999455388
14.02920699911192
13.73340999998618
13.274816001285217
13.289255999552552
12.954474001162453
14.025496999238385
13.13702200059197
13.971243999549188
13.621018999401713
13.643234000483062
13.799848000417114
14.130768999166321
13.252691998786759
13.50423999974737
13.794929000141565
13.509471000361373
14.015006001500296
13.531751999835251
14.423867000004975
13.277653999466565
13.3538160007447
13.875980999728199
13.416857998890919
13.710929999433574
13.474289000441786
13.28865399955248
13.30952399985108
14.240763999623596
13.893024999561021
13.53616499909549
13.624481000078958
13.537491000533919
14.096249000431271
13.027237000642344
13.382441999056027
12.427764999301871
14.284844999565394
13.544303001253866
13.669533998836414
13.89730399932887
13.872843999706674
12.992062000193982
13.25007299965364
13.275512999825878
13.043885999650229
14.507906998915132
13.374101001318195
13.121811000019079
13.972025999464677
13.599215000795084
13.56289900104457
13.46348900005978
13.64988400018774
13.581835000877618
13.663596000696998
13.839560000633355
13.810148999255034
13.614243998745224
13.174901001548278
13.026325999817345
12.874621999799274
13.103897999826586
13.603102999695693
13.208950998887303
12.808909001250868
12.525493000794086
13.853649999873596
13.961954000478727
13.403696999375825
12.870171000031405
220.27356299986423
13.66877399959776
12.928002999615273
12.893692000943702
13.920823001171811
13.032777000262286
13.831258998834528
13.725799000894767
14.159442000163835
14.305844999398687
14.123488999757683
14.290908999100793
13.715171999137965
13.407786998868687
12.236431999554043
12.96155299860402
13.094469000861864
13.173371000448242
12.709816001006402
14.0207950007607
14.959015999920666
13.29678399997647
14.100878001045203
13.46313100111729
13.195110999731696
13.251936999949976
12.926727999001741
13.425940000161063
14.675996000732994
13.62522599993099
11.956333000853192
13.72263700068288
13.553822000176297
13.442498000586056
13.689436000277055
13.491679999788175
13.13813399974606
13.775270999758504
13.246512000478106
13.710926999920048
13.346404999538208
13.39686699975573
13.862690999303595
13.526433998777065
13.852592999683111
13.698755999939749
13.30837900059123
13.443702999211382
13.290803999552736
12.616964000699227
14.128419999906328
13.510213000699878
13.132758000210742
13.163719999283785
13.204270999267465
11.727101000360562
14.153623998936382
13.388347000727663
13.828688999637961
14.052106998860836
14.652654999736114
14.165081000101054
13.958683999589994
13.38362700153084
13.013994999710121
13.542192000386422
13.453489000312402
13.301655000759638
13.562863001425285
13.570402001278126
13.367386000027182
13.77485900047759
13.14414099942951
12.99782500063884
13.200671999584301
13.279757000418613
14.076020999709726
13.265272000353434
13.301724999109865
13.805467999191023
13.981334999698447
13.36129700030142
14.025054999365238
14.493222999590216
13.571642999522737
13.365888999032904
13.47755000097095
13.581035998868174
13.169870999263367
13.78282199948444
13.368135998462094
12.86742999946
13.940954000645434
14.0092250003363
12.906134999866481
13.321686999915983
13.360736000322504
14.090152999415295
13.45972899980552
13.603561999843805
14.281643998401705
13.26287499978207
13.134468999851379
13.340954999875976
14.134889999695588
14.026966000528773
13.540852000005543
13.198470000133966
13.081066999802715
13.51392099968507
13.167532000807114
12.762178999764728
13.713188000110677
13.416388001132873
13.269293000121252
14.07320799989975
13.163560000975849
12.61657400027616
13.656374001584481
13.744968000537483
13.609396000902052
13.63768400005938
12.717686000542017
12.953472998560756
13.478979999490548
13.500201999704586
13.350596000236692
13.586271999884048
13.0783969998447
13.472358999933931
13.593756000773283
13.680758000191418
13.2168840009399
13.023490999330534
13.753521998296492
14.30650499969488
13.820842001223355
13.805229000354302
13.937044001067989
14.028575000338606
14.34852600141312
14.029776000825223
13.638260001243907
14.23652899939043
13.818089999404037
15.139398999963305
13.866641998902196
13.444338999761385
13.90836399878026
13.399421000940492
12.798849000319024
13.286618999700295
13.3705389998795
14.27791999958572
13.918547998400754
13.515500000721659
13.809309000862413
14.217972000551526
14.404031999220024
14.915502999429009
14.903891000358271
15.510510998865357
14.365386001372826
13.764164001258905
12.866286000644322
12.81693500095571
13.95451200005482
14.71937499991327
14.732068000739673
6.214691000423045
13.748176999797579
14.333647999592358
14.501829000437283
13.416478001090582
14.551320999089512
13.398262999544386
13.344380000489764
14.03996599947277
13.985674999275943
13.353947999348748
13.537908998841885
13.695965999431792
13.83021499896131
13.473664001139696
13.180900999941514
13.711715999306762
12.914382999952068
14.765121000891668
14.356285999383545
13.768867998805945
13.888792000216199
14.821139999185107
13.890701999116573
14.451599001404247
13.425458000710933
13.862381001672475
13.135891000274569
13.86450199970568
13.337274998775683
12.89546099906147
13.25464399997145
12.919004000650602
13.326250000318396
12.437192999641411
14.02761800090957
13.424738999674446
13.345454000955215
13.687367998500122
13.561499999923399
13.355011000385275
13.5160680001718
13.930762001109542
13.886951999666053
13.889812000343227
14.457559000220499
12.491969999246066
14.617884999097441
13.19421100015461
13.41801799935638
13.177331999031594
13.719899001443991
13.784619000944076
13.91711500036763
13.037228000030154
13.895255000534235
13.692996999452589
13.539440000386094
13.715368999328348
13.301954000780825
13.879930998882628
13.535251000575954
13.46585999999661
13.94134299880534
14.415708999877097
13.891801001591375
12.972635000551236
13.938772999608773
14.13160900119692
13.411068001005333
13.875153999833856
13.971254998978111
13.294716000018525
13.100566000503022
12.687928001469118
13.131219000570127
13.437739000437432
12.854361999416142
14.192710999850533
13.968255001600483
13.76558799893246
13.350967999940622
13.78017900060513
13.499542001227383
13.206474000980961
13.326154999958817
13.638223999805632
13.760054000158561
13.492475000020931
13.681991000339622
13.19139599945629
13.792253999781678
13.531536000300548
14.0760180001962
13.409642000624444
12.773527998433565
13.91440899897134
12.00665000033041
13.029705000008107
13.399687999481102
13.380407999648014
13.381325999944238
14.301309998700162
13.442202000078396
13.184625000576489
13.12237399906735
13.607053999294294
13.314620000528521
13.76057299967215
13.96061000014015
13.535936999687692
13.844899998730398
13.538177001464646
13.727167000979534
13.189330999011872
13.019025000176043
12.854217000494828
13.703825999982655
13.625334000607836
13.477270000294084
13.260272000479745
12.479945000450243
12.66285100064124
12.830260000555427
13.237322000350105
13.815379999869037
13.388886000029743
13.1994309995207
12.924562999614864
13.520354999855044
13.976339001601445
13.841744999808725
13.021565000599367
12.946582999575185
13.524580999728641
13.683975999811082
12.841724999816506
13.647304000187432
12.964703999386984
13.794864000374218
14.014135998877464
13.0931169987889
13.946797998869442
13.911443998949835
13.67259499966167
13.322355000127573
13.833390999934636
14.162510000460315
13.20432600005006
13.576716999523342
13.688565999473212
13.140721001036582
12.899752000521403
13.090708000163431
13.841710999258794
13.736098000663333
13.295262999236002
13.701746000151616
13.718178000999615
13.340185001652571
13.451404000079492
13.535372001570067
14.018321000548895
14.075224000407616
13.156193999748211
13.782554000499658
13.244976998976199
13.388796998697217
13.818203999107936
12.799855001503602
13.389902000199072
13.379833999351831
13.6733399995137
13.485695000781561
13.084247999358922
13.298652998855687
14.063337999687064
14.03722699978971
12.706605000857962
13.5848129993974
13.856261000910308
12.551900999824284
13.234841999292257
13.050310999460635
13.79172500128334
12.90878699910536
13.990724999530357
13.56400099939492
13.310508000358823
13.709616998312413
13.661524999406538
13.176909000321757
12.45698899947456
13.91380799941544
13.47713900031522
13.946879000286572
13.399553001363529
12.53882099990733
13.01461000002746
13.842011001543142
13.028905999817653
14.902203000019654
12.958223998793983
13.333375000001979
13.41327600130171
13.102978000461007
13.944103999165236
12.837014999604435
13.344535000214819
13.651529001435847
12.8788469992287
13.40520300072967
13.103748000503401
13.192959999287268
13.231196999186068
13.306769998962409
13.596018001408083
13.693921000594855
13.7505679995229
13.848495000274852
13.855290999345016
13.114298000800773
13.470963998770458
14.088828000240028
13.17253999877721
12.673494999035029
13.418087000900414
14.092704001086531
13.904917999752797
13.524021000193898
13.965044998258236
13.712586000110605
13.41531800062512
14.322076000098605
14.196920999893337
13.345314999241964
13.659935000760015
13.915012001234572
13.8358549993427
13.549141998737468
12.670176000028732
13.848275999407633
12.669640000240179
13.543347000450012
13.51256599991757
13.30545900054858
13.465640000504209
13.52573999974993
12.670204998357804
13.65245600027265
13.782268000795739
13.111923000906245
13.51247099955799
13.086422000924358
13.58826800060342
12.991219999094028
13.892277000195463
13.586768000095617
13.521030999982031
13.326624999535852
12.69384100123716
12.554580998767051
13.157084998965729
13.550600999224116
13.71691599888436
13.714366999920458
13.645909000842948
13.43033800003468
13.862125999366981
13.573172000178602
13.985994999529794
13.762589000180014
13.66384500033746
13.348245000088355
13.445589000184555
13.389426001594984
13.937032999820076
13.730787000895361
13.128189000781276
13.68167500004347
13.43982800062804
13.303224999617669
13.486899000781705
12.867980998635176
12.93393199921411
12.878812000053586
13.20088099964778
13.556051000705338
13.595892998637282
12.922851999974228
14.33955100037565
13.385221998760244
13.237158000265481
14.328584000395495
13.458218998493976
13.686890999451862
13.693471000806312
13.88149199920008
13.167844001145568
13.556762000007438
13.481810001394479
13.557346999732545
13.325079999049194
13.104603000101633
12.686265999946045
13.685881000128575
13.900306999858003
13.08436200088181
14.224008000383037
13.100443000439554
13.163389998226194
13.524631000109366
13.779398999758996
14.095927999733249
14.116129001195077
12.822139999116189
12.884342000688775
13.997715001096367
13.846780000676517
13.099247000354808
13.898212000640342
13.495899000190548
13.89506199848256
13.546066998969764
13.332538999748067
13.959545000034268
13.427042000330403
14.532655999573763
13.777999998637824
13.170824999178876
13.470403999235714
14.38008300101501
14.398032000826788
13.354062000871636
13.458763998642098
13.246701999378274
13.117731001329958
13.25951099897793
13.343775000976166
12.932661999002448
13.601343000118504
13.723915999435121
13.371785998970154
13.433289001113735
13.085182999930112
12.514323998402688
13.357080999412574
13.76163300119515
12.897041000542231
14.19466600054875
12.763762999384198
13.837190001140698
13.844660001268494
13.619024999570684
13.849394999851938
13.241787999504595
13.540070998715237
14.05791599972872
13.149874999726308
12.773083999491064
13.610524001705926
13.588812000307371
13.468508999721962
13.736126998992404
13.170539999919129
13.444878000882454
13.021296001170413
11.88533999993524
12.03054500001599
11.413555999752134
11.30078399910417
11.773047999668051
13.139689999661641
13.665694999872358
11.290082999039441
12.346544999672915
10.49112900000182
9.47319700026128
7.579011000416358
14.079857999604428
13.456978998874547
13.326885000424227
12.448274001144455
13.441746999887982
13.318288998561911
13.730607999605127
13.721556999371387
13.1122589991719
13.20850099909876
13.077228000838659
13.516392000383348
13.34611499987659
13.276944000608637
13.736946999415522
13.170689999242313
13.638854999953764
13.057885998932761
13.839199998983531
12.736048000078881
13.72231700042903
14.142140000330983
13.642773999890778
13.49256499997864
12.646200000745011
13.774497998383595
13.681481999810785
13.260918000014499
14.083588001085445
13.370790999033488
14.649834000010742
13.827810000293539
14.234057000066969
13.471009000568301
13.19296600013331
13.938912999947206
13.078047000817605
13.772341000731103
14.004437000039616
13.956957000118564
13.24482000018179
14.11865900081466
13.294536000103108
12.146946000939352
13.41645300090022
12.819514000511845
13.66997600052855
13.935633998698904
13.458749001074466
12.422256999343517
12.745826999889687
11.689129998558201
13.073461999738356
13.670124999407562
13.477880000209552
13.927533000241965
12.865050000982592
13.188980999984778
13.044696001088596
13.28554300016549
14.07634699899063
13.722896999752265
13.127729000188992
13.745189999099239
13.419461000012234
12.981534000573447
13.281273999382393
13.440208000247367
13.862971998605644
14.172999999573221
13.078940000923467
13.696025000172085
13.993945000038366
12.612976001037168
14.140229000986437
12.887570999737363
13.429941000140388
13.775849000012386
13.543944000048214
14.318375000584638
13.501260000339244
13.450418999127578
12.877610999566969
13.657105999300256
13.749609999649692
12.68214599986095
13.085757000226295
13.626473999465816
13.681704998816713
13.902986000175588
13.35632500013162
13.60610800111317
13.206675999754225
13.394307001362904
13.931515999502153
13.52162199873419
13.094527999783168
12.305315000048722
13.594562999060145
13.259016999654705
13.781793999442016
13.985146999402787
12.209431000883342
12.945733000378823
13.7931090011989
13.266244999613264
12.778958000126295
13.43332900069072
13.395996998951887
14.002885000081733
13.217830999565194
13.313356999788084
12.424956999893766
13.995855999382911
12.547651000204496
12.52536100037105
13.70745900021575
14.176681001117686
13.090226999338483
13.981944999613916
12.292163000893197
13.514220001525246
13.495249999323278
13.082109999231761
13.496280000254046
13.640953000503941
13.702705999094178
13.364315000217175
13.733787998717162
13.95197400051984
13.319453999429243
13.012216000788612
13.406006999503006
13.108057999488665
13.227821000327822
14.288054000644479
14.286403000369319
13.864614000340225
14.238662999559892
14.257532999181421
12.176830001408234
14.032987000973662
13.900997000746429
14.797825000641751
13.791281000521849
13.834053001119173
13.640686000144342
14.088678000916843
13.429308999548084
13.416509000307997
13.11884900133009
14.385857999513973
13.310203999935766
13.091736998831038
14.217365000149584
13.192771000831272
13.445693999528885
12.657670000407961
13.597524999568122
13.151691000530263
13.33696299843723
12.878241999715101
13.907091999499244
14.235913000447908
14.190990999850328
13.016220998906647
13.863529000445851
13.327257000128157
13.439648000712623
13.589665999461431
13.662580000527669
14.386845001354231
13.766407999355579
13.500099999873783
13.822872999298852
13.857564999852912
14.247212999180192
14.401845999600482
13.324688001375762
13.22506199903728
13.81507099904411
13.14876899959927
13.969167001050664
13.937915000497014
13.710515999264317
12.64674800040666
13.391525999395526
13.343446998987929
13.256792999527534
15.242756000588997
13.1880179997097
12.450027001250419
13.734428001043852
13.8658520008903
13.672576000317349
13.718492000407423
13.164465000954806
14.181643000483746
14.631703999839374
12.760461000652867
13.598346000435413
13.386836999416118
15.153152999118902
13.542451000830624
14.045625999642652
12.88685399958922
13.416129999313853
14.067558999158791
14.368805999765755
13.82237100006023
13.158759000361897
13.53707199996279
13.87419200000295
13.14784399983182
13.74308199956431
13.45627899900137
13.109698000334902
14.467079001406091
13.468029999785358
13.415736999377259
13.03110900153115
10.764726999695995
10.720907001086744
14.260363001085352
13.541812999392278
13.67435599968303
13.390229001743137
13.741151000431273
13.657056999363704
13.400862999333185
13.568477001172141
13.008625001020846
13.585422999312868
13.240891999885207
13.878412000849494
13.74781000049552
13.55983999928867
12.96112400086713
13.215341999966768
13.70195799972862
12.816049998946255
12.400186999002472
12.492361000113306
12.951966000400716
12.86085999890929
13.431237999611767
13.597803999800817
13.984170000185259
13.379701000303612
13.881594999475055
13.8606799991976
13.95452700126043
14.009645999976783
13.567580999733764
13.88118199974997
12.796328999684192
13.59364499876392
13.42444999863801
13.421637999272207
13.500040000508307
14.376536999407108
13.678626000910299
13.497939999069786
12.831808999180794
13.89082499918004
13.622694001242053
13.490449999153498
13.782661999357515
13.36601599905407
13.470818999849143
13.928753000072902
13.580574999650707
13.312474999111146
13.130090999766253
13.765518000582233
13.119768000251497
13.78246900094382
13.528981000490603
14.002095000250847
13.011844999709865
12.510370999734732
13.55094200152962
12.946213999384781
13.46171799923468
13.994846000059624
13.294106000103056
12.83378300104232
13.403870001639007
13.228315001470037
13.507200001185993
13.6003339994204
13.536541000576108
13.379721998717287
13.656360000823042
12.915402001453913
13.169550000384334
13.80030899963458
13.888231000237283
14.137402000415022
12.503854999522446
10.95856800020556
13.854724000339047
13.20881100036786
13.62958699974115
13.110275998769794
13.872344001356396
13.431917999696452
12.815471998692374
13.426094999886118
13.431090999802109
13.31967700025416
13.808777001031558
13.722556999709923
13.122409000061452
13.699936000193702
13.564632999987225
13.88754199979303
13.424258000668488
14.056646999961231
13.779928000076325
13.544680999984848
13.727337000091211
14.312354000139749
13.629977000164217
13.413959999525105
13.454478001222014
12.594362000527326
12.552931999380235
14.254074001655681
14.089697999224882
13.851581999915652
13.554950999605353
13.752007000221056
13.7178370005131
13.557203999880585
14.184511001076316
13.207860998591059
13.877714000045671
13.814101999741979
13.627785001517623
14.053299000806874
13.634515000376268
13.668366000274546
13.471067999489605
13.336895999600529
13.869181000700337
13.331764999747975
13.963044000774971
13.622546000988223
13.94537100168236
9.712785000374424
12.526129999969271
9.435596999537665
12.037765000059153
12.703546000921051
13.244433001091238
11.90593300088949
11.647101000562543
12.338905000433442
13.366825000048266
14.19098199949076
13.295374999870546
13.14371199987363
13.876582001103088
14.746688000741415
13.61256299969682
13.944319000074756
12.893167000584072
13.78091799961112
13.234691999969073
12.97162499940896
12.42421000097238
14.228881998860743
13.929228000051808
12.923547001264524
13.606538001113222
13.993189999382594
14.36385600027279
13.46963899959519
13.111984000715893
13.87795700065908
13.548695998906624
13.898457998948288
13.71450199985702
13.317889999598265
13.576403000115533
13.16147999932582
12.175390000265907
8.85513799948967
11.391676000130246
11.937152999962564
13.704945999052143
9.233171000232687
11.391055000785855
10.066926000945386
11.865761000080965
9.901236000587232
12.154313999417354
10.283112000252004
10.42817699999432
11.204341000848217
13.476050000463147
10.400466000646702
12.186410000140313
12.284161999559728
11.281061999397934
11.822619999293238
13.690245999896433
13.448228999550338
13.752662000115379
12.778333000824205
13.579432999904384
13.31235299949185
13.968339999337331
13.330645000678487
14.154455000607413
13.674175999767613
12.856751000072109
13.4207190003508
13.782653999442118
13.450533000650466
14.126199001111672
14.819341000475106
13.440389000606956
13.21161700070661
13.144503998773871
12.985735000256682
13.264592998893932
13.37111599968921
13.651694998770836
13.500415001544752
13.809614998535835
14.072538000618806
9.62661299854517
11.018175000572228
11.499539999931585
10.124046999408165
11.106947998996475
11.314113999105757
10.77267799882975
11.557321000509546
9.019873999932315
10.962479000227177
8.514362998539582
13.00614600040717
11.511939999763854
10.109787001056247
8.653353001136566
11.378635001165094
11.908022001080099
11.201719999007764
11.519011000928003
11.174968998602708
13.008904999878723
9.1558679996524
12.38275700052327
11.59946300140291
12.081136999768205
10.04173500041361
10.81950900152151
13.646843999595148
12.97822400010773
10.766837000119267
10.841330000403104
14.110407999396557
11.686064999594237
12.361095999949612
12.951459000760224
12.899965999167762
12.472189000618528
9.418535999429878
10.826509000253282
11.009795000063605
10.606101999655948
11.370505000741105
11.583882000195445
13.188401000661543
12.5660270005028
13.03777000066475
12.373886000204948
13.831960000970867
10.22553999973752
12.592863000463694
12.879260999397957
12.12592299998505
13.077577999865753
12.972159000128158
9.35403400035284
12.255562000063946
9.738316999573726
12.040685000101803
13.343004999114783
12.532840999483597
13.170629999876837
12.891943000795436
13.163030000214349
13.419517999864183
13.721126999371336
13.642923999213963
12.811319000320509
11.630383000010625
13.220351000200026
11.626053999862052
12.445988999388646
11.109858000054373
10.213980000116862
10.077521999846795
9.228085000358988
9.338834001027863
10.518709001189563
10.626252998918062
11.018056000466458
14.106728000115254
8.375915000215173
12.887410999610438
9.770695998668089
11.219341999094468
11.371005000910372
12.334393999481108
12.121563999244245
11.944548001338262
12.874650999947335
12.43152899951383
12.347005000265199
11.909737000678433
12.111443000321742
11.667299999317038
11.45333300155471
11.98340900009498
11.433446999944863
10.582405999230104
11.808758999904967
11.487559000670444
12.033326998789562
12.213539999720524
12.633049000214669
11.540706000232603
12.681394999162876
12.139720000050147
11.792817998866667
11.690706000081263
12.522960001660977
11.263333000897546
11.82060800056206
12.90617800077598
13.06456100064679
12.00289500047802
12.078457000825438
11.949493999054539
12.611817999641062
10.536820000197622
12.06961199932266
11.336284000208252
12.677935001192964
12.51975999912247
13.17576100154838
12.223891000758158
11.379002000467153
10.12219799849845
11.73312100036128
9.868391000054544
10.206149998339242
11.928036999961478
8.78183200075
11.31801399969845
11.797638000643929
5.379363999963971
6.327023000267218
5.084954998892499
6.423455999538419
7.352513001023908
7.222451999041368
7.000159999734024
7.115806000001612
7.119156000044313
6.952781999643776
6.878009000502061
7.564860001366469
6.919690000358969
7.072324999171542
7.271481001225766
6.951302000743453
7.2420829983457224
6.957898000109708
7.26484099868685
7.287702001121943
6.970641999942018
6.813662001150078
6.702607999613974
6.694543999401503
7.6535349999176105
6.997612999839475
6.961053999475553
7.092075000400655
8.747195000978536
7.228073000078439
7.175726999776089
6.782848999137059
7.6542819988389965
7.715922998613678
7.389668999167043
7.427201000609784
7.0040919999883045
7.015483000941458
7.109976000720053
7.024518999969587
7.042188999548671
6.88143900151772
6.698344001051737
8.493319999615778
6.698884000797989
7.081964999088086
7.225504001326044
6.939565999346087
6.765224999981001
6.996992000495084
7.553129998996155
7.064444000207004
6.724476999806939
6.7951769997307565
7.043195000733249
7.275662999745691
7.141905000025872
7.834919000742957
7.031323999399319
6.743384999936097
7.172047999119968
7.033443998807343
6.85619900104939
7.617499000843964
6.614580999666941
6.699763000142411
7.003282000368927
6.411364000086905
6.792406000386109
7.283372000529198
7.151597999836667
6.977701999858255
7.015862000116613
7.092875999660464
7.480856000256608
7.112076000339584
6.927660000656033
7.04854399918986
5.117325999890454
6.217832000402268
6.68710399986594
7.2141109994845465
7.06231399999524
7.151376999900094
6.871993000459042
6.852722999610705
6.950901000891463
7.312792000448098
7.251712999277515
7.0566340000368655
6.775265999749536
6.9522310004686005
6.920730000274489
7.23337000090396
7.236498999191099
7.589381000798312
6.617832999836537
6.797145999371423
6.85087400051998
6.9740420003654435
7.097040001099231
7.282960999873467
6.807176001530024
6.994082001256174
7.32503600011114
7.202458999017836
6.901843000377994
7.05820099938137
6.597014998988016
6.74024199906853
7.06583499959379
6.843336001111311
7.587219999550143
6.96140099898912
6.879608999952325
6.638912000198616
7.39274499937892
7.030753999060835
6.880479000756168
6.70830299895897
6.9288809991121525
7.903450001322199
7.0343440002034185
6.920308998815017
6.905680000272696
6.770834999770159
7.15947700155084
6.730056000378681
7.071661999361822
7.085838000421063
6.848208000519662
6.756916000085766
6.900764999954845
6.970035999984248
7.0515240004169755
7.034853999357438
6.945471999642905
6.862394000563654
6.9660169992857846
6.871879000755143
6.643030999839539
5.169316998944851
5.048472999988007
5.438395000965102
5.190022999158828
5.876799001271138
5.305280999891693
5.265814999802387
5.27992500065011
5.6844530008675065
4.836127000089618
5.303600999468472
5.187398000998655
5.526086999452673
5.1791969999612775
5.053483000665437
4.972480999640538
5.272350999803166
5.065014000138035
5.251959999441169
5.177068000193685
5.969792999167112
5.158271000254899
5.148246998942341
5.221809000431676
5.050014000516967
5.283559999952558
5.495780000273953
5.200487999900361
5.118135000884649
5.217907999394811
5.506097000761656
5.4053050007496495
5.02474200038705
5.197766999117448
5.487766000442207
5.193478000364848
5.314151998391026
5.385803000535816
13.505420000001322
14.035956000952865
14.166392000333872
13.636829000461148
13.747762999628321
14.05295800032036
13.727475999985472
14.2112220000854
13.932618998296675
14.446335000684485
13.780400000541704
14.853751999908127
14.256037000450306
14.382602001205669
13.606513999548042
14.331110000057379
13.528096000300138
13.492870000845869
14.123185001153615
13.986539999677916
13.464899000609876
13.842760999978054
14.185741998517187
14.464634001342347
13.486525000189431
14.639753999290406
14.254423000238603
14.148730000670184
12.713062000329955
13.8634760005516
14.020964999872376
14.189682000505854
13.692881000679336
13.535285999751068
13.476209998771083
13.888872001189156
13.543320999815478
14.361405999807175
14.4339080015925
13.851221001459635
14.026957000169205
14.56784299989522
13.226412000221899
14.421887999560568
14.752438000869006
13.571142000728287
13.470019999658689
13.612133001515758
13.913053000578657
13.957453000330133
14.246144000935601
14.125499001238495
14.033412000571843
13.36392099983641
14.119897999989917
13.755198000581004
14.625383999373298
14.193971001077443
13.657964000231004
13.797509000141872
13.688686000023154
13.252041999294306
13.722196999879088
13.340305000383523
13.716887000555289
14.191831000061939
14.110318001257838
14.317843999378965
14.150828999845544
13.375787000768469
13.985985000545043
14.125861000138684
14.505110999380122
13.307963999977801
13.845311999830301
13.56720200055861
13.94497900037095
14.598408999518142
13.939284001025953
14.035217000127886
13.757007998719928
14.01431600061187
13.283604001117055
13.560792000134825
13.446947999909753
13.78622900119808
13.59379299901775
13.18389100015338
13.994565000757575
14.679030999104725
13.738752999415738
14.1649499983032
14.028206000148202
14.84119099950476
14.659936001407914
14.155208999000024
14.685857000586111
14.731496999957017
13.842270998793538
13.94582400098443
13.358965999941574
13.579733000369743
13.829678999172756
12.541420999696129
12.9043119995913
11.157467999510118
13.579682999989018
12.22034199963673
12.73291699908441
13.712935999137699
13.272632999360212
13.505799999620649
14.264633000493632
14.010786000653752
14.794181999604916
14.132349000647082
13.431159000901971
13.476788000843953
12.521131000539754
14.121259999228641
14.45703900026274
13.844131000951165
13.649206000991398
14.108809000390465
13.781158000711002
13.985785000841133
12.37890599986713
11.09649700083537
10.915380998994806
13.082796998787671
13.98719600001641
14.55752299989399
13.97074399937992
14.966863998779445
14.741598000910017
13.486361000104807
14.384647000042605
14.146568999422016
14.19694700052787
13.745913000093424
14.270602998294635
13.669595000465051
13.166109998564934
13.126244999511982
14.71181200031424
14.058462000321015
13.649779999468592
13.819559999319608
14.011355999173247
13.388707000558497
14.32747499893594
13.505650998922647
13.994965000165394
13.651364000907051
14.212134999979753
14.406718000827823
13.44811099988874
13.81940799910808
13.613854000141146
13.896802000090247
14.179186000546906
13.454544001433533
13.842180000210647
14.395666999917012
12.193950999062508
10.824909000803018
14.349185999890324
14.068597000004956
14.138218999505625
14.762389000679832
14.331264999782434
14.296865001597325
14.170620001095813
13.288653000927297
14.152249999824562
13.364476000788272
14.077817999350373
14.167319999614847
13.39372800066485
13.687800999832689
14.885416998367873
15.34382699901471
14.792378999118228
14.752637000128743
13.656659999469412
14.429595999899902
14.10574799956521
13.754237999819452
12.683704999290057
13.72836700102198
14.132377998976153
13.647264000610448
14.643995000369614
13.966475000415812
14.008514999659383
13.751471999057685
12.484470000345027
13.88391600085015
11.35144600084459
12.93047299986938
14.902303000781103
15.116103999389452
14.2056059994502
13.845960000253399
14.427578998947865
13.544632000048296
13.78861899866024
14.696026999445166
13.833689999955823
14.129169001535047
13.755398000284913
14.098540999839315
14.678073001050507
13.687205999303842
13.923742999395472
13.94396300020162
14.052956001251005
14.0597429999616
13.807043000269914
14.183031000357005
13.99001100071473
13.52175600004557
14.14076900073269
14.461722999840276
14.425712999582174
14.068579999729991
14.12605000041367
14.890972001012415
13.361606001126347
13.923072998295538
14.241951999792946
14.521011000397266
13.4318689997599
14.363326999955461
13.503710000804858
13.657545001478866
14.778217999264598
14.239191999877221
13.49307999953453
14.190490001055878
13.560501998654217
13.845309998941957
14.055667999855359
14.159569998810184
14.333265000459505
14.20100199902663
14.249522999307374
13.712279000174021
14.521760000206996
13.979844999994384
14.005085000462714
14.171491000524838
13.316104001205531
13.632095000502886
13.384735999352415
14.285234001363278
14.983847000621608
13.595572001577239
13.641284000186715
13.537101998736034
13.84344100006274
13.240661999589065
13.134969000020646
13.851749999957974
13.253293000161648
14.084028000070248
13.576561999798287
13.983023998662247
13.764942999841878
14.129978999335435
14.065007999306545
27.64019999995071
33.979718000409775
11.184644999957527
11.92722199994023
11.762136999095674
11.372576000212575
9.919493000779767
5.973518998871441
5.449144999147393
5.722504000004847
5.65321199974278
5.354422000891645
5.330031999619678
5.364593000194873
5.422803998953896
5.513997000889503
5.115040999953635
5.20269200023904
5.579049000516534
5.551398000534391
5.015841999920667
5.053274000601959
5.291911000313121
5.054994000602164
5.008701999031473
5.398114999479731
5.1826669987349305
5.221024001002661
4.975875001036911
5.6741030002740445
5.228068999713287
5.398563998824102
5.402533999586012
5.212159001530381
5.3554919995804084
5.708414000764606
5.417135000243434
5.468826000651461
5.361872999856132
5.628475999401417
5.0871699986601016
5.385152999224374
5.3358320001279935
5.443556001409888
5.4670160006935475
5.1221159992564935
5.1239050008007325
5.079115000626189
5.421163999926648
5.143925000083982
5.2317789995868225
5.530067001018324
5.079034001028049
5.868038000699016
5.551528000069084
5.255239000689471
5.400084000939387
5.432874999314663
5.190058000152931
5.165006999959587
5.342631999155856
5.0531190008769045
5.661756000336027
5.527838000489282
5.379004000133136
5.1966589999210555
5.30369100124517
5.469956000524689
5.149135999090504
5.4107039995869854
5.424744998890674
4.990202000044519
5.133315000421135
5.320701999153243
5.327426999429008
5.402589000368607
5.031742999562994
5.343501999959699
5.494577000717982
5.3075619998708135
5.10207499974058
5.1840579999407055
5.657992000124068
5.242449999059318
5.281431000184966
5.414804998508771
5.418209999334067
4.927744999804418
5.6370599995716475
5.180656999073108
5.604510000921437
5.854734001331963
5.4841410001245094
5.351022999093402
5.307071000061114
5.557533999308362
5.470420999699854
5.481347001477843
5.4057440011092694
5.455135999000049
5.303596000885591
4.704393000793061
5.491961999723571
5.233289000898367
5.635621999317664
5.041313001129311
5.3394530004879925
5.276230000163196
5.132815998877049
5.424185001174919
5.335677000402939
5.544183999518282
5.359891998523381
5.618379998850287
5.189068000618136
5.237829000179772
5.6841129990061745
5.3077510001457995
4.922948999592336
5.300300999806495
5.158615998880123
5.354831999284215
5.27564999902097
5.409683999459958
5.20267299907573
5.137331001606071
5.1969479991385015
5.789606000689673
5.666682000082801
5.339033001291682
5.469606001497596
5.519167998500052
5.109315001391224
5.244140000286279
5.610801001239452
4.994392000298831
5.418544998974539
5.402023998613004
5.113376000736025
5.690301999493386
5.452245999549632
5.588009998973575
5.42565500109049
5.521588000192423
5.408814000475104
5.428275000667782
5.205447998378077
4.932749998260988
5.381083001338993
5.2458200007095
4.976911000994733
4.958215999067761
5.107830000270042
5.734243999540922
5.053793000115547
5.591730001469841
5.463736000820063
5.336751999493572
5.827016999319312
5.026402001021779
5.235330001596594
5.238099000052898
5.127006999828154
5.283069998768042
5.473877001350047
5.153971000254387
4.969096000422724
4.943721000017831
5.079313999885926
5.099494999740273
4.99316100103897
5.383503999837558
5.240200000116602
5.380253000112134
5.685142999936943
5.469116000313079
5.383763998906943
5.235908000031486
5.188827999518253
5.60046999999031
5.392793998908019
5.68545200076187
5.143207001310657
5.333901999620139
5.419094999524532
5.28191000012157
5.111504999149474
5.583599999226863
5.343601998902159
5.194216999370838
5.2380889992491575
5.471705999298138
5.452374998640153
5.493136999575654
5.312090999723296
5.131415999130695
5.0950049990206026
5.314222000379232
5.45892499940237
5.257909000647487
5.581323999649612
5.369267999412841
5.042523000156507
5.402274000516627
5.421105999630527
5.643831000270438
5.907910001042183
5.384682999647339
5.4588380007771775
5.692941000233986
5.886539000130142
5.428424999990966
5.326341999534634
5.472946999361739
5.582378998951754
5.5367980003211414
5.049302999395877
5.89673899958143
6.634352001128718
7.248400999742444
7.229859000290162
6.886020000820281
7.096236000506906
7.2172189993580105
7.248229998367606
7.160348000979866
6.776465999791981
6.725095001456793
6.9599720009136945
7.1128559993667295
7.360883000728791
6.639561001065886
6.71464399965771
7.028693000393105
7.052263999867137
5.485576999490149
5.332861999704619
5.628631000945461
4.987931000869139
6.206088000908494
6.88839999929769
6.978761999562266
6.9186399996397085
7.007193999015726
6.898924999404699
5.502871999851777
4.4128440003987635
4.891128000963363
5.73662399983732
7.029742999293376
7.09725900014746
7.2263269994437
7.094066000718158
7.120275999113801
7.081564999680268
7.0692150002287235
7.156866999139311
7.495608000681386
7.611151000673999
7.28206100029638
7.201418999102316
7.285977000719868
7.406594999338267
7.520724000642076
7.634491999851889
7.226665000416688
7.468420999430236
7.331292999879224
7.186598999396665
7.1994879999692785
7.053293998978916
5.14106599985098
4.753925000841264
6.535337999594049
7.061065000016242
7.032544001049246
7.339014000535826
7.501037000110955
7.263322000653716
7.2554210000816965
7.319911999729811
7.056200000079116
7.149590999688371
7.020933000603691
6.9624919997295365
7.394799000394414
7.167331999880844
7.18656800017925
6.926931000634795
6.9763020001119
7.49115299913683
7.04938900162233
7.2500830010540085
7.149224999011494
7.2021730011329055
6.603870000617462
7.36118799977703
6.896475000758073
6.905754000399611
7.009233000644599
7.097575999068795
6.854617000499275
6.922821001353441
7.0421039999928325
6.969332000153372
7.064805000482011
7.2894510012702085
7.099124999513151
7.122115999663947
7.016793000730104
7.266880998940906
7.130837000659085
7.169188998886966
7.2326190002058866
7.063443999868468
7.0730850002291845
7.091837998814299
11.5060119987902
12.2273180004413
13.139878999936627
11.78899799924693
12.160869999206625
12.870250999185373
12.63901400125178
12.826590000258875
12.740031999783241
12.755923000440816
13.612953000119887
12.54788200094481
13.550080999266356
12.877131999630365
13.767619000645936
14.761230999283725
14.394428000741755
13.496143001248129
14.127301999906194
13.919633000114118
14.295895000032033
13.187831000323058
13.971254000352928
14.83368099979998
14.50282899895683
14.090638000197941
13.492040001438
13.75222800015763
13.813879999361234
13.518089999706717
13.467949000187218
14.18716999978642
14.329315999930259
13.664334999702987
13.111168000250473
14.335345998915727
14.039815998330596
12.895071999082575
14.347755999551737
14.277719001256628
14.516711000396754
14.92239800063544
14.99391500146885
14.042135999261518
13.856600000508479
15.092809000634588
14.76862900017295
14.161351000439026
14.207427000656025
14.419782999539166
14.044666999325273
14.963183999498142
15.047288999994635
15.256353999575367
16.251364000709145
15.217488000416779
14.384976999281207
14.770673000384704
14.449050000621355
12.736097000015434
14.579083001081017
14.102978999289917
13.193320000937092
14.292793999629794
13.717967000047793
13.816089998726966
13.961276999907568
13.881842000046163
14.368167001521215
13.662535000548814
13.826618998791673
14.005184999405174
14.10291899992444
13.86003100014932
13.737897999817505
13.463598999805981
13.955452999653062
14.18774299963843
13.851319999957923
14.01108600111911
14.163320000079693
14.494080000076792
13.762818000031984
13.75348799956555
13.69803600027808
14.34707499902288
13.667097000507056
13.76265799990506
14.412168000490055
12.958593999428558
14.616312999351067
13.563652999437181
14.027657000042382
13.993415001095855
14.34235599845124
13.404155999523937
13.85312200000044
13.881512000807561
13.330224999663187
13.510610999219352
13.980124000227079
13.357656000152929
13.442518000374548
13.581392999185482
12.447786999473465
14.025845999640296
13.046355999904335
14.688826000565314
14.295065000624163
14.116489001025911
13.873731999410666
13.857680998626165
13.678995999725885
13.588703001005342
13.802469000438577
13.542223001422826
13.530800999433268
13.855840999895008
14.596093000363908
13.335908000954078
14.469480000116164
14.227522000510362
14.615134999985457
14.372936999279773
13.695346000531572
13.643674999912037
13.80092900035379
13.59461299944087
14.250393000111217
14.490949999526492
14.727556999787339
13.608123999802046
13.657026998771471
13.522921000912902
13.961524000478676
14.249743000618764
14.31516500088037
13.466828999298741
13.117969001541496
14.745608999874094
13.859169999705045
13.974523999422672
14.074147999053821
13.67873599883751
14.008616000865004
13.969053999971948
13.321655000254395
13.829470000928268
13.674465000804048
13.962314000309561
13.623243001347873
14.15775999885227
12.788808999175671
14.073358001041925
14.164320000418229
14.44986800015613
13.56167199992342
13.21589200051676
14.289202999862027
14.295503999164794
13.84053999936441
14.896283000780386
14.659529999335064
14.01296100084437
13.375435999478213
13.578123000115738
13.970043999506743
13.765068999418872
13.055706000159262
14.502620999337523
14.598093999666162
13.610353000331088
14.46672000020044
13.711696999962442
13.693514998522005
13.44960900132719
14.51701000041794
14.104039000812918
13.843660000929958
13.328314998943824
13.865310998880886
14.536190999933751
13.966644999527489
13.502089999747113
13.93413400001009
14.021318998857168
14.379245998497936
14.340575999085559
13.639523998790537
14.023466001162888
13.058667000223068
14.327864000733825
14.29701499910152
13.318863999302266
14.272162999986904
14.198401000612648
13.852046000465634
13.837356000294676
13.90140300100029
13.420806999420165
14.327425998999388
14.257262999308296
13.891642000089632
14.075337001486332
14.01774599980854
13.925332999860984
14.078909000090789
14.20468099968275
14.894383000864764
13.760277999608661
14.10728900009417
13.902161999794771
13.996269999552169
14.067162999708671
13.63901500008069
13.849462000507629
14.411832999030594
14.483106000625412
14.158010000755894
13.967374999992899
13.756438000200433
14.217941999959294
13.436098999591195
14.100657999733812
13.530210999306291
13.387136999881477
13.978404998852056
13.776318000964238
14.523511001243605
13.510209999367362
13.893041001210804
14.223671998479404
13.791338998998981
13.399767000009888
13.814129999445868
13.678704999620095
14.401646998521755
13.903683000535239
13.688135999473161
14.208642998710275
13.748257000770536
14.352226000482915
14.10648800083436
13.965804000690696
14.562161999492673
14.159270998788998
13.656265000463463
14.406907999727991
14.0259479994711
13.804909000100452
13.751128000876633
14.171920000080718
13.330384999790112
14.55504200021096
14.114907999100978
13.809609999952954
14.206601999831037
13.348595000934438
13.573832999099977
12.899151999590686
13.343095999516663
13.606533999336534
14.241611999750603
12.982983998881537
12.960942998688552
14.168850999340066
12.771858000633074
14.410918000066886
14.824879999650875
14.990206000220496
13.234312000349746
13.630604000354651
13.61557400014135
13.715687000512844
14.223391000996344
13.864780999938375
13.658593999934965
13.546472000598442
13.637165000545792
13.501130000804551
13.576313000157825
11.259271999733755
12.37911599855579
11.160088999531581
10.349324998969678
11.501599999974133
14.22249200004444
11.846200000945828
9.139988000242738
14.881162000165205
14.65647499935585
10.224350999123999
11.717895000401768
12.839110000641085
10.056324999823119
13.81908900111739
9.891231000437983
12.794899001164595
14.280794001024333
13.629614000819856
13.726717001190991
14.210721999916132
14.006005001647281
14.125859999694512
12.770348999765702
13.444767999317264
14.03368699902785
14.856461999443127
14.219201999367215
12.894810999569017
14.860120998491766
13.257333999717957
13.900232001105906
13.232721999884234
14.05278700076451
13.190031000704039
14.247183000406949
13.789107999400585
14.05666600112454
13.487500000337604
14.235341999665252
13.84128000063356
10.93251199927181
11.27431299937598
13.62714399874676
10.81949899889878
12.41758700052742
11.32663499993214
9.901743998852908
11.58424200002628
12.63950499924249
14.378046998899663
14.134979999653297
13.535242000216385
13.297933001013007
14.232622999770683
13.570252000135952
13.950194999779342
14.666745999420527
14.393497000128264
13.955123999039643
14.144368000415852
12.684214998444077
14.770118999877013
14.593763999073417
14.055847001145594
13.780493998638121
14.067776999581838
13.721012001042254
14.534240999637404
13.793460000670166
13.92113200017775
14.06246699843905
13.34131499970681
13.855220999175799
14.185771000484237
13.62026400056493
13.76453800003219
13.381312001001788
14.15658599944436
14.016875000379514
13.901041000281111
14.351502000863547
14.03392099928169
15.169410000453354
14.536652000970207
14.213567001206684
14.576029998352169
13.728866999372258
13.812109000355122
13.519541000277968
13.24946300155716
12.944383999638376
13.867140998627292
13.260468000225956
14.57141699938802
14.31391499863821
13.573616999565274
13.590666001618956
13.662165998539422
13.567901998612797
14.480299001661479
14.212727999620256
13.148333999197348
14.818179999565473
14.055716999791912
14.471615000729798
13.885047999792732
13.725925999096944
14.078952999625471
13.878976000341936
13.918292001108057
13.846089999788092
13.58176399844524
14.578734000679106
13.38601700081199
13.834940000378992
14.334815999973216
14.410118001251249
13.929348000601749
14.413132999834488
14.168290999805322
14.29610400009551
14.1612619991065
14.134559000012814
14.392615999895497
14.68169600047986
13.143729998773779
13.852610998583259
13.908021999668563
13.577016001363518
13.972214999739663
13.676905999091105
12.95726900025329
13.953459001641022
13.61931399878813
14.383808000275167
15.028030999019393
13.787852998575545
13.976120000734227
13.582674000645056
13.359032000153093
14.004717000716482
13.534508001612267
14.005069999257103
13.347476000490133
14.658138001323096
14.482622000286938
13.9497410000331
13.588531999630504
14.073317999645951
14.129138999123825
14.405337000425789
14.01545600128884
13.554952000049525
14.580723000108264
13.872610999897006
14.355696001075557
13.935843999206554
14.048785998966196
13.713447999180062
13.525581000067177
14.232313000320573
14.127911999821663
13.941524000983918
13.280602999657276
13.591023000117275
13.595403999715927
13.322786000571796
14.078927999435109
12.737170000036713
13.804480999169755
13.432673000352224
13.915833000282873
14.798455998970894
14.325529000416282
14.401193999219686
14.684637000755174
14.63294300083362
14.648197999122203
14.48236999931396
14.357265999933588
13.608860001113499
13.785412998913671
14.198102000591462
14.379807000295841
14.41004700063786
13.507649999155547
14.091512999584666
13.93534099952376
14.162032999593066
14.492099999188213
15.060761001223
13.71882000057667
13.557672000388266
13.719102000322891
14.212987998689641
13.692684000488953
13.220246000855695
14.40877800087037
13.582401999883587
12.629688000743045
11.743955999918398
12.65813700047147
12.806028998966212
10.768051999548334
11.4361319992895
11.42339699981676
12.22631100063154
15.002296000602655
13.313178998942021
13.72171599905414
14.091494000240345
12.627803000214044
12.14769900070678
13.909573001001263
12.098447999960626
9.149228000751464
14.683356999739772
13.928361999205663
13.622972999655758
13.355761000639177
14.009979999173083
14.42060099907394
14.23869100108277
14.258903000154532
14.416968000659836
13.872896999600925
14.007710000441875
13.500560000466066
14.047712000319734
14.27668900032586
14.456654000241542
13.92728699829604
14.179460999002913
13.841451000189409
14.760149000721867
14.133958000456914
13.84324100035883
13.796219000141718
13.867041998310015
14.265183001043624
13.67301999925985
13.894068000809057
13.820709000356146
14.16588999927626
14.613744000598672
13.646613999299007
13.66550999955507
14.151784998830408
14.091629000176908
13.65640700169024
13.656945999173331
13.84481100103585
13.310823998835986
14.220953000403824
13.625383000544389
14.070696999624488
14.87027199982549
13.45325900001626
13.88878299985663
14.504720000331872
12.974733999726595
15.125070000067353
13.986005000333535
14.18436000130896
14.086968998526572
14.341834999868297
13.82311099951039
14.963895000619232
13.441327999316854
14.223848000256112
12.98905000112427
14.50077299887198
14.003975000377977
14.167964998705429
14.307720999568119
13.308064999364433
14.720469998792396
14.142721998723573
14.748898000107147
14.55879199966148
14.649685999756912
12.908572998640011
15.509730999838212
11.327703001370537
10.538220998569159
13.190601001042523
13.45502900039719
11.485388999062707
12.634094000532059
14.604052999857231
14.061088000744348
14.078936999794678
8.426496999163646
6.945351000467781
5.375417998948251
6.167647999973269
5.31213599970215
5.690863999916473
5.567460000747815
5.4637750017718645
5.564373999732197
5.149460999746225
5.266730000585085
5.440856999484822
5.65175200063095
5.8970080008293735
5.45087600039551
16.85377100147889
14.466937000179314
13.558892000219203
13.890172000174061
13.873421999960556
13.413255999694229
13.810559999910765
14.52164300098957
14.553352000802988
13.481878999300534
14.454218000537367
14.360356999532087
14.241715998650761
12.63359299991862
14.100668000537553
14.725616998475743
14.296837000074447
14.234233000024687
14.197980999597348
14.410797999516944
14.161651000904385
14.961804999984452
13.84595099989383
14.626056999986758
13.1100790003984
15.14922999922419
14.33319600073446
15.390336999189458
14.309514999695239
12.963436000063666
14.335436999317608
12.88982200094324
13.587923000159208
11.309403000268503
13.666594999449444
14.28997699986212
14.096216998950695
15.00072799899499
13.941994000560953
14.04913700025645
14.594092999686836
13.816640001095948
13.28451300105371
14.093477000642451
13.93758400081424
13.944543999969028
14.19801500014728
14.71978500012483
14.392789998964872
14.62029400136089
14.677997000035248
14.310659000329906
12.833389999286737
13.525317001040094
13.933530999565846
13.7846690013248
14.756978000150411
14.00606599963794
15.006125999207143
14.517600000544917
13.911632999224821
13.912393000282464
15.201131000139867
12.900174000606057
14.582302001144853
14.853851998850587
14.142093999907956
13.770706000286737
13.117733000399312
12.688810000327067
13.720707000175025
13.230074000603054
14.267652999478742
14.60435300032259
13.40850000087812
13.894333000280312
13.477247999617248
13.436733999697026
14.022252000359003
13.215371000114828
13.474424999003531
13.845355999364983
14.188871000442305
13.781638001091778
13.852220999979181
13.2713530001638
13.899994000894367
14.251323000280536
14.143559999865829
13.958784000351443
14.048536999325734
14.628742999775568
13.91110300028231
14.69034599904262
14.64560600106779
14.424897999560926
14.244931999201071
13.495040000634617
14.863311000226531
14.243263000025763
15.038457000628114
14.611583999794675
14.82036900051753
15.16822499979753
14.355791001435136
14.448247000473202
14.486064999800874
13.057912001386285
13.85615700019116
14.713262000441318
13.511245999325183
15.012531999673229
13.833434999469318
14.316344999315334
15.066177998960484
14.415228000871139
13.646224999320111
11.582243001612369
10.632132998580346
12.812588998713181
11.699329001203296
14.597393999792985
12.221591001434717
12.49483900028281
10.168848999455804
11.961284000790329
10.073917001136579
12.708370999462204
9.70804999997199
12.517799999841372
10.3314150001097
12.24733299932268
11.742476001018076
10.43358700007957
10.679304999939632
10.056311000880669
10.560705000898452
11.256761999902665
11.278313000730122
11.015645000952645
13.047901999016176
13.025161000769003
13.095948001137003
12.164543999460875
13.343664999410976
12.849235999965458
13.259889001346892
12.435967999408604
13.16075499926228
13.75901299979887
13.249101999463164
13.259427998491446
13.099742998747388
13.561716999902274
13.040470999840181
12.434524000127567
12.35455400092178
13.119917999574682
13.305934000527486
13.196040999901015
12.720151000394253
12.591394999617478
13.757455999439117
11.360966000211192
14.09387700005027
14.265154000895564
12.907352000183892
12.391557000228204
13.777729000139516
13.198450000345474
12.74868700056686
12.846111001636018
12.72675800100842
13.472919999912847
14.022475999809103
13.377272000070661
13.060125998890726
13.176365000617807
12.097953000193229
13.313819999893894
13.812729999699513
13.760117999481736
14.419539000300574
13.474289000441786
13.10870899942529
13.27562400001625
15.578672999254195
15.444672000739956
14.778688999285805
14.622025000790018
14.569592000043485
13.989524999487912
14.354754999658326
14.16827100001683
14.641355999629013
14.338544999191072
15.150713001276017
14.41081499979191
14.263798000683892
14.048456998352776
12.89577600073244
13.536391999878106
13.59375900028681
15.033081999717979
13.6222680011997
14.520946999255102
14.179640000293148
15.1570409998385
14.441297998928349
13.485931000104756
15.33417500104406
13.393126000664779
14.464660000157892
14.242508999814163
14.645938999819919
14.129459999821847
14.094182999542682
14.695011999720009
14.26241800072603
12.87054100066598
13.546181000492652
13.27022699842928
14.455968999754987
14.401958000235027
14.220757000657613
14.212735999535653
14.985836000050767
13.422447000266402
14.376147999428213
15.277794000212452
13.941053000962711
14.257437998821842
13.760963000095217
14.552111000739387
13.858784999683849
12.940899001478101
14.289514001575299
13.868721000108053
14.62902499952179
14.08730699949956
13.389391999226063
13.475505000315025
14.390782000191393
13.463955001498107
14.641644000221277
14.316471000711317
14.557807000528555
14.28814999962924
14.088778001678293
13.096298000164097
13.986048999868217
14.236041999538429
14.96252499964612
13.59431299897551
14.5084499999939
14.461038999797893
13.843974998962949
13.849966000634595
14.31798500016157
13.962049999463488
14.283119000538136
14.346916001159116
13.819175999742583
13.656715000252007
14.061077001315425
14.124649000223144
14.10467399909976
13.048922000962193
14.823090001300443
12.71884699963266
13.833330000124988
14.032946999577689
14.51435199851403
14.902752000125474
13.855601000614115
12.983860000531422
13.77820800007612
14.210236999133485
14.28357899931143
14.153825000903453
14.499171000352362
13.628059001348447
14.7730139997293
14.207461001205957
13.883427000109805
13.56112799840048
14.253527000619215
13.237437000498176
13.024575999224908
13.773798000329407
14.307805000498774
14.744782998604933
14.099707999776001
13.64287999967928
14.091372999246232
14.577838001059717
13.76443800108973
14.673535999463638
13.99502499953087
14.32233600098698
14.421036999920034
14.161432000037166
14.338254999529454
13.245422000181861
13.865392000298016
14.301123999757692
13.215586999649531
13.899601999582956
13.912192000134382
12.91075300105149
14.062325999475433
13.602697999886004
14.196066998920287
14.040172000022721
14.29148500028532
12.048346001392929
13.409928000328364
14.421227999264374
13.774197999737225
14.561242000127095
14.985024999987218
14.520931001243298
13.682060000064666
14.300730001195916
14.245252001273911
13.868330999684986
14.551347001543036
13.532341001337045
13.274643000841024
14.568036998753087
13.978205000967137
13.428083000690094
11.824238999906811
14.042770999367349
14.191125999786891
14.039182000487926
14.285494000432664
13.766142999884323
12.792043000445119
13.863516000128584
13.909923000028357
13.373260999287595
14.164041000185534
13.602435001303093
13.796117998936097
14.073578999159508
14.112332999502541
13.759093000771827
13.251237000076799
14.051656999072293
13.157450001017423
14.3760420014587
13.181051001083688
14.201676000084262
13.531750999391079
14.288128999396577
13.37154099928739
13.398740999036818
14.152654999634251
13.894265999624622
14.337726001031115
13.487889998941682
13.43107699904067
13.039007999395835
12.560551000206033
13.880071999665233
14.351611000165576
12.103892000595806
13.967800001410069
14.050241999939317
13.762607999524334
13.901808000809979
13.984305000121822
13.55645699914021
14.102867999099544
14.27877900096064
13.589207999757491
14.65676600128063
15.188585999567294
13.910558000134188
13.43254700077523
13.706990999708069
14.078661999519682
14.181100001223967
13.829619998432463
13.981395000882912
