payload_size_bytes=102400
runs=250
mean_ms=1.109
median_ms=0.892
stddev_ms=0.863
min_ms=0.601
max_ms=9.943
---raw---
0.9828699994613999
1.7555079994053813
2.681072000086715
0.9789750001800712
0.8172500001819571
2.8268010000829236
1.6136690001076204
1.148625000496395
0.7286829995791777
1.4961349997975049
0.8854059997247532
1.1837749998448999
0.9336439998151036
0.9004119992823689
0.8482349994665128
1.5903890007393784
0.9060169995791512
0.8310949997394346
1.4571149995390442
1.0256199993818882
0.8307210000566556
0.9370739999212674
1.3176099992051604
0.8945119998315931
0.815444000181742
0.8593399998062523
0.9363880008095293
1.732882999931462
0.8174489994416945
0.812700000096811
0.8952969992606086
0.9359980003864621
1.4460230004260666
0.9242679998351377
0.9216030002789921
0.7942440006445395
0.9133229996223236
0.8903569996618899
0.8866429998306558
0.8586559997638687
0.9076169999389094
0.8689569995112834
0.7667689997106208
1.8796969998220447
1.0481760000402573
0.8448609996776213
0.7777740001984057
1.8108200001734076
0.8655869996800902
0.8760860000620596
0.8198099994842778
0.8175650000339374
1.8098149994330015
1.0546029998295126
0.9920100001181709
0.8521559993823757
0.7578579998153145
1.8071349995807395
1.0493460003999644
0.9205670003211708
0.8356450007340754
0.8364859995708684
0.8839460006129229
0.7635029996890808
0.9651300006225938
1.446434000172303
0.8918170005927095
0.8722080001462018
1.0655819996827631
1.0994129997925484
0.7886240000516409
0.8135640000546118
0.8434660003331373
0.9492289991612779
1.4221029996406287
0.881877999745484
0.9271230001104414
1.7919179999807966
1.0159409994230373
0.9315929992226302
0.8644219997222535
0.8689010001035058
0.8832559997244971
0.8064399999057059
1.0960729996440932
0.7674240005144384
0.8301549996758695
0.914258000193513
0.7959350004966836
1.0486469991519698
0.806438999461534
0.9852399998635519
0.8811870002318756
0.9610289998818189
0.8300749996124068
0.8355159998245654
0.8704770007170737
1.6215080004258198
0.9284079997087247
0.9480790004090522
0.8134649997373344
1.0976530002153595
0.8753719994274434
0.8723719993213308
0.8183509999071248
1.7757989999154233
0.9325740002168459
0.9199380001518875
0.924612999369856
0.8676470006321324
0.855396000588371
0.7422219996442436
1.1514660000102594
0.830869999845163
1.0781629998746212
0.9792749997359351
3.936549999707495
0.9214290003001224
0.7694089999858988
0.7555780002803658
0.8294649996969383
0.7990350004547508
0.8817970001473441
0.8549909998691874
0.7605870005136239
0.8238350001192885
2.004841999223572
0.6010930001139059
0.636433999716246
0.8289749994219164
0.782823999543325
0.9394980006618425
0.8687859999554348
0.7992540004124749
0.8960519999163807
0.8057739996729651
0.6231090001165285
0.8005750005395385
1.0640979999152478
0.864251000166405
0.703341000189539
0.7863290002205758
0.9477690000494476
0.901458000043931
0.9479339996687486
0.9298479999415576
0.9720950001792517
0.8001349997357465
0.7716740001342259
0.8804620001683361
0.7728239997959463
0.9964399996533757
0.9697240002424223
0.9798099999898113
0.8800559999144753
0.8636669999759761
0.7749730002615252
0.8170450000761775
0.8096400006252225
0.8444900004178635
0.8688970001458074
0.8756070001254557
0.9602990003259038
0.9628680008972879
1.1867670000356156
0.8802769998510485
1.1283849999017548
0.9516689997326466
2.8330269997240975
1.0159309995287913
0.8812570004010922
2.7148230001330376
1.5175460002865293
1.0651169995981036
0.6227289995877072
0.8319899998241453
1.5518380005232757
0.8721059994059033
0.8231550000346033
0.897777000318456
0.705591999576427
0.8648760003779898
0.7656030002181069
0.774625999838463
0.638216999504948
0.6911709997439175
0.8163070006048656
0.7665809998798068
0.7395319998977357
0.7620930000484805
1.1097840006186743
0.8019240003704908
0.9184579994325759
1.2708109998129657
0.7055490004859166
0.7315620005101664
0.7747640001980471
1.8263259999002912
1.331190000200877
1.094653000109247
1.024430999677861
3.17808599993441
1.642379999793775
1.353881000795809
1.032191999911447
8.498707999933686
1.0422569994261721
0.8935469995776657
0.9504239997113473
0.8487850000165054
1.0930040007224306
0.8573660006732098
0.8209749994421145
0.8919969995986321
0.8521259996996378
0.8934269999372191
0.9702240004116902
0.8262450000984245
0.9094079996430082
0.9396489995197044
0.8837920004225452
0.8755660001042997
0.8822769996186253
0.8300260005853488
0.8925570000428706
1.3648309995915042
0.8430959996985621
0.8561360000385321
0.8841670005494962
9.943487999407807
1.0373269997216994
0.9377679998578969
0.8270349999293103
0.9585190000507282
0.8600959999967017
0.9225379999406869
0.8762560000832309
0.8269949994428316
0.8510899997418164
1.9129279999106075
0.9328430005552946
0.8325950002472382
2.9538700000557583
1.009131000500929
1.6041090002545388
1.6094490001705708
0.8299549999719602
1.1762960002670297
2.102905000356259
3.0255319998104824
