payload_size_bytes=102400
runs=250
mean_ms=0.956
median_ms=0.844
stddev_ms=0.365
min_ms=0.589
max_ms=2.866
---raw---
1.3960420001239982
0.8793769993644673
0.7685979999223491
0.8425960004387889
1.18657099937991
2.0297170003686915
0.6169440002850024
1.3279249997140141
1.091346000066551
0.6245569993552635
1.769533999322448
0.6484599998657359
0.7968529998834128
1.0264619995723478
0.639791999674344
2.75322099969344
1.0367619997850852
1.196336000248266
0.7909039995865896
1.4438640000662417
0.6763119999959599
1.7130390006059315
1.553486999910092
0.7780739997542696
0.706261000232189
1.060751999830245
0.7146640000428306
0.8770539998295135
0.7653829998162109
0.7514829994761385
0.794683999629342
0.8997169998110621
1.8327150000914116
0.8096450001175981
0.9494380001342506
1.1977170006503002
0.807254999926954
0.676624999869091
0.6685749995085644
0.5887080005777534
0.927348000004713
0.7076069996401202
0.6911159998708172
0.9169670001938357
0.6204790006449912
0.8296949999930803
0.7868339998822194
0.9416889997737599
0.8440259998678812
1.0645970005498384
1.0140809999938938
0.6667110001217225
0.7695780004723929
0.7023420002951752
0.8369859997401363
1.1218640001970925
0.9137480001299991
2.074352999443363
0.8076700005403836
0.8961780004028697
1.2612980008270824
2.4515100003554835
0.9373680004500784
1.2311769996813382
1.1130740003864048
1.3675419995706761
0.7866539999668021
0.8496059999743011
0.8573449995310511
0.920837999728974
1.4648790001956513
0.8672209996802849
0.8449360002487083
1.7838940002548043
1.2300570006118505
0.8066150003287476
0.766372999351006
0.8526860001438763
0.8699270001670811
1.0567529998297687
0.8087440000963397
0.9336880002592807
1.4085829998293775
1.1128839996672468
0.7819740003469633
0.8952360003604554
1.1531350000950624
0.8603559999755817
0.8915660000639036
1.0337610001442954
0.893726999493083
0.9883699995043571
0.8955579996836605
0.8553059997211676
1.4877609992254293
0.8845610000207671
0.8710960000826162
1.0595229996397393
1.1611899999479647
0.9566829994582804
0.826825000331155
0.9784889998627477
1.2906199999633827
0.9816700003284495
1.087412999368098
0.8586360008848715
0.9843399993769708
1.4793639993513352
0.9365380001327139
0.8298849998027436
1.162194999778876
0.957848999860289
0.8106340001177159
0.8581270003560348
1.3816620003126445
0.9644990004744614
0.8773069994276739
0.8397550000154297
0.856626000313554
0.8593359998485539
0.9040069999173284
0.9059579997483524
1.3468110000758315
0.8632359995317529
0.7581919999211095
1.1778059997595847
1.1972769998465083
0.8368400003746501
1.0380469993833685
2.494991000276059
1.3224499998614192
0.6828859995948733
0.7563130002381513
0.761453000450274
0.6235900000319816
0.593957999626582
0.6439000007958384
0.7883239995862823
0.7742429997961153
0.9078480006792233
0.7623330002388684
0.8028740003283019
0.7273020000866381
0.7742230000076233
0.6666199997198419
0.7389879992842907
0.8407659997828887
0.6724599998051417
0.6909009998707916
0.7365930005107657
0.6765600001017447
0.8499049999954877
0.6970209997234633
1.009380000141391
0.7767490005790023
0.8209649995478685
0.7124009998733527
0.7533930001955014
0.9430879999854369
0.7532030003858381
0.7759039999655215
0.6599700000151643
0.7323520003410522
1.3099239995426615
0.7412169998133322
0.602813999648788
0.6925460002094042
2.0193769996694755
0.8341709999513114
1.009860000522167
0.8084900000540074
1.6767259994594497
0.8847960007187794
0.8550460006517824
2.4654640001244843
0.7583930000691907
0.7547230006821337
0.6705799996780115
1.3051699997959076
0.6295390003288048
0.9284779998779413
0.6526099996335688
0.7227920004879707
1.1055140003009
0.7697029996052152
0.8589360004407354
0.6903710000187857
0.7501529998990009
1.264147999791021
0.6753000006938237
0.7108010004230891
0.7417420001729624
0.7269920006365282
0.9991699998863623
0.7323420004468062
0.9589390001565334
0.7682429995838902
0.7719630002611666
0.7235920002131024
0.7034210002530017
0.7535280001320643
0.7880739995016484
1.0303459994247532
0.7930439996925998
0.7684940001126961
0.6975420001253951
0.7093809999787482
1.1590949998208089
0.9788950001166086
0.8398700001635007
0.7573229995614383
0.6684600002699881
0.9794790003070375
0.8062249999056803
0.7163219997892156
0.7715929996265913
0.7227920004879707
1.280329000110214
0.6996709998929873
0.7561040001746733
0.734171999283717
0.6840610003564507
0.8786569997027982
0.7121310000002268
0.6703200006086263
0.9562489995005308
1.156405000074301
1.2381730002744007
0.7697139999436331
0.699570999131538
0.7661780000489671
2.8658669998549158
1.063872000486299
0.8609360002083122
0.6817610001235153
0.6972259998292429
0.7384829996226472
1.1270590002823155
0.6791409996367292
0.7023470006970456
0.7011309999143123
2.0507970002654474
0.8279650000986294
0.7290920002560597
1.5670079992560204
1.0749029997896287
1.1634059992502443
0.6895110000186833
1.0986440001943265
0.7285720002982998
