payload_size_bytes=102400
runs=250
mean_ms=0.955
median_ms=0.879
stddev_ms=0.290
min_ms=0.652
max_ms=2.868
---raw---
0.9135569998761639
2.713908000259835
1.2036110001645284
1.3662210003531072
0.7843140001568827
0.9856000006038812
0.8349849995283876
0.8477359997414169
0.9375089994136943
1.9979560001956997
0.9995609998441068
1.147473999481008
1.4513140004055458
1.2262870004633442
0.8825719996821135
0.9275389993490535
0.7317529998545069
0.7541830000263872
1.7386529998475453
0.730692000615818
0.6853200002296944
0.842366000142647
0.8252750003521214
1.5893680001681787
2.167016000385047
0.7043209998300881
1.1386249998395215
1.0321809995730291
0.8866469997883542
0.90021699998033
0.7168020001699915
0.6846209998911945
1.8138060004275758
0.8150749999913387
0.7574629998998716
0.8404050004173769
0.737031999960891
0.7806030007486697
0.7613629995830706
0.8504059996994329
0.6523299998661969
0.8074540000961861
0.9086669997486752
0.862457000039285
1.4305439999588998
1.059512000210816
0.8092349999060389
0.9239279997927952
0.8748059999561519
1.0945829999400303
0.9378690001540235
0.8601259996794397
0.9123669997279649
0.9050170001501101
0.8480799997414579
0.8534409998901538
0.8729769997444237
0.8755670005484717
0.9336079992863233
0.7626130000062403
0.8504560000801575
1.1127629995826283
0.9677500001998851
0.8805569996184204
0.8442460002697771
0.8746870007598773
0.8665260002089781
0.8785159998296876
0.8162650001395377
0.8729959999982384
0.8071239999480895
0.8100439999907394
0.8982179997474304
0.8889470000212896
0.9125070000663982
0.8619460004410939
0.8271550004792516
0.9921210003085434
0.8050539991018013
1.1165440000695526
0.9800500001801993
0.8034250004129717
0.9418080007890239
0.8720360001461813
0.8654459998069797
0.9392590000061318
0.905306999811728
0.8428749997619889
0.9289790004913812
0.8858969995344523
0.8223949998864555
0.9969399998226436
1.0543119997237227
0.9994199999709963
0.847176000206673
0.891257000148471
0.929738000195357
0.8587160000388394
0.8517269998264965
0.8970669996415381
0.8789060002527549
0.8192650002456503
0.8992369994302862
1.000630000817182
0.7870239996918826
0.8918370003812015
0.9011370002554031
0.8501559996147989
0.812575000054494
0.8450850000372157
0.8161739997376571
0.9174380002150428
0.9282280007028021
0.9693289994174847
1.4460439997492358
0.8491159996992792
0.9893800006466336
0.8457059993816074
0.9042980000231182
1.1596960002862033
0.9186380002574879
1.8090450003001024
0.7436630003212485
1.0347320003347704
0.8780070002103457
2.1581660002993885
0.9827500007304479
0.7812930007276009
1.2123559999963618
1.1632249998001498
0.7141610003600363
0.6938710002941662
0.7772139997541672
0.7995639998625848
0.7478620000256342
1.1901460002263775
0.6948709997232072
0.754921999941871
0.8476399998471607
0.7568029996036785
1.5594169999531005
0.7470430000466877
0.8661270003358368
0.8902270001271972
0.9122569999817642
0.8942070007833536
0.8693959998709033
0.8628659998066723
0.8692169994901633
0.791939999544411
0.8781469996392843
0.898766999853251
0.7928639997771825
0.9438790002604946
0.8395849999942584
0.9149580000666901
0.8228749993577367
0.8676259994899738
0.9292479999203351
0.8881769999788958
0.9149580000666901
0.9715490004964522
0.9807699998418684
0.8554460000596009
0.9091069996429724
0.8570059999328805
0.8197850002034102
0.9569389994794619
0.9088670003620791
0.8231649999288493
0.9459590000915341
2.2136269999464275
0.8066050004345016
0.8572460001232685
0.8187640005417052
0.8896670005924534
0.9735099993122276
0.9406290000697481
0.8567459999540006
0.820344999738154
0.8212249995267484
0.8161350006048451
0.8990970000013476
0.8674959999552811
0.9621000008337433
1.0183409995079273
0.8255149996330147
0.8548360001441324
1.0538619999351795
0.8341960001416737
1.0015899997597444
0.8990870001071016
0.8491159996992792
0.9160379995591938
0.8277150000139954
0.8926269993025926
0.8950969995566993
0.8626769995316863
0.8286149995910819
1.0128410003744648
0.8475660006297403
1.9834699996863492
0.9008570004880312
0.9355890006190748
0.9970400005840929
0.8715470003153314
0.9445089999644551
0.8645759999126312
0.8449649994872743
0.8212150005419971
0.8270250000350643
0.8490449999953853
0.9019770004670136
0.8398959998885402
1.2192470003355993
0.8867769993230468
1.0641919998306548
0.916687999961141
0.9467489999224199
0.8909469997888664
0.9224079994964995
0.8647559998280485
0.8842659999572788
0.8476960001644329
0.8252249999713968
0.7710139998380328
0.808713999504107
0.8669559992995346
0.8718359995327774
0.918118000299728
1.1444649999248213
2.867776999664784
1.0465719997228007
0.7905140000730171
0.7859839997763629
0.844786000016029
0.8365160001631011
1.1279039999863016
0.9640790003686561
0.8250359996964107
0.7989939995241002
0.9159979999822099
0.9645190002629533
0.8287459995699464
0.8585160003349301
1.5986689995770575
0.8811570005491376
0.8269859999927576
0.8319459993799683
0.8786970001892769
