payload_size_bytes=102400
runs=250
mean_ms=1.021
median_ms=0.904
stddev_ms=0.449
min_ms=0.629
max_ms=4.247
---raw---
1.3781710003968328
0.9814400000323076
1.2412169999151956
1.0931339993476286
1.258847999451973
0.9695790004116134
0.9523590006210725
2.280059000440815
0.8143550003296696
0.8569760002501425
1.3250000001789886
1.1116539999420638
0.9834490001594531
1.1481850006020977
4.109984000024269
1.8518870001571486
1.0527019994697184
1.092992999474518
1.3198500000726199
1.9864100004269858
0.7887330002631643
0.7100620005076053
0.9219289995598956
1.1900660001629149
0.7610729999214527
0.7706729993515182
0.8138240000334918
0.6476999997175881
0.7114010004443116
0.7260219999807305
0.629029000265291
1.1110639998150873
0.7763440007693134
1.5751179998915177
0.6951209998078411
0.7723890003035194
1.0191809997195378
0.738357000045653
0.7043119994705194
0.8771659995545633
1.140895000389719
0.7914440002423362
1.9663639995997073
0.644319999992149
1.8848769996111514
0.8569020001232275
0.8529800006726873
0.9468440002819989
0.8030440003494732
0.7473229998140596
0.6961710005271016
0.7674530006624991
0.8726259993636631
0.8721759995751199
0.824464999823249
0.953218000177003
0.8703060002517304
0.8840869995765388
0.839535999148211
1.0264310003549326
0.7958140004120651
0.8861070000421023
0.8923380000851466
0.8390550001422525
0.8415459997195285
0.8897870002329
1.1487950005175662
1.3959520001662895
0.8952070002123946
0.810165000075358
0.9246290001101443
0.8632660001239856
0.9748989996296586
0.8730359995752224
0.885917000232439
0.8743870002945187
0.869245999638224
0.8804770004644524
0.939708999794675
0.8068349998211488
0.7926439993752865
0.8104640000965446
1.0977330002788221
1.025210999614501
1.0048599997389829
0.8263150002676412
0.86414599991258
1.0907129999395693
0.9541589997752453
0.935058000322897
0.8312550007758546
0.8933970002544811
3.217962000235275
0.9148419994744472
0.9036259998538299
1.000000999738404
3.3492619995740824
1.0515720005059848
0.9251580004274729
0.9035570001287851
1.274567999644205
0.8078639993982506
0.9298080003645737
0.8440860001428518
0.8024740000109887
1.9528000002537738
0.8913370002119336
0.9571889995640959
0.8541560000594473
0.8426550002695876
1.1361249999026768
0.8555459999115556
0.8773870004006312
0.9965200006263331
0.8632660001239856
0.9121670000240556
0.9622389998185099
2.3646919999009697
0.9583999999449588
0.8670469997014152
0.8220749996326049
0.8316149996971944
0.8161940004356438
0.8413149998887093
1.2243359997228254
1.453484000194294
0.9535890003462555
0.9549500000503031
0.9299489993281895
0.903868000023067
1.0230609996142448
1.0064600000987411
0.9196929995596292
0.8675170001879451
0.8385409992115456
0.8591559999331366
1.0244910008623265
0.904098000319209
0.831706000099075
0.9184880000248086
0.7926139996925485
0.8802969996395404
0.7679740001549362
0.8772660003160127
2.044915999249497
4.246524000336649
1.8947680000565015
1.0627720002958085
0.9185680000882712
0.9472980000282405
0.9096719995795866
1.5559670000584447
0.9384879995195661
0.9162779997495818
0.9455429999434273
0.9825349998209276
1.030481000270811
0.9949699997378048
1.382216999445518
0.9444139996048762
0.9281290003855247
0.8396700004595914
0.8954180002547218
0.9209480003846693
1.0124009995706729
0.8300540002892376
0.8629920002931613
0.8524360000592424
0.9428729999854113
0.9518580000076327
0.9826199993767659
0.814214000456559
0.674906000313058
0.7061610003802343
0.7742089992461842
1.0311420001016813
1.137015000495012
0.804064000476501
0.7338320001508691
0.6286289999479777
1.0215709999101819
0.7507230002374854
0.7799539998813998
0.7474019994333503
0.7301519999600714
1.6285490000882419
1.0801520002132747
0.8730829995329259
0.8623209996585501
0.7595029992444324
1.1932570005228627
0.8285949998025899
0.7568480004920275
0.8008589993551141
0.6963159994484158
1.5481119999094517
0.8278550003524288
0.6643699998676311
1.1464250001154142
0.7352430002356414
0.8593969996582018
0.6986110001889756
0.7874540006014286
0.7265020003615064
1.364362000458641
0.8283500001198263
1.0702270001274883
0.8890170001905062
0.9981700004573213
1.8317060003028018
0.8500759995513363
0.8338849993378972
1.6990670001177932
0.9212879995175172
0.8499660007146304
0.9886999996524537
1.2493180001911242
0.8057099994402961
0.835920000099577
0.7862540005589835
1.4960999997128965
1.0393120001026546
0.9945499996319995
0.9119079995798529
0.8187039993572398
0.9285129999625497
0.9559489999446669
0.8574009998483234
1.6620589995000046
0.9036729998115334
1.0022809992733528
0.8661069996378501
0.839475999782735
0.8609260003140662
0.9749149994604522
1.0258860002068104
0.8404600002904772
0.9970410001187702
0.9310189998359419
0.9034779995999997
0.8361550007975893
1.3108510001984541
0.8084640003289678
0.8501450001858757
0.9158069997283746
0.8343149993379484
0.7780340001772856
0.8709570001883549
0.9374179999213084
0.9930800006259233
