payload_size_bytes=102400
runs=250
mean_ms=0.964
median_ms=0.870
stddev_ms=0.381
min_ms=0.639
max_ms=3.716
---raw---
3.7160729998504394
3.7108630003785947
1.123953999922378
0.9192779998556944
0.8738770002310048
0.7125009997253073
0.7289229997695656
0.8567670001866645
0.7834940006432589
0.8313349999298225
0.854986999911489
1.1538750004547182
0.8758169997236109
1.1326149997330504
1.036052000017662
0.863907000166364
0.9236080004484393
0.7285219999175752
0.7205729998531751
0.7885139993959456
0.7346619995587389
0.6551989999934449
0.749802000427735
1.925088000461983
1.0319909997633658
0.8237849997385638
0.8298060001834529
0.9204780008076341
0.8365950006918865
0.8572959995944984
0.9545989996695425
0.8082149997790111
0.8564260006096447
1.1441659999036347
2.908157999627292
1.135285000600561
0.8440459996563732
0.788193999142095
0.9211099995809491
0.9167349999188446
0.8785469999565976
0.72278199968423
0.810499000181153
0.9032380003191065
2.2929759998078225
1.2047869995512883
0.9627990002627485
0.8941369997046422
0.8721270005480619
0.9214480005539372
0.8915270000215969
1.053001999935077
0.9321389998149243
0.9320889994341996
0.7927940005174605
0.9636800004955148
0.9793600002012681
0.884527999915008
0.8875869998519192
0.798084999587445
0.8960570003182511
0.7673629997952958
0.8811469997453969
0.779183999839006
0.7768939995003166
0.7115320004231762
0.8027039993976359
2.451524999742105
0.884641999618907
0.8615130000180216
0.9191079998345231
0.8296050000353716
1.095352999982424
0.8434910005234997
0.8720510004422977
0.6827309998698183
1.4887260003888514
1.1532450007507578
1.0489920005056774
0.8401049999520183
0.8510389998264145
0.9050850003404776
0.7735839999440941
0.9173829994324478
0.705915999787976
0.7775540007060044
1.9619500008047908
1.1440139996921062
0.8791059999566642
0.8838470002956456
0.8407850000367034
0.8534280004823813
0.765761000366183
0.7827130002624472
0.7698950003032223
0.7212209993667784
0.7152819998736959
1.1402740001358325
1.2579880003613653
0.8121939999909955
0.7995240002856008
0.9333180005342001
0.9885699992082664
0.7459039998138906
0.7369320001089363
0.6826210001236177
0.6524550008180086
2.0271079993108287
0.9214129995598341
0.645873999928881
0.9466990004511899
0.9488780005995068
0.7958340002005571
0.833156000226154
1.103172999137314
0.7924359997559804
0.8529229999112431
1.0139210007764632
0.8765970005697454
0.8623859994258964
0.7056519998513977
0.8535150000170688
0.8468860005450551
0.8736769996176008
0.764864000302623
0.8321560007971129
0.936037999963446
1.818605000153184
0.8228450005844934
0.8274349993371288
0.952090999817301
0.9428559997104458
0.9175969998977962
1.0596319998512627
0.7390119999399758
0.8160349998433958
0.9432180004296242
1.8683569996937877
1.0386809999545221
0.8085539993771818
1.0499019999770098
0.969480000094336
0.8309149998240173
0.8083740003712592
1.1849660004372708
0.6387490002452978
0.7420339998134295
1.0124559994437732
1.090197999474185
0.7292569998753606
0.8253699998022057
0.921777999792539
0.8723470000404632
0.7647929996892344
0.7489830004487885
0.7860140003685956
1.0432010003569303
1.091041999643494
1.0053910000351607
1.244603000486677
0.6585959999938495
0.9461540003030677
1.04763799936336
0.7530230004704208
0.7407220000459347
0.737022000066645
0.8506959993610508
1.3395900004979922
0.9143979996224516
0.9799489998840727
0.8294260005641263
0.8042989993555238
0.8716610000192304
0.8207399996535969
0.827980999929423
0.8825859995340579
1.0559669999565813
1.8754859993350692
0.7707610002398724
0.8351019996553077
0.8908869995138957
0.8696659997440292
0.9312789998148219
0.789784000517102
0.7975349999469472
0.7407109997075167
1.1857809995490243
1.5077010002642055
1.0521009999138187
0.8102150004560826
0.8695670003362466
0.842145999740751
0.875787000040873
0.7019810000201687
0.8592770000177552
0.8139539995681844
0.8169050006472389
0.8582919999753358
0.8465209994028555
0.8957680001913104
1.0247410000374657
0.8751870000196504
0.8388349997403566
1.0121459999936633
0.7550680002168519
0.7991739994395175
0.818334000541654
1.219482000124117
1.9333930003995192
0.8994769996206742
0.9645299996918766
0.91036800040456
0.8880280001903884
0.8068240003922256
0.8561360000385321
0.8627160004834877
0.7441119996656198
0.9756139997989521
1.4471390004473506
0.9982399997170432
0.7610729999214527
0.8644669997011079
0.9049970003616181
0.8327149998876848
0.8939469998949789
0.7921639999040053
0.8695070000612759
0.8597469995947904
1.3833220000378788
0.9491690007052966
0.9206080003423267
0.6664160000582342
0.8359049998034607
0.7488329993066145
0.8684470003572642
0.9432490005565342
0.9116729997913353
0.8607119998487178
0.7077669997670455
1.5647769996576244
1.0141610000573564
0.9139369994954905
0.7741640001768246
0.8456360001218854
0.7789940000293427
0.7466629995178664
0.8521609997842461
0.9886649995678454
1.3461599992297124
0.8713870001884061
