payload_size_bytes=102400
runs=250
mean_ms=1.094
median_ms=0.924
stddev_ms=0.480
min_ms=0.644
max_ms=4.046
---raw---
1.2326270007179119
0.9007170001495979
1.5561970003545866
1.1194240005352185
0.8342250002897345
1.0739130002548336
2.3067109996190993
2.0803730003535748
0.8966670002337196
1.0688630000004196
0.8886570003596717
1.0100700001203222
0.9872910004560254
1.0662309996405384
2.497115999176458
0.9016679996420862
0.9692489993540221
1.075033000233816
1.0625230006553466
0.9453789998588036
0.8873860006133327
0.8648460006952519
1.372161999825039
0.8983779998743557
0.8540659991922439
0.8769269998083473
0.8771469993007486
1.7184919997816905
0.8936169997468824
1.066302000253927
1.2153269999544136
0.9750889994393219
1.5451119998033391
0.9001220005302457
1.4369239997904515
0.9123179997914121
1.3841319996572565
1.197026000227197
2.779624000140757
0.8569760002501425
0.8970369999588002
0.8920780001062667
0.853535999340238
2.806524999868998
1.1899760002052062
1.0436109996589948
0.7951339994178852
0.825654999971448
0.9149620000243885
0.9839200001806603
0.8760660002735676
0.9245080000255257
0.891296999725455
2.3131799998736824
0.9592189999239054
0.9210390007865499
1.1322539994580438
2.597308999611414
0.9929499992722413
0.9271580001950497
0.7742039997538086
0.8331050003107521
1.6677409994372283
0.8672160001879092
0.8274750007331022
3.262438999627193
1.0098709999510902
0.7673640002394677
0.9662899992690654
0.9335080003438634
0.9213479997924878
0.913097999728052
2.5712080005177995
0.8635909998702118
0.8699409991095308
2.0674429997598054
0.971178999861877
0.8805070001471904
1.940658999956213
0.8262649998869165
0.8058750008785864
3.224118000616727
1.0745719991973601
0.9990500002459157
0.8396450002692291
0.8047340006669401
0.8364149998669745
2.194476999648032
0.8342360006281524
0.8690070008015027
0.8918270004869555
0.8088039994618157
3.1816970004001632
1.0768120000648196
0.860226000440889
0.909198000044853
0.9392179999849759
1.5163460002440843
1.1242340005992446
4.045903000587714
1.012436000564776
0.8360710007764283
0.8209349998651305
0.8712260005268035
1.777925000169489
0.8688770003573154
0.6449399998018635
1.9265989994892152
0.8084039991445024
1.1385640000298736
0.8647559998280485
0.6659299997409107
0.7182720000855625
2.4831259997881716
0.7688840005357633
0.6709199997203541
0.9301079999204376
0.699530999554554
0.746001999686996
0.7822140005373512
1.0375720003139577
0.9793799999897601
0.7733929996902589
0.7565630003227852
0.8574559997214237
0.7082209995132871
1.4258780001910054
0.6435149998651468
0.824339999780932
1.2378769997667405
0.9147029995801859
0.7488069995815749
0.6654650005657459
1.1363739995431388
0.9770799997568247
0.7424619998346316
0.6580299996130634
1.1166650001541711
1.0479310003574938
0.8462799996777903
1.0024650000559632
0.9844910000538221
0.7670929999221698
1.1875150003106683
0.9040080003615003
0.9135230002357275
0.9138420000454062
0.8639260004201788
1.0655220003172872
1.2659280000661965
0.9622089992262772
0.8368460003111977
0.8282660000986652
0.7938640001157182
0.9535290000712848
1.0170310006287764
0.9041129997058306
1.0871330005102209
0.9982509991459665
1.4325629999802914
0.9233880000465433
0.8949769999162527
0.8644159997857059
1.053615999808244
1.0064100006275112
0.8300210001834785
0.8655469991936116
0.9981900002458133
1.4491190004264354
0.8994970003186609
0.8696969998709392
1.3733370005866163
0.8532010006092605
0.8515850004187087
0.9166480003841571
1.2261669999134028
1.2013269997623865
1.1007039993273793
0.9993109997594729
1.5885590000834782
1.4202629999999772
1.0812979999172967
0.9200929998769425
0.8903170000849059
1.159565999842016
0.9182780004266533
0.9035780003614491
1.0990729997502058
1.3970829995741951
1.3205700006437837
0.9882999993351405
0.9974710001188214
0.9001379994515446
0.9012070004246198
1.2118419999751495
0.8847069993862533
1.1097939996034256
1.00847999965481
1.006135000352515
0.9294740002587787
0.9365030000481056
0.9715699998196214
0.9465539997108863
0.8265900005426374
0.8709759995326749
1.0541020001255674
0.8786270000200602
0.8661560004838975
0.9050780008692527
0.8108889996947255
0.766602999647148
1.0665770005289232
0.8202540002457681
1.7306879999523517
1.0119200005647144
0.9744339995449991
0.8723659993847832
1.3171350001357496
1.0703529997044825
0.869171999511309
1.01336099942273
1.8133350004063686
1.4188529994498822
0.9007829994516214
0.9041119992616586
0.8576009995522327
0.8881169997039251
1.0261560000799363
0.8657570006107562
0.8697469993421691
0.8999570000014501
0.96834400028456
0.8689910000612144
0.8591559999331366
0.8705760001248564
0.9587140002622618
1.1564650003492716
0.8823319994917256
0.8529309998266399
1.2479180004447699
0.9082879996640258
1.0008409999500145
0.9745389997988241
1.7311629999312572
0.8822979998512892
1.0275109998474363
0.8637159999125288
0.9016069998324383
0.8270660000562202
0.8112049999908777
