payload_size_bytes=102400
runs=250
mean_ms=1.036
median_ms=0.910
stddev_ms=0.348
min_ms=0.620
max_ms=3.661
---raw---
1.1842960002468317
1.5923089995339978
0.8997570002975408
2.003820999561867
0.8607960007793736
2.2727290006514522
0.80770400018082
0.658129999465018
1.4866259998598252
1.1127240004498162
1.1639159993137582
1.2586180000653258
0.8923670002332074
1.3559710005210945
1.7361119998895447
1.0951530002785148
1.314019999881566
1.0030399998868234
0.8711170003152802
1.1695950006469502
0.8843870000418974
1.1139580001326976
1.051811999786878
0.935838999794214
0.8658770002512028
0.9301290001531015
1.080072000149812
0.840800999867497
0.8385010005440563
1.0074810006699408
0.8561159993405454
1.0419509999337606
0.8942120002757292
0.7900990003690822
1.1917109995920327
0.9365980004076846
0.8662359996378655
0.9236140003849869
0.935809000111476
1.3621210000565043
0.9054580004885793
0.8893670001270948
0.8614869993834873
1.2042970001857611
3.6608209993573837
0.9759100003066123
0.8866670004863408
0.8051240001805127
0.9305779994974728
0.9123670006374596
1.1602000004131696
0.912903000426013
0.7095110004229355
0.7839240006433101
0.8055250000325032
0.7488929995815852
0.696821000019554
0.7733439997537062
0.8037949992285576
0.9703289997560205
0.9407480001755175
0.9703139994599042
0.8340909998878487
0.8094539998637629
0.835775000268768
0.8438260001639719
1.3073199997961638
0.9917199995470583
0.8189050004148157
0.7858239996494376
1.9203190004191129
0.9078490002139006
0.7959340000525117
1.2363879995973548
1.015520999317232
0.9380780002175015
0.8006340003703372
0.8249750007962575
1.4922660002412158
0.9002670003610547
0.8403049996559275
1.3312999999470776
0.8408160001636134
0.8746169996811659
0.8594860000812332
1.2565580000227783
0.8504959996571415
0.843566000185092
1.20365699967806
0.9354980002171942
0.9124480002355995
0.7999139997991733
0.8771769998929813
1.4162930001475615
0.8621169999969425
0.8700359994691098
0.8017440004550735
1.290248000259453
0.8837370005494449
0.9269789998143096
0.8377659996767761
1.3386949995037867
0.8482110006298171
0.7890790002420545
1.3836719999744673
0.8742170002733474
0.8881430003384594
0.8390160000999458
1.1994260003120871
0.8928859997467953
0.8847230001265416
0.7903590003479621
1.1513200006447732
0.8860269999786397
0.8910770002330537
0.9564539996063104
1.0673630004021106
0.9003069999380386
0.871647000167286
0.8361749996765866
1.3724919999731355
0.9043670006576576
0.8932370001275558
1.1389339997549541
1.2339519998931792
0.8826170005704626
0.8211100002881722
0.8787469996605068
1.0191909996137838
1.6092340001705452
0.7199219999165507
1.933213000484102
1.5155510000113281
1.175310000689933
2.0121810002819984
1.1680360003083479
0.8444050008620252
1.316689999839582
0.9261679997507599
0.8352650002052542
0.9482780005782843
1.2744089999614516
0.8376759997190675
0.8785659993009176
0.8054429999901913
1.6280099998766673
0.8342250002897345
0.8134149993566098
0.8601559993621777
0.8929169998737052
0.8752619996812427
1.017930999296368
0.9252780000679195
0.8403749998251442
0.8086349998848164
1.098082999305916
0.8736319996387465
0.8895769997252501
0.8453959999314975
1.284633999603102
0.7983590003277641
1.2251169991941424
0.9565479995217174
1.1527950000527198
0.9668849997979123
0.9024370001498028
1.4036919992577168
1.0500220005269512
0.8966619998318492
0.8511360001648427
1.1314299999867217
0.9687390002000029
0.8614309999757097
1.2823990000470076
0.7923639996079146
0.8645759999126312
0.9686189996500616
0.8133750006891205
0.8293860000776476
1.0821430005307775
2.1499849999599974
0.9148170001935796
0.9774299996934133
1.0191999999733525
0.8443149999948218
0.7740139999441453
1.253737999832083
0.985150000815338
1.2296369995965506
0.8980769998743199
1.0168509998038644
1.488980999965861
1.0736020003605518
0.8558649997212342
0.8791469999778201
1.6390700002375524
1.121323999541346
0.947889000599389
0.8012440002858057
0.8123540001179208
0.929988000279991
1.3297099994815653
1.1701160001393873
0.9817689997362322
1.0014899999077898
0.7945140005176654
0.9135880000030738
1.055681999787339
0.907747999917774
0.8367650007130578
1.1192840001967852
0.9571990003678366
0.8573959994464531
0.8920880000005127
0.8441649997621425
0.8935369996834197
0.8206449992940179
0.8500410003762227
1.0429960002511507
0.9984009993786458
0.9666389996709768
1.607179000529868
0.9380080000482849
0.8133949995681178
0.6888210000397521
0.8876469992173952
0.6197379998411634
0.8151140000336454
0.7536129996879026
0.7378529999186867
0.6517399997392204
0.7883339994805283
1.0960039999190485
0.8025549996091286
0.9768949994395371
0.7472070001313114
0.7534629994552233
1.6129679997902713
0.6278490000113379
2.5156359997708932
1.3134099999660975
0.725412000065262
1.0768629999802215
1.6171590004887548
1.6413700004704879
2.2694979998050258
1.0061309994853218
0.8961570001702057
0.8106140003292239
2.106272999299108
