payload_size_bytes=102400
runs=250
mean_ms=1.107
median_ms=0.937
stddev_ms=0.575
min_ms=0.538
max_ms=6.721
---raw---
1.1937959998249426
6.72121400020842
1.588359000379569
1.018081000438542
0.9146980000878102
0.756716000068991
1.1774060003517661
1.223266999659245
0.9538399999655667
1.73376000020653
2.0804730002055294
1.8422559996906784
1.9741690002774703
1.800474999981816
1.6729409999243217
1.8980869999722927
3.9447600001949468
0.7632230008312035
2.498665000530309
0.7643870003448683
0.6011490004311781
0.5383839998103213
0.6388090005202685
0.7223420006994274
0.6875440003568656
0.6323389998215134
0.7678809997742064
0.6752310000592843
0.765114000387257
0.6100790005802992
0.6268490005822969
0.8454759999949601
0.7529230006184662
0.5884580004931195
0.7051410002532066
2.128793999872869
1.5836980001040502
0.6896609993418679
0.5506659999809926
0.9504589997959556
0.7086320001690183
1.007951000246976
0.9894499999063555
1.5301769999496173
0.712552000550204
1.2235670001246035
1.5203859993562219
0.7414829997287598
0.9362589999000193
0.8883370001058211
1.1180840001543402
0.9565489999658894
1.2537880002128077
0.9104470000238507
1.2878290008302429
0.7811629993739189
1.3345010002012714
0.9267980003642151
0.9331780001957668
1.0504519996175077
1.1290740003460087
0.9751990000950173
2.6583910002955236
1.2531379998108605
1.9250779996582423
1.5000550001786905
1.4858849999654922
2.7748050006266567
1.7018309999912162
2.0059110001966474
1.8508759994801949
2.5779290008358657
1.7137019995061564
2.489840000635013
0.8701959995960351
0.9561340002619545
0.9804900000744965
1.0732920000009472
0.83313499999349
0.8545359996787738
0.915438000447466
0.9627689996705158
0.8213849996536737
0.9753000003911438
0.9681990004537511
0.8254750000560307
0.851125999361102
0.9113180003623711
0.8634159994471702
0.8725369998501264
0.8594159999120166
0.8545959999537445
0.9236980004061479
0.8169849998012069
1.1616860001595342
0.9032420002768049
1.6295250006805873
1.0377810003774357
0.9084670000447659
0.904307000382687
0.8907170004022191
0.9135279997281032
2.603289000035147
1.0021850002885913
0.8704960000613937
0.8730320005270187
1.0318859995095409
0.8295500001622713
0.9175169998343335
0.8703659996172064
0.915708000320592
0.9609999997337582
2.6040289994853083
0.9740100003909902
0.832185000035679
0.8824770002320292
0.9621090002838173
0.8600709998063394
1.0023349996117759
0.9359380001114914
0.9588789998815628
2.671862000170222
1.0795029993460048
1.144503999967128
0.8560559999750694
0.8831969998936984
0.85105600010138
1.0020299996540416
2.4651360008647316
0.9114770000451244
0.8381959996768273
0.8304550001412281
0.8867570004440495
0.8000540001376066
0.873451000188652
0.8843669993439107
0.8621710003353655
0.9473790005358751
0.8874369996192399
1.8174209999415325
0.9371730002385448
0.9526499998173676
0.73288300063723
2.0906039999317727
0.8893919994079624
1.0215459997198195
0.829284999781521
1.007931000458484
0.9179280004900647
1.0739619992818916
0.7748640000500018
1.1696359997586114
1.0874729996430688
0.9657989994593663
0.8660759995109402
0.9734390005178284
0.9506980004516663
0.8950470000854693
0.8696559998497833
0.8940170000641956
1.0227809998468729
1.0192809995714924
0.9206280001308187
0.8842369998092181
0.9344290001536137
0.8297349995700642
0.8858070004862384
1.276988999961759
0.8312249992741272
0.9792399996513268
0.8789860003162175
1.0571930006335606
0.9355390002383501
1.0760630002550897
1.0793230003400822
0.847414999952889
0.8725970001250971
0.9621290000723093
0.8863869998094742
1.1611449999691104
1.2336180006968789
0.9451389996684156
1.0437259998070658
0.8410609998463769
0.9723599996505072
1.4434639997489285
1.1175870004080934
0.9200609993058606
0.8646340002087527
0.923218000025372
0.9194579997711116
0.9726600001158658
1.0001099999499274
0.8923169998524827
1.355690999844228
0.8214150002459064
0.8124340001813835
0.901647000318917
0.9156180003628833
0.8232849995692959
0.9695999997347826
1.1963159995502792
0.8829070002320805
0.9663890004958375
0.875996000104351
0.9569189996909699
1.0927640005320427
0.9347379991595517
1.0235210002065287
1.0019809997174889
0.943848999668262
0.9221780001098523
0.9766089997356175
0.8992779994514422
0.9506090000286349
0.8726870000828058
0.8644560002721846
0.8999379997476353
1.016710999465431
0.9750050003276556
0.9436880000066594
1.0382020000179182
1.0693829999581794
0.9148819999609259
0.8100790000753477
1.3682460003110464
0.9112579991779057
0.7847240003684419
1.0207719997197273
1.0708629997679964
0.8710419997441932
1.071342000614095
1.068368000233022
1.0148359997401712
0.8785520003584679
1.8245560004288564
0.8285399999294896
0.8743970001887647
0.848511000185681
1.453224000215414
1.317160000326112
0.88983699970413
0.8189099999071914
0.9733289998621331
1.37115100005758
0.7854440000301111
0.8607859999756329
0.8276950002255035
1.124060000620375
0.8929819996410515
