payload_size_bytes=102400
runs=250
mean_ms=0.965
median_ms=0.893
stddev_ms=0.300
min_ms=0.617
max_ms=3.696
---raw---
1.44149900006596
3.6958420005248627
1.7740140001478721
0.7807439997122856
0.7544430000052671
0.7448320002367836
2.6353890007158043
1.131744999838702
1.2315069998294348
1.2710479995803325
0.7541229997514165
1.1318349997964106
1.459369000258448
0.7797540001774905
1.9809550003628829
0.8374300005016266
0.675031000355375
1.1431589991843794
0.8276909993583104
1.291104000301857
0.993970999843441
0.8450650002487237
0.7884440001362236
0.732732999495056
0.6792809999751626
0.6989620005697361
0.7216969997898559
1.1658399998850655
0.856491000376991
0.7885490003900486
0.8856470003593131
0.6382190003932919
1.201026999297028
0.889777000338654
0.6751300006726524
0.7951930001581786
0.6384999996953411
0.8394509995923727
0.7942390002426691
0.8615110000391724
0.7748339994577691
1.2158580002505914
0.7802579993949621
0.6972860001042136
0.7929980001790682
1.1405049999666517
0.7484070001737564
0.729157000023406
1.1385750003682915
1.2263369999345741
0.7521279994762153
0.6901409997226438
0.722951000170724
1.4281630001278245
0.9711450002214406
0.824185000055877
0.8232950003730366
0.6605700000363868
0.6617600001845858
0.6567099999301718
1.0732880000432488
0.6854409994048183
0.8870720002960297
0.7821939998393646
0.6864300003144308
0.6448389995057369
0.6166879993543262
0.655804999951215
0.764663999689219
0.6479649991888436
1.220547000229999
1.4532590003000223
0.8582460004618042
1.1298440003884025
1.2117710002712556
1.5101010003490956
0.8359450002899393
0.9123379995799041
0.9621290000723093
1.074141999197309
0.9693239999251091
0.9111480003411998
0.853954999911366
0.9711440006867633
0.8081750002020271
0.8921070002543274
0.7988389997990453
0.857576000271365
0.9875300002022414
0.7950540002639173
0.8289649995276704
1.1214939995625173
0.9931209997375845
1.0081700002047
0.7970690003276104
0.8910930000638473
0.9899399992718827
0.924408000173571
0.9624840004107682
1.1440739999670768
1.247053000042797
0.9415740005351836
0.9572989993102965
0.8801670001048478
0.8860219995767693
0.8910110000215354
0.8980169995993492
0.8514060000379686
0.9276440005123732
0.9434379999220255
0.9160179997707019
0.9243280001101084
0.8115599994198419
0.965360000009241
0.803548999101622
0.7849290004742215
0.976105000518146
1.043893999849388
0.9836970002652379
0.9148670005743043
0.9173130001727259
0.8452699994450086
0.7593729997097398
0.7699329999013571
1.072182999450888
1.4723900003446033
0.8067039998422842
0.7840289999876404
0.7889840007919702
0.7765580003251671
0.712427000507887
0.7683930007260642
1.4753650002603536
1.0114099995917059
0.829735000479559
0.7830640006432077
0.9222680000675609
0.7678040001337649
1.528851000330178
0.7851390000723768
0.9019270000862889
1.069433000338904
0.7948140000735293
0.8461959996566293
0.8648860002722358
1.358812000034959
1.7328329995507374
0.8206249995055259
0.766304000535456
0.8501450001858757
0.8154449997164193
0.8129770003506565
1.367752000078326
0.9126269997068448
0.6555299996762187
0.6825409991506604
0.762653000492719
0.8108850006465218
0.8990599999378901
0.81434799994895
0.8940770003391663
1.4325829997687833
0.8106650002446258
1.0834129998329445
0.8572560000175145
0.8770869999352726
0.8737059997656615
0.8816070003376808
1.352491000034206
1.0563820005700109
1.0362719995100633
0.8618070005468326
0.9520589992462192
0.9004869998534559
1.0437020000608754
0.9718000001157634
0.8622270006526378
0.8772270002737059
0.8937669999795617
0.8599960001447471
1.697623999461939
0.9234150002157548
0.8884569997462677
0.7953140002427972
0.9110270002565812
0.9128530000452884
1.4189080002324772
0.9658600001785089
1.5225960005409434
0.9321280003860011
0.8843570003591594
0.853288000143948
0.8925470001486246
0.8787169999777689
0.9170499997708248
1.0276709999743616
1.092683000024408
1.4999960003478918
0.8824870001262752
0.8348849996764329
1.1165739997522905
0.9595900000931579
0.8475619997625472
1.0954529998343787
1.0231210007987102
1.0111660003531142
0.9327139996457845
1.0337059993617004
0.8811669995338889
1.0312710001016967
0.8843019995765644
1.032486000440258
1.4443529998970916
0.924658000258205
0.8622760005891905
0.8150650000970927
0.9108879994528252
1.055163000273751
0.9227679993273341
0.8689160003996221
1.0770830003821175
0.900187000297592
1.0163209999518585
0.8200250003937981
0.892476999979408
0.9107969999604393
0.838361000205623
0.8939519993873546
0.8681669996803976
0.8514559995091986
1.2640679997275583
0.8523760006937664
1.0092800002894364
0.7841639999242034
1.0307920001650928
0.8957370000644005
1.2729979998766794
0.8823220005069743
1.0023750000982545
0.945038999816461
0.9832300002017291
0.9369890003654291
1.1833260005005286
0.8792869994067587
0.866690999828279
0.9293479997722898
0.9457439991820138
0.8150209996529156
0.9735499997987063
0.9562140003254171
