payload_size_bytes=102400
runs=250
mean_ms=0.825
median_ms=0.744
stddev_ms=0.319
min_ms=0.534
max_ms=3.017
---raw---
1.2720390004687943
1.04179100071633
0.8736760000829236
3.016900999682548
1.0919529995589983
0.8531359999324195
1.3608909994218266
0.9657290001996444
0.7894440004747594
0.8110349999697064
2.15786599983403
0.6755310005246429
0.6762299999536481
0.7255420005094493
0.6577409994861227
0.6421589996534749
2.9649989992321935
0.7891440000094008
0.618458999269933
0.7389630000034231
0.7162809997680597
0.996609999674547
0.7883139996920363
0.9872199998426368
0.7289619998118724
1.2959499999851687
0.7923240000309306
0.6990110005062888
0.8099139995465521
0.7088219999786816
0.8306809995701769
0.6693449995509582
0.7243219997690176
0.7253220001075533
0.8096749998003361
0.7031310005913838
1.1472149999463
0.8148150000124588
0.7766929993522353
0.6556549997185357
0.8270059997812496
0.7698979998167488
0.7001710000622552
0.7436919995598146
0.6196579997777008
0.7531880000897218
0.9880400002657552
0.8566559999962919
0.7112410003173864
0.6753309999112389
0.8851970005707699
0.7897039995441446
0.715250999746786
0.7443819995387457
0.7844849997127312
1.1389139999664621
0.7188210001913831
0.6624799998462549
0.7046809996609227
0.6396199996743235
1.1951059996135882
0.7539139996879385
0.7706229998802883
0.6498490001831669
0.854224999784492
0.7525629998781369
0.7437980002578115
0.6973160006964463
0.8719469997231499
0.683866000144917
0.8843519999572891
1.5127309998206329
1.0779829999592039
0.6581749994438724
0.7151509998948313
0.5652979998558294
0.8411850003540167
0.6789700000808807
1.0685120005291537
0.5889580006623873
0.6618329998673289
1.6440669996882207
0.6991340005697566
0.7990540007085656
0.7011110001258203
0.7688129999223747
0.7407419998344267
0.9187480000036885
0.6554889996550628
0.8994979998533381
0.8255050006482634
0.927117999708571
0.9288179999202839
0.860277000356291
0.9327389998361468
0.8570259997213725
0.8476759994664462
0.8813270005703089
1.1315940000713454
0.8997470004032948
0.8443659999102238
0.7282320002559572
1.630480000130774
0.8272150007542223
0.8440950005024206
0.9005169995361939
0.8025249999263906
0.8393959997192724
0.5497659994944115
0.6248120007512625
1.3624220000565401
0.7140019997677882
0.6451700000980054
0.6991410000409815
0.6887509998705355
0.6078090000301017
0.6391199995050556
1.0385120003775228
1.0264009997627
0.537476000317838
0.654460000077961
0.7718939996266272
0.6308590000116965
1.0922929996013409
0.6474499996329541
0.7363929998973617
0.5565270002989564
0.5678470006387215
0.5974880004941951
0.6137479995231843
0.6523799993374269
0.8540959997844766
0.7170720000431174
0.6624199995712843
0.673841000207176
0.9727589995236485
0.8683259993631509
0.6993510005486314
0.8664869992571766
0.6047380002200953
0.6565000003320165
0.7303430002139066
0.7573229995614383
0.6127679998826352
0.8739120003156131
0.6401749997166917
0.7825840002624318
0.6229140008144896
0.6466799995905603
0.7246819995998521
0.7613420002599014
0.720141999408952
0.7042709994493634
0.7443929998771637
0.7330420003199833
0.7175709997682134
0.7730029992671916
0.7808740001564729
0.705851999555307
0.6127290007498232
0.6505399996967753
1.4415629993891343
0.7761130000289995
0.6508999995276099
0.6229299997357884
0.7772740000291378
0.5415859995991923
0.6743100002495339
1.0474020000401651
0.6168589998196694
0.7668340003874619
0.8901669998522266
0.6274389997997787
0.6122089998825686
0.6494900007965043
1.1717359993781429
0.5497970005308161
0.598258000536589
0.6607300001633121
0.5356860001484165
0.6936809995750082
0.74816300002567
1.4117430000624154
0.5710770001314813
0.9353790001114248
0.7220609995783889
0.6318089999695076
0.66346999938105
0.5713769996873452
0.7004809995123651
0.7114310001270496
0.5814070000269567
0.9041470002557617
0.699671000802482
0.6424289995266008
0.6667999996352592
0.57377700068173
0.6372390007527429
0.5342069998732768
0.629999000011594
0.6713000002491754
0.9496990005573025
0.6355689993142732
2.812245000313851
1.0120110000571003
0.808685000265541
0.6846309997854405
0.6299490005403641
0.5956780005362816
0.7362050000665477
0.8971449997261516
0.6904640003995155
0.731208999241062
0.740452999707486
0.7775559997753589
0.7061000005705864
0.7928040004117065
0.6104089998189011
0.6213090000528609
0.6904909996592323
0.8112149998851237
0.6633920002059313
0.6660270000793389
0.667309999698773
0.5864880004082806
0.6617330000153743
1.5615679994880338
0.67890999980591
0.5893280003874679
0.8171350000338862
0.8222950000345008
1.117213999350497
0.918661000469001
1.0997029994541663
0.8597469995947904
0.7554229996458162
0.8856369995555724
0.9047180001289234
1.348951999716519
1.4347449996421346
0.7779910001772805
0.7672040001125424
0.7672939991607564
0.9223570004905923
0.8520250003130059
0.8497050002915785
0.8881570001904038
0.7636529999217601
1.170235999779834
0.904067000192299
