Messages/sec=9.00
duration_sec=60.102
payload_size_bytes=15728640
total_messages=541
payload_throughput_MiB_sec=135.02
mean_rtt_ms=66.721
median_rtt_ms=65.063
stddev_ms=13.006
min_ms=37.446
max_ms=113.899
---raw_latencies_ms---
94.29989900036162
70.71472299958259
61.21734399948764
57.98553700060438
67.50087099953817
60.05422799989901
47.77202600052988
61.31094200009102
48.39890499988542
53.09926800055109
61.7910020000636
60.52934899980755
59.850747999917076
56.24040800012153
76.40565400015475
67.61199900029169
44.279224000092654
59.78067100022599
54.37578100008977
85.46619600019767
66.7230719991494
66.0587160000432
66.27141800072422
74.86140600030922
78.60345100016275
64.57233200035262
88.62236099957954
82.09760399950028
84.34925500023382
83.64327700019203
74.30447899969295
74.40668100025505
84.63281100011955
73.79657199999201
67.92263300030754
48.62685199987027
63.91627399989375
57.59337500057882
70.63113799995335
76.34437300021091
51.838714000041364
76.25408199965023
51.98249900058727
58.49937299990415
37.44646299946908
79.42740300040896
55.40874700000131
61.384994000036386
60.2650659993742
39.89760300009948
59.324423000362
45.50032099996315
69.30763500076864
71.60517499960406
55.6597029999466
47.323277999566926
54.54125699998258
65.37121499968634
59.684156000002986
60.99509200066677
49.631648999820754
62.83081800029322
62.30139200033591
57.04119200072455
75.02306100013811
86.02735200020106
72.45958399926167
83.58622800005833
62.63556300018536
81.22628799992526
87.99582599931455
80.57000699955097
72.65415600068081
77.26287799960119
90.39820599991799
72.82618599947455
80.10210399970674
79.67280000048049
113.89924400009477
55.59776900008728
62.133236999216024
54.93160799960606
59.383713999523025
67.95142000009946
56.1549809999633
53.816905000530824
62.601980999716034
65.22713200047292
70.39665399952355
56.8573929995182
68.47145899973839
62.51776599947334
51.79437399965536
70.44198499988852
49.640092000117875
69.62520500019309
60.370075000719225
57.870910999554326
67.27344500086474
58.737755000038305
79.77608500004862
69.96957599949383
88.06114700018952
78.82050500029436
81.48642600008316
73.41248900047503
71.13566299995
72.45695999972668
88.74913599993306
70.45952899989061
69.9433460004002
82.98238600036711
78.32118100031948
66.46096000076795
67.03855599971575
69.00409799982299
59.79179499991005
63.623033999647305
57.76388499998575
61.0689650002314
50.24140500063368
67.48055099978956
56.971550000525895
58.69245600024442
59.265581999170536
52.12598299931415
62.55480199979502
53.05681200024992
65.06320700009383
64.8813509997126
52.14665400035301
65.48002999988967
47.0790509998551
53.61059799997747
55.8384460000525
53.32698999973218
54.73226300000533
67.46206000025268
78.61719399988942
54.00250100046833
66.07385799998156
49.61397700026282
59.80301700037671
99.0581400001247
45.93499600014184
55.650450000030105
64.12612799977069
51.44567299976188
44.08515900013299
49.53826500059222
57.751484999243985
52.154705000248214
64.24039200010156
62.479987000187975
64.23720200018579
51.66651000035927
58.776006000698544
64.58710300012172
49.774482999964675
67.9048359997978
51.077252000141016
55.45177400017565
50.748841000313405
52.41293199924257
62.360917000660265
64.70469599935313
53.48033500013116
61.95297300018865
46.36089899940998
71.175852000124
75.13371299955907
62.04426499971305
62.69587499991758
58.6011099994721
59.79959599972062
55.97210999985691
52.59962899981474
85.00988200012216
67.36201599960623
67.95610999961355
77.53338600014104
76.90448599987576
60.92435999926238
57.96590299996751
64.27050700040127
51.35087399958138
58.701337999991665
63.60725699960312
55.50098100047762
67.28152300001966
54.63871499978268
57.84555199988972
61.681467999733286
55.78884399983508
85.94125299987354
64.72159600070881
46.15836499942816
50.46415300057561
59.5205290001104
67.67618600042624
48.23075600052107
78.9094390001992
55.98796600042988
62.646337999467505
69.19314400056464
40.124923999428574
58.5444730004383
57.20996199943329
73.15837199985253
60.920401000657876
66.66768600007345
47.855609000180266
57.75061900021683
68.11321900022449
41.535521999321645
60.74968600023567
58.16176799999084
60.723534999851836
56.86988700017537
57.6309059997584
52.56328199993732
56.49166100010916
66.33919100022467
65.36399500055268
50.18968500007759
66.52598100026808
49.82342300081655
65.35849500050972
48.70320900045044
52.59032699996169
57.03693200030102
70.76787999994849
59.12443600027473
58.69950299984339
68.5830039992652
52.23440600002505
60.926761000700935
63.53368999953091
47.99802799971076
62.62700300067081
59.20894100017904
52.10858200007351
51.880566000363615
78.3546299999216
55.201397000018915
64.45959699976811
60.08978499994555
62.564400999690406
45.821841999895696
62.94847099979961
48.99395299980824
59.80873099997552
67.55018599960749
70.01087200023903
88.15512700039108
68.51425200056838
84.57889200053614
87.466349999886
67.47498999993695
86.37544500015792
70.78776300022582
68.68267600020772
74.49341299980006
100.99431699927663
62.22864099981962
75.17169400034618
81.16236499972729
67.08823799999664
83.40271399993071
89.60105699952692
101.48598200066772
84.70975199998065
70.37282300007064
76.11630799965496
80.96891200057144
86.83466700040299
87.92430099947524
65.71453600008681
89.93000200007373
76.94836599966948
81.10274500086234
76.50109699989116
73.11693099927652
77.54015599948616
58.022713000355
67.24382199990941
56.933539000056044
64.64500400034012
47.42418000023463
54.39586299962684
63.56105199938611
107.07934299989574
78.61940099974163
56.725782999819785
59.73771499975555
48.94117699950584
63.918730999830586
45.83345300034125
61.5141689995653
66.77290800053015
46.738859000470256
59.61771399961435
63.6018420000255
49.51060300027166
61.71697399986442
71.20965299964155
85.74509600020974
67.5660679999055
80.40058200003841
86.11823200044455
86.89511400007177
96.28999800042948
77.5589859995307
77.82427500023914
57.69005099955393
65.83277899972018
57.29460099973949
62.15307299953565
56.11878399940906
68.34198599972297
47.20676400029333
75.36057800007256
64.63652399997954
50.570766999953776
85.75116499923752
77.05029099997773
82.64921200043318
88.36011899984442
90.34725900073681
71.41516999945452
105.18074599985994
77.66578899918386
85.92077999946923
87.14931699978479
101.88541099978465
83.7350490000972
79.18163500016817
67.3615770001561
72.13713100009045
76.04766299937182
52.00530899946898
61.01712400050019
55.24643799981277
106.17458499928034
76.80654300020251
83.68600199992215
79.50158000039664
86.72938499967131
81.45760800016433
103.31341900018742
88.62951300034183
77.8017180000461
72.26235500002076
91.12547899985657
74.0840210000897
72.93921600012254
76.43698199990467
87.90203999978985
70.0345080003899
66.46709000051487
70.55472299998655
87.94938099981664
68.3702380001705
80.61875899966253
85.0758449996647
73.34623800034024
75.77708200005873
81.474335999701
72.08516499940743
81.67306999985158
52.722886000083236
61.57145199995284
45.820161999472475
83.10330499989504
87.92549000008876
79.16667600056826
72.3116890003439
82.82320499984053
69.46216100004676
67.8193759995338
86.85110900023574
66.01380600022821
91.03935500024818
71.60353700055566
86.81927799989353
70.9758969996983
70.75394000003143
70.78954000007798
82.34705100039719
88.20696899965697
79.48290799959068
88.99809400008962
70.87924400002521
87.2008199994525
89.70356499958143
109.62669099990308
98.42439000021841
75.26572699953249
60.62078100057988
49.68813999948907
56.84401899998193
54.817346000163525
55.91804899995623
59.626471000228776
65.76081799994427
59.273940999446495
53.46833499970671
48.058620000119845
56.59701900003711
62.763594999523775
53.039461000480514
60.1973499997257
67.47430100040219
62.993802999699255
56.10467599944968
48.65045899987308
57.63724100052059
62.016253000365396
43.17049200017209
63.34206500014261
59.80007800008025
52.26061600023968
83.60843099944759
62.73358599992207
63.50484199992934
85.43459599968628
69.49475600049482
69.87840199963102
78.85577800061583
79.37077200040221
68.48614099999395
69.2348940001466
77.91070600069361
80.5974619997869
71.30657600009727
71.53107300018746
84.94813099969178
79.36407099987264
88.60498200010625
62.34091399983299
70.08061799933785
72.51886499943794
82.26555000055669
66.87806099944282
80.9388179995949
65.2128410001751
82.60872899973037
67.45908900029463
71.54821299991454
76.83196499965561
71.4732209999056
67.11696900038078
70.9550470000977
79.78098300009151
102.60696800014557
74.30908800051839
73.91689599990059
61.618012000508315
58.63240200051223
74.7713009996005
44.91616999985126
66.48969999969268
62.819637999382394
63.47467900013726
41.811151000729296
71.88950499948987
71.62209500074823
82.36628400027257
79.04748599958111
78.53635599985864
61.66246399970987
71.66583800062654
80.97695099968405
71.28489499973512
68.72189699970477
74.43782199970883
72.80158200046571
69.34168499992666
61.32443400019838
48.75041099967348
62.9652139996324
68.70262699976593
60.57096000040474
59.8416080001698
51.467803999912576
69.92550999984815
63.9217819998521
55.39992200010602
59.56966000030661
44.926245999704406
65.40721700002905
67.65073499991558
75.57203600026696
61.040824999508914
63.549375000548025
40.60311400007777
52.46954499943968
64.73817700043583
86.40982399992936
70.57551399975637
60.2983819999281
53.443212999809475
64.36536499950307
60.79881599998771
48.65450799934479
60.716023999702884
65.26664200009691
59.91953000011563
58.90906900003756
62.694494999959716
61.74874499993166
50.6435090001105
57.340102000125626
58.26166899987584
55.964905000109866
66.25976200029982
58.06900399966253
52.93861799964361
61.41833600031532
52.63584900058049
59.56956999943941
65.55126200055383
74.944616000721
56.36513200079207
67.14550899960159
51.65708899949095
66.56517200008238
60.7981370003472
62.90278899996338
40.035715000158234
55.003450000185694
63.499939999928756
53.914897999675304
52.7917540002818
57.98562099971605
52.74319100044522
53.62747900016984
62.57631099924765
52.42766299943469
69.52292200003285
64.29996299993945
