Messages/sec=9.21
duration_sec=60.121
payload_size_bytes=15728640
total_messages=554
payload_throughput_MiB_sec=138.22
mean_rtt_ms=64.878
median_rtt_ms=62.927
stddev_ms=13.170
min_ms=40.396
max_ms=136.596
---raw_latencies_ms---
78.85905600051046
61.375404000500566
65.74738700055605
55.97664100059774
50.37371999969764
54.34587200034002
61.828128000342986
54.72064199966553
48.493483000129345
52.48628400022426
62.484697999934724
45.067009999911534
66.85715100047673
63.831739999841375
50.81548299949645
68.87755299976561
50.67181799950049
64.79705899982946
58.00380300024699
59.93673100056185
55.03502100054902
66.39361699944857
53.77373400006036
50.193025000226044
61.05318400022952
61.956071999702544
56.00841099931131
67.72837800053821
54.85810600021068
66.97996499951842
84.22856900051556
75.47567500023433
71.35539699993387
71.46259199998894
78.43606200003705
79.03158899989648
56.54380800024228
63.21531000048708
46.84890299995459
76.06693100024131
54.72185199960222
56.188716999713506
51.810454000587924
64.73118699977931
52.40275200048927
47.64602599971113
56.426123999699485
82.85093599988613
61.673444000007294
87.12705700054357
54.27688899999339
65.55911099985678
80.2637489996414
66.80635899920162
61.79707699993742
54.888267000023916
60.65269200007606
49.67753900018579
59.19665800047369
48.67002799983311
52.40668199985521
57.51249800050573
51.175914999475935
64.32027299979381
51.86731499998132
52.162753999255074
56.47466600021289
50.20739500014315
60.81317799998942
58.44195499958005
54.85984599999938
50.885194999864325
66.10853999973187
53.94239900033426
53.48496499937028
50.48923400045169
53.04916199929721
50.075162000212
47.41424999974697
54.2710290001196
59.20918899937533
49.79184199964948
64.33900399952108
57.09448400011752
66.08212699939031
51.53958599930775
49.54479600019113
60.0631750003231
56.15561600006913
57.49911700058874
50.72352099978161
61.10505600008764
44.35353699955158
62.0146150004075
71.10452899996744
47.5214739999501
62.65899400023045
50.71954100003495
59.71211399992171
54.19857599918032
55.37374200048362
63.87461099984648
49.54910499964171
60.731755000233534
60.211279000213835
45.51729299964791
54.974771999695804
64.46774399955757
50.28453700015234
51.26718700012134
59.5313490002809
52.838143999906606
65.99781499971868
50.938136999320704
54.07182299950364
49.19040699951438
56.06503299986798
76.49366400073632
67.4826110007416
72.11782099966513
79.66372000009869
64.01427400032844
79.17169600023044
68.59823300055723
77.27795699975104
80.47511499989923
49.93022700000438
87.0292130002781
65.67539499974373
55.24520900053176
67.4813309997262
42.74344899931748
57.74684399966645
60.7306449992393
56.49146399991878
72.97228399966116
75.98079799936386
72.48054100000445
76.87392499974521
91.52196000013646
70.27540499984752
116.93293200005428
81.53876699998364
87.52437999919493
70.2027730003465
74.67704699956812
72.44867100052943
87.38091499981238
74.1394679998848
88.64909299973078
102.66658900036418
104.58099799961929
57.37239199970645
68.16084099955333
51.199904999521095
73.76672199916356
68.50812700031383
69.16992200058303
59.10768600006122
52.33879099978367
56.47175600006449
62.24613200083695
55.08405300042796
58.82383599964669
61.40486699950998
68.74128700019355
71.35673700031475
81.3821129995631
83.52230200034683
74.42085100046825
76.15974399959669
80.13674399990123
74.12029199986137
91.85249100028159
63.678507000076934
83.31852999981493
88.31044300040958
68.27768500079401
81.62296200043784
80.4351039996618
136.59560999985842
85.57779999955528
64.66937499953929
76.4883040001223
80.23423599934176
71.99419700009457
88.98308399966481
74.00191699980496
86.89102000062121
71.03988700055197
61.00536399935663
60.2569599996059
62.828459000229486
60.860419999698934
54.507886999999755
64.71969699941837
59.49561600027664
50.45652900025743
55.824097000368056
65.62563299939939
46.40439899958437
77.6877999996941
78.71001199964667
75.9695480001028
82.69587300037529
81.57854699948075
71.32221100073366
83.52646799994545
72.25326400021004
90.07942600055685
64.60796299961657
69.30285599992203
77.53584500005672
76.99922299980244
82.78711399998429
64.17228000009345
71.6825979998248
47.986616999878606
61.98449399926176
46.91032600021572
80.11716400051228
81.8461959997876
77.12881299994478
83.61967000018922
70.74232899958588
85.91552000052616
70.39298899962887
83.313900999201
87.01843400012876
53.28265900061524
64.15022900000622
46.996558000500954
61.480698000195844
52.625024000008125
63.73683699985122
55.0399430003381
72.50867399943672
80.6725219999862
88.3144640001774
90.9028269998089
74.89232499938225
65.20642100076657
65.84663300054672
63.77859799977159
45.81778400006442
54.2717790003735
61.44672700065712
45.14478200053418
54.95614899973589
58.15206599982048
53.76945300031366
61.54653999965376
53.584287999910885
56.4670859994294
56.905607999397034
65.78875900049752
47.751960999448784
61.33445299929008
56.2099879998641
56.25580899959459
52.80670399952214
54.33783099942957
53.51568900005077
63.89126199974271
48.035272000561235
60.2508410001974
47.48288200062234
68.07773800028372
47.076230000129726
53.39747199923295
70.40241800041258
61.42995600021095
50.12036700009048
49.61940700013656
58.43872500008729
48.787790999995195
46.73523000019486
57.112530000267725
47.81911200007016
79.58663099998375
87.96170400000847
67.13924999985466
55.73891200037906
51.731560999542126
59.7913769997831
65.11011700058589
54.876156999853265
53.66399099966657
56.07359400073619
56.18509699979768
57.44707599933463
69.81581100080803
47.399330000189366
58.585470000252826
62.5468300004286
55.02344100023038
53.74334299995098
53.50918600015575
61.045575000207464
54.80305400033103
66.93672300025355
43.861972000740934
50.61401799957821
66.75989900031709
50.389630999234214
63.02643500021077
59.985781999785104
53.5908579995521
62.41399600003206
64.06722599967907
88.25956100008625
78.64257199980784
76.12635199984652
81.11129500048264
74.84377600030712
85.7610349994502
68.19080100012798
89.26511999925424
77.13627300017833
75.5499470005816
83.86544699988008
75.10340500084567
88.56250400003773
65.10047800020402
89.23507100007555
76.25757200003136
76.1323540000376
109.29834199941979
67.22181199984334
85.86143899992749
70.10945999991236
73.83338500039827
60.17581899959623
64.05913599974156
74.91170599951147
85.69973599969671
69.37570700029028
82.73946400004206
73.27083600011974
84.00036199964234
81.12704499944812
81.62583900048048
70.15386099919851
90.56168200004322
52.12127300001157
58.081504000256245
50.83014499996352
63.178499000059674
49.44579200036969
62.427296999885584
51.04347099950246
62.442067000120005
48.281785999279236
54.53372700048931
72.7977809992808
49.29350699967472
63.51857000026939
53.45248400044511
51.795782999761286
48.855684000045585
51.70441100017342
64.538671000264
50.44514299970615
43.96761499992863
59.09556500046165
46.7998220001391
52.933937000489095
62.262630999612156
41.07581799962645
59.739644999353914
57.22896800034505
50.39090199989005
57.724412999959895
45.27720600071916
52.74605199974758
49.78065100021922
61.433386000317114
44.42695199941227
51.50261400012823
63.48034999973606
59.6466019997024
46.34047699983057
54.967369999758375
53.88364700047532
52.86168600014207
59.60358999982418
51.077633000204514
55.040872000063246
64.23133099997358
60.811908000687254
58.366352999655646
62.866421000762784
46.61439600022277
51.19046399977378
59.99261299984937
55.2692390001539
63.03892399955657
49.003950000042096
63.53798000054667
57.81586800003424
62.016083000344224
55.42963300013071
70.14457999957813
42.89895399961097
50.80646299938962
66.12138999935269
49.84562399931747
60.00916299944947
63.6401929996282
40.39563599963003
52.569526999832306
65.91967199983628
46.975067999483144
63.01535399961722
43.369097000322654
58.38775399934093
48.929336000583135
61.99832600032096
54.31299999963812
54.94331099998817
56.1737970001559
63.11480699969252
60.86228799995297
61.65989399960381
56.71666199941683
54.3963830004941
46.28447600043728
64.62307299989334
73.48760400054744
63.46216900055879
55.07461300021532
64.28208200031804
53.45418399974733
61.150427000029595
44.66166200018051
62.27430499984621
52.916648000064015
55.340011000225786
53.38430200026778
62.45276699974056
64.512349999859
48.836964000656735
62.89040999945428
58.4431859997494
53.19620600039343
65.41934699998819
60.48914799976046
60.18910799957666
50.83728499994322
52.77895399922272
67.19951200011565
50.523405000603816
64.10601700008556
54.22161800015601
59.27882000014506
54.19995600004768
54.593660999671556
68.39451999985613
64.24915199932002
49.74137299996073
59.22580900005414
53.18570500003261
65.9344539999438
51.405262000116636
63.28848199973436
54.54209700019419
64.13545000032173
47.5516639999114
51.05137200007448
53.96430899963889
62.06716599990614
57.68057199929899
53.19490600049903
65.59129299967026
56.7702169992117
66.95110400050908
76.89684800061514
81.95842900022399
72.38680899990868
84.23883999967074
71.22621300004539
75.21018599982199
71.74902899987501
79.34455100075866
88.9084330001424
71.92812499943102
84.61385200007498
68.00414699955581
77.04427999942709
83.75802499995189
78.19897700028378
70.0490590006666
85.93470100004197
81.49453399983031
76.44129200070893
81.42676500028756
88.19790899997315
73.69413200012787
78.5085950001303
87.91010999993887
73.07779999973718
72.06673200016667
85.88680899993051
70.83263299955433
73.75319200036756
79.57325000006676
86.93321199916682
69.7117680001611
80.74317200043879
76.6259780002656
68.25294500049495
75.74597100028768
77.15185399956681
69.63051599996106
77.65179899979557
89.20628099986061
76.85889399999724
80.87507799973537
78.6135779999313
74.62186600059795
72.31859599960444
84.23288900030457
83.9017389998844
76.5798470001755
89.59622199927253
73.75958299962804
81.86556600048789
58.676145000390534
49.32272799942439
63.22300000010728
77.94305799961876
74.11068200053705
82.85206699929404
73.00009700065857
64.42693699955271
70.339476999834
89.19945000070584
69.73091799955
71.6238479999447
87.33391400073742
74.4837619995451
79.05549099996279
88.42643800016958
64.52574000013556
76.71894200029783
86.51183900019532
70.93100499969296
73.55170099981478
83.39405400056421
105.41590499997255
84.2134980002811
62.96373399982258
67.8942320000715
79.43205300034606
