Messages/sec=8.90
duration_sec=60.026
payload_size_bytes=15728640
total_messages=534
payload_throughput_MiB_sec=133.44
mean_rtt_ms=67.832
median_rtt_ms=67.186
stddev_ms=12.724
min_ms=41.643
max_ms=111.487
---raw_latencies_ms---
80.08028299991565
59.849737999684294
52.780063000682276
60.75978800072335
48.86741500013159
61.73845600005734
45.951236999826506
50.37991099925421
59.113135999723454
59.85128800057282
49.07211099998676
53.232178000143904
56.58571100047993
55.737763999786694
44.46887100039021
45.88766399956512
53.33795000024111
58.940240999618254
44.05706900070072
59.62799200005975
60.7947279995642
53.861866000261216
50.35438000049908
63.9079810007388
59.48064699987299
53.60639999980776
63.98435499977495
54.39186500007054
58.9543619998949
47.94397600016964
61.81094800012943
47.047709000253235
93.97199600061867
63.2281950001925
65.50150000020949
58.12236600013421
65.38819599973067
46.337927999957174
58.679892999862204
52.942659000109416
61.60648700006277
55.41717799951584
64.39698800022597
51.1235329995543
61.40424599925609
49.65762800020457
63.31595500068943
67.86497199937003
74.0080380001018
55.44546400051331
67.64593000025343
54.7222730001522
65.71608699960052
58.22807900040061
56.006062000051315
73.56072499987931
90.84951100066974
67.25374200050283
64.65521399968566
76.9606970006862
58.37587399946642
63.432697000280314
49.93646700040699
61.309943000196654
47.45140600061859
59.24493899965455
61.63044799995987
52.483718000075896
52.126447999398806
56.67122099930566
58.163097000033304
63.11355900015769
52.575306999642635
55.086272999687935
58.2977710000705
73.32984799995756
75.29591700040328
83.17268499922648
72.0690990001458
83.88907900007325
68.97891599965078
81.96891000079631
84.1837210000449
71.84906200018304
84.86509999966074
75.43893100046262
82.42102399981377
96.37985799963644
72.22953000018606
76.84382699972048
81.99110199984716
81.77517400054057
82.56499000071926
75.5311660004736
70.96476900005655
85.63464300004853
86.17021800000657
72.84735200028081
87.1467830002075
89.29998300027364
88.47886700004892
61.2392289995114
67.58786399950623
83.19515000039246
64.62886300050741
52.498283999739215
70.13718100006372
51.663999000084004
57.57575899951917
65.03466499998467
62.304003000463126
50.575156999912
52.85829600052239
61.46565700055362
59.12628500027495
53.66985999989993
58.25393200029794
56.56176900083665
55.641742999796406
63.8476800004355
49.69477899976482
50.35985999984405
52.23960700004682
63.159689000713115
61.921190000248316
76.26095700015867
74.36056999995344
80.99178900010884
74.49167300001136
84.51606099970377
76.81788400077494
85.99843299998611
85.19850799984852
84.9895210003524
84.06584400017891
83.66602299975057
71.2853159993756
76.1677629998303
85.59235100074147
65.45201900007669
84.60224000009475
65.96918400009599
75.75419099975989
53.01110000073095
58.11966500004928
62.238421000074595
52.77151299924299
54.66980999972293
52.334330000121554
55.28453799979616
69.15175099948101
56.086753999807115
57.41650599975401
67.80232199980674
65.56160699983593
67.58026500028791
53.411822999805736
67.49702100023569
63.84187499952532
49.89343499983079
54.763232999903266
63.438379999752215
89.45701099946746
79.53126699976565
86.07606799978385
80.45205400048872
92.1592699996836
71.66347699967446
81.13694500025304
89.25387100043736
85.8215870002823
64.94916800056671
66.95158799993806
50.23745600010443
67.70725699971081
45.41413999959332
53.096802000254684
54.89761700027884
50.10781200053316
55.70272299974022
63.70246499955101
74.02783799989265
74.35180700031196
75.02637400011736
91.8077890000859
61.2207309995938
78.21950699963054
72.08625899966137
80.53163699969446
74.3184580005618
91.69990600003075
69.43366999985301
85.1773869999306
90.20480900016992
65.79183199937688
77.89302499986661
81.20407199930924
75.08503099961672
98.78490899973258
87.66185799959203
56.49812699994072
48.18314400017698
69.86562200017943
111.48709999997664
81.52466600040498
90.03201599989552
89.47258799980773
69.18054200014012
88.27158199983387
74.7423799994067
79.13493400064908
72.07129999915196
72.83919200017408
75.16361800026061
76.9954540000981
74.16132800062769
79.64480099963112
71.53902299978654
86.26811100020859
68.16768299995601
76.5065939995111
70.60020700009773
63.521334000142815
80.2551280003172
67.28251599997748
61.15750699973432
70.61104500007787
64.29961300000286
74.00163800048176
61.23888000001898
81.93468799981929
65.69083900012629
71.37965599940799
44.158891000734
55.386063000696595
71.81759200011584
51.90805699930934
49.46506299984321
54.37919199994212
68.00441599989426
55.2003370003149
53.2062810007119
70.20949300022039
71.1732320005467
81.71701500032214
75.15347299977293
46.72441000002436
54.45705399961298
51.96309900020424
51.429911999548494
66.62653399962437
44.271535000007134
56.89121900013561
56.05702299999393
53.220605999740656
61.05484500039893
49.29198699937842
57.693872000527335
51.76459199992678
55.63205100042978
57.51201699968078
47.52748399914708
66.0718769995583
67.20657099958771
64.9933750000855
65.34152400035964
71.80860199969175
76.82763499997236
78.44053299959342
74.13571599954594
74.5236640004805
52.52964300052554
53.909084999759216
57.376934000785695
70.95560699963244
70.01766699977452
66.46881899996515
72.80257300044468
84.69786299974658
72.40812000054575
86.22890000060579
69.47670099998504
63.72094600010314
82.50978600062808
77.04441999976552
78.96757799971965
62.21738099975482
80.69243199952325
78.07179399969755
79.84353600022587
93.83109999998851
83.93260100001498
72.56062399937946
67.56007200056047
82.86823799971899
65.13385800008109
68.18163100069796
75.34857100017689
73.13611100016715
83.81020600063493
76.86906999970233
84.33876399976725
55.97668099926523
75.92453199958982
78.0874030006089
67.25130299946613
78.35749100013345
70.77281099918764
68.84525999976177
75.15791400055605
84.76965399950132
61.326502999691
64.56471099954797
84.9970420003956
72.99523600067914
76.03317900066031
78.00720000068395
72.34277699990344
80.49148600002809
70.68966699989687
71.77163100004691
63.487518000329146
66.30599399977655
82.54553699953249
58.41411399978824
79.95397899958334
61.18104899996979
82.3407510006291
59.84296899987385
52.90342700027395
72.0752609995543
77.9703080006584
82.88431799974205
58.63289100034308
70.49449199985247
87.52694799932215
66.67922599990561
82.80457800083241
72.8600140000708
82.95004000046902
46.689118000358576
55.25487000068097
46.70788800012815
53.68200999964756
55.87376800031052
60.411765999560885
69.7094980005204
73.79469199986488
48.563106000074185
55.629819000387215
79.32887100014341
64.85513000006904
84.47893599986855
51.47136299910926
72.63530599993828
53.48818399943411
64.26189200010413
64.55431199992745
68.12204000016209
44.49093199946219
61.300802000005206
69.15602199933346
64.99439599974721
62.231521000285284
52.580028000193124
63.086666999879526
47.430630000235396
57.026512999982515
65.17164899923955
65.08904099973734
65.18400100048893
58.69487499967363
64.66266499955964
47.26021599981323
57.23031799971068
55.30201100009435
52.815344000009645
52.92866800027696
50.65895899952011
63.073315999645274
64.80353900042246
41.64320499967289
54.36278199977096
58.31526199926884
50.19935499967687
62.245711000286974
52.85426499995083
64.60475199946814
50.88605499986443
64.04993499927514
44.92865399970469
61.60912199993618
47.22890599987295
72.17365199994674
80.27830199989694
89.24124500026664
52.21462099962082
60.718489000464615
65.06259599973419
57.91263900027843
52.46252399956575
82.10364400019898
88.57463200001803
74.28917700053717
88.92317700065178
79.69363499978499
62.77271199996903
52.85684500086063
62.303415999849676
69.11336799930723
90.27932699973462
86.20225100003154
67.30026900004304
82.80332400045154
76.60142899931088
75.09319100063294
75.19178399979864
86.56702899952506
71.60858799943526
85.69911299946398
68.99486499969498
84.97329100009665
66.87167100062652
89.37886500007153
65.9535880004114
84.451634999823
83.90366999992693
71.43840000026103
78.14653900004487
86.30360099959944
72.70839899956627
85.256123000363
63.69671400079824
75.50104900019505
81.94380399982037
83.27888500025438
77.9907030000686
72.88621600037004
88.95151399974566
88.52156400007516
82.71711399993364
81.28068899986829
74.75169300050766
75.16364300045097
84.9603599999682
59.437015000185056
74.86109499950544
80.70284200039168
77.9274369997438
85.57807999932265
84.25229899967235
85.28605500032427
61.24276100035786
82.75258599951485
92.47203399991122
80.74601799944503
107.89568700056407
71.15258700014238
82.39256700016995
77.68368500001088
67.63896499978728
48.956898000142246
61.22578899976361
69.76362399927893
56.38604199975816
65.13790799999697
59.46824700004072
52.72394199982955
57.10259399984352
72.2043420000773
58.99335100002645
62.19656800021767
61.45046599976922
76.58805699975346
64.2444869999963
70.31820600059291
64.60143299955234
83.62419999957638
74.31503799944039
77.698015000351
73.79662100083806
76.86485500016715
75.53839499996684
68.061597000451
74.20380399980786
75.98696800050675
51.08140199990885
64.31523399987782
72.78985099947022
74.28661700032535
60.79584200051613
70.47486600004049
86.70008799981588
62.718435000533646
71.16468699950929
87.79447699998855
51.46334300025046
62.884470999961195
54.99753099957161
59.40988600013952
51.592007000181184
58.62875200000417
54.3730819999837
64.52944000011485
49.600575999647845
64.90856199980044
50.18256399944221
56.78252599955158
85.62822099975165
64.92222099950595
67.16508000044996
85.67241199943965
73.34768300006544
72.93001100060792
74.2860219997965
99.46774099989852
66.95205400046689
77.20865800001775
76.77705200057972
83.61879000040062
77.01684900075634
80.85019600002852
66.24087700038217
47.64235000038752
51.20732599971234
57.40866900032415
53.58337699999538
49.540465000063705
77.65986000049452
59.15115199968568
49.93997200017475
42.87900799954514
56.53331000030448
44.45693000070605
