Messages/sec=9.10
duration_sec=60.025
payload_size_bytes=15728640
total_messages=546
payload_throughput_MiB_sec=136.44
mean_rtt_ms=65.346
median_rtt_ms=63.910
stddev_ms=12.651
min_ms=39.689
max_ms=124.320
---raw_latencies_ms---
76.03452100011054
53.81121499976871
49.393392000638414
56.79933500050538
63.04218800050876
52.624240999648464
49.82213300081639
63.572481999472075
52.81787399962923
51.61201699957019
61.45379900044645
58.499608000602166
60.69657300031395
78.0380399992282
76.9169969998984
71.93241499953729
64.7411469999497
65.44804900022427
42.53221199996915
63.03727500016976
65.18244000017148
39.68941600032849
48.88907500026107
60.259920000135025
60.295031999885396
48.60124599963456
64.35995799984084
47.0678500005306
60.65121499977977
50.82702399977279
54.38988199966843
55.76712399943062
63.62291400000686
49.884164999639324
66.38247800037789
72.48106400038523
88.16639900032897
48.016968999945675
85.34240300014062
58.8565779999044
74.6976390000782
84.97536199956812
72.68356800068432
80.53998699961085
74.76900099936756
89.1453089998322
75.39048500075296
81.68645699970511
66.44015799975023
77.99667000017507
84.97451299990644
69.9211640003341
83.0584639998051
70.43570000041655
55.956058999981906
53.55033599971648
64.4307980001031
58.40169499970216
59.82469700029469
60.52658899989183
51.77173300035065
64.33203300002788
50.36801000005653
55.96644900015235
61.094446000424796
53.451046999725804
55.66659200030699
64.1095970004244
65.47155799944449
41.9748049998816
61.623261999557144
67.25230400024884
57.19058700015012
61.824248999982956
47.06224000074144
63.93309200029762
55.718982000144024
60.60068999977375
67.20811200011667
61.77642700004071
51.376651000282436
80.45299400055228
53.1203029995595
50.409332000526774
49.602596999648085
66.25619300029939
59.95062200054235
69.09552799970697
47.70464900047955
61.623521999536024
62.36271499983559
53.9503190002506
64.0815160004422
58.99543200030166
63.04291500055115
54.907788000491564
51.36671099990053
62.29361199984851
47.86215500007529
65.57665199943585
64.89418099954491
47.353031000056944
64.856671000598
57.280269999864686
57.06060400007118
45.702647999860346
64.27190300018992
73.07716000013897
88.42922700023337
109.00849099925836
82.68297199992958
63.808897999479086
68.70077700023103
78.69509099964489
85.15688700026658
77.14964599927043
62.7715979999266
45.5674969998654
53.328009999859205
68.7684979993719
49.658269000246946
52.83384699941962
51.58284800018009
52.780723000068974
53.384491000542766
62.99855599991133
70.3771090002192
49.792435000199475
60.16470699978527
51.45161500058748
64.26067200027319
60.09699499918497
67.13202900027682
51.76355300045543
58.48486699960631
64.78730700018787
46.06552899986127
48.700490000555874
53.0242509994423
61.018483999760065
51.261472999613034
66.77095299983193
55.521666000458936
61.1290029992233
45.52496699943731
63.44369100042968
56.363968000368914
63.198543999533285
60.83010799920885
58.10903500059794
49.06723099975352
65.12688899965724
53.542486999504035
60.11046500043449
45.116871000573155
66.18410200007929
45.452221000232385
55.62540000028093
65.82802899993112
46.97012700034975
63.768308000362595
59.29357100012567
54.04937200000859
64.91820500014
61.62123200010683
51.090281999677245
62.385874999563384
53.100232999895525
58.09146499996132
55.606089000320935
53.79626400008419
61.93609099955211
50.53983600009815
63.39403499987384
63.94979299966508
56.54529799994634
63.08094700034417
64.9310519993378
47.45409099996323
63.873680000142485
49.06826100068429
68.86096200014435
51.54918700009148
63.2527920006396
55.315869999503775
55.92422900008387
60.40358400059631
53.2798880003611
61.843378999583365
47.35270200035302
65.91596199996275
44.06731899962324
62.10608699984732
45.03839799963316
62.180058999729226
65.5619420003859
64.72311600009562
69.23393600027339
53.9638999998715
64.28141299966228
55.988629999774275
70.8165440000812
85.09029000015289
79.17878500029474
72.51815299969167
81.12422500016692
73.8493329999983
77.27461900049093
83.53515900034836
71.62276500002918
86.85613800025749
71.80873000015708
89.08586599955015
71.27480899998773
89.27138299986837
62.30106299972249
73.39563999994425
86.65042899974651
76.37040099962178
76.21441799983586
53.027449999717646
64.30910299968673
124.31950800055347
69.86134300041158
86.8174569995972
78.11103699987143
87.81993699994928
66.97717500082945
80.27132799998071
77.82203899932938
84.13663500050461
71.67998899967643
85.33892499963258
63.30824199994822
66.7397200004416
70.69630600017263
78.62117099921306
89.45065700027044
53.366041999652225
68.9764290000312
76.65513699976145
72.6395390001926
71.3481380007579
98.48869100005686
79.69617299931997
84.72665699991921
86.41125899976032
78.46546299970214
92.67016600006173
75.6042860002708
91.8542109993723
78.4326629991483
85.95538999998098
72.22952500069368
73.54016399949614
81.86274799936655
81.92052899994451
72.2889259996009
71.49473200024659
89.02329600005032
74.10608400005003
94.79476999968028
74.38404200001969
89.34825400046975
81.10075500007952
94.66379399964353
80.22243699997489
82.10129400049482
72.826222999538
77.25982699957967
82.80568400004995
83.55023900003289
82.15555599963409
74.28360599988082
73.82640200012247
72.42418099940551
88.1635189998633
84.33228700050677
98.9133960001709
81.0878030006279
98.22773999985657
78.31694800006517
75.87886600049387
90.1832600002308
73.4181499992701
87.25179199973354
71.7116800005897
82.31747099944187
77.39256099921477
74.60968700070225
81.8809180000244
56.44050499995501
75.11635700029728
51.573827000538586
72.05461000012292
55.27843999971083
49.79597400051716
64.63780400008545
74.99564800036751
69.64033799977187
88.24446700054978
75.28381700012687
85.39598399966053
65.70276699949318
57.290939999802504
68.45331899967277
55.62014200040721
53.69435100055853
51.269218000015826
58.06389400004264
51.64489900016633
65.51489000048605
60.986952999883215
57.2799709998435
55.718722000165144
57.830125999316806
58.96832100006577
57.45974499950535
41.51574099978461
63.40754699976969
51.563976000579714
58.655291999457404
59.62587100020755
50.28551699979289
59.01589299992338
49.65894799988746
60.014412999407796
41.8670020007994
52.7615329992841
64.40853700041771
45.75923099946522
61.8326479998359
56.014452000454185
54.316060000019206
67.4060270002883
66.53483199988841
73.35212799989677
69.95036500029528
63.411615999939386
72.71793299969431
60.69538600058877
65.47953599965695
50.42552500071906
62.49346900040109
43.65732400037814
61.95664100050635
48.40803000024607
56.83671699989645
54.61645900049916
53.15288700057863
52.71788899972307
60.04177399972832
58.78521599970554
60.18569899970316
66.33680499999173
51.46469400006026
54.042640999796276
67.7152770003886
59.29895099961868
69.15985399973579
61.2106490007136
65.35519600038242
42.17439099920739
59.314972000720445
48.4362119996149
61.24511099915253
46.53100399991672
59.81959700056905
59.35491299987916
64.99300399991625
56.15867599954072
64.34250500024064
57.07357400024193
55.081913999856624
62.11281699961546
65.90039299953787
46.5978960000939
61.5942009999344
64.05526600065059
47.38635000012437
60.018348999619775
51.08722699969803
63.808267999775126
68.17588099966088
71.29951600018103
58.87158800032921
65.09464000009757
49.9321939996662
63.809107999986736
54.99295100071322
60.825459000625415
43.37778300032369
64.54666100034956
52.23546700017323
58.47083600019687
57.4143539997749
47.03122799946868
65.52770100006455
47.526553999887255
65.87802100057161
64.73708599969541
53.078701999766054
62.60058199950436
52.041920999727154
67.46904000010545
53.483964999941236
59.8362079999788
57.86826799976552
45.289925999895786
50.92291599976306
62.75414700030524
44.38546799974574
58.11816599998565
48.41480100003537
67.46041899987176
64.13818900000479
72.61976900008449
62.24223000026541
48.286706999533635
53.06309200022952
58.42233499970462
52.511774999402405
56.03336200056219
57.75959499987948
61.80550699991727
53.456024000297475
53.999499999918044
55.684507000478334
63.379019999956654
47.44298100013111
66.2978740001563
50.34782900020218
51.74558199996682
63.833568000518426
72.10650999968493
75.89684499998839
52.70997199932026
74.05406500038225
108.97012999976141
53.13539500002662
65.29553299969848
49.50443399957294
52.24326999996265
78.18606599994382
70.15934099945298
79.94399000017438
69.04851800027245
87.37414299957891
68.1840609995561
77.22220600044238
70.84616300016933
66.87332199999219
64.34368400005042
82.23654100038402
69.59442400057014
78.19324499996583
83.5880550002912
86.12849199926131
92.37996699994255
60.68890300048224
66.34528499944281
68.81472100030805
82.43847500034462
67.63358399985009
85.67158200003178
66.46056199952
74.05080700027611
81.42627399956837
67.76177899973845
66.26819200027967
82.78900500044983
77.66050999998697
84.50940999955492
57.62230000073032
63.29640300009487
61.57217000054516
48.246995999761566
55.59450900000229
68.33049600027152
49.95222800062038
56.1674660002609
59.24199899982341
71.15694200001599
68.7925100000939
69.70303800062538
79.14641400020628
67.30245500057208
69.58155400025134
80.13364500038733
69.10717500068131
68.81773499935662
79.1385940001419
84.34300099997927
76.73432100000355
84.31705200018769
77.01811899914901
66.15030000011757
52.6147980008318
61.816323999664746
52.03639100000146
72.52613299988298
62.72667600023851
83.25001899993367
63.83850000020175
81.56300799964811
62.40391500068654
82.29609000045457
60.22684900017339
65.93360300030326
87.32486299959419
65.21910199990089
81.69932199962204
74.04675999987376
84.76042300026165
65.98244500037254
78.31359000010707
77.48198399985995
59.78946699997323
70.20903000011458
82.024962000105
66.31927499984158
65.45339799959038
75.36824999988312
65.36734500059538
62.36654499934957
70.29872600014642
51.52628599989839
57.12028700054361
52.833446000477124
53.88778699943941
62.766566999926
85.54235000065091
95.44838400051958
70.44453999969846
63.88621100086311
80.37077199969644
82.09114500004944
85.12593600062246
64.44672799989348
82.44859500064194
84.79381600045599
69.5933850001893
81.67547199991532
57.76130600042961
62.21537000055832
64.35651499941741
