payload_size_bytes=10240
runs=1000
mean_ms=0.464
median_ms=0.384
stddev_ms=0.260
min_ms=0.266
max_ms=2.908
---raw---
0.3779209996537247
0.3777009997065761
0.7301219998225861
0.3629309999269026
1.5369520001513592
1.625604000309977
0.39106199983507395
2.25496800021574
0.38584200001423596
2.357470999868383
0.39332200003627804
0.5103080002299976
0.37792200009789667
0.9983580002881354
0.3899330004060175
0.3989330002696079
0.4162729997005954
0.44714300020132214
0.40315300020665745
0.43274900008327677
0.5112349999762955
0.473358999897755
2.5949689998014946
1.3025789999119297
0.3945819998989464
0.4529240000010759
0.7636330001332681
1.646080000227812
0.34042100014630705
0.3566709997357975
0.32985999996526516
0.491245000375784
0.3560010000001057
0.38320099974953337
0.30130999994071317
0.4292519997761701
0.41625300036685076
1.230976999977429
0.9695990002001054
0.885927000126685
0.41052200003832695
0.433282999892981
0.8543359999748645
0.44377399990480626
0.40004700031204266
0.45891400031905505
0.39622200029043597
0.38193199998204364
0.4062429998157313
0.3933459997824684
0.3821620002781856
0.44273299999986193
0.34983100022145663
0.4033669997625111
2.9082930000186025
0.8758169997236109
0.37324100003388594
0.866695999775402
0.4407739997986937
0.3669660000014119
0.3456460003690154
0.37766100012959214
0.3629709999586339
0.4017520000161312
0.3056689997720241
0.38292699991870904
0.45281399980012793
0.4469079999580572
0.32210000017585116
0.42495300021982985
0.39973200000531506
0.47109400020417525
0.4106629999114375
0.3420809998715413
0.33743100038918783
1.1693249998643296
0.7519629998569144
0.4535089997261821
0.4561790001389454
0.34479100031603593
0.4921449999528704
0.4225729999234318
0.7261820001076558
0.36177100037093624
0.34254000001965323
0.428323000051023
0.41871299981721677
0.3730309999809833
0.3105890000369982
0.4361339997558389
0.38136600005600485
0.4276380000192148
0.3666819998215942
0.35498099987307796
0.3913119999197079
0.3803609997703461
0.40117200023814803
0.39319799998338567
0.36250099992685136
0.3448349998507183
1.0333519999221608
0.3298399997220258
0.40290299966727616
0.34331999995629303
0.3398400003788993
0.8696469999449619
0.3790820001086104
0.36208999972586753
0.40434299990010913
0.3591510003388976
0.3623510001489194
0.3437500004110916
0.43023799980801414
0.4166879998592776
0.3845210003419197
0.37308199989638524
0.4154729999754636
0.34660000028452487
0.40460699983668746
0.43585399998846697
0.3791359999922861
0.38276099985523615
0.3101900001638569
0.3479700003481412
0.3757409999707306
0.43354399986128556
0.3925119999621529
0.33827000015662634
0.35228099977757665
0.39122699990912224
0.41543800034560263
0.3995420001956518
0.4456239998944511
0.3578959999686049
0.38727700029994594
0.3734219999387278
0.35774500020124833
0.43161799976587645
0.473029999739083
0.3398950002519996
0.36596099971575313
0.3540349998729653
0.38312200013024267
0.4040819999318046
0.4069579999850248
0.37498100027733017
0.3657810002550832
0.3986179999628803
0.3877560002365499
0.3869920001307037
0.37855099981243256
0.35413100022196886
0.3491099996608682
0.3872219999720983
0.4167930001131026
0.34645999994609156
0.333160000081989
0.36615599992728676
0.3567660000953765
0.4184630001873302
0.40034199992078356
0.3705619997163012
0.37782600020364043
0.3619660001277225
0.39581200007887674
0.37931699989712797
0.3473159999884956
0.3716219998750603
0.3606509999372065
0.41440299992245855
0.44812400028604316
0.37476600027730456
0.3995970000687521
0.3521100002217281
0.3832669999610516
0.33462999999755993
0.4092320000381733
0.383405999855313
0.42788300015672576
0.390921999951388
0.5329760001586692
0.39062199994077673
0.38197699996089796
0.39729600030113943
0.344445999871823
0.43143299990333617
0.38487699976030854
0.35491100015860866
0.4046419999212958
0.42906299995593145
0.41157699979521567
0.4316389999985404
0.35782099985226523
0.3190400002495153
0.4322429999774613
0.3639610004029237
0.42766300020957715
0.38352100000338396
0.37673099996027304
0.36903099999108235
0.384711000151583
0.37505199998122407
0.41185300005963654
0.4799250000360189
0.42719799967017025
0.4430530002537125
0.35549099993659183
0.41501199984850246
0.37365600019256817
0.64793000001373
0.39609199984624865
0.6306389996098005
0.3295299998171686
1.2659979997806659
0.5513370001608564
0.37424099991767434
0.3899120001733536
0.7634839998900134
0.41008200014402973
0.33240999982808717
0.38798199966549873
0.3496310000628
0.3478309999991325
0.33179100000779727
0.31227999988914235
0.3218100000594859
0.32893999969019205
0.3038800000467745
0.3658209998320672
0.45707399976890883
0.39061200004653074
0.40333200013265014
0.31314900024881354
0.3703009997479967
0.3261199999542441
0.3235499998481828
0.37611100015055854
0.3556809997462551
0.6942540003365139
0.40553000008003437
0.344450999818946
0.7175219998316607
0.8390449997932592
0.4887949999101693
0.458063000223774
0.47382499997183913
0.3493660001367971
0.4106129999854602
0.33805000020947773
0.339670000357728
0.4079370000908966
0.3638709999904677
1.176905999727751
0.7331419997171906
0.4327830001784605
0.3730019998329226
0.380502000098204
0.7183319999057858
0.36402099976839963
0.32298000041919295
0.3154699998049182
0.3295799997431459
0.2938110001196037
0.3047870000045805
0.31366899975182605
0.29293900024640607
0.30721900020580506
0.3272799999649578
0.33562099997652695
0.30313900015244144
1.2460469997677137
0.6434299998545612
0.8364509999410075
0.3920020003533864
0.44414400008463417
0.42612800007191254
0.43430400000943337
0.4382659999464522
0.3426279999985127
0.34143299990319065
0.3304670003672072
0.3423800003474753
0.3959320001740707
0.3830509999716014
0.36227100008545676
0.2971290000459703
0.9711599996080622
0.30492999985654023
0.6037190000824921
0.713900999926409
0.4135879999012104
0.4712150002887938
0.3906760002791998
0.39851200017437804
0.3466099997240235
0.32304000023941626
0.3452399996604072
0.4275920000509359
0.31142000034378725
0.32227900010184385
0.34695100021053804
0.32032000035542296
0.3764110001611698
0.3200400001333037
1.4134930002001056
0.34877100006269757
1.018341000417422
0.30607999997300794
0.6461500001933018
0.4850799996347632
0.38410599972849013
0.3880210001625528
0.37871199992878246
0.3984420000051614
0.43912299997828086
0.39175700021587545
0.41108799996436574
0.43135300029462087
0.3690610001285677
0.6243189995984721
0.3864420000354585
0.45497399969463004
0.6940709999980754
0.3819619996647816
0.3851020001093275
0.3536350000103994
0.4305479997128714
0.33955099979721126
0.3271999999014952
0.45682400013902225
0.3187590000379714
0.3340230000503652
0.3601590001380828
0.29811000013069133
0.3957320000154141
0.3411200000300596
0.34994099996765726
0.29528899995057145
0.31383999976242194
0.5570570001509623
0.46263400008683675
0.7365820001723478
0.33405000021957676
0.3928320002160035
0.8103039999696193
0.40838499990059063
0.3178800002388016
0.378151000404614
0.38635900000372203
0.4542940000646922
0.3087689997300913
0.31819900004848023
0.3005390003636421
0.3297799999018025
0.3396100000827573
0.30769899967708625
0.310038999941753
0.2910490002250299
0.4574039999170054
0.3457799998614064
0.35010000010515796
0.48696500016376376
0.41787500003920286
0.6530079999720328
0.31078999973033206
0.7590729996991286
0.3520899999784888
0.34722100008366397
0.37327100017137127
0.36367099983181106
0.3660209999907238
0.3712610000548011
0.4171330001554452
0.3839609998976812
0.3403699997761578
0.358821000190801
0.38238099978116225
0.3567909998309915
0.34176999997725943
0.38153100013005314
0.38431099983426975
0.7436629998665012
0.35045100003117113
0.5044150002504466
0.5899180000596971
0.38490099996124627
0.38561200017284136
0.39502700019511394
0.3434000000197557
0.3360300001986616
0.36453100028666086
0.3237500000068394
0.3992570000264095
0.3801369998654991
0.4328429999986838
0.3775320001295768
0.3801459997703205
0.3660620000118797
0.34565099986139103
0.5334759998731897
0.5097159996694245
0.41301800001747324
0.42733200007205596
0.4407879996506381
0.344779999977618
0.3582660001484328
0.36254100041333004
0.3974969999944733
0.4205229997751303
0.36278400011724443
0.2881890000026033
0.4337300001679978
0.3300900002614071
0.3385110003364389
0.3326300002299831
0.3539510003065516
0.43872300011571497
0.3711209997163678
0.4096620000382245
1.5904779997981677
0.7977939999364025
0.3628709996519319
0.5420259999482369
0.3440499999669555
1.0801729999911913
0.3400760001568415
0.3707820001181972
0.4273129998182412
0.3218100000594859
0.33733999998730724
0.4110370000489638
0.37424199990709894
0.2890189998652204
0.37777199986521737
0.40758200020718505
0.40359200011153007
1.027171000259841
0.8490560003338032
0.37821099977009
0.9097980000660755
0.41644200018708943
0.3850820003208355
0.4193019999547687
0.36360200010676635
0.3134690000479168
0.3308899999865389
0.39216699997268734
0.33932099995581666
0.36206100003255415
0.3519060001053731
0.41864200011332287
0.3987119998782873
0.37306200010789325
0.4546440000012808
0.8713160000297648
0.47888400013107457
0.4815150000467838
0.4630940002243733
0.38062199973865063
0.35747099991567666
0.31360999992102734
0.44969400005356874
0.3451500001574459
0.35472099989419803
0.3764859998227621
0.3967419997934485
0.44008799977746094
0.4154729999754636
0.41283200016550836
0.312259999645903
0.3839910000351665
0.3956630002903694
0.32660999977451866
0.4766939996443398
0.6757199998901342
0.5353259998628346
0.5986280002616695
0.4174829996372864
0.8033540002543305
0.3969719996348431
0.30113900038486463
0.39231200025824364
0.3924819998246676
0.36210100006428547
0.32323000004907954
0.4279280001355801
0.3610310000112804
0.40223199994215975
0.3521749999890744
0.3281799999967916
0.390912000057142
1.913768000122218
0.47154399999271845
0.5189449998397322
0.3730309999809833
0.36300100009611924
0.4491029999371676
0.5567870002778363
0.3945620001104544
0.37134100011826376
0.44714900013786973
0.3809619997809932
0.3620910001700395
0.38896699970791815
0.3801619996011141
0.4312730002311582
0.38755200012019486
1.5417670001625083
0.3499710001051426
0.8204249998016167
0.4223029995955585
0.37195200002315687
0.3903980000359297
0.4271980001249176
0.3455759997450514
0.41151300001729396
0.34790999961842317
0.3586050002013508
0.39896299995234585
0.38026199990781606
0.39802199989935616
0.31764999994265963
0.4489430002649897
0.3459609997662483
0.3469100001893821
0.8545059999960358
0.4747739999402256
0.8212450002247351
0.6288350000431819
0.37060199974803254
0.3563610002856876
0.4405979998409748
0.4106319997845276
0.3708869999172748
0.4070229997523711
0.34623500005181995
0.3310799997962022
0.38447099996119505
0.3275799999755691
0.35322099984114175
0.43333399980838294
0.4083519997948315
0.3337709999868821
0.3703299998960574
0.37578199999188655
1.2604280000232393
0.4280230000404117
0.42689400015660794
0.3138300003229233
0.469383999643469
0.3929019999304728
0.39810200041756616
0.35758100011662464
0.36730100009663147
0.37637100012943847
0.3587809997043223
0.37464199976966484
0.3953620002903335
0.30357900004673866
0.3908510002474941
0.3909829997610359
0.3720310000971949
0.4366540001683461
0.3806859999713197
0.4109520000383782
1.258103000054689
0.936297999942326
0.4410830001688737
0.44354400006341166
1.7370239997944736
0.4505779997998616
0.3399300003366079
0.3971169999203994
0.7019909999144147
0.408941999921808
0.8619959999123239
0.3881420002471714
0.40291199957209756
0.39851200017437804
0.7360520003203419
0.36478099991654744
0.5935670001235849
0.6504289999611501
0.3704870000547089
0.3100399999311776
0.39486600007876405
0.36963100001230487
0.49836500011224416
0.41030300008060294
0.3936220000468893
0.40511699990020134
0.3660160000436008
0.45068400004311115
0.27589900037128245
1.0867629998756456
0.4264829999556241
0.42158299993388937
0.856764999753068
0.266018999809603
0.38930199980313773
0.3410610001992609
0.42381299999760813
0.6200080001690367
0.3588909999052703
0.3669709999485349
0.29710900025747833
0.4855849997511541
0.32288000011249096
0.35073099979854305
0.2793779999592516
0.4090630000064266
0.37268100004439475
0.3629799998634553
0.4193439999653492
0.3626409998105373
0.3747709997696802
0.37756099982289015
0.39946200013218913
0.4227630001878424
0.3852810000353202
0.36974100021325285
0.4228230000080657
0.3348000000187312
0.40538299981562886
0.2923479996752576
0.3371399998286506
0.3118099998573598
0.3261299998484901
0.3666309999061923
0.29704899998250767
1.6643009998915659
0.3248600000915758
1.3485310000760364
0.2983490003316547
0.2959190001092793
0.7912940000096569
0.36377200012793764
0.36128100009591435
0.29681900014111307
0.4114230000595853
0.317569999879197
0.30541899968739017
0.34279999999853317
0.2953590001197881
0.26879799997914233
0.3360910000083095
0.32033000024966896
0.37174099998082966
0.3440199998294702
0.9860700001809164
0.4051329997309949
0.3598299999794108
0.4625839997061121
0.34464100008335663
0.45777400009683333
0.3102789996773936
0.39008199973977753
0.27209900008529075
0.4174329997113091
0.3144689999317052
0.3295199999229226
0.35591300002124626
0.37983899983373703
0.4203830003461917
0.3529809996507538
0.3189399999428133
0.33622000000832486
0.3530210001372325
0.43160299992450746
1.4025529999344144
0.7826439996279078
0.3921919997083023
0.3717209997375903
0.32000999999581836
0.844776000121783
0.4382040001473797
0.35780100006377324
0.3467729998192226
0.34793800023180665
0.36311099984231987
0.27297800033920794
0.33671000028334674
0.32859999964784947
0.390144999983022
0.2796450003188511
0.2831810002135171
0.5045729999437754
1.0165310000047612
0.8242349999818543
0.6894810003359453
0.6472690001828596
0.36825100005444256
0.4436529998201877
0.31387999979415326
0.43430300002000877
0.3223200001229998
0.3607900002862152
0.2859389996956452
0.43384300033721956
0.36107100004301174
0.34606999997777166
0.3751310000552621
0.47796499984542606
1.7917949999173288
0.31726899987916113
0.5784780000794854
0.34373100015727687
0.29373899997153785
0.5911880002713588
1.1569150001378148
0.5024749998483458
0.32716999976400984
0.3729820000444306
0.312350000058359
0.31081900033314014
0.30763899985686294
0.34796099998857244
0.371451999853889
0.4118730003028759
0.4724639998130442
0.6859609998173255
0.816315000065515
0.6531819999509025
0.3969399999732559
0.331719999849156
1.2480579998737085
0.3268599998591526
0.408742999752576
0.39134199960244587
0.3059390000998974
0.31563900029141223
0.3287999998065061
0.320448999900691
0.35839100019074976
0.3658010000435752
0.3457299999354291
0.40260200012198766
0.401312000121834
1.4376139997693826
0.37267100015014876
0.5721769998672244
0.5212160003793542
0.559547000193561
0.7629130000168516
0.3445600000304694
0.6136890001471329
0.33235999990210985
0.34530099992480245
0.41473300007055514
0.32587000032435753
0.3135199999633187
0.39260399989871075
0.3370780000295781
0.30855900013193605
0.34811100022125174
0.43580300007306505
0.8862969998517656
1.0971530000460916
0.6888909997542214
0.3009980000570067
0.4747839998344716
0.34926100033771945
0.3509309999571997
0.3424009996706445
0.33762099974410376
0.30955900001572445
0.289587999759533
0.35371100011616363
0.37960100007694564
0.31587200010108063
0.48406199994133203
0.3131299999949988
0.5478660000335367
0.7822749998922518
0.5851979999533796
0.697831999787013
0.7517719996030792
0.4349430000729626
0.7414020001306199
0.31460999980481574
0.36094100005357177
0.34915100013677147
0.3166599999531172
0.3531899997142318
0.3313299998808361
0.29916899984527845
0.3429900002629438
0.2770179999060929
0.3247399999963818
0.4402039999149565
0.2868280002985557
0.4118219999327266
0.2864490002139064
0.7094810002854501
0.4240930002197274
0.612097999692196
0.44854299994767644
0.7748240000182705
0.564737000331661
0.2793879998534976
0.4196730001240212
0.4196929999125132
0.3338100000291888
0.3666210000119463
0.3096689997619251
0.28985900007683085
0.3635309999481251
0.34475099982955726
0.32786000019768835
0.3514009999889822
0.3144090001114819
0.4532729999482399
0.9826709997469152
0.7619539996994718
0.7510430000365886
0.7790330000716494
0.30661900018458255
0.3157199998895521
0.3332609999233682
0.31215000035444973
0.3040189999410359
0.33235000000786385
0.31525000031251693
0.387042000056681
0.2957990000140853
0.2839290000338224
0.3491500001473469
0.3759309997803939
0.375511000129336
0.4565429999274784
0.6695399997624918
0.3862620001200412
1.2134969997532608
0.545710000096733
0.36474900025496027
0.3790319997278857
0.29892900010963785
0.8496360001117864
0.3578600003493193
0.4118319998269726
0.3181899996889115
0.3511599998091697
0.3235600001971761
0.330389999817271
0.33136000001832144
0.31635999994250597
0.4457830000319518
1.0946329998660076
0.8374349999940023
0.620958999661525
1.14669499998854
0.33527999994475977
0.3212500000699947
0.3628709996519319
0.35435100016911747
0.31762900016474305
0.32384999985879404
0.4196220002086193
0.3799719997914508
0.35264999996797997
0.3345699997225893
0.30476899974019034
0.42557300002954435
0.7538030004070606
0.6885899997541856
0.9255380000467994
0.4060229998685827
0.3810809998867626
0.34576099960759166
0.6279890003497712
0.4099119996681111
0.41461199998593656
0.39217199991981033
0.40132200001608
0.4170180000073742
0.4774499998347892
0.5064249999122694
0.4264829999556241
0.41555300003892626
0.36128000010648975
0.96716899997773
0.3916320001735585
1.1257539999860455
0.489824999931443
0.3777009997065761
0.3698720001921174
0.43174300026294077
0.4034420003335981
0.3116890002274886
0.34973099991475465
0.28216900000188616
0.32514000031369505
0.3087099998992926
0.3384000001460663
0.4195030001028499
0.3800710001087282
0.42172299981757533
0.305819999994128
0.584461000016745
0.7204799999271927
0.39690300036454573
0.419103000240284
1.0323309998057084
0.4013819998363033
0.3453799999988405
0.35904099968320224
0.3740339998330455
0.4218799999762268
0.31229999967763433
0.36631200009651366
0.3311299997221795
0.35936099993705284
0.38897199965504115
1.4017929997862666
0.36970099972677417
0.35204100004193606
0.37945199983369093
0.6729930000801687
0.8213030000661092
1.116493999688828
0.3351110003677604
0.3709609995894425
0.37961199996061623
0.3930220000256668
0.3482110000732064
0.32929999997577397
0.35134099971401156
0.31912000031297794
0.33080000002883025
0.3724909997799841
0.3472400003374787
0.9390440000061062
0.3780160000133037
0.5755970000791422
0.44377299991538166
0.5158660001143289
1.131857000018499
0.5021930001021246
0.35496999998940737
0.4065650000484311
0.34644700008357177
0.3140799999528099
0.3860420001728926
0.3255700003137463
0.3534909997142677
0.37905199997112504
0.32554000017626095
0.5724799998461094
0.40064200038614217
0.8876840001903474
1.0521419999349746
0.4959150001013768
1.2496070003180648
0.3909609999936947
0.3359899997121829
0.3495200003271748
0.3576510002858413
0.4087150000486872
0.36161900015940773
0.3333289996589883
0.3652020000117773
0.36888099975840305
0.3229700000701996
0.33937999978661537
1.1497149998831446
0.3507510000417824
0.562077000267891
0.4233720001138863
0.39006199995128554
0.38043099993956275
0.48758499997347826
1.1240439998800866
0.5404170001384045
0.39123099986682064
0.3843220001726877
0.34967999999935273
0.3452199998719152
0.4071230000590731
0.343221000093763
0.4186019996268442
0.4326230000515352
1.1338540002725495
0.7720139997218212
0.3610509997997724
0.515726000230643
1.1542150000423135
0.4030420000162849
0.3979019998041622
0.3810520001934492
0.32825000016600825
0.31476999993174104
0.3502609997667605
0.33869000026243157
0.4731470003207505
0.3293669997219695
0.41054199982681894
0.9197379999932309
0.4463539999051136
0.571196999771928
0.4507540002123278
