payload_size_bytes=10240
runs=1000
mean_ms=0.505
median_ms=0.381
stddev_ms=0.342
min_ms=0.273
max_ms=4.395
---raw---
0.41445299984843587
1.0280860001330439
0.7327429998440493
0.6028780003362044
0.38772200014136615
0.42519299995547044
0.44783399971493054
0.37461100009750226
0.37535100000241073
0.5352270000003045
0.36898100006510504
1.011949999792705
2.1884860002501227
1.8046150003101502
0.37482200013982947
1.6471199996885844
0.3712309999173158
0.3994220001004578
0.40452300027027377
0.360070999704476
0.7221770001706318
0.41776200032472843
0.37999200003469014
0.38932100005695247
0.4212529997857928
0.30704900018463377
0.4298029998608399
0.31863899994277745
0.37713199981226353
0.3745619997062022
1.14465399974506
0.3580610000426532
1.7267220000576344
0.4054519999954209
0.678771000366396
0.4443540001375368
0.730597000256239
0.3465200002210622
0.40062200014290283
1.7968789998121792
1.0308210003131535
0.40452200028084917
2.5289420000262908
0.37944099995002034
0.37982100002409425
0.4086630001438607
0.37235099989629816
0.8623959997748898
0.48195499994108104
0.9360089998153853
1.9788499998867337
0.8173460000762134
1.1335049998706381
1.9821599998977035
0.3463509997345682
0.38232199995036353
1.1810350001724146
0.3376399999979185
0.782033000177762
1.805515000341984
0.9645499999351159
0.35261399989394704
0.386589000299864
0.3654010001810093
0.3271329997005523
1.32737800004179
0.7669030001125066
2.4084730002869037
1.7390540001542831
2.107583999986673
0.9164879998024844
0.9770299998308474
1.8856570000025386
0.3883550002683478
0.3781790001085028
0.34763099984047585
0.38949200006754836
2.4990289998640947
0.3188299997418653
0.30880899976182263
1.098662999993394
0.3119200000583078
1.0363520000282733
0.6560990000252787
1.0228209998786042
0.4945750001752458
2.295978999882209
0.39584200021636207
1.1802950002675061
1.354942000034498
0.5610570001408632
1.58648800015726
0.3146389999528765
0.7050320000416832
0.34026100001938175
0.3693210001074476
0.32255999985864037
1.7734039997776563
0.5094260000078066
0.3999220002697257
0.3333700001348916
0.362580999990314
0.43510399973456515
0.7021420001365186
0.4529929997261206
0.5548369999814895
0.5990179997752421
0.5309059997671284
0.37735099976998754
0.34231000017825863
0.36175099967294955
0.6052110002201516
0.5185429999983171
0.5155660001037177
0.28409900005499367
0.4822639998565137
0.3712809998432931
0.752143000227079
0.4981949996363255
0.8080840002548939
0.39007199984553154
0.313550000100804
0.6932709998181963
0.8070539997788728
0.46966399986558827
1.7587130000720208
0.3408410002521123
0.390912000057142
3.098074999797973
0.4063719998157467
0.39630199989915127
0.9237379999831319
0.640449999991688
0.5497770002875768
1.0893829999076843
1.0497419998500845
0.5488800002240168
0.40525300028093625
0.3266700000494893
1.1070529999415157
1.9317890000820626
0.5384860000958724
1.24997800003257
0.6294189997788635
0.33626099957473343
0.5833780001012201
0.48087499999383
0.38806900010968093
1.5847479999138159
0.7714329999544134
1.5169570001489774
0.5401159996836213
0.41135199990094407
0.3270699999120552
4.395355000269774
1.0149509998882422
0.7661439999537834
0.6008189998283342
0.6915310000294994
1.0953730002256634
0.587498000186315
0.33717999986038194
0.3629510001701419
0.33908100022017607
0.34064100009345566
0.41534299998602364
1.3938919996689947
0.7510820000788954
0.5828480002492142
0.5523170002561528
1.0743230000116455
0.5269860002954374
0.3822210001089843
1.386945000376727
0.36863100012851646
0.3258599999753642
0.40140200007954263
0.31165700011115405
0.6823909998274758
0.6049579997124965
0.5961580000075628
1.1279939999440103
0.32117999990077806
0.35355999989405973
0.321420000091166
0.3748110002561589
0.4887939999207447
0.4067529998792452
0.3183799999533221
0.3108589999101241
0.4469229997994262
0.29197899993960164
0.3482600000097591
0.577338000312011
0.7274419999703241
0.45209299969428685
1.0546419998718193
0.4755139998451341
0.3646410000328615
0.36284099996919394
0.3386499997759529
1.8833169997378718
0.6616900000153692
0.4537440004241944
1.0709719999795198
0.47868499996184255
0.39568300007886137
0.36209099971529213
0.2973589998873649
0.5097560001559032
0.3194490000169026
0.4073719996995351
0.3949719998672663
0.31374900027003605
0.44653400027527823
0.6689510000796872
0.7375430000138294
0.38568199988731067
0.4050130000905483
1.5012260000730748
0.41683200015540933
0.40244199999506236
0.6670399998256471
1.538117000109196
0.48985500006892835
0.3964520001318306
0.33965100010391325
0.5761570000686334
0.5112049998388102
0.726362000023073
0.6858030001239968
0.35574799994719797
0.4027019999739423
0.41319299998576753
0.4069629999321478
0.37624099968525115
0.38938200032134773
1.9881809998878452
0.9023269999488548
0.4310330000407703
0.39312200033236877
0.4071530001965584
1.1202939999748196
0.41089200021815486
0.3476800002317759
0.49517799970999476
0.34705799998846487
0.40528199997424963
0.5168560001038713
0.3889220001838112
0.38153100013005314
0.3814619999502611
0.4001029997198202
0.3630910000538279
0.3414109996811021
0.3578910000214819
0.3716010000971437
0.3874620001624862
0.30142900004648254
0.33602999974391423
0.6667400002697832
0.9044680000442895
0.45062400022288784
0.37212100005490356
0.42070300014529494
0.3376499998921645
0.3448710003794986
0.33334999989165226
0.524435999977868
0.3182099999321508
0.6387290000020585
0.6918509998286027
0.34877999996751896
0.37671100017178105
0.32173999989026925
0.3713239998432982
0.3264070001023356
0.3667710002446256
0.343100999998569
0.4677940000874514
0.37926100003460306
0.3160100000059174
0.3205399998478242
0.37833399983355775
0.48566499981461675
0.7597610001539579
0.35204100004193606
0.3411909997339535
0.42853199965975364
0.3488510001261602
0.3542809999999008
0.3786509996643872
0.33064999979615095
0.49677500010147924
0.3749210000023595
0.40263299979415024
0.38335199997163727
0.3531499996825005
0.3388000000086322
0.3407110002626723
0.32000000010157237
0.3433200004110404
0.7243320001180109
0.5160360001355002
0.6279190001805546
0.7345829999394482
0.36653000006481307
0.4494139998314495
0.5320059999576188
0.379511000119237
0.3503110001474852
0.8185659999071504
0.6207779997566831
0.5825279999953636
0.3945510002267838
0.3298900001027505
0.6934409998393676
0.37982100002409425
0.3158399999847461
0.3186590001860168
0.4900449998785916
0.33118999999715015
0.41439300002821255
0.4454029999578779
0.433412999882421
1.0278710001330182
0.6286390002969711
0.4336130000410776
0.6423499999073101
0.7502620001105242
0.4465839997465082
0.39101199990909663
0.329199999669072
0.44761299977835733
0.3006790002473281
0.4171929999756685
0.37556200004473794
0.3553900000952126
0.374082000234921
1.0980930001096567
0.43407300017861417
0.7221620003292628
0.37118099999133847
0.36297100041338126
0.35895000019081635
0.4602340000019467
0.35061000016867183
0.5776670000159356
0.36055100008525187
0.38698199978171033
0.40033200002653757
0.3270699999120552
0.3716010000971437
0.3425510003580712
0.4072820001965738
0.8474860001115303
0.4018119998363545
0.3861109998979373
0.5840979997628892
0.4548339998109441
0.5134259999977075
0.3992629999629571
0.4286280000087572
0.4331580003054114
0.41758200040931115
0.4063520000272547
0.3412999999454769
0.3357400000822963
0.473034999686206
0.3787910000028205
0.4609640000126092
0.5133260001457529
0.43331300003046636
0.3995310003119812
0.338210000336403
0.35858399996868684
0.385149000067031
0.3335999999762862
0.3341099995850527
0.3506309999465884
0.3334809998705168
0.4003730000476935
0.3783320003094559
0.333069999669533
0.40256200009025633
0.35729999990508077
0.33693000023049535
0.38119100008771056
0.32127000031323405
0.3928020000785182
0.6143189998510934
0.7160619998103357
0.33745999962775386
0.4185130001133075
0.3198989998054458
0.36203400031808997
0.3569390000848216
0.38619099996139994
0.38297199989756336
0.4448380000212637
0.47918500013111043
0.3633510000327078
0.3505000004224712
0.3728110000338347
0.32808000014483696
0.8011439999791037
0.354840999989392
0.5116050001561234
0.37673199994969764
0.3793519999817363
0.48595700036457856
0.4215550002300006
0.5580759998338181
0.3797419999500562
0.3323999999338412
0.7422799999403651
0.4127619999962917
0.3529109999362845
0.4200829998808331
0.36407199968380155
0.3365299999131821
0.38485100003526895
0.35526000010577263
0.3763619997698697
0.3828019998763921
0.3801220000241301
0.4801039999620116
0.36537100004352396
0.3652909999800613
0.3161690001434181
0.3635509997366171
0.7223420002446801
0.3829520001090714
0.3049200004170416
0.38657100003547384
0.32545999965805095
0.36592100013876916
0.40153199961423525
0.41767299990169704
0.5317459999787388
0.4300830000829592
0.3957520002586534
0.3204800000276009
0.3253499999118503
0.354860999777884
0.34120100008294685
0.340590999712731
0.3215990000171587
0.3208399998584355
0.8994880004138395
0.4071620001013798
0.34987000026376336
0.3222599998480291
0.3916720002052898
0.7413220000671572
0.40134199980457197
0.3828320000138774
0.3869910001412791
0.32035000003816094
0.3497699999570614
0.3482609999991837
0.32809000003908295
0.361270999746921
0.3243500000280619
0.3374799998709932
0.3701010000440874
0.3589309999370016
0.37159099974815035
0.40470200019626645
0.3260799999225128
0.9405089999745542
0.42755300000862917
0.46182700043573277
0.34140700017815107
0.4175630001554964
0.3390130000298086
0.3424380001888494
0.32638299990139785
0.3542409999681695
0.43509299985089456
0.3763189997698646
0.3652810000858153
0.9286790000260225
0.4332230000727577
0.4434060001585749
0.31337700011135894
0.3771610004150716
0.3658010000435752
0.376831000266975
0.33372000007148017
0.32442000019727857
0.37312099993869197
0.32643999975334737
0.32180899961531395
0.3702140002133092
0.40985000032378593
0.7146319999264961
0.4585169999700156
0.328388000070845
0.3761820003091998
0.3655810000964266
0.3314300001875381
0.32136999971044133
0.36653100005423767
0.349970000115718
0.33353999970131554
0.34127999970223755
0.3566710001905449
0.3772320001189655
0.37002199997004936
0.7413529997393198
0.3867010000249138
0.5191059999560821
0.37253399977998924
0.32245800002783653
0.3370710001036059
0.3289799997219234
0.3776419998757774
0.3284009999333648
0.33292099988102564
0.35297100021125516
0.32013999998525833
0.2966890001516731
0.34034299960694625
0.31903699982649414
0.3502599997773359
0.3679709998323233
0.35830099977829377
0.37362100010795984
0.35435100016911747
0.34801099991454976
0.34346000029472634
0.3095189999839931
0.7954840002639685
0.3775810000661295
0.34747099971355055
0.5150759998286958
0.39193200018416974
0.3544209998835868
0.36522099981084466
0.3697539996210253
0.3554079999048554
0.40027200020631426
0.3815609998127911
0.3374000002622779
0.3431610002735397
0.3301100000498991
0.3855119998661394
0.4297929999665939
0.3856910002468794
0.31863999993220204
0.42967599983967375
0.42732300016723457
0.37020199988546665
0.3090700001848745
0.3351679997649626
0.4046650001328089
0.31996699999581324
0.32465000003867317
0.36784100029763067
0.3423800003474753
0.37476400029845536
0.32902700013437425
1.2748690000989882
0.6643699998676311
0.725421999959508
0.502894999954151
0.42038299989144434
0.3401500002837565
0.31300000000555883
0.40353500025958056
0.3145669998048106
0.36033100013810326
0.3781310001613747
0.33644099994489807
1.004570000077365
0.4658640000343439
0.48444499998367974
0.39604199992027134
0.8068650004133815
0.34990099993592594
0.37484099993889686
0.3554410000106145
0.3427100000408245
0.3107589996034221
0.37678199987567496
0.4691849999289843
0.3693809999276709
1.0121210002580483
0.7511219996558793
0.7268220001606096
0.5111350001243409
0.3721510001923889
0.3378899996278051
0.3272300000389805
0.3534410002430377
0.37118099999133847
0.3389209996385034
0.36300400006439304
0.7214990000647958
0.44339299984130776
0.4954259998157795
0.40306299979420146
0.3464810001787555
0.3563909999684256
0.36699099973702687
0.3640909999376163
0.33091000022977823
0.3166599999531172
0.36848099989583716
0.3504010001051938
0.36957100019208156
0.3607610001381545
0.3376999998181418
0.36531100022330065
0.41656199982753606
0.3082199996242707
0.46922499996071565
0.5726379999941855
0.402531999952771
0.40481500036548823
0.36898799999107723
0.3356410002197663
1.3012899999012006
0.3824909999821102
0.35338099996806704
0.3567799999473209
0.45560400030808523
0.504104999890842
0.3791710000768944
0.4242730001351447
0.3314999999020074
0.4961849999745027
0.4451740001059079
0.5193950000830228
0.3400199998395692
0.3688420001708437
0.40269199962494895
0.34346300026300014
0.5049260003033851
0.35978100004285807
0.3854820001834014
0.6613099999412952
0.43419600024208194
0.3625180002018169
0.36710099993797485
0.39954199974090443
0.340460999723291
0.35061000016867183
0.45106400011718506
0.32024899974203436
0.43268300032650586
0.3795919997173769
0.37695199989684625
0.38602099994022865
0.3799239998443227
0.8136619999277173
0.37806099999215803
0.3837620001831965
0.32759999976406107
0.3760220001822745
0.39232200015248964
0.3274430000601569
0.3441580001890543
0.31881999984761933
0.38440200023615034
0.3710410001076525
0.7774339997013158
0.5765179998888925
0.34556000036900514
0.37454200037245755
0.7625439998264483
0.48073500011014403
0.3258190004089556
0.3692620002766489
0.35420999984125956
0.46933500016166363
0.7237919999170117
0.3669029997581674
0.3781590003200108
0.3643410000222502
0.3858140003103472
0.3741489999811165
0.3344429997014231
0.36809899984291405
0.35565100006351713
0.5292760001793795
0.32404900002802606
0.4503370000747964
1.3854389999323757
0.639651999790658
0.6340360000649525
0.4266430000825494
0.3593110000110755
0.36695099970529554
0.3215900001123373
0.3292189999228867
0.3650310000011814
0.2996989996972843
0.322779999805789
0.39582199997312273
0.33917999962795875
0.82030500016117
0.37518199997066404
0.737922999633156
0.35785099998975056
0.40028500006883405
0.30868599969835486
0.4201259998808382
0.3132870001536503
0.34124300009352737
0.33384700009264634
0.33086999974329956
0.4079619998265116
0.3392399999029294
0.3068700002586411
0.37366200012911577
1.3340599998628022
0.39930200000526384
0.46920500017222366
0.320220000048721
0.3741509999599657
0.45051400002193986
0.43470299988257466
0.3235200001654448
0.3461410001364129
0.3602510000746406
0.33207100022991654
0.34546999995654915
0.3538410001056036
0.281589000223903
0.32604899979560287
0.3298800002085045
0.3417509997234447
1.1864069997500337
0.47705400038466905
0.3347000001667766
0.37583099992843927
0.3377099997123878
0.3524910002852266
0.3301399997326371
0.7063410002956516
0.36611099994843244
0.3711920003297564
0.366671000392671
0.37302100008673733
0.43605299970295164
0.42306300019845366
0.4067629997734912
0.7021910000730713
0.34761000006255927
0.3980920000685728
0.3318700000818353
0.3976719999627676
0.7807740003045183
0.3577799998311093
0.5377859997679479
0.3401809999559191
0.33196000003954396
0.3222499999537831
0.34342099979767227
0.3969419999521051
0.42385200003991486
0.31645000035496196
0.3685410001708078
0.32784000040919636
0.39749199959260295
0.3878219999933208
0.3206589999535936
0.3427710003052198
0.34102100016752956
0.34012099968094844
0.5953579998276837
0.44493399991551996
1.0725420002017927
0.6168689997139154
0.43363300028431695
0.3712520001499797
0.37810200001331395
0.7195620000857161
0.3905210000993975
0.3619809999690915
0.35554099986256915
0.3398399999241519
0.32964299998639035
0.41227900010198937
0.6976609997764172
0.388691000352992
0.34084099979736493
0.8012650000637223
0.35759100001087063
0.3631609997682972
0.33157999996547005
0.35668100008479087
0.33065999969039694
0.3316100001029554
0.3492199998618162
1.4292939999904775
0.6140489999779675
0.41105200034508016
0.3571310003280814
0.39115200024752994
0.34103000007235096
0.8495459996993304
0.5365560000427649
0.36843199995928444
0.3281230001448421
0.36786900000151945
0.42110300000786083
0.4623639997589635
0.32023899984778836
0.3917220001312671
0.3658010000435752
0.38785199967605877
0.3247399999963818
0.3579999997782579
1.0366220003561466
0.46574499992857454
0.33428000006097136
0.34335000009377836
0.3140390003864013
0.4044130000693258
0.3413310000723868
1.4351149998219626
0.36472100009632413
0.4195120000076713
0.3851619999295508
0.52205599968147
0.4315329997552908
0.6447400000979542
0.46124400023472845
0.3321299996059679
0.40648300000611925
0.37402199995995034
0.39646200002607657
0.3743759998542373
0.3449400001045433
0.4467929998099862
0.4263830001036695
0.44350300004225574
0.7719779996477882
0.40438199994241586
0.5086249998385028
0.5738380000366305
0.37950199975966825
0.4377830000521499
0.5844769998475385
0.3424910000831005
0.8768160000727221
0.38304199961203267
0.5330060002961545
0.34226999969177996
0.5988180000713328
0.34644000015759957
0.34574099981909967
0.3785220001191192
0.3449300002102973
0.3194800001438125
0.365231000159838
0.3843409999717551
0.3532509999786271
0.7833839999875636
0.4980550002073869
0.3360400000929076
0.5632570000670967
0.3525110000737186
0.3237699997953314
0.4638740001610131
0.3411899997445289
0.5867980003131379
0.3434509999351576
0.38442200002464233
0.6808200000705256
0.5674069998349296
0.34331100005147164
0.4052930003126676
0.2839680000761291
0.32540999973207363
0.415452000197547
0.3132900001219241
0.3875419997712015
0.4715139998552331
0.31076899995241547
0.39180500016300357
0.34140700017815107
0.8037440002226504
0.34484100024201325
0.33560100018803496
0.2999690000251576
0.30921999996280647
0.4479039998841472
0.3191000000697386
0.44895400014866027
0.34303999973417376
0.34546100005172775
0.3108500000053027
0.3106389999629755
0.3551210002115113
0.2951790002043708
0.2969090000988217
0.3079090001847362
0.5794480002805358
0.766433000080724
0.8311709998451988
0.4316879999350931
0.30971900014264975
0.30103900007816264
0.32439999995403923
0.3158989998155448
0.3277400001024944
0.35886099976778496
0.30872000024828594
0.30371900038517197
0.36732099988512346
0.3655710002021806
0.3208299999641895
0.4119420000279206
0.8191350002562103
0.8283049996862246
0.32831999988047755
0.3905909998138668
0.29801899972881074
1.1119640003016684
0.32016000022849767
0.3427209999244951
0.3619600001911749
0.31531000013274024
0.3102400000898342
0.9408989999428741
0.8951479999268486
0.35265099995740457
0.33206000034624594
0.3173390000483778
0.5823980000059237
0.29273900008774945
0.40033200002653757
0.3405399997973291
0.31320000016421545
0.3544109999893408
0.3542100002960069
0.3621310002017708
1.1086040003647213
0.7320730001083575
1.5414280001095904
0.39378199971906724
0.34696800003075623
0.32250000003841706
0.34623100009412155
0.3032190002159041
0.38091100032033864
0.48525500005780486
0.6525700000565848
0.7047610001791327
0.7913429999462096
0.6856410000182223
0.37175199986450025
0.400415000058274
0.3256570003031811
0.3759719998015498
0.36250099992685136
0.3532410000843811
0.45888399972682237
1.3934920002611761
0.5651780002153828
0.9312689999205759
0.315229000079853
0.8689269998285454
0.4344429999036947
0.3416700001253048
0.3354500004206784
0.36620100036088843
0.33523999991302844
0.363901000127953
0.9810530000322615
0.3883189997395675
0.43027299989262247
0.3751019999072014
1.3556009998865193
0.33547999964866904
0.37013300016042194
0.4511610000008659
0.3254899997955363
0.5250060003163526
1.3891220000914473
0.7071410000207834
0.77127400027166
0.39884600028017303
0.3504109999994398
0.272767999831558
0.3169500000694825
0.34373000016785227
0.2773780001916748
0.31198900023809983
1.0712429998420703
0.4080829999111302
0.3200490000381251
0.347110999882716
0.3270719998909044
0.46071399992797524
0.331700000060664
