payload_size_bytes=10240
runs=1000
mean_ms=0.542
median_ms=0.412
stddev_ms=0.322
min_ms=0.271
max_ms=3.145
---raw---
0.4726769998342206
1.1067119999097486
0.4540840000117896
0.7631429998582462
0.3905640000994026
0.41194199957317323
1.259755999853951
0.7003820001045824
0.4123520002394798
2.447743999709928
1.7479240000284335
1.1755450000237033
0.3884620000462746
0.9329979998256022
0.4655440002352407
0.36339100006443914
0.34257100014656316
0.369221000255493
0.41534199999659904
0.3623410002546734
0.354941000296094
0.42905300006168545
0.45518399974753265
0.3146490003018698
0.33944000006158603
0.4062220000378147
0.35161100004188484
0.90300700003354
0.39537199972983217
0.3752010002244788
0.34733000029518735
0.4327230003582372
0.448563999725593
0.45920399998067296
0.35103400023217546
0.36562799959938275
0.7464420000360406
0.3204700001333549
0.6129389998932311
0.8041440000852162
0.7021020001047873
0.5008649995943415
0.39812200020605815
1.236167000115529
0.6863100002192368
0.30984899967734236
0.4205129998808843
0.3477499999462452
0.7515530001001025
0.33622099999774946
0.9854410000116332
0.4129429999011336
0.47226400010913494
0.7014109996816842
0.8715359999769134
0.37849199998163385
0.4968450002706959
0.40260300011141226
0.37190200009717955
0.4069520000484772
0.43968399995719665
1.1458449998826836
0.33727000027283793
0.4135830004088348
0.35831099967253977
0.375432000055298
0.39154200021584984
0.3967220000049565
0.38951199985604035
0.6151990000944352
0.9620499999982712
0.5493870003192569
0.5022349996579578
0.3231200003028789
0.42187300005025463
0.39122199996199924
0.4631239999071113
0.3948519997720723
0.4237230000398995
0.7921540000097593
0.8631860000605229
0.3936719999728666
0.8564449999539647
0.3643509999164962
0.42559299981803633
0.6736909999744967
0.32881000015549944
0.39659100002609193
0.5070259999229165
0.6657809999524034
0.42267300023013377
0.4251010000189126
0.48184399975070846
0.6187680000948603
0.3619809999690915
0.4044329998578178
0.5540070001188724
0.3993730001639051
0.3401510002731811
0.3585509998629277
0.3897719998349203
0.870565999775863
0.41985299958469113
0.45294400024431525
0.7293519997801923
0.4146719998061599
0.37998200014044414
0.35065100018982776
0.4046220001328038
0.5130479999024828
0.4293699998925149
0.6594200003746664
0.3500319999147905
0.3664109999590437
0.8609640003669483
0.45855400003347313
0.3364300000612275
0.3571299998839095
0.8377660001315235
0.38657300001432304
0.38214999995034304
0.3660709999167011
0.44542400019054185
0.3799119999712275
0.3488610000204062
0.7044119997772214
0.3771409997170849
0.45665400011785096
0.7168019997152442
0.36976599994886783
0.3970019997723284
0.3959360001317691
0.37186200006544823
0.4202459999760322
0.8490640002492
0.3959320001740707
0.5591879998974036
0.4036830000586633
1.227388999723189
0.7984509998095746
0.4121420001865772
0.48157499986700714
0.4316220001783222
1.5490680002585577
0.7591930002490699
0.41827499990176875
0.5081620001874398
0.4905979999421106
0.38170900006662123
0.4454629997781012
0.43950899998890236
0.7411819997287239
0.49135500012198463
0.5194850000407314
0.5304159999468538
0.4301330000089365
0.42771700009325286
0.3642810002020269
0.6652500001109729
0.3911419998985366
0.4023619999315997
0.4615540001395857
0.938958000006096
0.41827299992291955
0.37716199994974886
0.8834370000840863
0.9302680000473629
0.3994919998149271
0.3323800001453492
0.356276000275102
0.9931210001923318
0.4350029998931859
0.466848999622016
0.43817400000989437
0.39170200034277514
0.3923619997294736
0.6614799999624665
0.4021019999527198
0.38463200007754494
0.4824200000257406
0.7220319998850755
0.6047060001037607
0.3740410002137651
0.44105300003138836
0.7543229999100731
0.40643100010129274
1.29878000007011
0.4148819998590625
0.4985049999959301
0.7065419999889855
0.37251100002322346
0.5597120002676093
0.39484700027969666
0.3611610000007204
0.4081729998688388
1.467454999783513
0.766663000376866
0.4900559997622622
0.348310999925161
0.5962380000710255
0.5044350000389386
0.42820300041057635
0.7042509996608715
0.44587399997908506
0.4435429996192397
0.33382000037818216
0.35199100011595874
0.39372099990941933
1.2303969997446984
0.7025619997875765
0.3467909996288654
0.3944219997720211
0.34856000002037035
0.35548100004234584
0.4313429999456275
0.6761300001016934
0.9794899997359607
0.4140519999964454
0.3926310000679223
0.4094920000170532
0.5959280001661682
0.7765140003357374
0.40372700004809303
0.46553499987567193
0.42960300015693065
0.4978350002602383
0.5768669998360565
0.40876699995351373
0.4260979999344272
0.8349449999514036
0.8163259999491856
0.7052810001368925
0.37803100030942005
0.6943809999029327
0.7262220001393871
0.4703559998233686
0.4013430002487439
0.3718210000442923
0.661971000226913
0.5043650003244693
0.7927540000309818
0.533657000232779
0.6604410000363714
0.39727299963487894
0.37444100007633097
1.212697000028129
0.7697030000599625
1.000250999823038
0.39576199969815207
0.4273930003364512
0.7698439999330731
0.47369499998239917
0.5622469998343149
0.5787479999526113
0.3434899999774643
0.8050950000324519
0.778322999849479
0.7830839999769523
0.43723400040107663
0.6727099998897756
0.3358209996804362
0.3751310000552621
0.5772079998678237
0.4662339997594245
0.747311999930389
0.3735509999387432
0.4171529999439372
0.38611100035268464
0.39232200015248964
0.392131999888079
0.3860220003844006
0.39664199994149385
0.4357729999355797
0.8083840002655052
0.4084619999957795
0.37844100006623194
0.4013520001535653
0.7377520000773075
0.48098500019477797
0.3874520002682402
0.4260029995748482
0.5062249997536128
0.6993409997448907
0.41939199991247733
0.3718409998327843
0.3414900002098875
0.411592000091332
0.474674000088271
0.7989939999788476
0.4046230001222284
0.35121000018989434
0.645289999738452
0.7453029998032434
0.47150399996098713
0.584958000217739
0.5601670000032755
0.46477400019284687
0.3862119997393165
0.35334100039108307
0.3451709999353625
0.7079319998410938
0.8666670000820886
0.860256000123627
0.7910139997875376
0.38297199989756336
0.339570000051026
0.3510309998091543
0.4133030001867155
0.7298820000869455
0.39255199999388424
0.5636370001411706
0.8167649998540583
0.42445799999768496
0.4019719999632798
0.4499810002016602
0.783063999733713
0.4239499999130203
0.457748999906471
0.35881099984180764
0.4018719996565778
0.48184999968725606
0.3995920001216291
0.4131529999540362
0.5256760000520444
0.3739210001185711
0.4229520000080811
0.36150400001133676
0.3457279999565799
0.38051199999245
0.7404419998238154
0.4160030002822168
0.4660290001083922
0.500035999721149
0.6812609999542474
0.4083019998688542
0.4436140002326283
0.4876170000898128
0.35812100031762384
0.4028799999105104
0.4650790001505811
0.3354500004206784
0.9533279999232036
0.43947299991486943
0.8594320001975575
0.8652259998598311
0.41223300013371045
0.4064029999426566
0.40600199963591876
1.0209909996774513
0.3241599997636513
0.35877200025424827
0.37595100002363324
0.3425509999033238
0.38347100007740664
0.7404829998449713
0.9078080001927447
0.37816099984411267
0.3261489996475575
0.36796100039282464
0.4494129998420249
0.7549340002697136
0.4246930002409499
0.3679910000755626
0.4303819996493985
0.4777149997607921
0.4204420001769904
0.43160299992450746
0.45379699986369815
0.5015530000491708
0.3822270000455319
0.36570100019162055
0.33809600017775665
0.3839410001091892
0.42516300027273246
0.3428599998187565
0.37700099983339896
0.3559800002221891
0.46107700018183095
0.4098320000593958
0.389702000120451
0.831083999855764
0.3934020000997407
0.3419310000936093
0.6060690002414049
0.39587199989910005
0.3984120003224234
0.46091900003375486
0.8227450002777914
0.5697930000678753
0.5018699998800003
0.3943460001210042
0.47636399995099055
0.4143479995946109
0.7361630000559671
0.4491740000958089
0.35875100002158433
0.47778500038475613
0.40242700015369337
0.361241000064183
0.3988349999417551
0.6928810003046237
0.7977840000421565
0.47402500013049576
0.4102230000171403
0.4496609999478096
0.4233760000715847
0.418579999859503
0.7323120003093209
0.39023199997245683
0.40437200004816987
0.6219110000529326
0.6833810002717655
0.7937150003272109
0.46031000010771095
0.5352610000954883
0.3837620001831965
0.3923019999092503
0.8017039999685949
0.5179069999030617
0.40166400003727176
0.3893809998771758
1.6834310004014696
0.7337029996961064
0.43908399993597413
0.38439700028902735
0.6636910002271179
0.3643009999905189
0.39106699978219694
0.7044120002319687
0.932049000311963
0.3946020001421857
0.3565110000636196
0.4345629999988887
0.34950100007336005
0.41650200000731274
0.39757700005793595
0.394772000163357
0.39891699998406693
0.3031389996976941
0.3897719998349203
0.407513000027393
0.3144400002383918
0.3551309996510099
0.37622599984388216
0.5076929996903345
0.4158350002398947
0.39857699994172435
0.3959020000365854
0.36572099998011254
0.4243949997544405
0.4136600000492763
0.4375139997137012
0.3787720002037531
0.477777000014612
0.38141899995025597
0.5956279997008096
0.38814199979242403
0.3673719998005254
0.36782699999093893
0.9181770001305267
0.7366379995801253
0.5679780001628387
0.5583669999396079
1.2185069999759435
0.5970880001768819
0.4792940003426338
1.1377880000509322
0.36185099997965153
0.3227800002605363
0.34608299984029145
0.3006369997820002
0.7125219999579713
0.34629999981916626
0.33442100038882927
0.33462000010331394
1.0020810000241909
0.4647639998438535
0.4040819999318046
0.4663770000661316
0.32798799975353177
0.3452399996604072
1.0706919997574005
0.34253000012540724
0.3303499997855397
0.361341000370885
0.41480299978502444
0.32410999983767397
0.40498299995306297
0.7507929999519547
0.9124680000240915
0.33058000008168165
0.2812090001498291
0.7964740002535109
0.4594739998537989
0.42391299984956277
0.31708999995316844
0.3678320003928093
0.3593710002860462
0.33385300002919394
0.4379330002848292
0.404872999752115
0.7012210003267683
0.3733919998012425
0.3236499997001374
0.38313200002448866
0.4159919999437989
0.31029000001581153
1.032292000218149
0.3334299999551149
0.397322000026179
0.39972200011106906
1.2771910000992648
0.5424769997262047
0.7500530000470462
0.770303000081185
0.37466399999175337
0.5250340000202414
0.36302099988461123
0.35192100040148944
0.704511999629176
0.39089199981390266
0.34779099996740115
0.3373299996383139
0.4836349999095546
0.353729999915231
0.344770000083372
0.3803320000770327
0.35993100027553737
0.3876609998769709
0.41671200006021536
0.46320399997057393
0.4735340003207966
0.41146300009131664
0.8302559999719961
0.41828199982774095
1.0127800001100695
0.3544010000950948
0.4104049999114068
0.40293200027008425
0.3667810001388716
0.6063880000510835
0.3879920000144921
0.7791129996803647
0.9666490000199701
0.49610499991104007
0.39979199982553837
0.3641409998635936
0.34435999987181276
0.36346099977890844
0.8094139998320315
0.6285790000220004
0.7579429998259002
0.3406209998502163
0.3302100003566011
0.31268899965652963
0.3245699999752105
0.2899679998336069
0.5590570003732864
1.0756930000752618
0.3783540000767971
0.31222899997374043
0.5238459998508915
1.1257840001235309
0.3404410003895464
0.8125049998852774
0.4343830000834714
1.0567319995971047
0.4143129999647499
1.2371080001685186
0.31745900014357176
0.4129730000386189
1.2374480002108612
0.4027729996778362
0.402522000058525
0.3754720000870293
0.3364630001669866
0.8616959999017126
0.3438489998188743
0.3709509996951965
0.31483199973081355
0.3887990001203434
0.7901240001046972
0.44511299984151265
0.34408999999868684
0.843325999994704
0.38695100010954775
0.33217999998669256
1.0918029997810663
0.7601029997204023
0.4272529999980179
0.3660510001282091
0.32831299995450536
0.3557979998731753
0.3044290001525951
0.3403900000193971
0.33770000027288916
0.31193999984679976
0.31328899967775214
0.34683000012591947
0.32191999980568653
0.6566600000041944
1.3459599999805505
0.3258699998696102
0.5178059996069351
0.38061399982325383
0.3573409999262367
0.32764700017651194
0.3067190000365372
0.7814329997017921
0.3331800003252283
0.34508099997765385
0.32617999977446743
0.40473199987900443
0.34701100003076135
0.3484610001578403
0.34493099974497454
0.29829900040567736
0.3364100002727355
0.34678000019994215
0.3130790000795969
0.6678909999209282
0.36676099989563227
0.3731609999704233
0.3104299998994975
0.3268109999225999
1.8924800001514086
0.3631280001172854
0.7170120002228941
0.35066000009464915
0.3507810001792677
0.30756900014239363
0.3316520001135359
1.1171009996360226
0.30212900037440704
0.33815000006143237
0.34645100004127016
0.49627499993221136
0.37848200008738786
0.7825340003364545
0.41489300019748043
0.4755039999508881
0.3270100000918319
0.33430099983888795
0.32459900012327125
0.2916390003520064
0.31979999994291575
0.34855300009439816
0.8083319999059313
0.4246779999448336
0.4032669999105565
1.3103499995850143
0.8347060002051876
0.31736899973111576
0.32345999989047414
0.37170099994909833
0.29665900001418777
0.3695609998430882
1.0197709998465143
1.3546609998229542
0.6559400003425253
0.34799100012605777
0.7493530001738691
0.39626199986741995
1.3083300000289455
0.5552269999498094
0.6416790001821937
0.3248400003030838
0.34086000005117967
0.9261179998247826
0.3619809999690915
0.4926250003336463
0.3197699998054304
0.3223200001229998
0.6801630001973535
0.9244679999937944
0.3662909998638497
0.31111999987842864
0.2838589998646057
0.3051590001632576
0.2714580000429123
0.5808999999317166
0.4642720000447298
1.4769149997846398
0.32300000020768493
0.42236299987052917
1.1349050000717398
0.4291629998078861
1.3405099998635706
0.44571399985215976
0.37223200024527614
0.3918510001312825
1.243469000201003
0.37269099993864074
0.39493499980380875
0.6116990002738021
0.336457000230439
0.4032550000374613
0.4798130003109691
0.7396230002996163
0.7814340001459641
0.41913300037776935
0.5528169999706734
0.3943820001950371
0.6755800000064482
0.7130620001589705
0.42457200015633134
0.35726099986277404
0.44300299987298786
0.40974200010168715
0.3715019997798663
0.3245799998694565
0.7883150001362083
0.3633510000327078
0.3855619997921167
0.6635029999415565
0.48023399995145155
0.3595009998207388
0.358840999979293
0.4211630002828315
0.739692000024661
0.7590579998577596
0.35830099977829377
0.38102200005596387
0.3646509999271075
0.37847100020371727
0.4549239997686527
0.3532310001901351
0.9343879996777105
0.43248600013612304
0.390469000194571
0.45394300013867905
1.3653720002366754
0.39372199989884393
0.3281899998910376
0.38229400024647475
0.38192900001376984
1.445354000225052
0.7888840000305208
0.6311789998107997
1.1428950001572957
0.38290200018309406
0.44777299990528263
0.3973819998464023
0.9341080003650859
0.4004519996669842
0.4624039997906948
0.43249300006209523
0.36457099986364483
0.3418400001464761
0.3532999999151798
0.3886919998876692
0.33217999998669256
0.3851719998237968
0.35260000004200265
0.405091999709839
0.31525000031251693
0.3809709996858146
0.3438700000515382
0.34166099976573605
0.41749199999685516
0.31259900015356834
0.8909670000321057
0.3432399998928304
0.38741199978176155
0.43402500023148605
0.3695089999382617
0.2852579996215354
0.36315100032879855
0.38116199993964983
0.3293700001449906
0.3636410001490731
0.33275299983870354
0.39139899990914273
0.31730899991089245
0.3283999999439402
0.35941099986303016
0.6453790001614834
0.6587900002159586
0.37788100007674075
0.4044229999635718
0.4055219997098902
0.4233929998918029
0.3528700003698759
0.4314230000090902
0.35571099988374044
0.32061899992186227
0.37607199965350446
0.35393100006331224
0.3455410001151904
0.33761099984985776
0.4287020001356723
1.568868000049406
0.41435200000705663
0.37721100034104893
0.42787300026247976
0.36904099988532835
0.38451199998235097
0.33085999984905357
0.3248099997108511
0.3773009998440102
0.2980389999720501
0.3667410001071403
0.370551000287378
0.3169599999637285
0.8392049999201845
0.6171589998302807
0.3978620002271782
0.4259229999661329
0.3293999998277286
1.2130869999964489
0.5747569998675317
0.3649510003924661
0.3826010001830582
0.3465409999989788
0.31974900002751383
0.514406000093004
0.36078999983146787
0.34198100001958665
0.34949100017911405
0.7847540000511799
0.3923519998352276
0.32521000002816436
0.7021619999250106
0.37142199971640366
0.34103999996659695
0.34219999997731065
0.3443310001784994
0.366571000085969
0.6439500002670684
0.7285030001185078
0.37213099994914955
0.7595029996991798
0.4434229999787931
0.3734910001185199
1.3450609999381413
1.289779000217095
0.7902450001893158
0.37785200038342737
0.3342099998917547
0.3346419998706551
0.3582980002647673
0.33815100005085696
0.3263189996687288
0.458963999790285
0.7999149997885979
0.7367630000771896
0.7860760001676681
0.41863500018735067
0.4243829998813453
0.38392899978134665
0.6803510000281676
0.46258300017143483
0.34941099966090405
0.7975350004016946
0.33124999981737346
1.7232250002052751
1.9192190002286225
0.37141099983273307
0.36934900026608375
0.4046720000587811
0.39937199971973314
1.4728139999533596
0.4057420001117862
0.3117999999631138
1.7152720001831767
0.5288560000735743
1.714391999939835
1.2149170001976017
0.39481200019508833
0.3598510002120747
0.3688910001073964
0.46769399978074944
0.38564099986615474
1.5007250003691297
0.3029300000889634
2.017152000007627
0.31320900006903685
0.7153320002544206
0.39819199992052745
0.5024550000598538
2.347681000173907
0.434723000125814
0.45633299987457576
0.35951100016973214
0.4361829996923916
0.353640999946947
0.4392629998619668
0.6333790001917805
0.6768200000806246
0.4013330003544979
0.39818200002628146
0.5817179999212385
0.41742300027181045
0.336939999669994
0.3786909996961185
0.3587709998100763
1.842686000145477
0.7967340002323908
1.7697039997983666
0.588987999890378
1.1054029996557801
1.650561000133166
0.5334259999472124
1.7480329997852095
0.7937240002320323
3.144795000025624
0.5597069998657389
0.6555400000252121
1.0829520001607307
0.980453000011039
0.357510999947408
0.7000109999353299
0.38076900000305614
0.3874519998134929
0.40014199976212694
0.4061320000801061
0.4208519999338023
0.48966500025926507
0.46586399957959657
0.44260399999984656
0.5315019998306525
0.41881300012391875
0.5009909996260831
2.3852529998293903
0.5793269997411699
0.45134300034987973
0.3855119998661394
0.4124229999433737
0.3992020001533092
0.39413200011040317
0.4299729998820112
0.33230999997613253
0.4273730000932119
0.38828100014143274
0.4044520001116325
0.5265369995868241
0.4123829999116424
0.6653410000581061
0.3952219999519002
0.6908109999130829
0.4005420000794402
0.4036919999634847
0.38906100007807254
0.3616209996835096
0.39162199982456514
0.3693419998853642
1.803115000257094
0.7301020000340941
2.2362180002346577
1.148405000094499
1.0143009999410424
2.769094000086625
0.7258119999278279
1.1258240001552622
0.40217200012193643
0.5009349997635582
0.5185560003155842
0.4186029996162688
0.5088150001029135
0.7800439998391084
0.39149199983512517
0.42238299965902115
0.47163500039459905
0.3569820000848267
0.38039099990783143
0.318890000016836
0.5790780001007079
0.31210899987854646
0.3096790001109184
0.3443400000833208
0.328402999912214
0.32968799996524467
1.310250000187807
0.8968269999058975
0.3380100001777464
0.32907000013437937
1.2814789997719345
0.3387530000509287
0.3474480004115321
1.1681959999805258
0.45573399984277785
0.339680000251974
0.31028900002638693
0.39332200003627804
2.3264609999387176
0.5331669999577571
0.3691609999805223
0.34413000003041816
0.37412099982248037
0.6683999999950174
0.4005920000054175
0.7652059998690675
0.34938699991471367
0.35320100005264976
0.3237900000385707
0.33151100024042535
0.34890100005213753
0.8573360000809771
1.2020260001008864
0.3399000001991226
