payload_size_bytes=10240
runs=1000
mean_ms=0.759
median_ms=0.405
stddev_ms=6.839
min_ms=0.262
max_ms=216.516
---raw---
0.48507499968764023
0.4402029999255319
0.46053400001255795
0.5405560000326659
0.8947070000431268
2.0881430000372347
1.885336999748688
0.4159119998803362
1.3204800002313277
0.7924340002318786
0.41299200029243366
0.35146099980920553
0.2996299999722396
0.7146420002754894
0.3515899998092209
0.41302299996459624
1.0576619997664238
2.086463000068761
1.307470000028843
1.9710500000655884
1.9935909999730939
0.7980039999893052
0.34176000008301344
2.708761999656417
0.5919479999647592
0.5164849999346188
1.9927030002691026
0.38232199995036353
0.8929549999265873
0.7416720000037458
0.9243980002793251
1.7487830000391114
1.6132989999277925
1.6964810001809383
1.28024000014193
0.38098100003480795
1.5209460002552078
0.4384529997878417
1.4900860001034744
0.47913399976096116
0.4114419998586527
1.2739789999614004
0.4133229999752075
0.3888219998771092
0.34431999984008144
0.3697709998959908
0.4288729996915208
0.7260919996951998
0.3848519995699462
0.3582510003070638
1.6099380000014207
0.9449290000702604
0.4032520000691875
1.3660310000886966
0.6603300003007462
0.35165100007361616
0.3726019999703567
0.3840619997390604
0.4121119995943445
0.5398660000537348
0.38309199999275734
1.3867620000382885
0.3835610000351153
1.1430649997237197
0.6603209999411774
1.648539999678178
0.9689789999356435
0.9153279997917707
0.539937000212376
0.3883110002789181
0.41500199995425646
0.3400699997655465
0.5358260000321025
0.3775310001401522
0.3327700001136691
0.3573210001377447
0.40888299963626196
0.8427560001109669
0.49599500016483944
1.8430469999657362
0.5760569997619314
0.6006680000609776
0.4742640003314591
0.4759539997394313
0.3592709999793442
0.3473609999673499
0.8939669996834709
1.851395999892702
0.3815219997704844
0.3175090000695491
0.3128490002382023
0.4002119999313436
0.35299099999974715
0.3744219998225162
0.4337929999564949
0.36710199992739945
0.3635010002653871
0.31614899990017875
1.0578520000308345
0.4821549996449903
0.3438809999352088
0.41131199986921274
0.42212300013488857
0.3550309997990553
0.38432099972851574
0.525886000104947
0.3364600001987128
1.613638999970135
0.4142729999330186
0.322740000228805
0.485945000036736
0.32190000001719454
2.343750999898475
0.361250999958429
0.35427099965090747
2.2009669996805314
1.7226920003849955
0.31614999988960335
0.9669299997767666
0.9222280000358296
1.5115860001060355
1.987750999887794
1.7880039999909059
1.0032309996859112
1.1317750004309346
0.4083930002707348
0.31365999984700466
0.39261199981410755
0.4148420002820785
0.38558400001420523
0.7787929998812615
0.5461250002554152
0.392261999877519
0.4587039998114051
0.39317199980359874
1.3592820000667416
0.4042230002596625
0.5833669997628022
0.45761399996990804
1.8497159999242285
0.35779400013780105
0.6369990001076076
2.81475399970077
1.2504679998528445
0.45385399971564766
0.34874999983003363
0.7829440000932664
0.4255980002199067
0.41311300037705223
1.067686999704165
0.36778100002266
1.32186000018919
1.5229770001496945
0.386931999855733
0.37854099991818657
0.36255100030757603
0.3596910000851494
0.8432959998572187
0.34409999989293283
0.7055510000100185
0.5089050000606221
1.5134959999159037
0.44118400001025293
0.4256420002093364
0.5937310002082086
0.40705999981582863
0.36940100017091027
0.40323299981537275
0.5280059999677178
0.3847220000352536
0.34279500005141017
0.33059999987017363
0.4240529997332487
0.356271000327979
0.38901199968677247
0.3900319998138002
0.3772209997805476
0.870916000167199
0.39902899970911676
0.4293500001040229
0.33467999992353725
0.3655019995676412
0.37283100027707405
0.39953099985723384
0.5543480001506396
0.5678279999301594
0.3143900003124145
0.9504879999440163
0.49701399984769523
0.39127499985625036
0.3670379996947304
0.36898100006510504
0.8669669996379525
1.1324649999551184
0.7408270002997597
0.7226969996736443
0.5619270000352117
0.6400689999281894
0.3868440003316209
0.5570139996962098
1.443913999992219
1.5469810000467987
1.3141370000084862
0.47028399967530277
0.5782679995718354
0.42133299984925543
0.40654199983691797
0.5297259999679227
0.3992419997302932
0.37595200001305784
0.3541209998729755
0.29045900009805337
0.4033529999105667
0.5973079996692832
0.45863399964218843
0.500114999795187
0.4824949996873329
0.6253000001379405
0.45071399972584913
0.6793799998376926
0.42536299997664173
0.3851550000035786
0.3173200002493104
1.5102929996828607
0.5635299999084964
0.41606200011301553
0.5664969999088498
1.2248769999132492
0.5383570000958571
0.6780710000384715
0.42275299983884906
0.36781100016014534
0.4056779998791171
0.37270099983288674
0.395991999994294
0.29829899995093
216.51598800008287
1.09090300020398
0.37938400009807083
0.657558000057179
0.3409109999665816
0.39253300019481685
0.929748000089603
0.5169860000933113
0.5917969997426553
0.3673310002341168
0.7815439998921647
0.3393009997125773
0.37903700012975605
0.43407800012573716
0.40679500034457305
0.3749989996322256
0.3245789998800319
0.3898620002473763
0.331830000050104
1.1420650002946786
0.3934020000997407
0.3785949998018623
0.4828649998671608
0.5753899999945133
0.45221900018077577
0.3645409997261595
0.29838000000381726
0.5238660000941309
0.3368600000612787
0.33749000021998654
0.29947000030006166
0.35370100022191764
0.44896300005348166
0.810194999758096
0.7663630003662547
0.3310890001557709
0.834744999792747
0.4082029995515768
0.3157900000587688
0.33534999965922907
0.2624479998303286
0.33054099958462757
0.4109530000278028
0.3071190003538504
0.34823999976651976
1.3245999998616753
0.3925919995708682
1.005450999855384
0.8529659999112482
0.45117400031813304
0.32211000007009716
0.3897719998349203
0.32670000018697465
0.29520900034185615
0.383361000331206
0.31131000014283927
0.3749809998225828
1.2177180001344823
0.4328929999246611
0.7125619999897026
0.3918810002687678
0.5972379999548139
0.6616800001211232
0.46241400013968814
0.33104099975389545
0.3437210002630309
0.41927299980670796
0.2812879997691198
0.34667099998841877
0.5600069998763502
0.3822220000984089
0.824445000034757
0.3650909998214047
0.5576069997914601
0.35565100006351713
0.3396100000827573
0.3195499998582818
0.3196500001649838
0.7818330000191054
0.6321500000012747
0.33599000016693026
0.33119999989139615
0.3334800003358396
0.45943399982206756
0.9602889999769104
0.3998729998784256
0.5719200003113656
0.42811999992409255
0.30935899985706783
0.329169999986334
0.3668310000648489
0.34763099984047585
1.0937629999716592
0.4175919998488098
0.3942019998248725
0.31343899991043145
1.5887580002527102
0.33179000001837267
0.9827999997469306
0.8729260002837691
0.527255999713816
0.37440100004459964
0.402642000153719
0.3488500001367356
0.39480200030084234
0.36238100028640474
0.3584710002542124
1.2241669996910787
0.47414400023626513
1.1295150002297305
0.3352109997649677
0.3361109997968015
0.6831010000496462
0.4137419996368408
0.42872299991358886
0.3225890000067011
0.33023000014509307
0.3198490003342158
0.3660509996734618
1.6929809999055578
0.4204030001346837
0.6960119999348535
0.3697110000757675
0.32539999983782764
0.3195399999640358
0.3152590002173383
0.5291659999784315
1.1727760002031573
0.46434400019279565
0.31968999974196777
0.29650999977093306
0.7234710001284839
0.8436660000370466
1.033721000112564
0.39277199994103285
0.48528499974054284
0.31499999977313564
0.3131399998892448
0.3598010002860974
0.3602609999688866
0.3928520000044955
0.43597300009423634
1.1002330002156668
0.7626960000379768
0.3799599999183556
0.9654519999457989
1.179663000129949
0.32443000009152456
0.3306799999336363
0.3665910003292083
0.30485900015264633
0.36211399992680526
0.9912669997902412
0.3518199996506155
0.32632000011290074
0.5501589998857526
0.3436400002101436
0.4063790001964662
1.0187110001425026
0.3358799999659823
0.35088000004179776
0.351000999671669
0.2709089999370917
0.33447099986005924
0.34812100011549774
1.3938219999545254
0.39829200022722944
0.7951980001053016
0.5335030000424013
1.223268999638094
0.5906279998271202
0.3277999999227177
0.36498100007520407
0.3235700000914221
0.5293059998621175
0.31183000010059914
0.4181330000392336
0.3158599997732381
0.35149999985151226
0.4495940002016141
0.7933540000522044
0.3685209999275685
0.3424799997446826
0.34936099973492674
0.6518999998661457
0.4491640002015629
0.3479100000731705
0.3050499999517342
0.37788100007674075
0.32371999986935407
0.34281999978702515
0.5161750000297616
0.4207830002087576
0.33142099982796935
0.5239760002950788
0.29177900023569237
0.5537970000659698
0.4494340000746888
1.2934490000588994
0.34015999972325517
0.3563710001799336
0.30507900009979494
0.3439700003582402
0.3172199999426084
0.3871209996759717
0.6598700001632096
0.891247000254225
0.39433199981431244
0.7164530002228275
0.3866920001200924
0.43021800001952215
0.44835400012743776
0.43513900027392083
0.3837670001303195
0.36533100001179264
0.3893560001415608
0.3771310002775863
0.36755099972651806
0.3893119996973837
0.37175399984334945
0.32813999996506027
0.4014890000689775
0.33414999961678404
0.3263199996581534
1.0573320000730746
0.44000300022162264
0.44105400002081296
0.4530039996097912
0.33272000018769177
0.42461300017748727
0.7182620001913165
0.8692559999872174
0.3323299997646245
0.3288399998382374
1.1863569998240564
0.37867399987590034
0.3701279997585516
0.3328200000396464
0.2914990000135731
0.3295500000604079
0.3761219995794818
1.546239000163041
0.3324369999972987
1.2195469998914632
0.5848980003975157
0.719851999747334
0.48211400007858174
0.33411999993404606
0.38852099987707334
0.43065299996669637
0.40339299994229805
0.34779999987222254
0.3026990002581442
0.3895220002050337
0.47775399980309885
0.6784110000808141
0.38326100002450403
0.433282999892981
0.432854999871779
0.53537400026471
0.4621540001608082
0.4424540002219146
0.4054030000588682
0.30066899989833473
0.2644780001901381
0.4638340001292818
0.3032790000361274
0.4674039996643842
0.30546000016329344
0.30683000022690976
0.9026669999911974
0.6792710000809166
0.3010099999301019
0.3566299997146416
1.1537049999787996
0.6712709996463673
0.37710100014010095
0.31923999995342456
0.38042100004531676
0.43527299976631184
0.36072100010642316
0.3061699999307166
0.5589860002146452
0.3710709997903905
1.4037430000826134
0.3411799998502829
0.3164300001117226
0.3046699998776603
0.36731099999087746
0.32959000009213923
0.4584739999700105
0.3134789999421628
0.47005399983390816
0.4699249998338928
1.3485810000020138
0.7248550000440446
0.3496880003694969
0.32268999984808033
0.32555999996475293
0.876996999977564
0.4817069998352963
0.4174699997747666
0.343339999744785
0.4366129996924428
0.8620460002930486
0.6714700002703466
0.8351750002475455
0.5600469999080815
0.7278620000761293
0.320220000048721
0.5886189996999747
0.3309399999125162
0.41300200018667965
0.32195199992202106
1.0885899996537773
0.39818200002628146
0.6631000001107168
0.6617399999413465
0.44604300001083175
0.3960620001635107
0.7524440002271149
0.44360499987305957
0.3726890004145389
0.30857899992042803
0.4647640002986009
0.34467100022084196
0.4473830003917101
0.40805499975249404
0.264445000084379
0.5916980003348726
0.32720999979574117
0.3368600000612787
0.6334790000437351
0.47759499966559815
0.6460599997808458
0.3380899997864617
0.3578800001378113
0.4079629998159362
0.3888259998348076
0.41041999975277577
0.3731689998858201
0.3547009996509587
0.40678099958313396
0.76089399999546
0.38020100009816815
0.35917300010623876
0.5136730001140677
0.47679799990874017
0.3237099999751081
0.3833400000985421
0.41285199995400035
0.3627099999903294
0.39410299996234244
0.2910690000135219
1.1363749999873107
0.39576099970872747
0.4057720002492715
0.8848269999361946
0.4564269997899828
0.4137599999012309
0.5018300003030163
0.3634760000750248
0.39321199983533006
0.40572299985797144
0.3676209998957347
0.39200399987748824
0.34929100002045743
0.35675899971465697
1.1802349999925354
0.7670129998587072
0.43004799999835086
0.33835999965958763
0.4263419996277662
0.37929699965388863
0.4334390000622079
0.3863869997076108
0.39452200007872307
0.33174000009239535
0.32652000027155736
0.40838299992174143
0.3772909999497642
0.4128630002924183
0.8681770000293909
0.424342999849614
0.3337550001560885
0.6913110000823508
0.3695010000228649
0.47008400042614085
0.334355000177311
0.3440000000409782
0.3770819998862862
0.39649199970881455
0.6629899999097688
0.37300100029824534
0.4654439999285387
0.407532999815885
0.4635240002244245
0.4955700001119112
0.35556499960875954
0.694521000241366
0.339360999987548
0.3041600002688938
0.38889699999344884
0.39720199993098504
0.438612999914767
0.27674900002239156
0.7366620002358104
0.8761870003581862
0.4669710001508065
0.3709389998221013
0.4388579995975306
0.37148600040382007
0.31936000004861853
0.38928399999349494
0.3898199997820484
0.4068619996360212
0.4699000000982778
0.4114170001230377
0.48095400006786804
0.3543410002748715
0.8586060002926388
0.34734100017885794
0.423216999934084
0.3886469999088149
0.36456099996939884
0.36063599964109017
0.34929599996758043
0.4536629999165598
0.37981200011927285
0.7845340001040313
0.448659000085172
0.35649099982038024
0.46728999996048515
0.38099199991847854
0.36788099987461464
0.37480099990716553
0.4050180000376713
0.3771980000237818
0.4177719997642271
0.5267159999675641
0.48040499996204744
0.860280999859242
0.37961099997119163
0.37834199974895455
0.844675999815081
0.3799020000769815
0.3878709999298735
0.3952319998461462
0.34723999988273135
0.3472759999567643
0.29409900025711977
0.5394859999796608
0.7507430000259774
0.7539779999206075
0.443803000052867
0.4065709999849787
0.5009460001019761
0.33412299990231986
0.4966950000380166
0.4478410000956501
0.4066829997100285
0.34906000018963823
0.3186490002917708
0.3759119999813265
0.4239529998812941
0.39604299990969594
0.3752600000552775
0.40067200006888015
0.7823339997230505
0.38847200039526797
0.4062220000378147
0.42442399990250124
0.46646500004499103
0.39580200018463074
0.38840199977130396
0.38026099991839146
0.3823449997071293
0.5028329997003311
0.4019610000796092
0.3691070000968466
0.37005099966336275
0.7956839999678778
0.4270429999451153
0.3635210000538791
0.4030710001643456
0.3879520004375081
0.3815769996435847
0.3806770000664983
0.4303030000301078
0.6125879999672179
0.41346499983774265
0.3513070000735752
0.44874400009575766
0.7811640002728382
0.30761900006837095
0.34450300017851987
0.3601980001803895
0.369111000054545
0.411707000239403
0.3337799998917035
0.42509299964876845
0.34391799999866635
0.6484380000983947
0.33372999996572617
0.3439910001361568
0.5451649999486108
1.4640250001320965
0.6543589997818344
0.5474999998114072
0.33970999993471196
0.35748899972531945
0.3378100000190898
0.36538099993776996
0.3352700000505138
0.4069530000379018
1.1324950000926037
0.6143790001260641
0.7321029997910955
0.4050729999107716
0.3291289999651781
0.3752009997697314
0.322750000123051
0.43104199994559167
0.3509309999571997
0.28632100020331563
0.963837000199419
0.6489089996648545
0.32420000025012996
0.5618069999400177
0.7107520000317891
0.32654000006004935
0.3536410004016943
0.3270299998803239
0.4154749999543128
0.3301169999758713
0.6025390002832864
1.346610999917175
0.7525829996666289
1.531466999949771
0.6101990002207458
0.41650299999673734
0.42076299996551825
0.3203600003871543
0.369091000266053
0.34076000019922503
0.39779200005796156
0.7809829999132489
0.6060810001145001
0.3547790001903195
0.39697200008959044
0.2963090000775992
0.3536799999892537
0.9539289999338507
0.49526500015417696
0.3479809997770644
0.4263159999027266
0.5127540002831665
1.5042959998936567
0.8395479999308009
0.33773799987102393
0.29562899999291403
0.6862010000077134
0.7362820001617365
0.4023219998998684
0.39043200013111345
0.33230100007131114
0.39200499986691284
0.3010960003848595
1.1583450000216544
0.309819999984029
1.1302249999971536
0.6424789999073255
0.31550900030197226
0.5464769997161056
0.33550999978615437
0.3360800001246389
0.3683939999064023
0.509932000113622
0.32566099980613217
0.3212799997527327
0.42812299989236635
1.4056820000405423
0.8351050000783289
0.4065719999744033
0.48654400006853393
0.7123519999368
0.5716969999411958
0.29218899999250425
0.33926000014616875
0.320338999699743
0.3633410001384618
0.3465409999989788
0.4804650002370181
0.3148689997942711
0.3568209999684768
0.3614209999796003
0.582568000027095
0.5102280001665349
0.7200390000434709
0.7163820000641863
0.5121459998917999
0.3515799999149749
0.3826719998869521
0.3115800000159652
0.3527840003698657
0.3927449997718213
1.1412189996917732
0.3526700002112193
0.6116080003266688
0.6957109999348177
0.6861409997327428
0.31884000009085867
0.330490000123973
0.3293899999334826
0.3088100002059946
0.29643900006703916
0.36197099962009815
0.3069190001951938
0.3052889996979502
0.4034919998048281
0.3342199997860007
0.5157549999239563
0.6110909998824354
0.7582510002066556
0.4768349999721977
0.8883270002115751
0.34213000026284135
0.5432670000118378
0.35937099983129883
0.3285699999651115
0.36122100027569104
1.2474370000745694
0.800724999862723
0.40305799984707846
0.4794890000994201
0.4462230003809964
0.4160160001447366
0.3892289996656473
0.38485200002469355
0.354403000073944
0.3735889999916253
0.40922699963630293
0.8083349998742051
0.7680129997424956
0.3749909997168288
0.38289900021482026
0.41328299994347617
0.36516099999062135
0.40418199978375924
0.4000489998361445
0.35785000000032596
0.38961700010986533
0.3659910003079858
0.37754200002382277
0.36804100000153994
0.9961509999811824
0.42097300001842086
0.5280039999888686
0.4623939998964488
0.5075260000921844
0.5592869997599337
0.48072300023704884
0.3969029999097984
0.30071899982431205
0.36922099980074563
0.4187479999018251
0.40135599965651636
1.1587959997996222
0.739571999929467
0.37733199997092015
0.37249400020300527
3.6187800001243886
1.1208939999960421
0.47966400006771437
0.3862819999085332
0.38407100009862916
0.39020200028971885
0.4168430000390799
0.36083100030737114
0.4427930002748326
0.4406980001476768
0.3506900002321345
0.3363000000717875
0.38719599979231134
0.34512100000938517
0.49429399996370194
0.4841949998990458
0.3925020000679069
0.41173299996444257
0.3957720000471454
0.392242000089027
0.4171529999439372
0.38219199996092357
0.4114369999115297
0.3907119998984854
0.4901799998151546
0.5120310001984762
0.49196000009033014
0.35332000015841913
0.3533409999363357
0.38531099971805816
0.5275270000311139
0.3669109996735642
0.3402299998924718
0.39427199999408913
0.35826999965138384
0.4335839998930169
0.325260000408889
0.4040620001433126
0.35590100014815107
0.43116200004078564
0.3623809998316574
1.1829570003101253
0.3787499999816646
0.49970600002779975
0.41147299998556264
0.5167149997760134
0.36573099987435853
0.3804910002145334
0.3761920002034458
0.3591509998841502
0.4212730000290321
0.45123400013835635
0.44511300029626
0.4181829999652109
0.8309979998557537
0.7719109999015927
0.41541299970049295
0.7706240003244602
0.49781600000642356
0.2993589996549417
0.376661999780481
0.35631099990496296
0.33018000021911575
0.37482100015040487
0.779633000092872
0.5975109997962136
0.34626799970283173
0.32404000012320466
0.3034490000572987
0.4910550001113734
0.4119430000173452
0.6786700000702695
0.4092320000381733
0.33350000012433156
0.3668609997475869
0.4443730003913515
1.6499299999850336
0.798774000031699
0.5428380000012112
0.342658000135998
0.9599390000403218
0.37805100009791204
0.40504200023860903
0.3111390001322434
0.32802100031403825
0.35436100006336346
0.29526800017265487
0.44182300007378217
0.3236299999116454
0.3710220003085851
0.3666220000013709
0.35355099998923833
0.3917919998457364
