payload_size_bytes=10240
runs=1000
mean_ms=0.419
median_ms=0.324
stddev_ms=0.282
min_ms=0.257
max_ms=4.041
---raw---
0.4016520006189239
1.1020030005965964
0.34537099963927176
0.32343000020773616
0.8612789997641812
0.4119100003663334
0.9292679997088271
0.4010820002804394
0.6462100000135251
0.3016299997398164
0.33472999984951457
0.7744439999441965
0.28011900030833203
0.2911480005423073
1.1068339999837917
0.35747100082517136
0.9213979992637178
0.32886000008147676
0.5935780000072555
0.48227400020550704
1.2542579997898429
1.7509530007373542
2.31394000002183
1.8147149994547362
0.32486000054632314
0.299699000606779
0.3416109993850114
0.334131000272464
1.504326000031142
2.6869710000028135
0.36850099968432914
0.3079389998674742
0.3779009994104854
0.325209999573417
0.4901239999526297
1.7814140001064516
4.040753000481345
0.3329999999550637
0.3517100003591622
0.541387000339455
0.34737100031634327
0.3705119997903239
0.30317900018417276
2.9543389991886215
1.3761830005023512
1.9941500004279078
0.3362699999343022
0.2967999998872983
0.3524309995555086
1.4999149998402572
0.6279890003497712
0.9604889992260723
0.29488400014088256
0.3825719995802501
0.9420379992661765
0.28914799986523576
0.29758900018350687
0.8321100003740867
0.5761180000263266
0.32476900014444254
1.20362599955115
0.33433000044169603
0.6170090000523487
0.3969920007875771
0.36181700033921516
0.3403850005270215
0.2940240001407801
0.31647400010115234
0.3282899997429922
0.286488999336143
0.2980089993798174
0.30690900075569516
0.305734999528795
0.31571399995300453
0.3190599991285126
0.7095620003383374
0.3903520000676508
0.27504799982125405
0.3068690002692165
0.3067089992327965
0.31292000039684353
0.287948999357468
0.29608899967570323
0.7499429993913509
0.3456109998296597
0.7531620003646822
0.3298699994047638
0.2868390001822263
0.3386999997019302
0.2810280002449872
0.3151600003548083
0.31820000003790483
0.32808000014483696
0.2930090004156227
0.30558999969798606
0.28432799990696367
0.29004899988649413
0.3157400005875388
0.312588999804575
0.3208500002074288
0.3117000005659065
0.30694900033267913
0.30754900035390165
0.3378000001248438
1.1529650000738911
0.3043889992113691
0.3119389994026278
0.36227100008545676
0.340890000188665
0.38314199991873465
1.1927760006074095
0.30121899999357993
0.39973200000531506
0.3052499996556435
2.5536679995639133
0.36769100006495137
0.3186590001860168
0.3177999997205916
0.9949200002665748
0.30676900041726185
0.351319999936095
0.2657879995240364
0.974999000391108
0.2990339999087155
0.28156799999123905
0.4887249997409526
0.3867209998134058
0.3889720001097885
0.40487200021743774
0.32250000003841706
0.3181590000167489
0.3395809999346966
0.3163999999742373
0.2759480003078352
0.3608349998103222
0.3426749999562162
0.31410999963554787
0.30622000031144125
0.3102099999523489
0.6909510002515162
0.3097789995081257
0.8781169999565464
0.2731180002228939
0.25702800030558137
0.3169940000589122
1.7378779994032811
0.4739839996545925
0.34430100004101405
0.4918249996990198
0.3952020006181556
0.344740000400634
0.35410100008448353
0.4627640000762767
0.30807999974058475
0.35623099938675296
0.6431800002246746
0.8287849996122532
0.5563669992625364
0.5843779999850085
1.0265620003337972
0.5023449994041584
0.40982199971040245
0.48481500016350765
0.5110459997013095
0.42958300036843866
0.3541509995557135
0.40206199992098846
0.37143099962122506
0.3723110003193142
0.38668199977109907
0.35156099966116017
0.3957520002586534
0.36337100027594715
0.34478100042178994
0.31126900012168335
0.5564069997490151
0.5838580000272486
0.8054740001171012
0.3318799999760813
0.28659899999183835
0.3057789999729721
0.3358900003149756
0.3494709999358747
0.35096299961878685
0.4229099995427532
0.4166729995631613
0.38880099964444526
0.4020120004497585
0.6590300008610939
0.4870040002060705
1.0192310001002625
0.5165359998500207
0.32777999967947835
0.30657899969810387
0.48790500022732886
0.30777000029047485
0.3174800003762357
0.3096789996561711
0.2730390006036032
0.31386000046040863
0.4618839993781876
0.5930679999437416
1.1130140001114341
0.3337560001455131
0.3925119999621529
0.3120499995930004
0.3123340002275654
0.35100100012641633
0.2785180004138965
0.28110400035075145
0.34554499961814145
0.2932440002041403
0.33478000023023924
0.3575959999579936
0.8076550002442673
0.3043039996555308
0.7659630000489415
1.135294000050635
0.3374600000825012
0.375445999452495
0.3351899995323038
0.33798599997680867
0.2872630002457299
0.5422869999165414
0.3384299998288043
0.3163189994666027
0.28825400022469694
0.28189800013933564
0.3160900005241274
0.3180839994456619
0.3105490004600142
0.2889679999498185
0.7059319996187696
0.9489889998803847
0.4180030000497936
0.329469000462268
0.29809900024702074
0.30986900037532905
0.3138249994663056
0.2866280001398991
0.27975899956800276
0.32698399991204496
0.29975899997225497
0.41830299960565753
0.39590200049133273
0.44860399975732435
0.5704779996449361
0.8025749993976206
1.1698950002028141
0.30917000003682915
0.34287099970242707
0.30479799988825107
0.37207700006547384
0.3184340002917452
1.7042919998857542
0.4195729998173192
0.30573000003641937
0.285288999293698
0.31231899993144907
0.6648299995504203
0.32298000041919295
0.32455000018671853
0.4187020003882935
0.30236000020522624
0.30978399990999606
0.3470350002316991
0.31554999986838084
0.29608899967570323
0.34763000076054595
0.29899899982410716
0.7630629997947835
0.29883899969718186
0.29096900016156724
0.28261799980100477
0.2901190000557108
0.5618579998554196
0.3044239992959774
0.30127399986668024
0.48815399986779084
0.3010789996551466
0.2927390005424968
0.4445829999895068
0.6733999998687068
0.3027889997611055
0.30926899944461184
0.31103999936021864
0.301064000268525
0.3103740000369726
0.3167749991916935
0.2751479996732087
0.4253430006428971
0.2967989994431264
0.30930399952922016
0.2839379994838964
0.3970620000472991
0.6484599998657359
0.42849300007219426
0.3650419994301046
0.29122900014044717
0.3196989991920418
0.31798999953025486
0.3046589999939897
0.37987199993949616
0.2857489998859819
0.32055900010163896
0.4378630001156125
0.6760710002708947
0.27760900047724135
0.33111100037785945
0.3239499992560013
0.2969779998238664
0.29065899980196264
0.32117499995365506
0.3087539998887223
0.32822999946802156
0.3307209999547922
0.29595399973914027
0.4818639999939478
0.36262100002204534
0.6760800006304635
0.34234600025229156
0.3786209999816492
0.2998390000357176
0.3520700001899968
0.4682139997385093
0.29114799963281257
0.30150899965519784
0.3151300006720703
0.30165900079737185
0.30200399942259537
0.31503999980486697
0.32558999919274356
0.38291100008791545
0.7686440003453754
0.3146290000586305
0.31989000035537174
0.2928989997599274
0.42945299992425134
0.31384000067191664
0.42914300047414145
0.29995899967616424
0.31037999997352017
0.3206390001651016
0.36462099978962215
0.392261999877519
0.6775399997422937
0.3825210005743429
0.26548300047579687
0.3247600006943685
0.45917399984318763
0.2860590002455865
0.2964229997814982
0.3237060000174097
0.506679999489279
0.34288100050616777
0.38760100051149493
0.644119999378745
0.33044999963749433
0.35769599980994826
0.3247499998906278
0.33583999993425095
0.29319399982341565
0.30268400041677523
0.28944400037289597
0.3039089997400879
0.32236999959422974
0.6040779999239021
0.6123880002633086
1.2290380000195
0.2992690006067278
0.37297099970601266
0.3318960007163696
0.2911789997597225
0.3520110003591981
0.5869480000910698
0.3218990004825173
0.28254900007596007
0.40394200004811864
0.30492899986711564
0.30425899967667647
0.2995690001625917
0.2798390005409601
0.3120239998679608
0.7462029998350772
0.6456090004576254
0.31098900035431143
0.32817499959492125
0.26324800001020776
0.3250800000387244
0.3290249997007777
0.2845640001396532
0.2875480004149722
0.37076599983265623
0.3242699995098519
0.3438809999352088
0.3431999994063517
0.3100600006291643
0.7327929997700267
0.7691840000916272
0.3279189995737397
0.3327899994474137
0.32791000012366567
0.29949500003567664
0.3076189996136236
0.42125300024054013
0.33479000012448523
0.35213999944971874
0.768773999880068
0.6584100001418847
0.35805599964078283
0.4218719996060827
0.38376200063794386
0.36078999983146787
0.2799579997372348
0.31567000041832216
0.3342199997860007
0.2818380007738597
1.0139010000784765
0.3448209999987739
0.5546170004890882
0.4006869994555018
0.3043199994863244
0.28858899986516917
0.3294400003142073
0.2949390000139829
0.2823790000547888
0.29126900062692584
0.3006090000781114
0.9183889997075312
0.317640000503161
0.3283299993199762
0.28380900039337575
0.29341899971768726
0.2901839998230571
0.33210999936272856
0.32211500001722015
0.3027889997611055
0.30118899940134725
0.3892659997291048
0.4013580000901129
0.29680899933737237
0.3131990006295382
0.2887640002882108
0.2925490007328335
0.30248399980337126
0.295839000500564
0.4299530000935192
0.31560899969917955
0.30273900028987555
0.4180029991402989
0.622518999989552
0.3657609995570965
0.28047799969499465
0.3578610003387439
0.295819000712072
0.2956990001621307
0.5680270005541388
0.3366210003150627
0.2705890001379885
0.47175500003504567
0.27984799999103416
0.41384299947822
0.35316100002091844
0.3577309998945566
0.6021179997333093
0.6899209993207478
0.28914799986523576
0.3026390004379209
0.28674899931502296
0.30004399923200253
0.27810899973701453
0.29220299984444864
0.31286000012187287
0.31217899959301576
0.2979890005008201
0.3237999999328167
0.3002090006702929
0.2954089995910181
0.367771000128414
0.48788500043883687
0.6349640007101698
0.300929000331962
0.30915400020603556
0.3041700001631398
0.3419189997657668
0.326295999911963
0.291778999780945
0.3676710002764594
0.29759900007775286
0.27135299933434
0.3346449993841816
0.3683459999592742
0.3272200001447345
0.2814090003084857
0.34861099993577227
0.3071189994443557
0.5265810004857485
0.28110800030844985
0.30524900012096623
1.023970999995072
0.7601379993502633
0.7582929993077414
0.34709500050666975
0.33994500063272426
0.2913090002039098
0.28252799984329613
0.2992390000144951
0.29809500028932234
1.0632919993440737
0.8257299996330403
0.3749010002138675
0.37585600057354895
0.3450500007602386
0.39279200063901953
0.29321399961190764
0.3067739999096375
0.37129700012883404
0.3534100005708751
0.9847700002865167
0.31679000039730454
0.42053800007124664
0.31218899948726175
0.3359399997862056
0.3017389999513398
0.34073499955411535
0.2928039994003484
0.2963090000775992
0.33791500027291477
1.0771120005301782
0.6394600004568929
0.30891500045981957
0.28818900045735063
0.29077899944240926
0.30400900050153723
0.30621400037489366
0.30546000016329344
0.34927100023196544
0.2968099997815443
0.30202400012058206
0.624919000074442
0.3235550002500531
0.2810790001603891
0.2991399996972177
0.2976139994643745
0.31923999995342456
0.2920540000559413
0.6150580002213246
0.3006589995493414
0.7055510004647658
0.33057000018743565
0.33570999949006364
0.3075989998251316
0.3375099995537312
0.2811879994624178
0.31730499995319406
0.35851000029651914
0.3144000002066605
0.3486399991743383
0.38485200002469355
0.3252400001656497
0.6765309999536839
0.312359999952605
0.306259000353748
0.31592899995303014
0.3033990005860687
0.2820879999489989
0.2915189998020651
0.3748119997908361
0.3060629996980424
0.6638009999733185
0.6700410003759316
0.3470410001682467
0.2936390001195832
0.27375900026527233
0.2907389998654253
0.3789409993260051
0.35905099957744824
0.29387899940047646
0.31459000001632376
0.2999800008183229
0.3168089997416246
0.2952289996756008
0.3033900002265
0.2902790001826361
0.2804890000334126
0.3816210000877618
0.322760000017297
0.2628380007081432
0.29274400003487244
0.31210399993142346
0.2994599999510683
0.35631599985208595
0.6311090000963304
0.3099049999946146
0.30666999919048976
0.2968299995700363
0.3282000006947783
1.1414399996283464
0.3628310005296953
0.291893999929016
0.292924999484967
0.325285000144504
0.2899940000133938
0.29018900022492744
0.33039000027201837
0.31955000031302916
0.37137599974812474
0.3204549993824912
0.2610569999887957
0.2831189995049499
0.32255499991151737
0.6388600004356704
0.7726429994363571
0.37498100027733017
0.39217200082930503
0.2974190001623356
0.27910800054087304
0.29857899971830193
0.3174700004819897
0.27761899946199264
0.4687450000346871
0.3365849997862824
0.6601200002478436
0.41015200076799374
0.3829219995168387
0.3148639998471481
0.3260299999965355
0.3936769999199896
0.2973139999085106
0.2999640000780346
0.28320299952611094
0.31079500058694975
0.30107400016277097
0.31962899993231986
0.36916200042469427
0.6526300003315555
0.7982839997566771
0.2999340003952966
0.31027400018501794
0.3028290002475842
0.27958400005445583
0.3211940002074698
0.3138490001219907
0.29328500022529624
0.31180000041786116
0.32237000050372444
0.6899959998918348
0.7980750006026938
0.31527500050287927
0.3491850002319552
0.3581159999157535
0.279177999800595
0.2887189993998618
0.3229550002288306
0.3232400003980729
0.3040100000362145
0.37324200002331054
1.2671579997913796
0.3307609995317762
0.29615799940074794
0.328040000567853
0.30382899967662524
0.2975790002892609
0.3137300000162213
0.3303600005892804
0.4383530003906344
0.4155329997956869
0.6513389998872299
1.189075999718625
0.31652900088374736
0.2838489999703597
0.34067999968101503
0.3059090004171594
0.49658499938232126
0.31850999948801473
0.38351100010913797
0.32342000031349016
0.30856000012136064
0.3083789997617714
0.37635599983332213
0.3055789993595681
0.27612800022325246
0.33477000033599325
0.2832489999491372
0.2884539999286062
0.3077689998463029
0.3193200000168872
0.6952710000405204
0.35188099991501076
0.4147219997321372
0.28714400013996055
0.4364120004538563
0.30252999931690283
0.3404600001886138
0.29699500009883195
0.3107049997197464
0.7258120003825752
0.33275999976467574
0.3479650004010182
0.28922899946337566
0.2759890003289911
0.3022290002263617
0.34683000012591947
0.27040799977839924
0.27990899980068207
0.282703999801015
0.6645009998464957
0.2976040004796232
0.29341900062718196
0.28716799988615094
0.28966399986529723
0.3405409997867537
0.2951689994006301
0.290443999801937
0.2624319995447877
0.3118899994660751
0.303589000395732
0.6872610001664725
0.6926409996594884
0.4118780007047462
0.28629900043597445
0.3557009995347471
0.3398950002519996
0.4569239999909769
0.3019739997398574
0.3121150002698414
0.29673400058527477
1.1560249995454797
0.6397890001608175
0.36634099978982704
0.3120889996353071
0.32327999997505685
0.2911079991463339
0.30601900016336003
0.2989840004374855
0.296888999400835
0.29511899992940016
0.29102000007696915
0.7139909994293703
0.6763399996998487
0.38938200032134773
0.343150999469799
0.33613999949011486
0.3841110001303605
0.3335110004627495
0.28987899986532284
0.285707999864826
0.4581439998219139
0.29948900009912904
0.3436800006966223
0.6793809998271172
0.3287449999334058
0.3136989998893114
0.32018999991123565
0.2819379997163196
0.3166540000165696
0.293228999908024
0.2916590001404984
0.29311899925232865
0.30983499982539797
1.0885929996220511
0.6517000001622364
0.336895000145887
0.3645509996204055
0.33691000044200337
0.2980490007757908
0.3965269997934229
0.2911239998866222
0.35625100008473964
0.309699999888835
0.9903599993776879
0.3596110000216868
0.5785379998997087
0.3503500001897919
0.26650800009520026
0.31092500012164237
0.30676899950776715
0.2987449997817748
0.36681100027635694
0.3110489997197874
0.3619409999373602
0.31994900018617045
0.3195589997631032
0.6874310001876438
0.3133489999527228
0.3197590003765072
0.6674609994661296
0.4758540007969714
0.29699900005653035
0.29352399997151224
0.4958990002705832
0.37522200000239536
0.3256600002714549
0.26360800075053703
0.41064299966819817
0.30460900052275974
0.29174900009820703
0.2899090004575555
0.29544900007749675
0.3394900004423107
0.294428999950469
0.7116259994290886
0.33987999995588325
0.29549400005635107
0.7468680005331407
0.6087189995014342
0.33451499984948896
0.3130450004391605
0.3309300000182702
0.31356900035461877
0.27211799988435814
0.2857130002666963
0.2956390007966547
0.2981349998663063
0.2757930005827802
0.764798999625782
0.634148999779427
0.28831899999204325
0.4083029998582788
0.31069400029082317
0.2966700003526057
0.30870400041749235
0.36135099981038366
0.280578000456444
0.29598400033137295
1.1360090002199286
0.6636410007558879
0.38196700006665196
0.5640570007017232
0.4100070000276901
0.3039640005226829
0.3014739995705895
0.3607260005082935
0.32810999982757494
0.34268999934283784
0.363940999704937
0.6500199997390155
0.26605799939716235
0.6179080000947579
0.31911999940348323
0.3000840006279759
0.3285040002083406
0.3097649996561813
0.32841000029293355
0.3964319994338439
0.3031389996976941
0.3357899995535263
0.6526899996970315
0.31297899931814754
0.3195689996573492
0.33428000006097136
0.27994900028716074
0.31940400003804825
0.3075949998674332
0.2628380007081432
0.33600999995542224
0.26545800028543454
0.3047840000363067
0.26119300036953064
0.3055500001210021
0.41446799968980486
0.6372289999490022
0.6684999998469721
0.3184889992553508
0.3230299998904229
0.3792610004893504
0.29510900003515417
0.30023900035303086
0.3250399995522457
0.36565600021276623
0.31530900014331564
0.32416500016552163
0.3532959999574814
0.626339000518783
0.2971889998661936
0.2725080003074254
0.310043999888876
0.29806900056428276
0.307554000755772
0.32732999989093514
0.3111099995294353
0.3936419998353813
0.6603400006497395
0.6851060006738408
0.29411400009848876
0.302359000670549
0.3085039998040884
0.2711079996515764
0.3155149997837725
0.3319349998491816
0.3085289999944507
0.34856999991461635
0.37072199938847916
0.3953319992433535
1.0378010001659277
0.3405209999982617
0.2921289997175336
0.2973890004795976
0.3195389999746112
0.2631190000101924
0.31201900037558516
0.31299900001613423
0.6740810003975639
0.6550999996761675
0.36092099981033243
0.39741199998388765
0.3188290002071881
0.3108300006715581
0.3798299994741683
0.303360000543762
0.2838580003299285
0.316134999593487
0.3034350002053543
0.2814780000335304
0.3287800000180141
0.3531199999997625
0.2824589992087567
0.29530899973906344
0.3003190004164935
0.29488400014088256
0.3056250006920891
0.35668500004248926
0.34047999997710576
0.3067050001845928
0.3276049992564367
0.31630000012228265
0.2908590004153666
0.3240590003770194
0.30712999978277367
1.1606810003286228
0.3486810001049889
0.2869480003937497
0.2771089993984788
0.30015399988769786
0.29575900043710135
0.28487899999163346
0.27220299944019644
0.29717899997194763
0.3120000001217704
0.31529900024906965
0.29614000050059985
0.28936899980180897
0.32806000035634497
0.7284020002771285
0.46066399954725057
0.7157319996622391
0.2832489999491372
0.29170899961172836
0.3658559999166755
0.3580900001907139
0.29036899923085
0.33569999959581764
0.35171099989383947
0.6764409999959753
0.831890999506868
0.29365800037339795
0.33522000012453645
0.3047399995921296
0.29674400047952076
0.3627460000643623
0.3736569997272454
0.6919070001458749
0.3894720002790564
0.2860989998225705
0.2967690006698831
0.3089800002271659
0.36229099987394875
0.27312899965181714
0.33081899982789764
0.32597100016573677
0.7802740001352504
0.690300999849569
0.3287700001237681
0.28830900009779725
0.32527999974263366
0.27940800009673694
0.286993000372604
0.3425249997235369
0.33804599934228463
0.2847380001185229
0.3369350006323657
0.6464190000770031
0.3147289999105851
0.47318900033133104
0.2647780002007494
0.3210200002286001
0.30775399955018656
0.3016539994860068
0.286659000266809
0.3495050004858058
0.3038540007764823
0.2997539995703846
0.32192000071518123
0.35447000027488684
0.7532119998359121
0.3532209993863944
0.47615899984521093
0.6272190003073774
0.289358999907563
0.28697400011878926
