payload_size_bytes=10240
runs=1000
mean_ms=0.389
median_ms=0.316
stddev_ms=0.229
min_ms=0.232
max_ms=3.266
---raw---
1.55088799965597
0.3589809994082316
0.3201400004400057
0.33217500003956957
0.3193239999745856
0.3347000001667766
0.2721680002650828
0.26881799931288697
0.28727799963235157
0.7756639997751336
1.1090739999417565
0.9455789995627129
0.3264900005888194
0.3264699998908327
1.0193009993599844
0.5871680004929658
0.3648040001280606
0.8984649994090432
0.360080999598722
0.34608999976626365
0.3037390006284113
0.3011999997397652
0.300968999908946
0.39267699958145386
2.374530999986746
0.36034599997947225
0.7807540005160263
0.38053200023568934
0.3337399994052248
0.29086799986544065
0.31922000016493257
0.2561880000939709
3.2658589998391108
0.6090679999033455
0.35156099966116017
0.3306090002297424
0.42663299973355606
0.2744089997577248
0.31588899946655147
0.31883000065136
0.30642900037491927
0.2726680004343507
0.3043590004381258
0.30666000020573847
0.3197599999111844
0.31525400027021533
0.30199299999367213
0.2823790000547888
0.28278399986447766
0.32440399991173763
0.30504900041705696
0.3659409994725138
0.361519999387383
0.320215000101598
0.29281899969646474
0.39801200000511017
0.2749880004557781
1.0962030000882805
0.39899199964565923
0.3928020005332655
0.3201849995093653
1.19348699990951
0.39180199928523507
0.43969299986201804
0.5187060005482635
2.0233420000295155
0.3030200005014194
0.331510999785678
1.0352019999118056
0.2718279993132455
0.3416319996176753
0.2577959994596313
0.32778199965832755
0.9123250001721317
0.3697020001709461
1.1540740006239503
0.35404099980951287
0.7726260000708862
0.3104979996351176
0.2882779999708873
0.30153999978210777
0.3738310006156098
0.3410259996599052
0.3309860003355425
0.29639900003530784
0.31970000054570846
0.26461700053914683
0.262217999988934
0.28714800009765895
0.30159000016283244
0.26608799998939503
0.28468799973779824
0.32164900039788336
1.2578289997691172
0.3636919991549803
0.7560229996670387
0.35027000012632925
0.36903199998050695
0.30404400058614556
0.36075100069865584
0.3211700004612794
0.2885089998017065
0.28102899977966445
0.3205900002285489
0.28220800049894024
0.31190900062938454
0.2580680002211011
0.459054000202741
0.4676990001826198
0.30398900071304524
0.35838100029650377
0.3923419999409816
0.2845580002031056
0.9342740004285588
1.207467000313045
0.3115400004389812
0.4122620002817712
0.7073110000419547
0.40117200023814803
0.8509159997629467
0.3858210002363194
0.33043599978554994
0.28442300026654266
0.35510599991539493
0.35588600076152943
0.31784000020707026
0.2769479997368762
0.30319899997266475
0.3154300002279342
0.2762079993772204
0.29804899986629607
0.31416000001627253
1.756374000251526
0.31416000001627253
0.28993799969612155
0.2949190002254909
0.2643080006237142
0.2550169992900919
0.3753520004465827
0.7406029999401653
0.31602000035491074
0.40230300055554835
0.24507800026185578
0.3517810000630561
0.3416899999137968
0.30939899988879915
0.3351099994688411
0.32524499965802534
0.3092739998464822
0.30358999993040925
0.2839879998646211
0.30007900022610556
0.2853679998224834
0.34771100035868585
0.3100399999311776
0.34903000050690025
0.29371900018304586
0.27874800071003847
0.33368999993399484
0.31476999993174104
1.3584709995484445
0.33122000058938283
0.7122520000848453
0.34033000065392116
0.3583010002330411
0.30099899959168397
0.30702999993081903
0.5962579998595174
0.31318000037572347
0.2835690002029878
0.29832000018359395
0.2958389995910693
0.2841890000127023
0.2613079996081069
0.2743879995250609
0.3157249993819278
0.25978299981943564
0.3529699997670832
0.30120899918983923
0.3051290004805196
0.27948899969487684
0.27814800068881596
0.3461109999989276
1.6990619997159229
0.4433529993548291
0.772892999520991
0.35839099928125506
0.28732800001307623
0.2959080002256087
0.2977599997393554
0.3846320005322923
0.3042190000996925
0.2434269999866956
0.34310999944864307
0.3264799997850787
0.3135800006930367
0.29221300064818934
0.30526999944413546
0.3094040002906695
0.5651169994962402
0.26590800007397775
0.7388780004475848
1.1751060001188307
0.6984250003370107
0.345761000062339
0.33180999980686465
0.41037299979507225
0.30348900054377737
0.27845800013892585
0.2843189995473949
0.3772210002352949
0.268509000306949
0.31963899982656585
0.32932999965851195
0.2749289997154847
0.3131690000373055
0.3079190000789822
0.3108490000158781
0.41486300051474245
0.8046299999477924
0.3479609995338251
0.3222599998480291
0.2769330003502546
0.29398399965430144
0.31525400027021533
0.24540800040995236
0.3271100003985339
0.27391700041334843
0.3535959995133453
0.31715499972051475
0.32215499959420413
0.2810539999700268
0.29978899965499295
0.312340000164113
0.7003110004006885
0.712332000148308
0.317429999995511
0.25538799945934443
0.2754279994405806
0.2602079994176165
0.3034839992324123
0.2948990004369989
0.3114789997198386
0.6929309993211064
0.32864900003914954
0.2919290000136243
0.26001800051744794
0.3106340000158525
0.29630000062752515
0.33041999995475635
0.30634999984613387
1.0744420005721622
0.6704959996568505
0.3407599997444777
0.2664679996087216
0.5462660001285258
0.7906079999884241
0.36598099995899247
0.2948689998447662
0.33029000042006373
0.26966899986291537
0.2955190002467134
0.26918799994746223
0.3271390005465946
0.29340900073293597
0.3032399999938207
0.3083689998675254
0.31870499969954835
0.25778300005185883
1.0650429994711885
0.30290900031104684
0.2858480002032593
0.30460899961326504
0.3486659998088726
0.3460949992586393
0.37781100036227144
0.30058900028961943
0.31940999997459585
0.31870899965724675
0.3087700006290106
0.3188499995303573
0.31558099999529077
0.26878700009547174
0.35028999991482124
0.3264500001023407
0.3390500005480135
0.46959500014054356
0.2947189996120869
0.28743799975927686
0.29908199940109625
0.23198399958346272
0.2959299999929499
0.2905990004364867
0.3191900004821946
0.7278530001713079
0.34505100029491587
0.28914799986523576
0.3031189999092021
0.2661790003912756
0.3025389996764716
0.32681999982742127
0.300978999803192
0.3187709999110666
0.30502899971907027
0.2977900003315881
0.26397900001029484
0.34554099966044305
0.3088989997195313
0.4441539995241328
0.37223100025585154
0.34625999978743494
0.3153690004182863
0.32254000052489573
0.3476609999779612
0.32183900020754663
0.3289500000391854
0.36708100014948286
0.3186800004186807
0.3066549998038681
0.2936189994215965
0.273933000244142
0.2645979993758374
0.27256799967290135
1.0450919999129837
0.3298899991932558
0.3140299995720852
0.38997200044832425
0.32516999999643303
0.3349600001456565
0.5707069994969061
0.2672279997568694
0.3004689997396781
0.3740210004252731
0.2953279999928782
0.29249900035210885
0.29512900073314086
0.3032399999938207
0.3004789996339241
0.2773390006041154
0.31612999919161666
0.6874809996588738
1.2099759996999637
0.32487000044056913
0.3222700006517698
0.3240999994886806
0.3312190001452109
0.42284400024072966
0.30598900048062205
0.2940989998023724
0.2585789998192922
0.3039579996766406
0.3083690007770201
0.24539699916203972
0.3362699999343022
0.36912099949404364
0.29220899978099624
0.5067049996796413
0.6162190002214629
0.3436599999986356
0.720082000043476
0.2991900000779424
0.2941390002888511
0.32980000014504185
0.34672999936447013
0.27250900075159734
0.29793499925290234
0.3372840001247823
0.26855800024350174
0.2872439999919152
0.29966300007799873
0.2972489992316696
0.34348000008321833
0.6635409999944386
0.32199500037677353
0.3175290003127884
0.29665900001418777
0.3811269998550415
0.44363399956637295
0.3085190001002047
0.8728559996598051
0.3337010002724128
0.30012899969733553
0.31002900050225435
0.3181299998686882
0.2870089992939029
0.3155390004394576
0.33776100008253707
0.527346000126272
0.3002679995915969
0.34130000040022423
0.4580189997795969
0.28846299937868025
0.33903100029419875
0.32070499946712516
0.32492499940417474
0.36460100000113016
0.32682900018699
0.2820939998855465
0.30708899976161774
0.2777030003926484
0.28267800007597543
0.284048999674269
0.3543210004863795
0.2939690002676798
0.2809530005833949
0.44470800003182376
0.3316530001029605
0.9143659999608644
0.2839580001818831
0.28898399978061207
0.31521999972028425
0.26060199979838217
0.31720999959361507
0.28953899982298026
0.5361249995985418
0.3139589998681913
0.3189210001437459
0.2750929998001084
0.30594399959227303
0.2983290005431627
0.2743880004345556
0.32373999965784606
0.2589579999039415
0.28035800005454803
0.3199499997208477
0.3002109997396474
0.9186750003209454
0.8600159999332391
0.32456000008096453
0.573407999581832
0.3079289999732282
0.27945900001213886
0.3549650000422844
0.30025300020497525
0.3346209996379912
0.3560209997885977
0.3179199993610382
0.29622900001413655
0.32775999989098636
0.3378300007170765
0.34440000035829144
0.33158099995489465
1.0616720001053181
0.3180900002917042
0.3377449993422488
0.34587099980853964
0.3298410001661978
0.730156999452447
0.30679900009999983
0.3205699995305622
0.2865690003091004
0.36931199974787887
0.26478800009499537
0.3338700007589068
0.34822999987227377
0.3348300006109639
0.26450000041222665
0.3271979994678986
0.3338799997436581
0.29618900043715257
0.31649000084144063
1.1666159998640069
0.4449839998414973
0.5280650002532639
0.35592099993664306
0.42740299977594987
0.6963219993849634
0.5388059998949757
0.29736000033153687
0.3362099996593315
0.2747979997366201
0.3485710003587883
0.287651000689948
0.29728700064879376
0.3148690002490184
0.3959619998568087
0.27991899969492806
0.2913190000981558
0.3104489996985649
0.321369999255694
0.27265899916528724
0.79335899954458
0.8403900001212605
0.34250000044266926
0.2975789993797662
0.31274000048142625
0.3269400003773626
0.3018890001840191
0.32140999974217266
0.3141589995721006
0.3257199996369309
0.26266799977747723
0.3020690000994364
0.32422999993286794
0.3236399998058914
0.3110589996140334
0.2888180006266339
0.31626999953004997
0.2864479993149871
0.3163490000588354
0.2817389995470876
0.26178700045420555
0.30787900050199823
0.2918620002674288
0.48577500001556473
0.31821700031287037
0.5601069997283048
0.3128220005237381
0.2650280002853833
0.2941090006061131
0.2671980000741314
0.25800799994613044
0.3325300003780285
0.2955370000563562
0.36074099989491515
1.1576650003917166
0.31434900029125856
0.32868000016605947
0.30585900003643474
0.7051019993014052
0.2834289998645545
1.1129640006402042
0.6254500003706198
0.3004199998031254
0.26987900037056534
0.2813890005199937
0.3395510002519586
0.30082200009928783
0.521204000506259
0.38509100068040425
0.3609610002968111
0.4214430000502034
0.4099870002391981
0.6923260007170029
0.5342399999790359
0.783024000156729
0.8316200000990648
0.40915299996413523
0.2557080006226897
0.3157990004183375
0.3598710000005667
0.2763899992714869
0.28060600016033277
0.3670109999802662
0.3295290007372387
0.30310000056488207
0.3193420006937231
0.46887100052117603
0.30899000012141187
0.30347899974003667
0.2953690000140341
0.7647730008102371
0.6010990000504535
0.24680800015630666
0.33458000052632997
0.390992000575352
0.31101000058697537
0.32013899999583373
0.37356600023485953
0.33096500010287855
0.2852990000974387
0.33026999972207705
0.484715000311553
0.28052900051989127
0.29673400058527477
0.262267999460164
0.2744229996096692
0.805073999799788
0.3714909998961957
0.2476170002410072
0.2989189997606445
0.6772910001018317
0.33163999978569336
0.9153680002782494
0.40361200080951676
0.5942789994151099
0.31071000012161676
0.3568359998098458
0.32732399995438755
0.31674000001657987
0.2885789999709232
0.2980350000143517
0.29379399984463817
0.3150789998471737
0.2901679999922635
0.976999999693362
0.3049850001843879
0.3182700002071215
0.31866399967839243
0.2749779996520374
0.7988540000951616
0.26963399977830704
0.3181100000801962
0.29467900003510294
0.31072000001586275
0.29588899997179396
0.2947140001197113
0.2863390000129584
0.270198000180244
0.2590530002635205
0.3103639992332319
0.30361000062839594
0.2759179997156025
0.3177660000801552
1.0411820003355388
0.2906930003518937
0.3598909997890587
0.3285100001448882
0.312569000016083
0.718536999556818
0.31686500005889684
0.3062780006075627
0.31631999991077464
0.2584930007287767
0.2885029998651589
0.2890289997594664
0.3126989995507756
0.31151999974099454
0.27563799994823057
0.3225999998903717
0.28651000047830166
0.2941939992524567
0.2908240003307583
1.1237329999858048
0.25339900003018556
0.297059000331501
0.4191719999653287
0.3431410004850477
0.7487330003641546
0.3156490001856582
0.3156590000799042
0.28313399980106624
0.3303539997432381
0.3147589995933231
0.2773989999695914
0.28329399992799154
0.28906300030939747
0.433144000453467
0.2797779998218175
0.26336900009482633
0.3799999994953396
0.8612259998699301
0.34676100040087476
0.3006489996550954
0.35541999932320323
0.5346360003386508
0.6689499996355153
0.6090079996283748
0.33827100014605094
0.3050980003536097
0.3810540001722984
0.3106869999101036
0.31765900075697573
0.3135289998681401
0.2783579993774765
0.3270010001870105
0.399094999920635
0.2548849997765501
0.32810999982757494
0.29764899954898283
0.34734000018943334
0.6960910004636389
0.77296900053625
0.3106140002273605
0.5630770001516794
0.2957090000563767
0.3027989996553515
0.32434000058856327
0.31768400003784336
0.34079600027325796
0.27424799918662757
0.34027299989247695
0.312998000481457
0.3051390003747656
0.33256999995501246
0.27414800024416763
0.3369710002516513
0.34345000040048035
0.34541099921625573
0.30844899993098807
0.3041689997189678
0.26484799946047133
0.28854799984401325
0.25938799990399275
0.31250899974111235
0.3235889998904895
1.1093240000263904
0.29761899986624485
0.34698999934335006
0.2778779999061953
0.27353400037100073
0.30517400045937393
0.29155900028854376
0.26326799979869975
0.2680280003914959
0.270102999820665
0.29835899931640597
0.6540300000779098
0.32024899974203436
0.3170949994455441
0.7696120001128293
1.200706999952672
0.5425059998742654
0.33951099976547994
0.31415000012202654
0.28977800047869096
0.3004689997396781
0.3059600003325613
0.30504899950756226
0.31930900058796396
0.2898189995903522
0.31371900058729807
0.3085289999944507
0.3286400005890755
0.34957100069732405
0.2814880008372711
0.31594099982612533
0.3488910006126389
0.3464800001893309
0.31414000022778055
0.3090999998676125
1.082511999811686
0.27349799984222045
0.24774800021987176
0.3995830002168077
0.33808299940574216
0.46564399963244796
0.28946600014023716
0.31126900012168335
0.4197920006845379
0.3463610000835615
0.6396690005203709
0.641610000457149
0.3094989997407538
0.25705799998831935
0.2669380000952515
0.2890490004574531
0.6032779992892756
0.32331000056728953
0.2845499993782141
0.3199400007360964
0.32171400016522966
0.3074240003115847
0.3474529994491604
0.324857000123302
0.25690799975564005
0.2681440000742441
0.2813040000546607
0.2597379998405813
0.3275899998698151
0.32002999978431035
0.306038999951852
0.2988090000144439
0.36945299962098943
0.33127699953183765
0.30728199999430217
0.5059029999756604
0.25905800066539086
0.3094200001214631
0.2857290000974899
0.330690000737377
0.4033109998999862
0.27535400022316026
0.3299149993836181
0.3577659999791649
0.2611350000734092
0.3134970002065529
0.3574410002329387
0.40968200028146384
0.3411899997445289
0.4721239993159543
0.295839000500564
0.26821799929166446
0.3371500006323913
0.3015490001416765
0.2588180004750029
0.3083789997617714
0.27029900047637057
0.3163390001645894
0.2861079992726445
0.2707579997149878
0.299749000078009
0.2704779999476159
0.28331900011835387
0.2744030007306719
0.3340150005897158
0.30442899969784776
0.2683180000531138
0.2952289996756008
0.29847999940102454
0.28703899988613557
0.3183700000590761
0.43302300036884844
0.6598110003324109
0.3218299998479779
0.35887100057152566
0.41255300038756104
0.3166189999319613
0.3569609998521628
0.268958000560815
0.29868900037399726
0.29914499918959336
0.2971029998661834
0.3160699998261407
0.28281800041440874
0.3082000002905261
0.26325799990445375
0.29357899984461255
0.28626499988604337
0.7301719997485634
0.32339500012312783
0.3156399998260895
0.30677899940201314
0.31127900001592934
0.8126539996737847
0.29297900073288474
0.3168299999742885
0.31620899972040206
0.3529210007400252
0.3293250001661363
0.35548100004234584
0.3144849997624988
0.27817800037155394
0.5315569997037528
0.29991900009918027
0.28230799944140017
0.7536530001743813
0.6044990004738793
0.36756100053025875
0.3225899999961257
0.30212899946491234
0.6880949995320407
0.505209999573708
0.29155899937904906
0.3530810008669505
0.34469999991415534
0.4836549996980466
0.27343100009602495
0.2716760000112117
0.30319899997266475
0.5154949994903291
0.30811000033281744
0.7979439997143345
0.6529299998874194
0.3580610000426532
0.30527000035363017
0.3257349999330472
0.3447680001045228
0.27949499963142443
0.3330099998493097
0.28303100043558516
0.32470799942529993
0.2857190002032439
0.26417800017952686
0.34304900054848986
0.2811389995258651
0.35470100010570604
0.3314709992991993
0.3284900003563962
0.28829900020355126
0.3193990005456726
0.34092100031557493
0.3329659994051326
0.290674000098079
0.541405999683775
0.38046099962230073
0.2930979999291594
0.29080900003464194
0.32392000048275804
0.3564910002751276
0.4773860000568675
0.3113389993814053
0.32403000022895867
0.356913000359782
0.2632449995871866
0.3089399997406872
0.34571099968161434
0.2712280002015177
0.2821790003508795
0.613289000284567
0.2999789994646562
0.33402000008209143
0.26325999988330295
0.28128600024501793
0.36429100055102026
0.31024000054458156
1.0480720002306043
0.6324289997792221
0.32315999942511553
0.31050899997353554
0.2698779999263934
0.3105300002061995
0.3216300001440686
0.3017919998455909
0.3340580005897209
0.30181100009940565
0.32613700022920966
1.047662000019045
0.6210089995875023
0.34391999997751554
0.26560800051811384
0.32856999951036414
0.28676900001300965
0.36263099991629133
0.2716089993555215
0.30640000022685854
0.280387999737286
0.33608099965931615
0.3337910002301214
0.3366700002516154
0.2559770000516437
0.343550000252435
0.33027999961632304
0.275536999652104
0.3097629996773321
0.3383610001037596
1.1178969998582033
0.2886160000343807
0.28705900058412226
0.6215390003490029
0.49740499980543973
0.3091300004598452
0.2914200003942824
0.3018040006281808
0.2702629999475903
0.3227890001653577
0.2647990004334133
0.2966679994642618
0.27240799954597605
0.31377900086226873
0.3409829996599001
0.9573659999659867
0.30409900045924587
0.776324999606004
0.2666970003701863
0.3029890003745095
0.9652790004111012
0.5321010003171978
0.30884399984643096
0.34202999995613936
0.28552899948408594
0.31112899978325004
0.36533100046654
0.29327300035220105
0.2872139993996825
0.312330000269867
1.1974859999099863
0.7687890001761843
0.32390399974246975
0.7479160003640573
0.261676000263833
0.3372999999555759
0.4596640001182095
0.2885809999497724
0.32072700014396105
0.37522200000239536
0.3012590004800586
0.3074389996982063
0.3376399999979185
0.26905899994744686
0.2741490006883396
0.31247900005837437
0.6605009994018474
0.5937180003456888
0.37865200010855915
0.7324719999814988
0.3243199998905766
0.3104800007349695
0.2951989999928628
0.3064189995711786
0.2954540004793671
0.3002439998454065
0.24627699986012885
0.3240449996155803
0.3052339998248499
0.30192899976100307
0.3029039999091765
0.2699530004974804
0.3126999999949476
0.3025799996976275
0.7272020002346835
0.31603899969923077
0.302379000459041
0.3360800001246389
0.5276769998090458
0.37746100042568287
0.32097999974212144
0.37746700036223046
0.2703520003706217
0.2733089995672344
0.2771889994619414
0.2823390004778048
0.31436900007975055
0.28459900022426154
0.31650900018576067
0.3026000003956142
0.27411799965193495
0.31704999946668977
0.2948789997390122
0.2699429996937397
