payload_size_bytes=10240
runs=1000
mean_ms=0.416
median_ms=0.320
stddev_ms=0.274
min_ms=0.245
max_ms=2.884
---raw---
0.425728000664094
0.307479000184685
0.3895170002579107
0.32329999976354884
0.2990590000990778
0.25770799948077183
0.6432489999497193
0.2714480006034137
1.1275590004515834
0.31913000020722393
0.28267800007597543
0.2605680001579458
2.2515230002682074
0.5246569999144413
0.5157959994903649
1.7741629999363795
0.663620000523224
0.4126330004510237
0.8212550001189811
0.349450999237888
0.8886080004231189
0.42896299964922946
0.34067200067511294
0.3750320001927321
0.38407200008805376
0.4225229995427071
0.42386299992358545
0.3740619995369343
1.5977189996192465
0.4199619997962145
0.3102990003753803
0.36369100052979775
0.3215790002286667
0.3604419998737285
0.5175860005692812
0.35498100078257266
1.391192000482988
0.3218490001017926
0.31582999963575276
0.32061999991128687
0.27661800049827434
0.4550240000753547
0.3429710004638764
0.3526399996189866
0.2927390005424968
0.32774999999674037
1.224446999913198
0.8306050003739074
0.2971989997604396
0.3454510006122291
0.31939000018610386
1.9255189999967115
0.40298200019606156
0.3074289998039603
0.3362710003784741
1.1138249992654892
0.3630210003393586
0.6921009999132366
0.3065089995288872
0.35793100050796056
0.35220099925936665
0.3256899999541929
0.299709000501025
0.3303299999970477
0.29603900020447327
0.25738800013641594
0.3151000000798376
0.4325539994169958
0.3182399996148888
0.28014800045639277
0.3080790002059075
0.3996219993496197
1.0795319994940655
0.7395630000246456
0.34548999974504113
0.3124590002698824
0.28523899982246803
0.3656609997051419
0.860506000208261
0.7831830007489771
1.8569960002423613
0.30728000001545297
0.3527810004015919
0.32387999999627937
0.27154700001119636
1.2248069997440325
0.9296289999838336
1.2572480000017094
1.4717049998580478
0.4854740000155289
0.30886999957147054
0.2848189997166628
0.29562899999291403
0.31189899982564384
0.3048690005016397
2.8839069991590804
0.7876540003053378
0.35513100010575727
0.3780919996643206
0.3208500002074288
1.0938330005956232
0.3061090001210687
0.2810480000334792
0.33663999965938274
1.0257610001644935
1.9705109998540138
1.993181000216282
0.7078010003169766
0.36033000014867866
0.3023389999725623
0.2824590001182514
0.4742239998449804
0.26637799965101294
0.36019999970449135
0.25223800003004726
0.2970409996123635
0.5497470001500915
0.29575700045825215
1.6800519997559604
0.3490799999781302
0.40533200080972165
0.27898899952560896
1.2965200003236532
0.33118999999715015
0.34037000023090513
0.3161889999319101
0.32345999989047414
0.2885879994209972
0.3145299997413531
0.27816800047730794
2.2944889997233986
0.35360099991521565
0.28566899982251925
0.33763100054784445
0.27244800003245473
0.2979790006065741
2.00578099975246
0.3185400000802474
0.3145789996779058
0.29760899997199886
0.386981999326963
0.31674999991082586
1.6270389996861923
0.3506299999571638
0.39960199956112774
0.2780479999273666
0.30090900054347003
0.31399900035467
0.28455899973778287
0.31739999940327834
0.27365799996914575
0.31234899961418705
1.6551099997741403
0.27944900011789287
0.2956199996333453
0.5771179994553677
0.35282099997857586
0.2831389992934419
0.26556800003163517
0.2767389996733982
1.267038000150933
1.9507599999997183
0.2857789995687199
0.2846589995897375
0.9444679999432992
0.3594110003177775
0.3124690001641284
0.304429999232525
0.2733689998422051
0.284038999780023
0.28303900035098195
0.2911790006692172
0.34739100010483526
0.7150420005928027
0.5548369999814895
1.1427749996073544
0.3744609994100756
0.3277689993410604
0.8008849999896483
0.6370290002450929
0.33894999978656415
0.2889890001824824
0.33592299951124005
0.3257870002926211
0.3196600000592298
0.2641080000103102
0.34490300004108576
0.30223699923226377
0.5993280001348467
0.27499699990585214
0.35443200067675207
0.3443589994276408
0.3398609997020685
0.32979000025079586
0.27301800037093926
0.3649400005087955
0.3043790002266178
0.45653399956790963
0.7539039997936925
0.320139999530511
0.3396860001885216
0.6894710004416993
0.29917299980297685
0.31568000031256815
0.31278899950848427
0.28011100039293524
0.34100899938493967
0.30296800014184555
0.28086899965273915
0.3119989996775985
0.2875890004361281
0.33307000012428034
0.34568299997772556
0.30644700018456206
0.26790799984155456
0.2811290005411138
0.7956259996717563
0.7412400000248454
0.2971600006276276
0.319383000714879
0.2805959993565921
0.30193899965524906
0.3456700005699531
0.3003190004164935
0.2922890007539536
0.3011489998243633
0.38625199977104785
0.2916390003520064
0.2855769998859614
0.3432319999774336
0.2965889998449711
0.2652869998200913
0.3013799996551825
0.31138899976212997
0.29845799963368336
0.3695310006150976
0.32170200029213447
0.5952980000074604
0.32374000056734076
0.2845979997800896
0.28178899992781226
0.3100199992331909
0.9344979998786584
0.25325699971290305
0.3635200000644545
0.3550709998307866
0.299739000183763
0.29265899956953945
0.7078509997882065
1.467354999476811
0.31321000005846145
0.3712110001288238
0.32206000014411984
0.29368400009843754
0.30348900054377737
0.2774540007521864
0.36603100033971714
0.29882900071243057
0.293008999506128
1.3123799999448238
0.2784789994620951
0.3213500003766967
0.3194799992343178
0.36992100012867013
0.2845580002031056
0.3020490003109444
0.31441999999515247
0.26906899984169286
0.7182609997471445
0.8068540000749636
0.33906999942701077
0.33545299993420485
0.31090199991012923
0.3030789994227234
0.33219499982806155
0.28557799942063866
0.26753100064524915
0.3232159997423878
0.2674690003914293
0.37686099949496565
0.7675130000279751
0.35859099989465903
0.4046120002385578
0.32822999946802156
0.3387750002730172
0.6632000004174188
0.3240349997213343
0.35016099991480587
0.2699980004763347
0.3327829999761889
0.32578999980614753
0.27151599988428643
0.8062249999056803
0.6888809994052281
0.2726079992498853
0.2914690003308351
0.27956799931416754
0.3311199998279335
0.27501800013851607
0.2639679996718769
0.2683180000531138
0.30368900024768664
0.30197900014172774
0.35723000019061146
0.7291029996849829
0.3172000006088638
0.320070000270789
1.1834460001409752
0.31211999976221705
0.3551799991328153
0.36210100006428547
0.2858789994206745
0.4053029997521662
0.3550410001480486
0.369231000149739
0.3350970000610687
0.3121700001429417
1.1849569991682074
0.3878819998135441
0.2782680003292626
0.3474929999356391
0.3242570001020795
0.30115900062810397
0.3019989999302197
0.27464100003271597
0.32809000003908295
0.29768999957013875
0.29279699992912356
0.29706999976042425
0.29883899969718186
0.3595710004447028
0.342682999871613
0.31785999999556225
0.32164699950953946
0.2549980008552666
0.337830999342259
0.3118599997833371
0.2988900005220785
0.26095799967151834
0.3265329996793298
0.34464300006220583
0.3277100004197564
0.30285899993032217
0.3050840005016653
0.28716799988615094
0.296659999548865
0.266117999672133
0.27274800049781334
0.2834589995472925
1.0183509994021733
0.3309820003778441
0.28080800075258594
0.5644049997499678
0.28029799977957737
0.5242859997451887
0.33844999961729627
0.3853620000882074
0.2989390004586312
0.31752999984746566
0.3708119993461878
0.9408590003658901
0.35861200012732297
0.5240660002527875
0.31676999969931785
0.2964189998237998
0.49348500033374876
0.34930999936477747
0.28397900041454704
0.34939099987241207
0.3469299999778741
0.7130520007194718
0.331700000060664
0.3006189999723574
0.5369659993448295
0.5206460000408697
0.31377899995277403
0.2922789999502129
0.31734900039737113
0.36027099940838525
0.7046509999781847
0.7092069999998785
0.31904700063023483
0.33709999934217194
0.3590099995562923
0.6608369994864915
0.32500999986950774
0.2656800006661797
0.3191600007994566
0.32314799955202034
1.0764729995571543
0.33589499980735127
0.7137309994504903
1.0410990007585497
0.2925789995060768
0.2640650000103051
0.2965699995911564
0.2774780004983768
0.2933290006694733
0.3490449998935219
0.8705270001883036
0.32699000075808726
0.29667899980267975
0.3760760000659502
0.37011199947301066
0.2633869999044691
1.177676000224892
0.3248410002925084
0.3122299995084177
0.3139099999316386
0.3379800000402611
0.2873980001822929
0.30136899931676453
0.8301750003738562
0.32030999955168227
0.2745479996519862
0.2741489997788449
0.34975099970324663
0.3042289999939385
1.1105929997938802
0.567570000384876
0.573985000301036
0.3562910005712183
0.299739000183763
0.3876309992847382
0.4103419996681623
0.30397899990930455
0.3252200003771577
0.29978900056448765
0.30285900083981687
0.29435899978125235
0.3059489999941434
0.47437400007765973
0.25765800000954187
0.31775299976288807
0.28397900041454704
0.6632869999521063
0.640668999949412
0.3121289992122911
0.3026690001206589
0.37782500021421583
0.3434489999563084
0.30241899912653025
0.33964000067499
0.26754800001072
0.3311400005259202
0.2741529997365433
0.33258599978580605
0.2981790003104834
0.2976989999297075
0.2953490002255421
0.3378999999767984
0.3841819998342544
0.31728900012240047
0.3623020002123667
0.3158190002068295
0.27131800015922636
0.3471929994702805
0.4884549998678267
0.3320380001241574
0.27812799999082927
0.3076800003327662
0.3336299996590242
0.2810989999488811
0.30984899967734236
0.2558169999247184
1.037531999827479
0.348679999660817
0.6862210002509528
0.814464000541193
0.37191100000200095
0.41239300026063574
0.2848879994417075
0.33141299991257256
0.30802699984633364
0.3282850002506166
1.165285000752192
0.3520559994285577
0.6762600005458808
0.3209200003766455
0.26868799977819435
0.266107999777887
0.2969289998873137
0.30617900029028533
0.27290800062473863
0.3177700000378536
0.3116850002697902
0.3581970004233881
1.0434409996378236
0.6549300005644909
0.2927690002252348
0.3149699996356503
0.3150290003759437
0.3522199995131814
0.46537400066881673
0.2831409992722911
0.350462999449519
0.35618600031739334
0.3026220001629554
1.4141729998300434
0.3234800005884608
0.6791299992983113
0.3196400002707378
0.28769899927283404
0.30955900001572445
0.29984800039528636
0.3178100005243323
0.2999889993589022
0.3020789999936824
0.32137900052475743
0.2901189991462161
0.29666899990843376
0.7605629998579388
0.3556459996616468
0.32025899963628035
0.2716529997996986
0.2928690000771894
0.2534380000724923
0.35557599949243013
0.3035849995285389
0.2632669993545278
1.1159740006405627
0.3420510001888033
0.6532499992317753
0.34168099955422804
0.34400299955450464
0.3342580002936302
0.29351800003496464
0.31433899948751787
0.24538799971196568
0.2713879994189483
0.2872889999707695
0.26249799975630594
0.35679200027516345
0.8485850003125961
0.3480810000837664
0.32987099984893575
0.2987589996337192
0.2859090000129072
0.26980999973602593
0.2997289993800223
0.3110070001639542
0.2903180002249428
0.3113040002062917
1.0398670001450228
0.7320930008063442
0.37052100014989264
0.3275700000813231
0.33927999993466074
0.29011799961153883
0.3330310000819736
0.3054890003113542
0.33041200003935955
0.2967059999718913
0.3195999997842591
1.024690999656741
0.37545500072155846
0.636310000118101
0.33101000008173287
0.35077000029559713
0.33660999997664476
0.29623899990838254
0.3199699995093397
0.2572579996922286
0.28471900077420287
0.3174089997628471
0.26797899954544846
0.31237900020641973
0.31394999950862257
0.30084899935900467
0.3151700002490543
0.34057099946949165
0.3540309999152669
0.35871100044460036
0.8006149992070277
0.31317999946622876
0.2913790003731265
0.2998890004164423
0.3154399992126855
0.29652900047949515
0.2735389998633764
0.4339639999670908
0.3212530000382685
0.3005170001415536
0.36117099989496637
0.32559000010223826
0.2785180004138965
0.3003089996127528
0.7947739995870506
0.4985249997844221
0.2712579998842557
0.28739899971697014
0.321369999255694
0.2705980004975572
0.3403000000616885
0.3337699999974575
0.31754999963595765
0.7302219992197934
0.32382100016548065
0.32190999991144054
0.3191400001014699
0.3471609998086933
0.3501109995340812
0.30793999940215144
0.31678399955126224
0.33647000054770615
0.29671900028915843
0.28263799958949676
0.35105599999951664
0.3180550002070959
0.2883540000766516
0.3905140001734253
0.6580799999937881
0.5165129996385076
0.32749000001786044
0.31965900052455254
0.6074479997550952
0.3693509997901856
0.35805600055027753
0.3274350001447601
0.320318999911251
0.2951440001197625
0.6239490003281389
0.30976400012150407
0.3503799998725299
0.30619199969805777
0.38959899939072784
0.29064900081721134
0.3262210002503707
0.3037289998246706
0.3141939996567089
0.27482299992698245
0.3334800003358396
0.3326699998069671
0.3600710006139707
0.6689509991701925
1.1063040001317859
0.2805539998007589
0.30465399959211936
0.31470500016439473
0.33048499972210266
0.30911500016372884
0.30465399959211936
0.3252599999541417
0.29817999984516064
0.4069940005138051
0.29050899956928333
0.318899999911082
0.6758100007573375
0.6961709996176069
0.3020789999936824
0.30707899986737175
0.28203800047776895
1.1545650004336494
0.2946089998658863
0.6190389995026635
0.3113489992756513
0.3376909999133204
0.5200659998081392
0.6479189996753121
0.26406800043332623
0.3401399999347632
0.7079819997670711
0.3428410000196891
0.3528500001266366
0.2886789998228778
0.3055219995076186
0.33164999967993936
0.32638799984852085
0.2958289996968233
0.2902489995904034
0.3057889998672181
0.39281099998333957
0.6281989999479265
0.34672000037971884
0.358620999577397
1.2405170000420185
0.5213060003370629
0.3188130003763945
0.43146299958607415
0.3597979994083289
0.6126090001998818
0.33661199995549396
1.185154000268085
0.4177920000074664
0.36590200033970177
0.30016400069143856
0.32578399986959994
0.33242000063182786
0.27265900007478194
0.318890000016836
0.30839800001558615
0.28770900007657474
0.7171220004238421
0.4534440004135831
0.343339999744785
0.34568099999887636
0.25711800026329
0.6340589998217183
0.3517720006129821
0.34756100012600655
0.28691900024568895
0.7146099997044075
0.34375999985059025
0.2773280002656975
0.33585999972274294
0.28598900007636985
0.29975899997225497
0.3137220001008245
0.3145969994875486
0.3032489994438947
0.2976890000354615
0.4111419993932941
0.355504000253859
0.4749429999719723
0.727822000044398
0.3392099997654441
0.28715799999190494
0.32428899976366665
0.3456410004218924
0.3106089998254902
0.28235799982212484
0.47341400022560265
0.2682189997358364
0.5918189999647439
0.3018490006070351
0.31785000010131625
0.293228999908024
0.28771899997082073
0.3551909994712332
0.275288000011642
0.2812890006680391
0.31893000050331466
0.2993219995914842
0.2935389993581339
0.7369199993263464
0.7631130001755082
0.34139999934268417
0.2842189996954403
0.34923499970318517
0.3399070001250948
0.2941689999715891
0.3602779997891048
0.3441810004005674
0.3015490001416765
0.3535799996825517
0.341033999575302
0.31200700050249
0.28670200026681414
0.45401199986372376
0.6664799993814086
0.36017599995830096
0.38561199926334666
0.3407160002097953
0.278968999737117
0.33297099980700295
0.2970430005007074
0.2644360001795576
0.28616899999178713
0.3623490001700702
0.3374999996594852
0.3217799994672532
0.30809999952907674
0.8463159992970759
0.30178900033206446
0.3075280001212377
0.40529799935029587
0.2887840000767028
0.27441800011729356
0.28875899988634046
0.28533899967442267
0.29289800022525014
0.25843799994618166
0.3145589998894138
0.7150069995986996
0.6955110002309084
0.30464999963442096
0.2807139999276842
0.26567100030661095
0.2987570005643647
0.28809800005547004
0.29888900007790653
0.3053740001632832
1.0554869995758054
0.6566399997609551
0.30613899980380666
0.3727310004251194
0.3228190007575904
0.3066629997192649
0.32811799974297173
0.27306799984216923
0.33802999951149104
0.2945220003311988
0.3611779993661912
0.30840999988868134
0.2813679993778351
0.30752900056540966
0.6692209999528131
0.3261900001234608
0.25317800009361235
0.34346600023127394
0.3140640001220163
0.2998390000357176
0.29029899997112807
0.33117200018750736
0.27655699977913173
0.29876400003558956
0.33103999976447085
0.28900399956910405
0.3788109997913125
1.0018110006058123
0.35407100040174555
0.30010899990884354
0.28473899965320015
0.3108389992121374
0.28744800056301756
0.2818889997797669
0.3371499997228966
0.27148800018039765
1.0973629996442469
0.5555269999604207
0.32763000035629375
0.32048000048234826
0.3194599994458258
0.3569110003809328
0.30642899946542457
0.3072740000789054
0.3186450003340724
0.3388999994058395
0.29064899990771664
0.3066199997192598
0.6869019998703152
0.2916789999289904
0.3054089993383968
0.28891900001326576
0.2870289999918896
0.3137089997835574
0.2781080002023373
0.2859880005416926
0.3008089997820207
0.2871890001188149
0.3011799999512732
0.3074099995501456
0.7673029995203251
0.35763100004260195
0.27621899971563835
0.31986999965738505
0.3521409998938907
0.2757680003924179
0.30310000056488207
0.30152100043778773
0.30047599921090296
0.2954239998871344
0.31490000037592836
0.2846079996743356
0.2928439998868271
0.28497800030891085
0.6638200002271333
0.7333919993470772
0.29420900045806775
0.3497909992802306
0.33353999970131554
0.2609269995446084
0.2914240003519808
0.3358449994266266
0.2644280002641608
0.4146820001551532
0.3209789992979495
0.7304419996216893
0.7133819999580737
0.36219199955667136
0.2771930003291345
0.307413999507844
0.32951999946817523
0.3063490003114566
0.3015689999301685
0.3316100001029554
0.3409729997656541
0.33324000014545163
0.7985020001797238
0.7093009999152855
0.3816410007857485
0.33572000029380433
0.27824099925055634
0.39662000017415266
0.26219800020044204
0.2741629996307893
0.2695930006666458
0.30108400005701697
0.3354600003149244
0.3075140002692933
0.3186800004186807
0.7576430007247836
0.3551110003172653
0.35026000023208326
0.31478000073548174
0.2977289996124455
0.31933900027070194
0.2987019997817697
0.30583700026909355
0.2806979991873959
0.3495900000416441
0.27190900073037483
0.35980099983135005
0.30659900039609056
0.7184219994087471
0.3259599998273188
0.6889509995744447
0.26636799975676695
0.27393799973651767
0.28316899988567457
0.2764390001175343
0.302178999845637
0.3023899998879642
0.2971119993162574
0.3120599994872464
0.27240600047662156
0.37873099972784985
0.4146780001974548
0.360146000275563
0.35747299989452586
0.2783149993774714
0.3563860000213026
0.2925589997175848
0.30037699980312027
0.3234570003769477
0.30276899997261353
0.30537899965565884
0.29870900016248925
0.4152020001129131
0.3520110003591981
0.963129000410845
0.32991999978548847
0.2855180000551627
0.6060989999241428
0.29972199990879744
0.32620000001770677
0.30310600050142966
0.3492209998512408
0.43580300007306505
0.28226899939909345
0.3003589999934775
0.34952000078192214
0.28629899952647975
0.2530570000089938
0.517915999807883
0.4905179994239006
0.2861379998648772
0.3463299999566516
0.31973000022844644
0.27303800015943125
0.2658909997990122
0.27970599967375165
0.31345899969892344
0.27747900003305404
0.48595399948681006
0.6409299994629691
0.34976099959749263
0.2768080003079376
0.2872690001822775
0.3088489993388066
0.6081379997340264
0.3136749992336263
0.28464800016081426
0.25132799964922015
0.3025599999091355
0.3168049997839262
0.3264719998696819
0.30246100050135283
0.8386230001633521
0.3331199995955103
0.29929899937997106
0.31894000039756065
0.28213899986440083
0.29293900024640607
0.33434499982831767
0.28335299975879025
0.5143859998497646
0.36924100004398497
0.3703719994518906
0.3167989998473786
0.7338619998336071
0.2912110003308044
0.34991099983017193
0.3046989995709737
0.3103239996562479
0.2984290003951173
0.30529400009982055
0.3128789994661929
0.26619799973559566
0.3306130001874408
0.30973100001574494
0.4379479996714508
0.29892999918956775
0.3950509999413043
0.2865980004571611
0.2748280003288528
0.35238100008427864
0.30674899971927516
0.27735800085793016
0.3519510000842274
