payload_size_bytes=10240
runs=1000
mean_ms=0.604
median_ms=0.319
stddev_ms=6.634
min_ms=0.229
max_ms=210.040
---raw---
0.8743970001887647
0.43776599977718433
0.4983549997632508
0.34416099970258074
0.6786090007153689
0.348401000337617
0.5417450001914403
0.41828300072666025
0.30495999999402557
0.3962420005336753
0.47645699942222564
0.316926999403222
0.31716900048195384
0.32187999931920785
0.28461900001275353
1.2028169994664495
0.34977199993591057
0.29867699959140737
1.7337019999104086
0.4058619997522328
0.2998990003106883
0.2984889997605933
0.3274000000601518
0.3340400007800781
1.0292809993188712
0.32900999940466136
0.852545999805443
1.1420600003475556
0.33707000056892866
0.33454500044172164
0.2928690000771894
0.3001850000146078
1.0125449998668046
0.3043100005015731
0.27590899935603375
0.29187899963289965
0.34947000040119747
0.2699780006878427
0.28304900024522794
1.366196000162745
1.6198669991354109
0.3430200004004291
0.29209600052126916
0.3810320004049572
0.4147420004301239
0.30931200035411166
0.2938389998234925
0.39007100076560164
0.32380299944634316
0.3088809999098885
0.3002989997185068
0.3299950003565755
0.2756529993348522
0.2673330000106944
0.35901699993701186
0.780413999564189
0.2917140000135987
0.3239289999328321
0.2930489999926067
0.3063389995077159
0.3340700004628161
0.28480800028773956
0.4431289999047294
0.264963000518037
0.26999900001101196
0.24952900002972456
0.3516079996188637
0.3042700000150944
0.32394000027125003
0.3157419996568933
0.353082999936305
0.3903169999830425
0.8212550001189811
0.723782999557443
0.6220189998202841
0.5335589994501788
0.2993460002471693
0.29099800030962797
0.3101149995927699
0.31621699963579886
0.301836000289768
0.2732189996095258
0.3094000003329711
0.25024799924722174
0.29443199946399545
0.2980369999932009
0.2828230008162791
0.3433149995544227
0.2880279998862534
1.3057899996056221
0.338011000167171
0.2925389999290928
0.32259900035569444
0.660769999740296
0.32505299986951286
0.3222699997422751
0.34884800061263377
0.6656010000369861
0.2843290003511356
0.3022900000360096
0.32155999997485196
0.2953490002255421
0.29263899978104746
0.2757580004981719
0.2894489998652716
0.33524999980727443
0.9816299998419709
0.3440810005486128
0.27750800018111477
0.4508239999267971
0.3168440007357276
0.2849039992725011
0.3044789991690777
0.32377000025007874
0.33927999993466074
0.2682880003703758
0.3354800001034164
0.43535300028452184
0.3392100006749388
0.321349999467202
0.3320499999972526
0.31505199967796216
0.29565600016212557
0.2941190005003591
0.34820100063370774
0.3064800002903212
0.3048590006073937
0.2780309996524011
0.321319999784464
0.5663950005327933
0.28740900052071083
0.28527799986477476
0.29203899975982495
0.3443909999987227
0.3515799999149749
0.32039899997471366
0.5139260001669754
0.2850719993148232
0.31151599978329614
0.2673110002433532
0.34118300027330406
0.29469700075424043
0.28977200054214336
0.27575500007515075
0.35281100008432986
0.381851999918581
0.3133589998469688
0.28719900001306087
0.28551899958983995
0.30918999982532114
0.4282429999875603
0.35984100031782873
0.33876999987114687
0.5417370002760435
0.2569779999248567
0.7853140004954184
0.34887999936472625
0.40868300038710004
0.35761100025410997
0.31522000062977895
0.3595610005504568
0.26491900007385993
0.3133390000584768
0.3832120000879513
0.2977300000566174
0.3345519999129465
0.9864569992714678
0.7656439993297681
0.3441029994064593
0.3146070002912893
0.30673899982502917
0.8758269996178569
0.2752489999693353
0.33474000065325527
0.30795000020589214
0.301691000458959
0.32148699938261416
0.2875000000130967
0.27933900037169224
0.3526310001689126
0.30452800001512514
0.3108390001216321
0.2958089999083313
0.34415099980833475
0.3474830000413931
0.275896000857756
0.3506299999571638
0.29976899986650096
0.35089599987259135
0.7679240006837063
0.38056700032029767
0.27634299931378337
0.2862090004782658
0.29334400005609496
0.27906400009669596
0.2610530000310973
0.24972699975478463
0.2866610002456582
0.26354799956607167
0.27806500020233216
0.32319300044036936
0.27297900032863254
0.32948900025076
0.31102000048122136
0.27348799994797446
0.3045490002477891
0.3060590006498387
0.24870800007192884
0.7243320005727583
0.3509010002744617
0.29030900077486876
0.3465809995759628
0.29669900050066644
0.265908999608655
0.3542399999787449
0.29821899988746736
0.2885590001824312
0.32744000054663047
0.3039109997189371
0.27104800028610043
0.3473110000413726
0.3732530003617285
0.2550369999880786
0.3203670003131265
0.3975319996243343
0.7806640005583176
0.6765929992980091
0.5726950003008824
0.3178000006300863
0.4564440005196957
0.5166950004422688
0.30144000083964784
0.25691799964988604
0.2541370004109922
0.2966389993162011
0.3136590003123274
0.2951020005639293
0.3024480001840857
0.3054390008401242
0.3105449995928211
0.30049399993004045
0.3290029999334365
0.299976999485807
0.7110610004019691
0.318899999911082
0.309671000650269
0.3008090006915154
0.2972960000988678
0.2818689999912749
0.33368999993399484
0.331978999383864
0.3101600004811189
0.2981489997182507
0.3078889994867495
0.2550470007918193
0.30454999978246633
0.25365799956489354
0.26592999984131893
0.32335699961549835
0.28503299927251646
0.29274400003487244
0.5024880001656129
0.3467579999778536
0.3016499995283084
0.3064189995711786
0.30221199995139614
0.670397999783745
0.3218789997845306
0.4724039999928209
0.4558239998004865
0.5400669997470686
0.4155729993726709
0.33970000004046597
0.32277300033456413
0.3433279998716898
0.28243900032975944
0.29211799937911564
0.36616100078390446
0.3254690000176197
0.3304430001662695
0.31329700050264364
0.29747299959126394
0.3112499998678686
0.434519000009459
0.3278820004197769
0.3423079997446621
0.361489999704645
0.30022899954929017
0.47147500026767375
0.3468610002528294
0.4601939999702154
0.33411999993404606
0.32678099978511455
0.2832279997164733
0.32236999959422974
0.2676780004549073
0.31230000058712903
0.3283989999545156
0.31287999991036486
0.43161300072824815
0.34482599949114956
0.5776680000053602
0.7555479996881331
0.3363509995324421
0.35273999947094126
0.5305559998305398
0.27195799975743284
0.31295899952965556
0.3087190007136087
0.35049300004175166
0.29082700075377943
0.3110289999312954
0.33367000014550285
0.32450999970023986
0.2645189997565467
0.3435710004850989
0.2633399999467656
0.2896759997383924
1.2562780002554064
0.9619510001357412
0.2582460001576692
0.31988999944587704
0.649668999358255
0.3028999999514781
0.31388099978357786
0.2885879994209972
0.3410599993003416
0.29578900011983933
0.3029300005437108
0.3062389996557613
0.31490999936067965
0.25185699996654876
0.2614480008560349
0.2821279995259829
0.2991290002682945
0.3332509995743749
0.611868999840226
0.3022090004378697
0.3032490003533894
0.8421900001849281
0.5451209999591811
0.6934409993846202
0.315020000016375
0.27085799956694245
0.33133999932033475
0.28755899984389544
0.38684199989802437
0.3323699993416085
0.30957899980421644
0.33801999961724505
0.33267299932049355
0.3437000004851143
0.30367900035344064
0.2998990003106883
0.3027160000783624
0.6962009993003448
0.6978510000408278
0.8674259997860645
0.3543009997883928
0.32611000005999813
0.2831490000971826
0.3280199998698663
0.3290550002930104
0.3087050008616643
0.29832200016244315
0.3010869995705434
0.3192900003341492
0.26295799943909515
0.2969999995912076
0.286688999949547
0.44220599920663517
0.3169470001012087
0.32822000048327027
0.3186590001860168
0.30554899967683014
0.30523900022672024
0.2825289993779734
0.3027889997611055
0.2983799995490699
0.700531999427767
0.35277599999972153
0.2542279999033781
0.29764900045847753
0.33097499999712454
0.2488469999661902
0.3118700005870778
0.3682430005937931
0.32596700020803837
0.29524000001401873
0.35257999934401596
0.30026900003576884
0.3062999994654092
0.34313000014662975
0.2664479998202296
0.2652480006872793
0.34905000029539224
0.8107139992716839
0.3317500004413887
0.36941100006515626
0.3994069993495941
0.41163700007018633
0.3375729993422283
0.5818879999424098
0.36158800048724515
0.2671780002856394
0.2809079996950459
0.2813709998008562
0.2739750007094699
0.3264030001446372
0.30192699978215387
0.31856900022830814
0.30409899954975117
0.30708899976161774
0.33212000016646925
0.3275700000813231
0.3810919997704332
0.6405399999493966
0.6919409997863113
0.2950889993371675
0.4408329996294924
0.5338259998097783
0.6232839996300754
0.31480500001634937
0.283008000224072
0.3141390006931033
0.32661300065228716
0.4912129998047021
0.28605799980141455
0.32572300005995203
0.28493099944171263
0.2550429999246262
0.34512999991420656
0.3224699994461844
1.3015790000281413
0.690883999595826
0.5415539999376051
0.3820040001301095
0.7278800003405195
0.5548379995161667
0.28337700041447533
0.34112999946955824
0.34261099972354714
0.3096740001637954
0.2668229999471805
0.353759999597969
0.2751579995674547
0.3229300000384683
0.3156100001433515
0.36306099991634255
0.7773540000926005
0.6313290004982264
0.5913160002819495
0.29311900016182335
0.35983100042358274
0.280598000244936
0.3260909998061834
0.3670010000860202
0.298328999633668
0.30073899961280404
0.3534719999152003
0.353520999851753
0.30737900033273036
0.30834900007903343
0.31687899991084123
0.30066999988775933
0.39983300030144164
0.6946560006326763
0.277862999610079
0.6475999998656334
0.31018899971968494
0.33461000020906795
0.6115890000728541
0.32307899982697563
0.44456400064518675
0.27634900015982566
0.32921000001806533
0.36121099947195034
0.3314100003990461
0.32343000020773616
0.2845779999915976
0.33007999991241377
0.32181100050365785
0.45203600075183203
0.30613699982495746
0.3356500001245877
0.2773039996100124
0.9743840000737691
0.6868210002721753
0.8479260004605749
0.3539499994076323
0.27364800007489976
0.2891989997806377
0.2731490003498038
0.48856500052352203
0.3375309997863951
0.392566000300576
0.3538860000844579
0.3230700003769016
0.3225999998903717
0.30285899993032217
0.3142989999105339
0.32946000010269927
0.33889299993461464
0.8359929997823201
0.7356530004472006
0.2759889994194964
1.1759280005207984
0.5057819998910418
0.2809839998008101
0.3095840002060868
0.31039999976201216
0.33152200012409594
0.33687699942674953
0.2840089991877903
0.2588479992482462
0.32826000006025424
0.32097999974212144
0.2537079999456182
0.3313890001663822
0.33476000044174725
0.3123890001006657
0.7363630002146238
0.3159099996992154
0.5572460004259483
0.4154030002609943
0.7010119998085429
0.34502000016800594
0.3028190003533382
0.24377000045205932
0.29121599982318
0.2581979997557937
0.29092899967508856
0.4087919996891287
0.32423999982711393
0.2795890004563262
0.3265189998273854
0.276298999779101
0.3444699996180134
0.33970999993471196
0.3864310001517879
0.9701290000521112
0.2763600004982436
0.6757809996997821
0.5862949992661015
1.444303999960539
0.30967000020609703
0.3158800000164774
0.3348399995957152
0.3625409999585827
0.5488600008902722
0.2798389996314654
0.3128670005025924
0.330690000737377
0.2848089998224168
0.2980680001201108
0.32731999999668915
0.32001999989006435
0.3198490003342158
0.3336199997647782
0.32755499978520675
0.2876489998016041
1.178031000563351
0.5809470003441675
0.40743299996393034
0.29707200064876815
0.3831690000879462
0.3609309997045784
0.3532210002958891
0.3345699997225893
0.3535610003382317
0.2930290002041147
0.28950799969607033
0.26800900013768114
0.3234190007788129
0.4813659998035291
1.0810229996423004
0.39361099970847135
0.5111359996590181
0.3233990000808262
0.29589900077553466
0.36702200031868415
0.3407599997444777
0.3784019991144305
0.34852999942813767
0.3106619997197413
0.267347999397316
0.31345899969892344
0.27058600062446203
0.27228799990552943
210.04016999995656
0.4707239995696
0.3054090002478915
0.3233699999327655
0.33351000001857756
0.23499700000684243
0.2817779995893943
0.4669740001190803
0.2764529999694787
0.31852499978413107
0.2812790007737931
0.31911999940348323
0.6171089999043033
0.43659299990395084
0.28732800001307623
0.24546799977542832
0.27530900024430593
0.3039699995497358
0.4439040003489936
0.40783200074656634
0.2926090000983095
0.3102189994024229
0.2540180003052228
0.31914899955154397
0.3148219993818202
0.33705800069583347
0.32766000003903173
0.26754800001072
0.28689899954770226
0.24857700009306427
0.31117000071390066
0.3053800000998308
0.3025599999091355
0.28142799965280574
1.2141770002926933
0.271408000116935
0.6797899995945045
0.2886340007535182
1.132415000029141
0.3286749997641891
0.26340800013713306
0.4528839999693446
0.29281899969646474
0.35617000048659975
0.3062089999730233
0.33446999987063464
0.3926110002794303
0.2602580007078359
0.26971900024364004
0.3584910000427044
0.2941879993159091
0.3050499999517342
0.22927900045033311
0.32252799974230584
0.3132290003122762
0.231486999837216
0.2774479999061441
0.6823309995525051
0.3437810000832542
0.6287189999056864
0.30538899954990484
0.31651900008000666
0.3154500000164262
0.30330000026879134
0.34883999978774227
0.271378000434197
0.30055900060688145
0.342119999913848
0.29212999925221084
0.2712989999054116
0.40208199970948044
0.3292399997008033
0.26378900020063156
0.33207900014531333
0.2754790002654772
0.28078800005459925
0.34138099999836413
0.26914799946098356
0.30182899990904843
0.3760600002351566
0.806074999673001
0.6548700002895202
0.9057880006366759
0.3903169999830425
0.36539100074151065
0.27937400045630056
0.3248729999540956
0.3356669994900585
0.2939690002676798
0.2988190008181846
0.2560700004323735
0.24913000015658326
0.30690499988850206
0.311309000608162
0.25344699952256633
0.3075100003115949
0.3528320003169938
0.25228800041077193
0.30641000012110453
0.28483799997047754
0.297069000225747
0.5653270000038901
0.3325649995531421
0.2922389994637342
1.0447819995533791
0.7845390000511543
0.7051610000416986
0.2978590000566328
1.1159830000906368
0.2770889996099868
0.38018400027794996
0.3577779998522601
0.4790660004800884
0.2892780003094231
0.32018000001698965
0.4701669995483826
0.29258599988679634
0.28147899956820766
0.2678079999895999
0.3067699999519391
0.2936789996965672
0.274058000286459
0.294009999379341
0.7488030005333712
0.40392199935013195
0.34745999982987996
0.302168999951391
0.8173750002242741
0.3469399998721201
0.28504900001280475
0.4161970000495785
0.3992669999206555
0.3757419999601552
0.2563280004324042
0.2806880002026446
0.2957579999929294
0.31361099991045194
0.3068089999942458
0.31914900046103867
0.3562600004443084
0.2929499996753293
0.500004999594239
0.31210999986797106
0.29161800011934247
0.3080100004808628
0.38161199972819304
0.6755599997632089
0.785733999691729
0.26871799946093233
1.2651580000238027
0.3538309993018629
0.294478999421699
0.2961489999506739
0.610619000326551
0.3384749998076586
0.3121390000160318
0.33271600022999337
0.31654899976274464
0.3409629998714081
0.3023189992745756
0.2883870001824107
0.28817899965360994
0.6887720001031994
0.322760000017297
0.3434310001466656
0.5151060004209285
0.28013800056214677
0.7365720002781018
0.35312099953443976
0.3156299999318435
0.28774800011888146
1.7056619999493705
0.4010619995824527
0.2881980008169194
0.2630079998198198
0.2965989997392171
0.30901199988875305
0.28827699952671537
0.26200799948128406
0.3344920005474705
0.3072760000577546
0.381842000024335
0.37055599932500627
0.4326130001572892
0.3133489999527228
0.29562899999291403
0.6931090001671691
0.34547799987194594
0.7782740003676736
1.0931030001302133
0.26171799981966615
0.25969799935410265
0.2526970001781592
0.35391100027482025
0.5186060006963089
0.30223900012060767
0.28497800030891085
0.3173499999320484
0.8282349999717553
0.3042680000362452
0.30060999961278867
0.302359000670549
1.6475789998366963
0.340689999575261
1.6448799997306196
0.38000299991836073
0.30937900010030717
0.4020430005766684
0.7955549999678624
0.39405700044881087
1.5375809998658951
0.5658979998770519
0.3904069999407511
0.3311099999336875
0.3166599999531172
0.33381000048393616
0.28710300011880463
0.2981690004162374
0.34313000014662975
0.297039000543009
1.1615459998211008
0.42298199969081907
0.46072399982222123
1.5930780000417144
0.33944400001928443
3.5948559998359997
0.3233600000385195
0.3637059999164194
0.33835000067483634
0.43533100051718066
0.3756990008696448
0.34446900008333614
0.3396909996808972
0.33886300025187666
0.29740599984506844
0.3091789994869032
0.3223099993192591
0.2715500004342175
0.3341779993206728
0.34752099963952787
0.286688999949547
1.2943200008521671
0.25967800047510536
1.5353460003098007
0.33351000001857756
0.3194900000380585
0.34821100052795373
0.3109989993390627
0.30241900003602495
0.2861680004571099
0.5117760001667193
0.6522700005007209
0.27628799944068305
0.29266899946378544
0.33815999995567836
0.3692309992402443
0.2748890001385007
0.29536799956986215
0.2810689993566484
0.31764899995323503
0.2825980000125128
0.2478179994795937
0.30374200014193775
0.3084070003751549
0.3061090001210687
0.3043390006496338
0.28817900056310464
0.3276899997217697
0.2764079999906244
0.31475000014324905
0.3001889999723062
0.3198430003976682
0.6363580005199765
0.3723009995155735
0.3407499998502317
0.36879100025544176
0.6937010002729949
0.3708120002556825
0.36902200008626096
0.4202529999020044
0.33296099991275696
0.28495799961092416
0.2979689998028334
0.3159590005452628
0.606490000791382
0.28449799992813496
0.3161019994877279
0.30274700020527234
0.2988139995068195
0.3528950001054909
0.34034599957522005
0.3033539996977197
0.2704779999476159
0.3103300005022902
0.29250900024635484
0.27104000037070364
0.3238079998482135
0.2811379999911878
0.37051300023449585
0.28824599939980544
0.25878800079226494
0.28337900039332453
0.31554999986838084
0.28274899977986934
0.3011489998243633
0.8117739998851903
0.24732800011406653
0.6235350001588813
0.7188170002336847
0.3084190002482501
0.2859389996956452
0.3231489999961923
0.28854799984401325
0.29098100003466243
0.3049770002689911
0.257910000073025
0.37363100000220584
0.28590600049938075
0.28889899931527907
0.31202900026983116
0.32389999978477135
0.28505899990705075
0.3459009994912776
0.24498699985997519
0.2838890004568384
0.26703900039137807
0.2770270002656616
0.287928999568976
0.343130999681307
0.8542959994883859
0.7446520003213664
0.7261920000019018
0.30085899925325066
0.24508000024070498
0.2789860000120825
0.2718380001169862
0.35604000004241243
0.28444899999158224
0.33338000048388494
0.33732500014593825
0.34800499997800216
0.27179799963050755
0.3005519993166672
0.3011660000993288
0.28502900022431277
0.3074410005865502
0.2789760001178365
0.3555210005288245
0.3203449996362906
0.455128999419685
0.3134499993393547
0.30248999973991886
0.31464299991057487
0.2897590002248762
0.2648449999469449
0.8557359997212188
0.318860000334098
0.25718799952301197
0.5489760005730204
0.32144000033440534
0.31819000014365884
0.5271560003166087
0.2733410001383163
0.269426000159001
0.2785889992082957
0.33045200052583823
0.3509280004436732
0.26247799996781396
0.3116890002274886
0.3316809998068493
0.28186800045659766
0.29288999940035865
0.3407599997444777
0.2817390004565823
0.26075200003106147
0.3306660000816919
0.4302529996493831
1.0677529999156832
0.6199690005814773
0.3338550004627905
0.3202839998266427
1.0329910001019016
0.4219630000079633
0.30334900020534405
0.2923339998233132
0.3315049998491304
0.2933890000349493
0.30367900035344064
0.29435099986585556
0.2825960000336636
0.2892499996960396
0.2845090002665529
0.27507599952514283
0.3320300002087606
0.2844179998646723
0.27091900028608507
0.29375899976002984
0.27728900022339076
0.6665110004178132
1.504877999650489
0.4515109994827071
0.2767489995676442
0.2965789999507251
0.2809000006891438
0.28488900079537416
0.3193989996361779
0.29312900005606934
0.3155289996357169
0.2595189998828573
0.316811999255151
0.3329370001665666
