payload_size_bytes=10240
runs=1000
mean_ms=0.403
median_ms=0.322
stddev_ms=0.228
min_ms=0.238
max_ms=3.102
---raw---
0.37913200048933504
0.308899000629026
1.2247169997863239
0.30643899935967056
0.3323399996588705
1.0747529995569494
0.3346700004840386
0.42305299939471297
0.37998099924152484
0.3085389998886967
0.28661899978033034
0.33747099951142445
0.3267699994466966
1.6595710003457498
0.3621710002335021
0.3746510001292336
0.5191049995119101
0.3429910002523684
0.32594999993307283
1.0422719997222885
1.2585180002133711
0.37953100036247633
0.32300000020768493
0.318890000016836
0.36670600002253195
0.28764400030922843
0.41298299947811756
0.32516999999643303
0.3112290005446994
0.3752009997697314
0.893772000381432
0.38901199968677247
0.31692999982624315
0.30582899944420205
0.2605480003694538
0.3067799998461851
0.31824899997445755
0.5414870001914096
0.32667999948898796
0.5164060003153281
1.2186270005258848
0.45475299975805683
0.34194099953310797
0.2814699992086389
0.3998829997726716
0.30943900037527783
0.2947590000985656
0.29857899971830193
0.2803289999064873
0.26065800011565443
0.9753999993336038
0.28014399958919967
0.3591010008676676
0.2911829997174209
0.354750999576936
0.4177230002824217
0.28582900085893925
0.2894489998652716
0.416293999478512
0.27915700047742575
0.2608280001368257
0.2863139998225961
0.2572880002844613
0.8839510001052986
0.38595199930568924
0.32375999944633804
0.31794899950909894
0.5487369999173097
0.27564800075197127
0.28199799999129027
0.32291100069414824
0.4912049998893053
0.2901289999499568
0.2670379999472061
0.2925489998233388
0.6382000001394772
0.26758800049719866
0.30922499990992947
0.2923890006059082
0.3388049999557552
0.32676899991201935
0.275078999948164
0.2999739999722806
0.3238600002077874
0.32295399978465866
0.3235399999539368
0.36720200023410143
0.7003110004006885
0.3527950002535363
0.3314599998702761
0.3173199993398157
0.3048700000363169
0.5341910000424832
0.28907900014019106
0.4262180000296212
0.32267999995383434
0.3660909997051931
0.2940889999081264
0.3057789999729721
0.2720679995036335
0.33042999984900234
0.3018689994860324
0.6898609999552718
0.3246440001021256
0.313808999635512
0.2961690006486606
0.5035750000388362
0.31358900014311075
0.28831899999204325
0.29917499978182605
0.31664400012232363
0.29961900054331636
0.3037690003111493
0.7374369997705799
0.3630279998105834
0.32019799982663244
0.2789590007523657
0.3193649999957415
0.2938089992312598
0.3321009999126545
0.2987589996337192
0.28736300009768456
1.470165000682755
0.36999599979026243
0.662450000163517
0.2936589999080752
0.30141399929561885
0.29302899929462
0.3098500001215143
0.3381610003998503
0.2870190000976436
0.38341100025718333
0.30461900041700574
0.28579900026670657
0.28911899971717503
0.31603899969923077
0.7325619999392075
0.3479609995338251
0.2744089997577248
0.34544000027381117
0.3170689997205045
0.29835899931640597
0.3030199995919247
0.38412699996115407
0.2859880005416926
0.28909899992868304
0.34167099965998204
0.9463790001973393
0.31532899993180763
0.36502600050880574
0.3342399995744927
0.3001389995915815
0.3027889997611055
0.3315149997433764
0.3040589999727672
0.2894990002459963
0.2930489999926067
0.636769000266213
0.6323839998003677
0.34032999974442646
0.3436899996813736
0.367790999916906
0.32391000058851205
0.5507169998963946
0.43542200000956655
0.30270899969764287
0.2905789997385
0.3430860006119474
0.32398500025010435
0.375282000277366
0.5426859997896827
0.28857399956905283
0.3000589995281189
0.2905789997385
0.3102789996773936
0.2964730001622229
0.28807400030927965
0.32778999957372434
0.32074499995360384
0.5725279997932375
0.36009100040246267
0.3039940002054209
0.3224000001864624
0.48536400026932824
0.3020290005224524
0.2984490001836093
0.30728399997315137
0.35859099989465903
0.2845580002031056
0.38017200040485477
0.3317800001241267
0.4219430002194713
0.3102290002061636
0.7350120004048222
0.31755000054545235
0.717242999598966
0.3462610002316069
0.30318900007841876
0.29879399971832754
0.3318599992780946
0.28985900007683085
0.6562960006704088
0.6430699995689793
0.744821999433043
0.33158499991259305
0.30574399988836376
0.28247399950487306
0.2942339997389354
0.36487600027612643
0.30258900005719624
0.7084160006343154
0.6612110000787652
0.38375199983420316
0.3067190000365372
0.3383700004633283
0.43735300005209865
0.3475299999990966
0.39557200034323614
0.2757780002866639
0.3605310002967599
0.2954740002678591
0.28321900026639923
0.347390000570158
0.27279900041321525
0.32200999976339517
0.6915710000612307
0.31152999963524053
1.2252659998921445
0.33225000061065657
0.34650500037969323
0.37306200010789325
0.31744899933983106
0.7615240001541679
0.350850999893737
0.38980200042715296
0.3885870000885916
0.28962400028831325
0.8509560002494254
0.3996619998360984
0.29420900045806775
0.3379640002094675
0.33861799965961836
0.3205299999535782
0.32261900014418643
0.5689070003427332
0.30341799993038876
0.3299999998489511
0.42912299977615476
0.30320899986691074
0.38338099966495065
0.3630620003605145
0.37432600038300734
0.3326209998704144
0.3634410004451638
0.299729000289517
0.3175000001647277
0.3020089998244657
1.0627020001265919
0.3125450002698926
0.7261020000441931
0.8619569998700172
0.3228490004403284
0.42198299979645526
0.3455010000834591
0.3374399993845145
0.35566600035963347
0.6653710006503388
0.32763400031399215
0.4070229997523711
0.27754799975809874
0.2698479993341607
0.36325099972600583
0.2743779996308149
0.315238999974099
0.37658699966414133
0.37879599949519616
0.6540100002894178
0.3041339996343595
0.6325399999695946
0.27685899931384483
0.31197399948723614
0.3035440004168777
0.2940089998446638
0.35488999947119737
0.29892400016251486
0.3142989999105339
0.3364100002727355
0.3780919996643206
0.4106920005142456
0.35797100008494454
0.4115629999432713
0.2968790004160837
0.41157200030284
0.3015890006281552
0.29637900024681585
0.29484900005627424
0.3990820005128626
0.303599000289978
0.3397899999981746
0.34316199980821693
0.6702909995510709
0.6826500002716784
0.35424099951342214
0.6931909992999863
0.6749209996996797
0.33998499930021353
0.36916600038239267
0.29310900026757736
0.6971210004849127
0.6500099998447695
0.7638829993084073
0.3196699999534758
0.3068799996981397
0.49086499984696275
0.32977999944705516
0.3725500000655302
0.3080400001636008
0.28181900052004494
0.3477509999356698
0.30274900018412154
0.3051090006920276
0.2810280002449872
0.6844610006737639
0.6947609999770066
0.3048939997825073
0.2910590001192759
0.3044889999728184
0.28546799967443803
0.3119100001640618
0.31861400020716246
0.3094789999522618
0.3318600001875893
0.3346800003782846
0.29312900005606934
0.30498999967676355
0.31917899923428195
0.3173200002493104
0.29543900018325076
0.3477399995972519
0.32558999919274356
0.60963800024183
0.2935189995696419
0.30599900037486805
0.31062500056577846
0.32849899980647024
0.29541900039475877
0.2681380001376965
0.2753590006250306
0.36400700082594994
0.35347099947102834
0.36479099981079344
0.3362500001458102
0.3182890004609362
0.5033459992773714
0.7150520004870486
1.220267000462627
0.3125000002910383
0.25349799943796825
1.3133399997968809
0.3542710001056548
0.3483000000414904
0.3351300001668278
0.34238599982927553
0.40050200004770886
0.3431799996178597
0.3075340000577853
0.3772610007217736
0.7456829998773173
3.1019839998407406
0.3540299994710949
0.3205900002285489
0.942408999435429
0.7594729995616945
0.32374999955209205
0.29157900007703574
0.3749819998120074
0.3800020003836835
0.35035100063396385
0.2657980003277771
0.396112000089488
0.2965690000564791
1.4853650000077323
0.5796169998575351
0.311349000185146
0.3168499997627805
0.27972799944109283
0.33121999967988813
0.3289500000391854
0.32218000069406116
0.3777620004257187
0.3920819999621017
0.3404600001886138
0.3026790000149049
1.526655999441573
0.8149049999701674
0.3345720006109332
0.46328099961101543
0.28512399967439706
0.29003300005570054
0.293008999506128
0.2898379998441669
0.32711499989090953
0.2836089997799718
1.9679049992191722
0.3289400001449394
0.2855180000551627
0.3199200000381097
0.33041000006051036
0.764673999583465
0.6904909996592323
0.3565010001693736
0.340470999617537
0.3970019997723284
0.34241499997733627
0.2848679996532155
0.33623499984969385
0.3319809993627132
0.6965120001041214
0.29143899973860243
0.652240000817983
0.28928800020366907
0.5623369997920236
0.2816080004777177
0.3065490000153659
0.3623510001489194
0.31702900014352053
0.3472910002528806
0.29686899961234303
1.455653999983042
0.3467209999143961
0.7726740004727617
0.9157980002783006
0.32152899984794203
0.498766000418982
0.38861200027895393
0.2942490000350517
0.28980799925193423
1.0012999991886318
0.8194949996322975
0.3653409994512913
0.3101400006926269
0.28349900003377115
0.3026590002264129
0.3415399996811175
0.28110800030844985
0.34816099923773436
0.29993899988767225
0.3411699999560369
0.3509499993015197
0.30929999957152177
1.0908739996011718
0.7802479995007161
0.2795689997583395
0.39829700017435243
0.5554059998758021
0.4170279999016202
0.3666259999590693
0.26655000056052813
0.2506949995222385
0.2859289998013992
1.0871029999179882
0.7389729998976691
0.3100100002484396
0.3454200004853192
0.3096190002906951
0.31133999982557725
0.36818100033997325
0.3105300002061995
0.6423900003937888
0.3707710002345266
0.3614820006987429
0.551575999452325
0.2857879999282886
0.25920799998857547
0.3924570000890526
1.190706000670616
0.29417899986583507
0.3091349999522208
0.2917179999712971
0.3020789999936824
0.7431829999404727
0.32456000008096453
0.3189489998476347
1.17556599980162
0.25408799956494477
0.27363799927115906
0.3291299999546027
1.158555000074557
0.6932910000614356
0.36550200002238853
0.3652909999800613
0.36321100014902186
0.3096190002906951
0.3027700004167855
0.7579830007671262
0.6743310004821979
0.3566510004020529
0.28266800018172944
0.3125399998680223
0.32188000022870256
0.27937800041399896
0.2742179995038896
0.5575069999395055
0.3962110004067654
0.30350899942277465
1.0849039999811794
0.3099099994869903
0.6825210002716631
1.2864789996456238
0.3204399999958696
0.2790280004774104
0.3779119997489033
0.346190000527713
0.30528000024787616
0.3617110005507129
0.7110110000212444
0.2781180000965833
0.32654000006004935
0.7490029993277858
0.30785900071350625
1.135544000135269
0.2716589997362462
0.34579000021039974
0.24878800013539148
0.33375900056853425
0.7238520001919824
0.6770910003979225
0.3423210000619292
0.2824889998009894
0.3193689999534399
0.9170480007014703
0.3387059996384778
0.3330950003146427
0.3407300000617397
0.3555209996193298
0.3010749996974482
0.30344400056492304
0.67894099993282
0.3388459999769111
0.3843320000669337
0.38199099981284235
0.3673820001495187
0.3590830001485301
0.3783809997912613
0.28409900005499367
0.5937579999226728
0.6616900000153692
1.1301269996693009
0.2580380005383631
0.2833640000972082
0.3780010001719347
0.3709109996634652
0.33970599997701356
0.6373200003508828
0.7366070003627101
1.2457580005502678
0.3150790007566684
0.27379800030757906
0.29654900026798714
0.27554400003282353
0.47240900039469125
0.8243459997174796
0.6376890005412861
1.2664590003623744
0.29345900020416593
0.28106799982197117
0.44333799996820744
0.23773700013407506
0.3117199994449038
0.23894700007076608
0.3310550000605872
0.2867029998014914
0.3168900002492592
0.7600530007039197
0.33168000027217204
0.3115439994871849
0.31856900022830814
0.5226559997026925
0.28322900016064523
0.2678769997146446
0.2920599999924889
0.3652810000858153
0.2893979999498697
0.27701899944077013
0.4457539998838911
1.1027729997294955
0.4013719999420573
0.41538200002833037
0.26571800026431447
0.34195500029454706
0.6288690001383657
0.473125000098662
0.31421899984707125
0.3575959999579936
1.2247380000189878
0.3235590002077515
0.7261820001076558
0.5282960000840831
0.3355250000822707
0.5505469998752233
0.26345200058131013
0.32173600084206555
0.4981560005035135
0.7206620002762065
0.32571500014455523
0.36850100059382385
0.41189300009136787
0.35112099976686295
0.28939899948454695
0.3190789993823273
0.3186900003129267
0.3085849994022283
0.2977390004161862
0.2929740003310144
0.3221789993403945
0.3367609997440013
0.3423210000619292
0.3379300005690311
0.3105949999735458
0.32148500031325966
1.0289909996572533
0.722712000424508
0.3163840001434437
0.32584500058874255
0.30523900022672024
0.3160940004818258
0.306029000057606
0.28619400018214947
0.31997899986890843
0.299739000183763
0.32702000044082524
0.3468310005700914
0.33752000035747187
0.28861900045740185
0.3289950000180397
0.32278999970003497
0.28725299944198923
0.29128899950592313
0.301940000099421
0.7690530001127627
0.3070540005865041
0.3521649996400811
0.34275099915248575
0.29776900009892415
0.2588379993540002
0.3160699998261407
0.4829300005440018
0.3005440003107651
0.26781299948197557
0.29583400009869365
0.3074389996982063
0.2941190005003591
0.3255400006310083
0.2992890003952198
0.2869690006264136
0.2864879998014658
0.3036699999938719
0.6898510000610258
0.3297599996585632
0.31226000010065036
0.3104900006292155
0.2705130000322242
0.3014540006915922
0.26064800022140844
0.3175100000589737
0.29996900047990493
0.29155900028854376
0.30397899990930455
0.31778499942447525
0.3077390001635649
0.3020040003320901
0.2880550000554649
0.26712399994721636
0.2914079996116925
0.2940990007118671
0.4259629995431169
0.31353000031231204
0.23901799977465998
0.3169700003127218
0.2827079997587134
0.2705979995880625
0.35746100002143066
0.3021339998667827
0.29367399929469684
0.2983590002259007
0.33002500003931345
0.28516400016087573
0.29698900016228436
0.2811879994624178
0.26158800028497353
0.28613900030904915
0.2921390005212743
0.4845040002692258
0.30397500086110085
0.3349149992573075
0.3443909999987227
0.34408999999868684
0.7287219996214844
0.32229899989033584
0.2845879998858436
0.2805989997796132
0.3196199995727511
0.3336099998705322
0.2721979999478208
0.29466900014085695
0.3044989998670644
0.326276000123471
0.3491460001896485
0.501015999361698
0.281398999504745
0.2592470000308822
0.2821589996528928
0.28839999959018314
0.29025799994997215
0.2832789996318752
0.3544950004652492
0.26025299939647084
0.28882799961138517
0.31252899952960433
0.963160000537755
0.3165799998896546
0.24049700004979968
0.31939000018610386
0.3218299998479779
0.31214799946610583
0.35717100035981275
0.28798899984394666
0.28397900041454704
0.2831680003509973
0.35637100063468097
0.2986190002047806
0.2986290000990266
0.2919349999501719
0.30408400016312953
0.2990400007547578
0.3198790000169538
0.39755799934937386
0.2753230000962503
0.7307220002985559
0.7743230007690727
0.29401899973890977
0.30196899933798704
0.2616080000734655
0.27970800056209555
0.3028190003533382
0.3478010003163945
0.254706999839982
0.332845999764686
0.27193200003239326
0.31137000041780993
0.30721900020580506
0.2870090002033976
0.3183389999321662
0.25060700045287376
0.2654780000739265
0.32980000014504185
0.24902800032577943
0.4330930005380651
0.6329580000965507
0.4298530002415646
0.6468310002674116
0.48114400033227867
0.3202600000804523
0.29655900016223313
0.2825880001182668
0.3004000000146334
0.31111000043893
0.31651900008000666
0.317031999657047
0.32436800029245205
0.3056599998672027
0.29800199990859255
0.30568700003641425
0.3297599996585632
0.2522999993743724
0.3062470004806528
0.31275000037567224
0.5584470000030706
0.7391319995804224
0.36200100021233084
0.3023389999725623
0.7815640001354041
0.31576899982610485
0.3583010002330411
0.29975899997225497
0.29465900024661096
0.3015550000782241
0.30651399993075756
0.2694280001378502
0.26350900043325964
0.330519999806711
0.2654780000739265
0.3144390002489672
0.2958589993795613
0.7534119995398214
0.5674869998983922
0.3543409993653768
0.3152330000375514
0.297526999929687
0.847475999762537
0.33897000048455084
0.2784280004561879
0.2897990007113549
0.2895090001402423
0.31311900056607556
0.3088100002059946
0.2751789998001186
0.29312900005606934
0.3254849998484133
0.31955400027072756
0.29035900024609873
0.2664180001374916
0.36257099964132067
0.9063569996214937
0.7534380001743557
0.30589399921154836
0.3398910002943012
0.5379559997891192
0.3106499998466461
0.3084390000367421
0.2902189999076654
0.3304510000816663
0.29815800007781945
0.27739800043491414
0.3018590005012811
0.2657229997566901
0.30810400039626984
0.32513000041944906
0.31869899976300076
0.3139400005238713
0.2869539994208026
0.3609260002122028
0.302188999739883
0.32881899915082613
0.24204700002883328
0.5829179999636835
0.683049999679497
0.41504299952066503
0.31539000065095024
0.7589529996039346
0.31212999965646304
0.36251599976822035
0.30506900020554895
0.3241000003981753
0.34137500006181654
0.3492559999358491
0.2756929998213309
0.3267700003561913
0.3083199999309727
0.28047800060448935
0.2961039999718196
0.3219600002921652
0.8693270001458586
0.3141249999316642
0.4958750005243928
0.4111620000912808
0.3249890005463385
0.2765790004559676
0.3014940002685762
0.28963399927306455
0.31607900018570945
0.3250050003771321
0.2976440000566072
0.30801899993093684
0.32579399976384593
0.3110450006715837
0.2705529996092082
0.34839599993574666
0.28618800024560187
0.3054490007343702
0.3283989999545156
0.28457900043576956
0.35297100021125516
0.532616000782582
0.43904299946007086
1.1732659995686845
0.44117800007370533
0.30870399950799765
0.40827199973136885
0.2899880000768462
0.3103220005868934
0.34543800029496197
0.2894510007536155
0.29960699976072647
0.27333800062478986
0.3408029997444828
0.32708300022932235
1.0318009999537026
0.2966190004372038
0.2853239993783063
0.38290099928417476
0.33377100044162944
0.34411099932185607
0.6984909996390343
0.3384399997230503
0.31573900014336687
0.32337500033463584
0.26285300009476487
0.3070740003749961
0.3425700006118859
0.3291349994469783
0.33300099948974093
0.25568800083419774
0.2801280006679008
0.30580499969801167
0.7567470001959009
1.107514000068477
0.5134160001034616
0.6467809998866869
0.308470000163652
0.28914799986523576
0.3272499998274725
0.35543099966162117
0.24982800005091121
0.266318000285537
0.3479799997876398
0.29246899975987617
0.31677999959356384
0.3177999997205916
0.2837790007106378
0.27000700083590345
0.38004199996066745
0.9981610000977525
0.7217519996629562
0.3325399993627798
0.2898989996538148
0.33457999961683527
0.3047399995921296
0.3281600002082996
0.33582000014575897
0.24905700047384016
0.3178409997417475
0.30249000064941356
0.2818590000970289
0.28606800060515525
0.338554000336444
0.39682999977230793
0.29177199940022547
0.3072770005019265
1.3399700001173187
0.36274099966249196
0.5224159995123046
0.3362300003573182
0.2953490002255421
0.6682000002911082
0.5178250003154972
0.29853900014131796
0.34416299968142994
0.37284099926182535
0.27527499969437486
0.32688000010239193
0.3249100000175531
0.31247900005837437
0.3012290007973206
0.3031289998034481
0.3914720000466332
0.30180900012055645
0.8857570001055137
0.370860000657558
0.3008189996762667
0.3335410001454875
0.3610109997680411
0.3772330001083901
0.47928200001479127
0.2744879993770155
0.36028100021212595
0.31002899959275965
0.3232300005038269
0.3320890000395593
0.32510100027138833
0.2775309994831332
0.31640699944546213
0.2789210002447362
0.246184999923571
0.33985000027314527
0.27056800081481924
0.31298099929699674
0.33246000020881183
0.29444800020428374
0.26667800011637155
0.8420510002906667
0.6856310001239763
0.31199399927572813
0.2966490001199418
0.31434500033356017
0.27527899965207325
0.2942240007541841
0.2814479994412977
0.2731080003286479
0.29560900020442205
0.30396900001505855
0.27456799944047816
0.27103799948235974
0.27928300005441997
0.30324399995151907
0.29468899992934894
0.3403110004001064
0.639200000478013
0.34025100012513576
0.5685529995389516
