payload_size_bytes=10240
runs=1000
mean_ms=0.379
median_ms=0.317
stddev_ms=0.199
min_ms=0.237
max_ms=2.231
---raw---
0.8436070002062479
0.5582069998126826
0.4183730006843689
1.1326840003675898
0.5797490002805716
0.3771520005102502
0.37479200000234414
0.7780619998811744
0.42477500028326176
0.34950000008393545
2.0818729999518837
1.4766460008104332
0.4267109998181695
0.49920499986910727
0.6062190004740842
0.8745569994061952
0.6234189995666384
1.2473280003177933
0.29248899954836816
0.45306399988476187
0.4487930000323104
0.3843419999611797
0.3006490005645901
0.39770199964550557
0.3137089997835574
0.3281109993622522
0.3479899996818858
0.5522669998754282
0.37059199985378655
0.26608799998939503
0.2829690001817653
0.31204900005832314
0.2992190002260031
0.2877890001400374
0.2810890000546351
0.3168299999742885
0.29096800062689
0.30350900033226935
0.31367999963549664
0.3003290003107395
0.3143300000374438
0.30320899986691074
0.3003390002049855
0.2820680001605069
0.334340000335942
0.47018399982334813
0.2655279995451565
0.30538899954990484
0.2839090002453304
0.29249900035210885
0.32001999989006435
0.2713090007091523
0.3102099999523489
0.3619010003603762
0.5819579992021318
0.3308100003778236
0.2945890000773943
0.3246300002501812
0.348230999406951
0.2959989997179946
0.5849669996678131
0.32098999963636743
0.3039700004592305
0.2936689998023212
0.5213860004005255
0.2975090001200442
0.3388300001461175
0.4620540003088536
0.29777899999317015
0.4604239993568626
0.3241300000809133
0.3582010003810865
0.32753499999671476
0.2871790002245689
0.30780399993091123
0.30365899965545395
0.354760999471182
0.3330199997435557
0.3315699996164767
0.34878099995694356
0.325229999361909
0.33540000003995374
1.061201000084111
0.3257849994042772
0.39856700004747836
0.31252899952960433
0.32468000063090585
0.2896089999921969
0.32183900020754663
0.36567699953593547
0.2826979998644674
0.2813279998008511
0.33248499948967947
0.3277100004197564
0.3289699998276774
0.5543360002775444
0.32623999959469074
0.2945790001831483
0.7488629998988472
0.27964899982180214
0.2843989996108576
0.292998999611882
0.7328020001295954
0.6038679994162521
0.3073190000577597
0.29826900026819203
0.28889900022477377
0.2957189999506227
0.9764589995029382
0.3314499999760301
0.34589999995660037
0.30632900052296463
0.31115999991015997
0.29568799982371274
0.3042389998881845
0.37115099985385314
0.4506529994614539
0.2821790003508795
0.3650310000011814
0.8453259997622808
0.43195299986109603
0.3179400000590249
0.5690479993063491
0.3943820001950371
0.31314900024881354
0.4177820001132204
0.2732480006670812
0.30055899969738675
0.30070899993006606
0.2822679998644162
0.47573400024703005
0.35955200019088807
0.33558500035724137
0.294438999844715
0.29359899963310454
0.3260299999965355
0.5622170001515769
0.3175790006935131
0.2746780000961735
1.1619050001172582
0.8914519994505099
0.4026319993499783
0.41028200030268636
0.9529090002615703
0.3706010002133553
0.26654799967218423
0.30726900058652973
0.3052400006708922
0.2501680000932538
0.2639479998833849
0.3132090005237842
0.2746579993981868
0.3120540004601935
0.2855930006262497
0.3328399998281384
0.32604999978502747
0.3085150001425063
0.2366679991609999
0.2919290000136243
0.2892740003517247
1.0436909997224575
0.7731440000497969
0.3737209999599145
0.3218500005459646
0.28386800022417447
0.2998589998242096
0.28690899944194825
0.3199909997420036
0.317650000397407
0.5004060003557242
0.32610600010229973
0.2929740003310144
0.32223000016529113
0.3564810003808816
0.27631800003291573
0.288213000203541
0.36848099989583716
0.3892819995598984
1.1913159996765899
0.38051200044719735
0.3065450000576675
0.333140000293497
0.43393299984018086
0.33708999944792595
0.36060099955648184
0.2981789994009887
0.27722800041374285
0.3750609994312981
0.31618000048183603
1.1605560002863058
0.38097200012998655
0.3216899995095446
0.28368899984343443
0.3461300002527423
0.44465300015872344
0.37421100023493636
0.3180599996994715
0.31082899931789143
0.32259900035569444
2.2311679995254963
0.6998010003371746
0.46862399995006854
0.3199499997208477
0.30055899969738675
0.31259000024874695
0.47508399984508287
0.2622480005811667
0.27466900064609945
0.2979789996970794
0.3584709993447177
0.3875620004691882
0.41344299916090677
0.30491899997286964
0.31233899971994106
0.3307799997855909
0.290777999907732
0.5667280001944164
0.29989799986651633
0.38315199981298065
0.30503900052281097
1.1615250004979316
0.5855899999005487
0.31964699974196265
0.3034589999515447
0.34977999985130737
0.27290799971524393
0.28544799988594605
0.2927189998445101
0.29590899976028595
0.28709900016110623
0.7228009999380447
0.2913449998231954
0.32450400067318697
0.3444860003583017
0.27328900068823714
0.31831999967835145
0.2668329998414265
0.5187370006751735
0.29324899969651597
0.44493299992609536
0.3685609999592998
0.37928200072201435
0.43662400003086077
0.8254450003732927
0.30430900005740114
0.654460000077961
0.30381899978237925
1.1423750001995359
0.31760899946675636
0.3654310003184946
0.29822899978171336
0.2833079997799359
0.4006429999208194
0.3381489996172604
0.3100889998677303
0.32312000075762626
0.38351300008798717
0.35642100010591093
0.2858179996110266
0.2983699996548239
0.3321799995319452
0.28940900028828764
0.28916799965372775
0.3334399998493609
0.430933000643563
0.4867150000791298
0.2735879997999291
0.34925500040117186
0.5509870006790152
0.2991900000779424
0.286659000266809
0.29360900043684524
0.3034700002899626
0.2809590005199425
0.2851589997590054
0.28125799963163445
0.3106599997408921
0.29608899967570323
0.32839999948919285
0.31738000052428106
0.37141099983273307
0.6393799994839355
0.29076899954816326
0.3586310003811377
1.404542000273068
0.31403499997395556
0.312559000121837
0.8816770005068975
0.37953700029902393
0.31024999952933285
0.2780479999273666
1.4119279994702083
0.3519410001899814
0.2938490006272332
0.3408510001463583
0.29973399978189263
0.2762629992503207
0.3032950007764157
0.2955290001409594
0.28830299925175495
0.29185899984440766
0.28713800020341296
0.29651900058524916
0.2829189998010406
0.35249100073997397
0.3410099998291116
0.3381509995961096
0.39182199998322176
0.31759900048200507
0.5715369998142705
0.3203799997208989
0.27895799939869903
0.28161899990664097
0.675260000207345
1.2107469992770348
0.33466499917267356
0.2973040000142646
0.28582499999174615
0.32637000003887806
0.3132700003334321
0.28396300058375346
0.3340399998705834
0.326361000588804
0.29836900012014667
0.3158549998261151
0.2792979994410416
0.30191000041668303
0.3593359997466905
0.3278800004409277
0.2832179998222273
0.34360000063315965
0.28908900003443705
0.28091799958929187
0.3467400001682108
0.2858990001186612
0.288069000816904
0.518366000505921
0.38331599989760434
0.7245920005516382
0.9042430001500179
0.29887300024711294
0.3349150001668022
0.3050189998248243
0.29638900014106184
0.32624999948893674
0.28576800013979664
0.2955740001198137
0.34557100025267573
0.2981990000989754
0.34579600014694734
0.33059999987017363
0.31790899993211497
0.32542999997531297
0.38208200021472294
0.39247199947567424
0.7091719999152701
0.3110389998255414
0.28675900011876365
0.7022310001048027
0.31346900050266413
0.29311900016182335
0.30861499999446096
0.3127789996142383
0.3284399999756715
0.3801869997914764
0.30174400035321014
0.2691980007512029
0.3154200003336882
0.29576300039479975
0.35462200048641535
0.3451999991739285
0.29558900041593006
0.3719420001289109
0.3093799996349844
0.7112120001693256
0.6580400004168041
0.4413779997776146
0.2916789999289904
0.3439049996813992
0.3677019994938746
0.2974939998239279
0.3220149992557708
0.34578000031615375
0.31400000079884194
0.34617100027389824
0.2997980000145617
0.30313999923237134
0.28078800005459925
0.31250499978341395
0.30885000069247326
0.30312399940157775
0.3003589999934775
0.3635809998741024
0.2974990002257982
0.2961390000564279
0.2886590000343858
0.32794999970064964
0.29362799978116527
0.32957500025077024
0.29263899978104746
0.2962990001833532
0.2947789998870576
0.27110899918625364
0.28971299980184995
0.30844899993098807
0.29653500041604275
0.30449400037468877
0.30286899982456816
0.29774499944323907
0.2953240000351798
1.0941329992419924
0.7454520000464981
0.4123430007894058
0.32067000029201154
0.30646899995190324
0.329250000504544
0.29762900066998554
0.30887000048096525
0.32420000025012996
0.3091290000156732
0.31435500022780616
0.2979890005008201
0.27426400083641056
0.28218800071044825
0.31042000045999885
0.3176560003339546
0.3016890004801098
0.28093799937778385
0.32503500005987007
0.716001999535365
0.3379700001460151
0.2900079998653382
0.29463900045811897
0.32485000065207714
0.30496999988827156
0.3783169995585922
0.3531909997036564
0.29485300001397263
0.2981990000989754
0.35393100006331224
0.29694800014112843
0.28953900073247496
0.34896099987236084
0.29374899986578384
0.33302600058959797
0.32492499940417474
0.2933589994427166
0.3249400006097858
0.37118199998076307
0.3120849996776087
1.2244519994055736
0.30386999969778117
0.2969189999930677
0.2732230004767189
0.35537999974621926
0.3000840006279759
0.28681799994956236
0.3539709996402962
0.30551899999409216
0.2851189992725267
0.33427000016672537
0.3256410000176402
0.33367000014550285
0.3156490001856582
0.3221500001018285
0.348440999914601
1.0311519999959273
0.32151899995369604
0.29822899978171336
0.3267760002927389
0.2705830002014409
0.34270000014657853
0.331739999637648
0.2656440001373994
0.2933490004579653
0.2821629996105912
0.2726580005401047
0.3081989998463541
0.3106989997831988
0.31924999984767055
0.2955489999294514
0.2637130000948673
0.9467790005146526
0.3439550000621239
0.3192900003341492
0.31637900065106805
0.30287899971881416
0.3045089997613104
0.35494599978846963
0.3744309997273376
0.29408299997157883
0.3498760006550583
0.3683360000650282
0.3202899997631903
0.27971799954684684
0.30984900058683706
0.30872000024828594
0.2840690003722557
0.2835389996107551
0.2741489997788449
0.2870289999918896
0.3064620004806784
0.33827700008259853
0.30525999954988947
0.2682679996723891
0.2914790002250811
0.3853250000247499
0.29134600026736734
0.28257899975869805
0.29420099963317625
0.3393400002096314
0.32505899980606046
0.305467000544013
0.31132000003708526
0.6763609999325126
0.32380500033468707
0.3101940001215553
0.3367299996170914
0.30240899923228426
0.43190300038986607
0.3860930000882945
0.3066099998250138
0.3352900002937531
0.2958089999083313
0.31978900005924515
0.3069320000577136
0.35019900042243535
0.3691510000862763
0.3022320006493828
0.26897600037045777
0.32400899999629473
0.29587899916805327
0.29743899995082757
0.29063900001347065
0.2959489993372699
0.3299099998912425
0.3092990000368445
0.32283999917126494
0.3198099993824144
0.30662899916933384
0.25970800015784334
0.53264600046532
0.3382909999345429
0.41183200028171996
0.2755590003289399
0.8307750003950787
0.2861279999706312
0.34742099978757324
0.30495999999402557
0.31400999978359323
0.2904980001403601
0.2958089999083313
0.29340899982344126
0.40175200047087856
0.2933189998657326
0.3234389996578102
0.2747879998423741
0.30812899967713747
0.27940800009673694
0.29438900037348503
0.3284900003563962
0.2971109997815802
0.35280100019008387
0.33985999925789656
0.431590000516735
0.34832100027415436
0.28039900007570395
0.31116999980440596
0.2980599992952193
0.3298190003988566
0.2731180002228939
0.31714899978396716
1.9038480004383018
0.3800610002144822
0.3507209994495497
0.2894790004575043
0.4996150000806665
0.6910910005899495
0.2928989997599274
0.3387400001884089
0.348649999978079
0.2828679998856387
0.37952100046823034
0.3363999994689948
0.30550899919035146
0.2834880006048479
0.30509499993058853
0.2842189996954403
0.29612399976031156
0.3161100003126194
0.3575199998522294
0.35097100044367835
0.27890799992746906
0.4643239999495563
0.3020189997187117
0.2909089998865966
0.28066799950465793
0.2862290002667578
0.33093299953179667
0.3065569999307627
0.33120999978564214
0.26548900041234447
0.3275240005677915
0.3273760003139614
0.3713709993462544
0.37905699991824804
0.33595100012462353
0.30375400001503294
0.5581559998972807
0.35805200059257913
0.4776050000145915
0.299528999676113
0.29164399984438205
0.27532799958862597
0.3396809997866512
0.3035989993804833
0.3093449995503761
0.3136790001008194
0.306154000099923
0.40554700080974726
0.4418240005179541
0.43023299986089114
0.3430599999774131
0.36251000074116746
0.34865099951275624
0.2887440004997188
0.43516299956536386
0.8414960002482985
0.3212790006728028
0.3198140002496075
0.3326559999550227
0.29935900056443643
0.3242600005251006
0.30228900050133234
0.3104490006080596
0.2811980002661585
0.284038999780023
0.3629459997682716
0.31848000071477145
0.3178289998686523
0.3294300004199613
0.3527649996613036
0.29859400001441827
0.30060999961278867
0.6096289998822613
0.3131700004814775
0.3334100001666229
0.28798900075344136
0.3252689994042157
0.5661880004481645
0.33020899991242914
0.31541899988951627
0.28257899975869805
0.3487699996185256
0.37508199966396205
0.35311100054968847
0.3194800001438125
0.3396499996597413
0.3039700004592305
0.2772070001810789
0.30115899971860927
0.3081599998040474
0.42521199975453783
0.3572910000002594
0.34995999976672465
0.5388760000641923
0.4071529992870637
0.6962400002521463
0.31678999948780984
0.2825880001182668
0.29048899978079135
0.3211600005670334
0.2697280006032088
0.2963779998026439
0.27619899992714636
0.32901000031415606
0.31728499925520737
0.3364550002515898
0.298354000733525
0.30516400056512794
0.3527809994920972
0.3144550000797608
0.29699900005653035
0.2696880001167301
0.5054900002505747
0.6065239995223237
0.8396499997616047
0.3142499999739812
0.3007440000146744
0.3114199998890399
0.31674000001657987
0.27688799946190557
0.3175349993398413
0.2967989994431264
0.2941640004792134
0.34990499989362434
0.2924190002886462
0.2887880000344012
0.3255599995100056
0.3002089997607982
0.2696740002647857
0.7541740005763131
0.305983999169257
0.3115090003120713
0.36246099989512004
0.5766869999206392
0.38217099972825963
0.2668779998202808
0.31189899982564384
0.33809100023063365
0.2780089998850599
0.2869990003091516
0.43769300009444123
0.37920100021437975
0.2898089996961062
0.42642399967007805
0.2998689997184556
0.2953690000140341
0.32035999993240694
0.3401200001462712
0.4137919995628181
0.2902189999076654
0.30563000018446473
0.3149799995298963
0.281837999864365
0.24190699969039997
0.31173899969871854
0.3741509999599657
0.2795079999486916
0.28077800016035326
0.636519000181579
0.3341430001455592
0.3051369994864217
0.37463599983311724
0.2836989997376804
0.3149289996144944
0.30424400029005483
0.2865289998226217
0.291969000500103
0.31271999978343956
0.33117200018750736
0.3541810001479462
0.29988599999342114
0.32998000006045913
0.30348899963428266
0.2838910004356876
0.3583410007195198
1.0412010005893535
0.6203590000950499
0.4598519999490236
1.306423999267281
1.9672199996421114
0.36440599978959654
0.3044799996132497
0.34341599985054927
0.38926700017327676
0.4446240000106627
1.0155800000575255
0.7989039995663916
0.39383200055453926
0.37615200017171446
0.32607000048301416
0.35151999964000424
0.3257710004618275
0.4414040004121489
0.27465900075185345
0.3929610002160189
0.29949899999337504
0.2847099995051394
0.2730530004555476
0.33164000069518806
0.27135299933434
0.38662699989799876
0.29026799984421814
0.35249499978817767
0.2765580002233037
0.3372900000613299
0.2823089998855721
0.3782220001085079
0.6102490006014705
0.2910290004365379
0.37661199985450367
0.25721800011524465
0.8919769998101401
0.5213949998505996
0.4234830003042589
0.37199199960014084
0.3029389999937848
0.30128999969747383
0.34474099993531127
0.3428999998504878
0.31136999950831523
0.2894690005632583
0.3656609997051419
0.9840299999268609
0.9195479997288203
0.3218990004825173
0.31191899961413583
0.5356960000426625
0.39958200068213046
0.2805579997584573
0.317630000608915
0.32729000031395117
0.3203690002919757
0.25916699996741954
0.36590199943020707
0.32928300061030313
0.2916590001404984
0.35352800023247255
0.3116890002274886
0.4521040000327048
0.6150680001155706
0.3655909995359252
0.3107900001850794
0.3102000000581029
0.5674770000041462
0.652259000162303
0.35436699999991106
0.27446400054031983
0.31185899933916517
0.2856639994206489
0.29789299969706917
0.3052789998037042
0.3094000003329711
0.3258799997638562
0.28058899988536723
0.4072029996677884
0.27426799988461426
0.30407999929593643
0.28611899961106246
0.3167889999531326
0.3637099998741178
0.33462999999755993
0.2886590000343858
0.3379299996595364
0.670940999953018
0.5186060006963089
0.5857280002601328
1.1837590000141063
0.2941590000773431
0.3051570001844084
0.34112000048480695
0.3485509996608016
0.3822009994109976
0.2733530000114115
0.3601950002121157
0.276278999990609
0.3004790005434188
0.29174900009820703
0.2805989997796132
0.2940879994639545
0.27963899992755614
0.2844379996531643
0.29344899940042524
0.47499400079686893
0.3359399997862056
0.2936250002676388
0.35936499989475124
0.3998219999630237
0.29159899986552773
0.30800900003669085
0.3117890000794432
0.291778999780945
0.3006490005645901
0.49254499936068896
0.3115290001005633
0.27525899986358127
0.2846100005626795
0.2833739999914542
0.28791400018235436
0.2897200001825695
0.28572400060511427
0.28395300068950746
0.3183700000590761
0.3757109998332453
0.31357900024886476
0.3116890002274886
0.3323700002511032
0.3144289994452265
0.43171800007257843
0.2911930005211616
1.044377000653185
0.49025499993149424
0.25976699998864206
0.28522899992822204
0.2690230003281613
0.3348599993842072
0.2844990003723069
0.28401800045685377
0.43765299960796256
0.33954999980778666
0.2705430006244569
0.258691999988514
0.2763279999271617
0.3370909998920979
0.29312899914657464
0.3491500001473469
0.2873289995477535
1.1165449996042298
0.5821679997097817
0.5603869994956767
0.30341999990923796
0.2764089995253016
0.27737799973692745
0.2728409999690484
0.32914799976424547
0.2833479993569199
0.27154100007464876
0.34763799976644805
0.31506999948760495
0.257880000390287
0.35250700057076756
0.29890999940107577
0.2821279995259829
0.31359099921246525
0.2698479993341607
0.3664190007839352
0.5923680000705644
0.3279590000602184
0.3178189999744063
0.29913900016254047
0.43887300034839427
0.2985890005220426
0.28070900043530855
0.29692000043723965
0.3968359997088555
0.2645680006025941
0.26649799929145956
0.33434499982831767
0.2939389996754471
0.31365999984700466
0.31204500010062475
0.30002600033185445
0.3173400000378024
1.0724709991336567
0.317439999889757
0.2895090001402423
0.7122209999579354
0.32361000012315344
0.28170800032967236
0.2952189997813548
0.40894300036597997
0.3381710002940963
0.34520099961810047
0.2646570001161308
0.35455099987302674
0.2906500003518886
0.27604099977907026
0.3078069994444377
0.30316900028992677
0.30092999986663926
0.3712520001499797
0.2999090002049343
0.2744979992712615
0.3207499994459795
0.3185199993822607
0.3587199998946744
0.3577920006136992
0.34452999989298405
0.37887100006628316
0.31346899959316943
0.30193899965524906
0.2953610000986373
0.2822359992933343
0.3832120000879513
0.7407819994114107
0.31672300065110903
0.3230070005884045
0.3142890000162879
0.29590899976028595
0.298354000733525
0.31353400027001044
0.27525099994818447
0.3071979999731411
0.3588760000639013
0.30740900001546834
0.3642310002760496
0.28972299969609594
0.3045390003535431
0.6038980000084848
0.6998710005063913
0.3147939996779314
0.8146899999701418
0.5299690001265844
0.2793459998429171
0.26340800013713306
0.3144789998259512
0.3222999994250131
0.39918099992064526
0.3182299997206428
0.2750109997577965
0.2562360004958464
0.27761900037148735
0.3309800003989949
0.32221999936155044
0.31583000054524746
0.7924540004751179
0.6893009995110333
0.37676200008718297
0.2844010004992015
