payload_size_bytes=10240
runs=1000
mean_ms=0.422
median_ms=0.321
stddev_ms=0.281
min_ms=0.214
max_ms=2.612
---raw---
0.35718100025405874
0.2916490002462524
0.29700900086027104
0.28553900028782664
0.34415100071782945
0.3168889998050872
0.2941689999715891
0.31701900024927454
0.3785009994317079
0.3556909996405011
1.0516920001464314
0.39802199989935616
0.3599600004235981
0.3687409998747171
0.34386100014671683
0.3705509998326306
0.5036450002080528
0.35810099961963715
0.3260789999330882
0.8210949999920558
0.4490729997996823
0.40406199968856527
0.42135300009249477
0.36755099972651806
0.3386899998076842
0.3494200000204728
0.33545099995535566
0.2882489998228266
0.3285000002506422
0.2634680004121037
0.36680100038211094
0.3476009997029905
1.7066119999071816
1.82341500021721
0.6869310000183759
0.2980290000778041
0.39383200055453926
0.3378909996172297
0.4318129995226627
0.40054199962469283
0.3660909997051931
0.8966169998529949
0.3957620001528994
0.29872899995098123
0.31009999929665355
0.3267600004619453
0.29963899942231365
0.3198099993824144
0.32852999993338017
0.31108900020626606
0.2916889998232364
0.29963900033180835
0.32946999999694526
0.3216189998056507
0.7892240000728634
0.29932899997220375
0.39677200038568117
0.34396099999867147
0.32327999997505685
0.2870289999918896
0.3194900000380585
0.2870580001399503
0.31072999991010875
0.3202200005034683
0.3241499998694053
0.7050520007396699
0.3734419997272198
0.31259000024874695
0.30628900003648596
2.2106970000095316
0.29314899984456133
1.6542699995625298
0.6977910006753518
0.3392099997654441
0.28334899980109185
0.49166499957209453
0.30725900069228373
0.3477810005279025
0.2668779998202808
0.9729390003485605
0.9363480003230507
0.43937299960816745
0.7539230000475072
0.29093899956933456
0.3234799996789661
0.32391999957326334
0.33426999925723067
0.37781100036227144
0.31755999953020364
0.3481410003587371
0.2742380002018763
0.3384299998288043
0.3079899997828761
0.26928800070891157
0.5213060003370629
0.35127099999954225
0.7981640001162305
0.3702809999595047
0.39511199975095224
0.32104900037666084
0.27517799935594667
0.2899789997172775
0.2927389996330021
0.295658999675652
0.3010000000358559
0.28812900018237997
0.28567899971676525
0.2886689999286318
0.2928590001829434
0.30611900001531467
0.28843899963248987
0.7901449998826138
0.482065000142029
0.26122800045413896
0.3435609996813582
1.0672329999579233
0.31546899936074624
0.30008900012035156
0.2671980000741314
0.7935450003060396
0.25331800043204566
1.2814589999834425
1.9831200006592553
0.360031000127492
0.3713119995154557
1.4005920002091443
0.3834509998341673
0.31646000024920795
0.5061560004833154
0.27628800035017775
0.5333760000212351
1.9960609997724532
0.3411699999560369
0.311359000079392
0.28643899986491306
0.3096390000791871
0.8175849998224294
1.737422000587685
0.34927099932247074
0.2864890002456377
0.3409159999137046
0.3393800006961101
0.5936079996899934
0.3428899999562418
1.0985689996232395
1.0148909996132716
2.471656999659899
0.44032100049662404
0.9682990003057057
0.2846080005838303
0.598133000494272
0.7322519995796029
1.0483570003998466
0.3321799995319452
1.5855380006541964
0.3109090002908488
0.2787080002235598
0.45743400005449075
0.8457060002911021
0.24386799941567006
0.293228999908024
0.3223100002287538
0.3249199999117991
0.5161660001249402
0.5716880004911218
1.0679329998311005
2.276688999700127
1.3881630002288148
0.4278029991837684
0.5912179994993494
1.078623000466905
0.47994399938033894
1.9010799996976857
0.37921900002402253
0.31078899974090746
0.39246199958142824
0.2950389998659375
2.2243889998208033
1.9517399996402673
0.3271229998063063
0.3602010001486633
1.335280000603234
0.4455329999473179
1.3143300002411706
0.6316360004348098
0.5695769996236777
0.6974710004215012
1.1639960002867156
0.8397660003538476
2.6118490004591877
0.7332430004680646
0.39386200023727724
0.3081799995925394
0.28029400073137367
0.5180510006539407
1.6566909998800838
0.34034999953291845
0.6868509999549133
0.6591299998035538
0.42280300021957373
0.2655180005604052
0.3059699993173126
0.30702999993081903
0.3572830000848626
0.31710799976281123
0.34327000048506306
0.6182830002217088
1.7689289998088498
0.37265100036165677
0.5824579993713996
0.28791899967473
0.3396089996385854
0.3506160001052194
0.2765829995041713
0.3644210000857129
0.33073000031436095
0.3403099999559345
0.2840490005837637
0.30119499933789484
0.2781329994832049
0.32112999997480074
0.31382999986817595
0.33287999940512236
0.30872000024828594
0.30631899971922394
1.5857480002523516
0.32728999940445647
0.2739080000537797
0.30563000018446473
0.295859000289056
0.8043550005822908
0.6260980007937178
0.30767899988859426
0.28460900011850754
0.2916189996540197
0.27790900003310526
0.2932580000560847
0.2862390001610038
0.35858100000041304
1.6334600004483946
0.29885900039516855
0.31489999946643366
0.3301500000816304
0.2949390000139829
1.1552450005183346
0.573588000406744
0.3432299999985844
0.31060000037541613
0.4175340000074357
0.30016399978194386
0.31360499997390434
0.3761369998755981
0.7247819994518068
0.721501000043645
0.2740240006460226
0.3157500004817848
0.2806490001603379
0.3405400002520764
0.29428400011966005
0.2862589999494958
0.30785899980401155
0.2709479995246511
0.2977390004161862
0.7011919997239602
0.32163500054593896
0.7593629998154938
0.3285889997641789
0.654710000162595
0.243277000663511
0.356180999915523
0.30210500062821666
0.2519069994377787
1.0224409998045303
0.3367099998285994
0.381955999728234
0.2955190002467134
0.5154359996595304
0.3095990005022031
0.3116390007562586
0.31172499984677415
0.3529999994498212
0.35532099991542054
0.27576299999054754
0.3104800007349695
1.4533439998558606
0.2973890004795976
0.2877690003515454
0.34098000014637364
0.3169900001012138
0.3297499997643172
0.2869589998226729
0.269758999820624
0.2596280000943807
0.3154099995299475
0.289349000013317
0.31282899999496294
0.32918399938353105
0.2845190001607989
1.4388990002771607
0.3501510000205599
0.39809100053389557
0.3939019998142612
0.2890489995479584
0.30733999938092893
0.3055650004171184
0.4115729998375173
0.2770080000118469
0.2477469997756998
0.2991439996549161
0.2926779998233542
1.1227049999433802
0.26060799973492976
0.27135800064570503
0.30845899982523406
0.28554900018207263
0.3402009997444111
0.2969289998873137
0.5060749999756808
0.2933590003522113
0.30808999963483075
0.24840800051606493
0.28802900033042533
1.4216429999578395
0.3257389998907456
0.3676920005091233
0.6738900001437287
0.2808480003295699
0.3110389998255414
0.2986089994010399
0.2722889994402067
0.31303000014304416
0.2734969993980485
0.7313020005312865
0.3092890001425985
0.31375500020658365
0.339594999786641
0.3359099991939729
0.29821899988746736
0.42492300053709187
0.30165899988787714
0.3102390001004096
0.3064299999095965
0.32283000018651364
0.27665899960993556
0.291798999569437
0.6143190003058407
0.6384289999914472
0.8485759999530273
0.3726820004885667
0.3017839999301941
0.33436099965911126
0.313685000037367
0.3058849997614743
0.31679400035500294
1.0029799996118527
0.3003699994224007
0.3616109997892636
0.3469599996606121
0.722531999599596
0.31022999974084087
0.2961489999506739
0.3182259997629444
0.29863399959140224
0.843604999317904
0.7440429999405751
0.258797000242339
0.3532210002958891
0.32009900041884976
0.3243290002501453
0.29180000001360895
0.3010989994436386
0.2834979995895992
0.3165799998896546
0.264917999629688
0.7838530000299215
0.6753210000169929
0.3065800001422758
0.2613080005176016
0.26060800064442446
0.27126300028612604
0.3186840003763791
0.2908390006268746
0.2902390006056521
0.32423999982711393
0.2943879999293131
0.3241300000809133
0.33132000044133747
0.3014490002897219
0.8268249994216603
0.7882199997766293
0.33549100044183433
0.2838439995684894
0.3238400004192954
0.3378809997229837
0.2900690005844808
0.3300299995316891
0.3203149999535526
0.2804039995680796
0.3106299991486594
0.6883910000397009
0.3075790000366396
0.31839899929764215
0.304629999845929
0.2758289992925711
0.31435899927600985
0.2700280001590727
0.3031590003956808
0.2960439996968489
0.2829530003509717
0.6928109996806597
0.6826499993621837
0.38499199945363216
0.2856390001397813
0.34916000004159287
0.2879779995055287
0.2897180002037203
0.26587800039123977
0.27882899939868366
0.4094830001122318
0.3640200002337224
0.3422499994485406
0.3410259996599052
0.8070040003076429
0.3352700005052611
0.32927499978541164
0.33074000020860694
0.3149390004182351
0.3212299998267554
0.36360200010676635
0.30485800016322173
0.32684999951015925
0.687880999976187
0.6734609996783547
0.3630209994298639
0.3707209998538019
0.34757100002025254
0.2834780007106019
0.3003189995069988
0.41142299960483797
0.3096489999734331
0.3020690000994364
0.2978789998451248
0.3179790001013316
0.29448900022543967
0.6480190004367614
0.3454999996392871
0.28412900064722635
0.6582500000149594
0.27177799984201556
0.3272200001447345
0.297108999802731
0.31146999936026987
0.31313899944507284
0.3250090003348305
0.35196200042264536
0.3289699998276774
0.7103520001692232
0.30883999988873256
0.30833899927529274
0.3002889998242608
0.27099799990537576
0.2574089994595852
0.31218900039675646
0.315010000122129
0.28473899965320015
0.29766399984509917
0.2922240000771126
0.3143399999316898
0.3122199996141717
0.8318360005432623
0.3782519997912459
0.33557000006112503
0.3585300000850111
0.31307999961427413
0.2641080000103102
0.3198000003976631
0.2656579999893438
0.3234549994886038
0.2827929993145517
0.29274400003487244
0.32943499991233693
0.6695199999739998
0.32930999987001996
0.28813900007662596
0.3023290000783163
0.2886789998228778
0.3044699997190037
0.2603680004540365
0.32782900052552577
0.26544799948169384
0.3089990004809806
0.32019999980548164
0.675021000461129
0.5865680004717433
0.3199399998266017
0.34152499938500114
0.31508400024904404
0.3136289997200947
0.33720999999786727
0.31703500008006813
0.29877399992983555
0.2948790006485069
0.3142589994240552
0.4040320000058273
0.29991899918968556
0.35495100019034
0.3057390003959881
0.29277900011948077
0.29347800045798067
0.307489000078931
0.5424270002549747
0.26295800034858985
0.29572899984486867
0.31652899997425266
0.3507710007397691
0.33803000042098574
0.6572000002051936
0.3437510004005162
0.30143399999360554
0.33155500022985507
0.28887799999210984
0.2735190000748844
0.3259999994043028
0.3178099996148376
0.29536399961216375
0.37263600006554043
0.31996899997466244
0.3279800002928823
0.7391130002361024
0.36984199959988473
0.3300600001239218
0.3134890002911561
0.32746999931987375
0.2942789997177897
0.3092540000579902
0.3070940001634881
0.294170000415761
0.315238999974099
0.2817879994836403
0.2759339995463961
0.2771180006675422
0.7152219995987252
0.4081130000486155
0.3483950004010694
0.2737180002441164
0.28132900024502305
0.3296310005680425
0.5465370004458237
0.3815620002569631
0.29060900033073267
0.2763279999271617
0.6797109999752138
0.6966720002310467
0.3767119997064583
0.33846999940578826
0.3544099999999162
0.30383899957087124
0.35313100033818046
0.3039900002477225
0.29514899961213814
0.2727780001805513
0.30693899952893844
0.714021000021603
0.32127000031323405
0.34251000033691525
0.3555209996193298
0.31893599953036755
0.2891889998863917
0.3157199998895521
0.32938500044110697
0.29645799986610655
0.8168650001607602
0.6927009999344591
0.28457899952627486
0.3499209997244179
0.36677099978987826
0.26183799946011277
0.29904500024713343
0.31503399986831937
0.24477699935232522
0.31183999999484513
0.316239999847312
0.29860799986636266
0.2975389998027822
0.775552999584761
0.9533689999443595
0.2716879998843069
0.2629979999255738
0.2755780005827546
0.3284049998910632
0.31437899997399654
0.3013790001205052
0.30054899980314076
0.8458549991701148
0.6836360007582698
0.3495299997666734
0.32233999991149176
0.3291689999969094
0.3102690006926423
0.3385959998922772
0.322625000080734
0.2819480005200603
0.2878579998650821
0.29913499929534737
0.38439600029960275
0.6262780007091351
0.31911000041873194
0.33679999978630804
0.29655900016223313
0.3612869995777146
0.28235799982212484
0.2759629996944568
0.2874390002034488
0.32933000056800665
0.690340999426553
0.3237099999751081
0.30298999990918674
0.4747140001200023
0.3299099998912425
0.26018800053861924
0.2540380000937148
0.3281899998910376
0.3769919994738302
0.29402899963315576
0.30816900016361615
0.33776100008253707
0.29521000033128075
0.6605899998248788
0.27390299965190934
0.3245900006731972
0.3787710002143285
0.30420399980357615
0.31259000024874695
0.3353389993208111
0.2740990003076149
0.2843690008376143
0.2862589999494958
0.2821690004566335
0.2734580002652365
0.5372669993448653
0.7079819997670711
0.2723079996940214
0.43370399998821085
0.2742389997365535
0.35316100002091844
0.31551000029139686
0.3011190001416253
0.2698130001590471
0.2875039999707951
0.3035689996977453
0.3016090004166472
0.2692179996302002
0.2924390000771382
0.7283969998752582
0.3579260001060902
0.468025000373018
0.3144290003547212
0.3294750003988156
0.3418160004002857
0.34396499995636987
1.149884999904316
0.7100519997038646
0.3634160002548015
0.3696409994518035
0.2690979999897536
0.3440199998294702
0.2690680003070156
0.3245800007789512
0.3199950006091967
0.31065700022736564
0.8204619998650742
0.6562200005646446
0.30132900064927526
0.46899500011932105
0.27483899975777604
0.49272499927610625
0.2899589999287855
0.29463899954862427
0.2669180003067595
0.5023350004194072
0.556916999812529
0.3014590001839679
0.655709999591636
0.31469899931835243
0.3295050000815536
0.3100139992966433
0.29063900001347065
0.2967990003526211
0.3337600001032115
0.298289000056684
0.29900899971835315
0.6657099993390148
0.31786999988980824
0.3896120006174897
0.3452099999776692
0.29053800062683877
0.28770900007657474
0.3081199993175687
0.2641179999045562
0.27897900054085767
0.3264240003773011
0.645450000774872
0.43416400058049476
0.33427000016672537
0.30254899957071757
0.25921799988282146
0.448703999609279
0.2953489993160474
0.40206199992098846
0.3024039997399086
0.3546110001479974
0.2940889999081264
0.7127909993869253
0.7781889999023406
0.28160900001239497
0.3157290002491209
0.3074000005653943
0.32577000001765555
0.2837030006048735
0.3024790003109956
0.29121399984433083
0.2828490005413187
0.3583710004022578
0.3603810000640806
0.9123480003836448
0.3531800002747332
0.657120000141731
0.3281400004198076
0.40925300072558457
0.3009590000147
0.2719789999900968
0.3219300006094272
0.4583630006891326
0.8866570005920948
0.7747429999653832
0.31378899984702
0.3106640006080852
0.28409300011844607
0.34134099951188546
0.3030080006283242
0.30530999993061414
0.26744800015876535
0.3207849995305878
0.23709800007054582
0.35427599959803047
0.7702430002609617
1.2305580003157957
0.32910899972193874
0.3249890005463385
0.2997900000991649
0.39239099987753434
0.3877320004903595
0.26682800034905085
0.6763699993825867
0.7262819999596104
0.3040490000785212
0.3306599992356496
0.31149999995250255
0.5914379999012453
0.31338400003733113
0.28783899961126735
0.28274300075281644
0.4429239997989498
0.3706620000230032
0.3318799999760813
0.3012490005858126
0.3092740007559769
0.30836399946565507
0.6773700006306171
0.26835799963009777
0.3327799995531677
0.3564159997040406
0.21359699985623593
0.2931930002887384
0.31187900003715185
0.32682999972166726
0.7446930003425223
0.30053900081838947
0.33185000029334333
0.3611510001064744
0.30452000009972835
0.2879590001612087
0.2578270004960359
0.27003900049749063
0.43780299984064186
0.26509799954510527
0.4089720005140407
0.3347510000821785
0.3234900004827068
0.7156910005505779
0.3485409997665556
0.43950300005235476
0.30741899990971433
0.2502269999240525
0.29356899995036656
0.4250229994795518
0.3024640000148793
0.2448780005579465
0.25545700009388383
0.27778299954661634
0.3871019998769043
0.6152579999252339
0.4118229999221512
0.33229999917239184
0.7087520007189596
0.30515400067088194
0.3209250007785158
0.2851290000762674
0.29209799959062366
0.31359900003735675
0.28895900049974443
0.3021890006493777
0.4227230001561111
0.7553329996881075
0.8637370001451927
0.6147589992906433
0.301149000733858
0.3091300004598452
0.3041790005227085
0.4993550001017866
0.28914799986523576
0.7986439995875116
0.28730800022458425
0.7035419994281256
0.35421100074017886
0.31821900029171957
0.29370900028879987
0.3457100001469371
0.5057560001660022
0.3679410001495853
0.2998489999299636
0.708661000317079
0.7393329997285036
0.3287899999122601
0.26822400013770675
0.30235000031098025
0.7672279998587328
0.3558910002539051
0.29294899923115736
0.28302900045673596
0.25566800013621105
0.40208200061897514
0.37063099989609327
0.700891000633419
0.35964100061391946
0.3216089999114047
0.7053210001686239
0.35416999980952824
0.32156999986909796
0.31085000046005007
0.5820579999635811
0.7435219995386433
0.27440800022304757
0.3066789995500585
0.31784000020707026
0.29130799975973787
0.5317659997672308
0.26560799960861914
0.3770770008486579
0.40391600032307906
0.6494799999927636
0.393271999200806
0.8359350003956934
0.3453600002103485
0.30358000003616326
0.47788400024728617
0.3557999998520245
0.31851000039750943
0.29595399973914027
0.3146740000374848
0.450104000265128
0.28913799997098977
0.3493009999147034
0.26940900079353014
0.7078010003169766
0.311329000396654
0.288099000499642
0.3046490000997437
0.29545899997174274
0.268813000730006
0.30449400037468877
0.288109000393888
0.31361900073534343
0.3810320004049572
0.30794000031164614
0.3583110001272871
0.3194999999323045
0.357810000423342
0.3196799998477218
0.3870310001730104
0.7010720000835136
0.3264599999965867
0.29375899976002984
0.28551900049933465
0.2729279995037359
0.33715899917297065
0.2822989999913261
0.27272799979982665
0.2651880004123086
0.48577500001556473
0.2681079995454638
0.32423999982711393
0.33184599942615023
0.37755199991806876
0.6771299995307345
0.3077989995290409
0.3178289998686523
0.2740679992712103
0.30178899942256976
0.283238000520214
0.44546400022227317
0.3193399998053792
0.6037480006853002
0.2559179993113503
0.27577900073083583
0.7773940005790791
0.37439500010805205
0.287888999991992
0.33279699982813327
0.3340599996590754
0.38717200004612096
0.2925179996964289
0.4831550004382734
0.3008799994859146
0.28492900037235813
0.7632330007254495
0.31011000010039425
0.5171660004634759
0.29793900012009544
0.27848799982166383
0.26451800022186944
0.297069000225747
0.28141800066805445
0.31296900033339625
0.33166000048368005
0.28286899942031596
0.281529000858427
0.5085450002297875
0.3172190008626785
0.2824280009008362
0.2979990003950661
0.3492599998935475
0.7205419997262652
0.32592600018688245
0.27334800051903585
0.36865099991700845
0.6597199999305303
0.30183900071278913
0.32997000016621314
0.2269770002385485
0.577601999793842
0.31240399948728736
0.30974499986768933
0.251027000558679
0.3110389998255414
0.344789999871864
0.34802099980879575
0.30248999973991886
0.33341899961669696
0.31028000012156554
0.29504800022550626
0.3568009997252375
0.2952739996544551
0.3388309996807948
0.31059999946592143
0.3741509999599657
0.27781799963122467
0.3572109999367967
0.27542299994820496
0.3199889997631544
0.33425999936298467
0.30931000037526246
0.29994899978191825
0.42186300015600864
0.35311100054968847
0.3346600005897926
0.3029689996765228
0.34507100008340785
0.30859900016366737
0.2888589997382951
0.3210300001228461
0.31837499955145177
0.28479800039349357
0.8281890004582237
0.3811719998338958
0.3212000001440174
0.3200609999112203
0.3545399995346088
0.2685879999262397
0.3564409998944029
0.31762900016474305
0.28527799986477476
0.5635770003209473
0.6015280005158274
0.35804599974653684
0.26651400003174786
0.40089300000545336
0.3166799997416092
0.26222799988318
0.29859400001441827
