payload_size_bytes=10240
runs=1000
mean_ms=0.430
median_ms=0.324
stddev_ms=0.429
min_ms=0.249
max_ms=7.006
---raw---
0.8310660005008685
1.8024849996436387
0.34055099968099967
0.2933590003522113
0.31257000046025496
0.8211149997805478
0.33649000033619814
0.3799719997914508
0.3873920004480169
0.3477400005067466
0.4375339995021932
0.42369299990241416
0.37493200034077745
4.425854999681178
0.4467840008146595
2.8264749998925254
0.41092199990089284
0.34746999972412596
0.40064199947664747
0.3829220004263334
0.35285100057080854
0.3511710001475876
0.31030900026962627
0.5126360001668218
0.3309799994895002
0.3628209997259546
2.508616000341135
0.8315049999509938
0.3283099995314842
0.4157029998168582
0.33433000044169603
0.3295500000604079
0.3663910001705517
0.3121700001429417
0.28952899992873427
0.33106000046245754
0.4358830001365277
0.30272900039562955
0.2878780005630688
0.3579009999157279
0.3114589999313466
0.3417900006752461
0.35798099997919053
0.2829989998645033
0.5570369994529756
0.2832989994203672
0.31157899957179325
0.30223899921111297
2.1570459994109115
1.0023300001194002
0.356131000444293
0.3187689999322174
1.9749000002775574
1.9551499999579391
0.32328999986930285
0.2833480002664146
0.5056050003986456
0.30908899952919455
0.3258100005041342
0.3132599995296914
0.2507580002202303
0.30894900010025594
0.2957990000140853
2.5601180004741764
0.31295900043915026
0.39776199992047623
0.39400199966621585
0.31008000041765627
0.3206999999747495
0.3345400000398513
0.29528899995057145
0.29593900035251863
0.30349899952852866
0.27417900037107756
0.29078900024614995
0.27567799952521455
1.3248599998405552
0.3942820003430825
0.2952089998871088
0.32113999986904673
0.3252100004829117
0.7178320001912653
0.3503399993860512
0.32265999925584765
0.3439410002101795
0.3062899995711632
0.3500809998513432
0.30655999944428913
0.2958389995910693
0.35470100010570604
0.3138900001431466
0.2897180002037203
0.3005290000146488
0.282847999187652
0.3136989998893114
0.5151859995748964
0.339459999850078
0.2798189998429734
1.3682019998668693
0.4713649996119784
1.4624849991378142
0.38798200057499344
0.32236000060947845
0.3557410000212258
0.29205900045781163
0.31491000027017435
3.559787999620312
0.4400830002850853
0.33850999989226693
0.4023020001113764
0.2915289996963111
0.29001899929426145
0.2848579997589695
0.312559000121837
0.31945899991114857
0.28610900062631117
0.31769999986863695
0.3695519999382668
0.28829900020355126
0.31223999940266367
0.4472430000532768
0.32102899967867415
0.29494899990822887
0.3706820007209899
0.2832589998433832
0.2655480002431432
0.28940899937879294
2.68991100074345
0.3533909994075657
0.3013890000147512
0.29325900050025666
0.27833800049847923
0.2823879995048628
0.2927489995272481
0.2732579996518325
0.2951790002043708
0.3193299999111332
0.6429390004996094
0.33922999955393607
0.31158900037553394
1.263138000467734
0.3644110001914669
0.32870999984879745
0.4241330007062061
0.30090900054347003
0.3324899998915498
0.287938999463222
0.28581900005519856
0.38798199966549873
0.2918090003731777
0.28068900064681657
0.32111000018630875
0.3141389997836086
0.3238099998270627
7.006153000475024
1.970249999430962
4.905119000795821
0.3500499997244333
0.3185699997629854
0.3471310001259553
0.3413900003579329
0.3193689999534399
1.0256909999952768
0.5146650000824593
0.9415079994141706
0.3108689998043701
0.3259899995100568
0.3405600000405684
0.3138700003546546
0.28066800041415263
0.55303599947365
0.3430500000831671
0.530956000147853
0.35404100071900757
0.2820489999066922
4.411624000567826
0.43546500000957167
0.5074450000392972
0.34314999993512174
0.4675010004575597
0.2971889998661936
0.284297999314731
0.2868589999707183
1.505976000771625
1.3475730002028286
0.3477909995126538
0.3442879997237469
0.9803200000533252
0.38540100013051415
0.36291100059315795
0.3202699999746983
3.043271999558783
0.2783780000754632
0.32545999965805095
0.6706009999106755
0.8004950004760758
0.7283830000233138
0.7341930004258757
0.86680599997635
0.3133689997412148
0.496345000101428
0.7576819998575957
0.32436000037705526
0.9382389998791041
0.29587900007754797
0.31899900022835936
0.38177199985511834
0.30340400007844437
0.31002900050225435
0.30057900039537344
0.38021199998183874
0.34401099946990144
0.5218209998929524
0.3112499998678686
0.28712800030916696
0.30322899965540273
0.2947590000985656
0.33488999997643987
0.3031189999092021
1.586818000760104
1.9510089996401803
0.3879119994962821
0.2989490003528772
0.4292029998396174
0.2918190002674237
0.29589899986603996
0.28922899946337566
1.7078719993151026
0.27603899980022106
0.34719999985100003
0.6616499995288905
0.35794700033875415
0.2984200000355486
0.3001400000357535
0.31507999938185094
0.3170390000377665
0.39152200042735785
0.32436599940410815
0.3496310000628
0.3247499998906278
0.29887900018366054
0.3513910005494836
0.5197259997657966
0.29975899997225497
0.293228999908024
0.3177999997205916
0.31823900008021155
0.2700180002648267
0.29138900026737247
0.280129000202578
0.4027420000056736
0.339459999850078
0.36842200006503845
0.286708999738039
0.36075099978916114
0.32589999955234816
0.3094399999099551
0.3974029996243189
0.32918999932007864
0.2777580002657487
0.30801899993093684
0.3359400006957003
0.46785399990767473
0.3382600007171277
0.28847900011896854
0.31898900033411337
0.2931789995272993
0.29702899973926833
0.26643099954526406
0.33507599982840475
0.5185059999348596
0.3089889996772399
0.2724779997151927
0.3547300002537668
0.32624999948893674
0.27390299965190934
0.35472299987304723
0.2769390002868022
0.2924919999713893
0.29844399978173897
0.2851819999705185
0.3261800002292148
0.31207700067170663
0.6607199993595714
0.3550430001268978
0.42864099941652967
0.3264719998696819
0.2875680002034642
0.2869589998226729
0.2867980001610704
0.35399799980950775
0.3415609999137814
1.364392000141379
0.27601800047705183
0.3118489994449192
0.32080000073619885
0.30351499935932225
0.3241160002289689
0.3077319997828454
0.5405869997048285
0.3236880002077669
0.3244700001232559
0.2919889993791003
0.34384100035822485
0.31010199927550275
0.3334200000608689
0.31379200027004117
0.27875000068888767
0.28179899982205825
0.29919900043751113
0.27957800011790823
0.2631580000524991
0.3448209999987739
0.30632900052296463
0.28032800037181005
0.310014000206138
0.3412159994695685
0.5124159997649258
0.31180000041786116
0.3270840006734943
0.38247099928412354
0.345112999639241
0.35686100000020815
0.2930759992523235
0.3374600000825012
0.31198200031212764
0.36431099943001755
0.3145669998048106
0.27695900007529417
0.3057390003959881
0.28784099959011655
0.29562099916802254
0.27443799990578555
0.33750500006135553
0.4522460003499873
0.34344800042163115
0.2936139999292209
0.3235300000596908
0.338001000272925
0.2865090000341297
0.3774859997065505
0.4215830003886367
0.30218200026865816
0.2854509993994725
0.30289900041680085
0.33887100016727345
0.2985890005220426
0.30462300037470413
0.3454160005276208
0.3727980001713149
0.28488900079537416
0.4068299995196867
0.3455799997027498
0.26663100015866803
0.2955959998871549
0.3301819997432176
0.36960900069971103
0.6380290005836287
0.32152099993254524
0.30462900031125173
0.3824120003628195
0.27273799969407264
0.28751899935741676
0.3216300001440686
0.27646800026559504
0.3058989996134187
0.2969859997392632
0.3652440000223578
1.7439599996578181
0.3094040002906695
0.34227499963890295
0.3219189993615146
0.2879490002669627
0.33069999972212827
0.29603899929497857
0.291999000182841
0.3038119994016597
0.293209000119532
0.28726100026688073
0.2897059994211304
0.7703330002186703
0.38554700040549506
0.3066139997827122
0.31918300010147505
0.37948899989714846
0.3208400003131828
0.30976400012150407
0.3147099996567704
0.36596599966287613
0.29057800020382274
0.29725399963353993
0.680025999827194
0.29907200041634496
0.3169270003127167
0.32210299923463026
0.28395899971656036
0.2959690000352566
0.562157000786101
0.28112800009694183
0.29371900018304586
0.354730999788444
0.43522800024220487
0.41216000045096735
0.3563309992387076
0.3836490004687221
0.33638300010352395
0.3254080002079718
0.2900019999287906
0.3725910000866861
0.3003589999934775
0.2856290002455353
0.273161000222899
0.30475899984594434
0.451399000667152
0.29079100022499915
1.0347389998059953
0.2820780000547529
0.44126299962954363
0.32476500018674415
0.30147899997245986
0.2927730001829332
0.2900539993788698
0.338259999807633
0.2820089994202135
0.2891730000555981
0.2930489999926067
0.35222299993620254
0.9767189994818182
0.30681199950777227
0.30220600001484854
0.33196999993378995
0.3395829999135458
0.764130999414192
0.2985089995490853
0.3155189997414709
0.32771899986983044
0.2625779998197686
0.30558200069208397
1.3973309996799799
0.2839329999915208
0.5720979997931863
0.366332000339753
0.7177419993240619
0.3393399993001367
0.37789599991810974
0.3045920002477942
0.38441200013039634
0.31965700054570334
0.334350000230188
0.30087899995123735
0.28072899931430584
0.315010000122129
0.2907980006057187
0.29764899954898283
0.28362900047795847
0.32034000014391495
0.33806499959609937
0.41134300045087
0.31873899933998473
0.335579999955371
0.6737000003340654
0.3634960003182641
0.33026999972207705
0.3255709998484235
0.2988440000990522
0.3290549993835157
0.6229190003068652
0.30668199997307966
0.29952600016258657
0.33963299938477576
0.3078960007769638
0.2739080000537797
0.2977620006276993
0.28224700054124696
0.3352900002937531
0.29792899931635475
0.32298999940394424
0.340880000294419
0.30804200014245
0.3995220004071598
0.2790990001813043
0.2948890005427529
0.29372899916779716
0.35377099993638694
0.29983599961269647
0.29992899999342626
0.2864180005417438
0.3275849994679447
0.2785779997793725
0.5345320005289977
0.2993790003529284
0.3250289992138278
0.27980899994872743
0.3897619999406743
0.3490999997666222
0.37368399989645695
0.7993140006874455
0.35702900004253024
0.3443300001890748
0.29420899954857305
0.3007220002473332
0.3194800001438125
0.24902799941628473
0.6394869997166097
0.3261800002292148
0.7060620000629569
0.3433900001255097
0.3317700002298807
0.34107100054825423
0.3576709996195859
0.31514900001639035
0.30961999982537236
0.2855040002032183
0.3129249998892192
0.4083620005985722
0.2901540001403191
0.33146999976452207
1.0722730003180914
0.7998189994395943
0.3138290003334987
0.3444159992795903
0.33403500037820777
0.299719000395271
0.3012140005012043
0.3265850000389037
0.5466060001708684
0.4077929997947649
1.167565999821818
0.8201400005418691
0.39508999998361105
0.300968999908946
0.3942520006603445
0.31321599999500904
0.32924100014497526
0.3249100000175531
0.33920499936357373
0.28945400026714196
0.2689079992705956
0.6115090000093915
0.28202800058352295
0.29358899973885855
0.27746900013880804
0.33123899993370287
0.2936789996965672
0.26932800028589554
0.2662779997990583
0.3197599999111844
0.2756390003924025
0.34040100035781506
0.28187799944134895
0.3354699992996757
1.3982549999127514
0.4132430003664922
0.4468139995879028
0.5249140003797947
0.34361399957560934
0.2806760003295494
0.2901479992942768
0.275278000117396
0.46664700039400486
0.3359219999765628
1.1237290000281064
0.32177000048250193
0.355781999132887
0.5827269997098483
0.2840939996531233
0.3131670000584563
0.302960999761126
1.304757000070822
1.1988639998889994
0.32608400033495855
0.3446850005275337
0.5060089997641626
0.334121000378218
0.3415929995753686
0.30398899980355054
0.5095599999549449
0.35512300019036047
0.2936159999080701
0.2947109996966901
1.417770000443852
0.39414200000464916
0.42562599992379546
0.3921190000255592
0.297431999570108
0.3160420001222519
0.2871390006475849
0.3088289995503146
0.2931179997176514
0.3351179993842379
0.2955859999929089
0.30151099963404704
0.28133900013926905
0.291768999886699
0.2967290001834044
0.321309999890218
0.2977390004161862
0.321369999255694
0.5640069994115038
0.4520230004345649
0.2926189999925555
0.35651000052894233
0.3100600006291643
0.28998900052101817
0.30980399969848804
0.37334899934649
0.2977190006276942
0.4465430001800996
0.29165599971747724
0.297441999464354
0.3724210000655148
0.3111790001639747
0.28533099975902587
0.350307999724464
0.3025270007128711
0.28668799950537505
0.35669099997903686
0.3147019997413736
0.3032770000572782
1.2033689999952912
0.3799009991780622
0.5651740002576844
0.26899800013779895
0.3273800002716598
0.3402009997444111
0.27132799914397765
0.30760200024815276
0.30575599976145895
0.32080999972095015
0.4836669995711418
0.35168800059182104
0.28293800005485537
0.3006490005645901
0.38032599968573777
0.31799400039744796
0.3395710000404506
0.3686070003823261
0.3804699999818695
0.31988800037652254
0.3076010007134755
0.34561800021037925
0.3482609999991837
0.2866630002245074
0.29375899976002984
0.312578999910329
0.3005190001204028
0.45076199967297725
0.3026189997399342
0.28503900011855876
0.30260699986683903
0.3304230003777775
0.27918900013901293
0.3304530000605155
0.3171799999108771
0.3002339999511605
0.27063099969382165
0.3164169993397081
0.2924780001194449
0.30557199988834327
0.30459699974016985
1.387371999953757
0.4712899999503861
0.3588109993870603
0.38097600008768495
0.3916020004908205
0.33075000010285294
0.3187219999745139
0.3575309992811526
0.3288199995949981
0.28021900016028667
0.2851369999916642
0.3062189998672693
0.2849989996320801
0.3197599999111844
0.29216900020401226
0.32873999953153543
0.3016989994648611
0.2971989997604396
0.3090290001637186
0.3754110002773814
0.6575699999302742
0.32996000027196715
0.41021300057764165
0.2975549996335758
0.3108870005235076
0.2715979999265983
0.31343699993158225
0.30706899997312576
0.28122799994889647
0.3337099997224868
0.9981200000765966
0.2946250006061746
0.2978489992528921
0.2984290003951173
0.36456599991652183
0.3018710003743763
0.3599109995775507
0.2868410001610755
0.3085139996983344
0.3270150000389549
0.3433460005908273
0.2921210007116315
0.2976889991259668
1.0617400002956856
0.32655399991199374
0.349555999491713
0.3822519993263995
0.3219499994884245
0.33186099972226657
0.2896409996537841
0.2998390000357176
0.26726800024334807
0.3233600000385195
0.30930000048101647
0.3568439997252426
0.28512799963209545
0.32903999999689404
0.34619100006239023
0.2786389995890204
0.33038799938367447
0.3589289999581524
0.29161800011934247
0.29159900077502243
0.2916590001404984
0.28672900043602567
0.3231589998904383
0.48246900041704066
0.27767800020228606
0.45291400056157727
0.38262699945335044
0.819115000012971
0.7669790002182708
0.30027899993001483
0.2817860004142858
0.408160000006319
0.3683029999592691
0.33484699997643474
0.31606299944542116
0.297089000014239
0.38727500032109674
1.2214819998916937
0.7050620006339159
0.4480990000956808
0.3132190004180302
0.3683459999592742
0.35228199976700125
0.2885880003304919
0.3212100000382634
0.30638200041721575
0.3725279993886943
0.28383900007611373
0.2987020006912644
0.2816989999701036
0.6721600002492778
0.3189919998476398
0.30228899959183764
0.32300200018653413
0.31792699974175775
0.28946800011908635
0.3428999998504878
0.38321499960147776
0.3028510000149254
0.3207950003343285
0.7039520005491795
0.34933999995701015
0.34628299999894807
0.27747900003305404
0.35440099964034744
0.32653000016580336
0.27926799975830363
0.32387999999627937
0.602899000114121
0.4765089997817995
0.7482820001314394
0.3731820006578346
0.3066399995077518
0.7349070001509972
0.37957200038363226
0.6008780001138803
0.34676100040087476
0.35035299970331835
0.34168299953307724
0.3524809999362333
0.31188699995254865
0.3060870003537275
0.35686100000020815
0.3030839998245938
0.28731800011883024
0.38882700027897954
0.708462000147847
0.32203999944613315
0.35594300061347894
0.40673199964658124
0.4947850002281484
0.36552100027620327
0.37131899989617523
0.36311999974714126
0.31494199993176153
0.32158000067283865
0.3175169995301985
0.31989000035537174
0.3152620001856121
0.45700400005443953
0.3593680003177724
0.7325819997276994
0.3963470007875003
0.3329999999550637
0.3093699997407384
0.29685900062759174
0.44765399979951326
0.31050899997353554
0.2725180002016714
0.284068999462761
0.3792790002989932
0.2940479998869705
0.33256000006076647
0.3406200003155391
0.32900999940466136
0.3092990000368445
0.3075989998251316
0.3263299995523994
0.7191320000856649
0.4160720000072615
0.2985239998452016
0.29494899990822887
0.380411999685748
0.35828100044454914
0.3202880006938358
0.28345800001261523
0.35775899959844537
0.2890979994845111
0.2923990005001542
0.6258200000957004
0.660789999528788
0.37425099981192034
0.29701099992962554
0.29453900060616434
0.7278490002136095
0.27519800005393336
0.3085749995079823
0.3047930003958754
0.6032979999872623
0.33185000029334333
0.36477100002230145
0.33248099953198107
0.6694799994875211
0.34226100069645327
0.26507699931244133
0.3993219997937558
0.5692370004908298
0.2790590006043203
0.43805600034829695
0.2950490006696782
0.3653209996627993
0.3282899997429922
0.3146799999740324
0.33910999991348945
0.43333499979780754
0.3102290002061636
0.7419510002364404
0.7231820000015432
0.35607100016932236
0.29704799999308307
0.3180699995937175
0.293018999400374
0.2616579995446955
0.38416099960159045
0.31677999959356384
0.36676100080512697
0.2884779996747966
0.29918899963377044
0.3066489998673205
0.336839999363292
0.3040900000996771
0.3096000000368804
0.654519999443437
0.6614599997192272
0.29983199965499807
0.27929499992751516
0.2894019999075681
0.29420699956972385
0.3033190005226061
0.2914019996751449
0.32090700005937833
0.8316849998664111
0.3172589995301678
0.35661000038089696
0.32704000022931723
0.3168500006722752
0.5947379995632218
0.2977719996124506
0.2846890001819702
0.30667400005768286
0.5158730000403011
0.434612999924866
0.307946999782871
0.28358800045680255
0.36832099976891186
0.7432430002154433
0.3480710001895204
0.874746000590676
0.38223200044740224
0.31757199940329883
0.2581879998615477
0.30553899978258414
0.288786000055552
0.4231929997331463
0.3245819998483057
0.4592140003296663
0.3513429992381134
0.36017599995830096
0.3011449998666649
0.33253700075874804
0.3502710005705012
0.3974490000473452
0.3517799996188842
0.31273200056602946
0.47862500014161924
0.3134620001219446
0.3326999994897051
0.7786739997754921
0.3061990000787773
0.309624999317748
0.3225700002076337
0.393452000025718
0.28565899992827326
0.36945100055163493
0.2834779998011072
0.3123499991488643
0.3953020004701102
0.7250819999171654
0.3399130000616424
0.34112999946955824
0.5448140000225976
0.6792009999116999
0.8689160003996221
0.29948100018373225
0.31204700007947395
0.2981120005642879
0.3004469999723369
0.3125100001852843
0.29626399918925017
0.7030410006336751
0.6386900004144991
0.3303559997220873
0.34425000012561213
0.2796380003928789
0.3158899999107234
0.3817609995167004
0.29870900016248925
0.3067090001422912
0.31011200007924344
0.45798099927196745
0.3166939995935536
0.3907769996658317
0.6373989999701735
0.6457600002249819
0.30655000045953784
0.29847200039512245
0.2900560002672137
0.316164999276225
0.2862979999918025
0.27991900060442276
0.29996900047990493
0.2868730007321574
0.7147220003389521
0.36526099938782863
0.6279490007727873
0.3372900000613299
0.6821510005465825
0.6840400001237867
0.3200250002919347
0.317773999995552
0.3259699997215648
0.6817610001235153
0.3048590006073937
0.38639200010948116
0.3666540005724528
0.3572169998733443
0.6997820000833599
0.3282000006947783
0.36754099983227206
0.3354299997226917
0.44474600053945323
0.2843789998223656
0.3004989994224161
0.3262469999754103
0.32263999946735566
0.3430500000831671
0.2608780005175504
0.276488000054087
0.2964810000776197
0.4276609997759806
0.6777400003556977
0.32637000003887806
0.5920680005147005
0.3160639998895931
0.3082589992118301
0.35269099953438854
0.2984989996548393
