payload_size_bytes=102400
runs=250
mean_ms=2.207
median_ms=2.015
stddev_ms=0.641
min_ms=1.615
max_ms=5.697
---raw---
3.451789999871835
1.978759999929025
2.0063509996361972
2.9267790000631067
2.635151000049518
1.9026579998353554
3.295061000244459
1.9004770001629367
1.9794160002675198
2.3772870003995195
2.1073840002827637
3.010191000157647
2.548226999806502
3.307730999949854
2.3819030002414365
2.454930000112654
3.121630999885383
2.186886999879789
3.170416000102705
4.137696000270807
2.646809999987454
2.6690510003390955
2.830036000432301
3.480406000107905
4.03897300020617
2.8157049996480055
2.0226909996381437
5.29717100016569
4.50555700035693
2.051982000011776
2.0244120000825205
2.397853000275063
2.1051539997642976
4.355581999789138
2.126258999851416
2.3026150001896895
2.0671120000770316
3.4348640001553576
5.327346999820293
2.1580800002993783
5.697137999959523
1.7675240001153725
2.3905070002001594
1.9958210000368126
2.057031999811443
2.289249999648746
4.289810000045691
2.502611000181787
2.28694399993401
2.1846259996891604
4.834596999899077
1.8870970002353715
1.8545470002209186
1.7536340001242934
1.6457599999739614
1.8206849999842234
2.0994979995521135
1.751047999732691
1.7562930001986388
2.172690999941551
2.2571230001631193
1.744733000123233
1.7835590001595847
2.197907000208943
2.175286000237975
2.4519250000594184
2.1690210000997467
2.049122000244097
2.2216469997147215
2.119174000199564
2.11581900020974
1.8727060000856
1.9191579999642272
2.2613739997723314
1.9297789999654924
2.1473150000019814
2.380231999723037
1.9093639998573053
2.666221000254154
2.0739530000355444
1.993029999994178
2.0246620001671545
1.9513749998623098
2.2436879999077064
1.9420489998083212
3.537747999871499
3.9093489999686426
2.348691999941366
2.284209000208648
2.205267000135791
1.6558000002078188
2.1555799999077863
1.8752610003502923
1.848816000347142
1.8792179998854408
2.179176000026928
1.9837400000142225
2.35082200015313
2.051041999948211
1.93934899971282
1.938794000125199
2.237767999758944
1.670274999924004
1.9423889998506638
2.175385999635182
1.823620999857667
1.6345999997611216
1.7877499999485735
1.8543460000728373
1.6154990003087732
1.915127999836841
1.7698639999252919
1.8300849997103796
2.5520480003251578
1.8581619997348753
2.005446000111988
2.0646379998652264
2.0511070001703047
1.6981219996523578
1.8683069997678103
2.2041629999876022
1.7572530000506958
2.405117999842332
1.88788699961151
1.7810589997679926
1.8588309999358898
1.8402259997856163
1.8181550003646407
1.7799839997678646
2.2985890000200015
1.7537030003040854
1.8709770001805737
1.823555000100896
1.9463189996713481
1.8087150001520058
1.8261770001117839
2.1941660002084973
2.1043239999016805
2.037281999946572
1.7590139996173093
2.2370089996002207
1.9306180001876783
2.2891799999342766
1.9068080000579357
1.7707439997138863
2.4500340000486176
1.837471000271762
2.4091130003398575
2.0745780002471292
1.9392579997656867
1.927449000049819
2.2252630001275975
2.8495020001173543
2.040742000190221
2.608359000078053
2.857467000012548
1.7017119998854469
1.7708539999148343
2.086573000269709
2.1411700004136947
1.9174829999428766
1.8932670000140206
3.2838999995874474
2.0293559996389376
1.985064999644237
1.7393829998582078
1.8728569998529565
1.799484000002849
1.8657960004020424
1.9980219999524707
1.6777460000412248
1.9662699996843003
1.9995950001430174
1.7431830001441995
1.8024549999609008
1.9321939998917514
1.7799550000745512
1.9309390004309535
1.899461999983032
1.726782000332605
2.472485999987839
1.9683900000018184
1.9254479998380702
2.334830000108923
1.8931480003629986
1.9333289997121028
1.6529800000171235
2.100558999700297
2.7105780000056257
1.8296759999429923
1.9396940001570329
2.040467000369972
1.9119990001854603
2.2736689998055226
1.958288999958313
1.9472399999358458
2.424614000119618
1.7692330002319068
1.8826679997800966
2.537028000006103
2.0249170001989114
1.8054689999189577
1.8253949997415475
1.819331000206148
2.0226410001669137
1.962053999704949
2.351262000047427
1.8951829997604364
1.923449000059918
1.8061890000353742
1.8383360002189875
1.7005919999064645
1.8240760000480805
2.138045000265265
1.807115000246995
1.9810349999715982
1.974089999748685
1.7051710001396714
2.082526999856782
1.8904979997387272
2.126435000263882
2.007986000080564
2.060658000118565
2.02231599996594
2.191760999721737
1.6719959999136336
1.9258629999967525
2.0353919999251957
1.7100919999393227
1.7325629996776115
1.769738999882975
2.0557379998535907
2.165905999845563
1.7173129999719094
2.3741519999020966
2.3325709998971433
2.0868229998995957
1.8642820000422944
2.119073999892862
2.1101340003042424
1.9538840001587232
1.9940909996876144
1.9664490000650403
2.6524509999035217
3.7493550003091514
1.91884800005937
3.778464999868447
1.698581000255217
1.7959339998014912
2.0312319998083694
