payload_size_bytes=102400
runs=250
mean_ms=1.835
median_ms=1.814
stddev_ms=0.713
min_ms=0.978
max_ms=5.274
---raw---
4.896222999832389
3.249699000207329
2.4845249999998487
3.9623200000278302
2.317170999958762
1.9125379999422876
1.7963750001399603
4.987291999896115
2.4586269996689225
2.2520289999192755
2.1271819996400154
2.279709000049479
2.1320050000213087
1.9546089997675153
1.8769270000120741
1.7485039998064167
1.8243079998683243
2.2519660001307784
4.952272000082303
1.7981840001084493
1.8065650001517497
1.8526459998611244
1.7533129998810182
1.798606999727781
1.6410329999416717
1.8585329999041278
1.94392000003063
2.5073960000554507
2.279582000028313
2.2469059999821184
2.9028180001660076
1.9885500000782486
5.273949999718752
1.8220450001535937
1.7870040001071175
1.7583129997547076
1.9273739999334794
1.7895890000545478
2.177475999815215
3.1428560000676953
1.7122919998655561
1.8300760002603056
2.384803000040847
3.369821999967826
3.548867000063183
1.7491239996161312
1.7244820000996697
1.7464939996898465
2.947382000002108
1.8011769998338423
1.7111919996750657
2.195396999923105
2.1176939999349997
2.1254399998724693
3.1889159999991534
3.967960999943898
2.1329300002435048
2.090629000122135
2.065922999918257
2.206857000146556
1.7602530001568084
2.2081060001255537
1.8506659998820396
2.1814570000060485
1.756473000114056
1.708662000055483
2.706871999635041
1.7828139998528059
1.909287999751541
1.610829000128433
1.795395000044664
1.6690200000084587
1.8263750002915913
1.2107160000596195
1.2853990001531201
2.6773310000862693
1.3676419998773781
1.4383039997483138
1.47574499987968
1.3941429997430532
1.1153840000588389
1.2021560000903264
3.365853000104835
1.0817919996952696
1.2471410000216565
1.2429549997250433
1.0564330000306654
1.2482880001698504
1.0513120000723575
1.1116640002910572
1.2816979997296585
1.1546380001163925
1.0541999999986729
1.2433980000423617
1.0203609999734908
1.095742999950744
1.0906430002251
1.0628029999679711
1.1026339998352341
1.824356999804877
1.1346450000928598
1.1637620000328752
1.0202609996667888
2.0641920000343816
1.3070889999653446
0.9960699999282951
1.292149999699177
1.1085830001320574
1.107514000068477
1.3452309999593126
1.2758390003000386
1.3528110002880567
1.1948559999837016
1.3580120003098273
1.1128739997730008
1.1228729999857023
1.0832460002347943
1.335697000286018
1.0617019997880561
1.2384080000629183
1.101813999866863
1.044150999859994
1.0499819995857251
1.0192009999627771
1.0494120001567353
1.1372750000191445
2.692872999887186
1.1081630000262521
1.0631919999468664
1.0775030000331753
1.0308209998584061
1.1660850000225764
1.0193410003012104
1.418163999915123
1.0120209999513463
1.0175709999202809
1.9027880002795428
1.2602689998857386
0.9782600000107777
1.774553999894124
1.076002999980119
1.5974389998518745
1.076946000011958
1.25291600033961
1.4935160002096382
1.2512690000221482
1.0333499999433116
1.140148000104091
1.0875900002247363
1.966399000139063
1.0793730002660595
1.3528209997275553
1.0305309997420409
1.1477449997983058
1.1403540001992951
1.4544239998031117
1.4009430001351575
1.0324310001124104
1.0443109999869193
1.0269839999637043
1.9294550002086908
1.112304000344011
1.1281549996056128
1.0089699999298318
1.0580920002212224
1.0217120002380398
1.6691610003363166
2.065571999992244
2.118374000019685
2.0874890001323365
2.5981829999182082
1.9956709998041333
2.076972999930149
1.7926250002346933
1.7997840000134602
2.0492449998528173
1.8886040002144
1.9954039998992812
1.8066850002469437
1.7396230000485957
1.7011449999699835
1.9641600001705228
1.9869500001732376
1.7512330000499787
1.7995550001614902
2.191081000091799
2.0447970000532223
2.06287200035149
1.8409170002087194
2.089865000016289
2.8511739997156837
2.096133999657468
2.2761689997423673
2.280118999806291
2.0664819999183237
2.3079550001057214
2.8838220000579895
1.9568100001379207
2.304349999576516
2.2484880000774865
2.333892000024207
2.137914999821078
2.223807000063971
2.108394000060798
1.9712200000867597
2.237066999896342
2.131688000190479
2.0981739999115234
2.4084710003080545
2.0568719996845175
2.2565190001841984
1.964720000160014
2.1330289996512874
2.0465620000322815
2.195026999743277
2.7073400001427217
2.0452999997360166
2.1156490001885686
2.7156479995937843
1.8300849997103796
2.083252999909746
2.2194789999048226
2.087233000111155
2.4372960001528554
2.4026129999583645
2.04281100013759
1.1161639999954787
1.175784999759344
1.3951570003882807
2.0668319998549123
1.2380110001686262
1.0372390001975873
1.0996640003213543
2.1447849999276514
1.2190100001134851
1.2862959997619328
1.368370999898616
2.425353000035102
2.1982869998282695
2.479745000073308
2.144725000107428
2.370790999975725
2.3326810000980913
2.3975280000740895
2.2210669999367383
2.4652689999129507
2.036617000158003
2.207384000030288
1.9369070000720967
1.9509889998516883
