payload_size_bytes=102400
runs=250
mean_ms=1.825
median_ms=1.768
stddev_ms=0.814
min_ms=0.976
max_ms=5.778
---raw---
1.5870850002102088
3.283582999756618
1.6465300000163552
2.5424049999855924
1.5604369996253808
1.5909009998722468
2.741123000305379
1.5670450002289726
2.2299180000118213
1.250478999736515
1.360370999918814
1.970899999832909
1.0034830002041417
1.1415019998821663
1.136775000304624
1.8742570000540582
1.233367000168073
1.1616550000326242
1.1810169999080244
1.4718040001753252
1.1285240002507635
1.1077559997829667
1.4877520002301026
1.8065350000142644
1.1699689998749818
1.033230000302865
1.1106839997410134
1.0088509998240625
1.0297710000486404
1.0344850002184103
1.3098250001348788
2.550468000208639
2.53041599989956
2.0552519999910146
3.350661999775184
2.042681999682827
2.031667000210291
2.8431470000214176
1.9600640002863656
2.0607930000551278
2.180575999773282
3.521917000398389
1.160746000095969
1.0312809999959427
1.9838209996123624
1.6526299996257876
1.8032950001725112
1.0958930001834233
1.4768439996259985
1.1351749999448657
0.9763489997567376
1.1288440000498667
1.1006740000993886
1.3736819996665872
1.3958619997538335
1.675292000072659
1.758674000029714
5.459116000110953
3.9929609997670923
5.2279989999988175
4.284809999717254
2.390942999682011
2.922289000252931
2.5696330003484036
1.8702219999795489
2.8955379998478747
2.188165999996272
4.038472000047477
3.7058329999126727
4.041783000047872
1.913888000217412
4.093084000032832
2.100403999975242
3.2351780000681174
3.4673760001169285
4.256359000009979
5.778364999969199
2.958485000362998
2.232663000086177
2.1644509997713612
2.092712999910873
2.6977020002050267
2.0949740001015016
1.900647000184108
2.581148999979632
2.2731489998477628
1.9710599999598344
2.523666999877605
1.9495589999678486
2.1852169998055615
2.744264000284602
2.0929239999532
2.6540359999671637
2.2310770000331104
2.549477999764349
2.150459999938903
2.0559829999911017
1.7198119999193295
1.9512090002535842
2.6768110001285095
1.2875490001533763
1.3524210003197368
1.601321000180178
1.3433079998321773
1.8317849999220925
1.100304000374308
1.314390000061394
1.2024759998894297
1.114873999995325
1.9119389999104897
1.0874230001718388
1.0220620001746283
1.1380850000932696
3.732094000042707
1.4121330000307353
1.3328909999472671
1.463644000068598
1.8498549998184899
1.1916869998458424
1.160284999969008
2.097123000112333
1.1265939997429086
1.143465000041033
1.5860980001889402
1.1783459999605839
1.1411840000619122
1.4980949999880977
1.127417000134301
1.0656699996616226
1.0146700001314457
2.448695000111911
1.1754849997487327
1.107143999888649
1.2866390002272965
1.0595710000416148
1.084383000033995
1.4343629995892115
1.0831829999915499
1.1040549998142524
2.1665760000360024
1.0712220000641537
1.0345040000174777
1.2057449998792436
1.3995629997225478
1.0460120001880568
0.9977409999919473
1.0934340002677345
1.048022000304627
1.0852729997168353
1.0325119997105503
1.0924429998340202
1.1826750001091568
1.0964040002363618
1.0539120003159042
1.1975359998359636
1.1094740002590697
1.1880680003741872
1.0463290000188863
1.0755829998743138
1.121055000112392
1.1244539996368985
1.2853789999098808
1.451644000098895
1.086083999780385
1.2000060000900703
1.079291999758425
1.0198009999839996
1.3276300001052732
1.4822150001236878
1.0738830001173483
1.0944430000563443
1.1137860001326771
1.2593359997481457
1.5384069997708139
1.157605000116746
1.000940000267292
2.3685610003667534
1.12095499980569
1.295389000006253
1.1033730002054654
1.1231729999963136
1.0822930003087095
1.2982100001863728
1.1219140001230699
1.1804359996858693
1.1681760001920338
1.1308339999231976
1.2127570003030996
1.2031060000481375
1.1305850002827356
1.318640999670606
1.790144000096916
2.922169000157737
1.7915449998326949
2.7967590003754594
2.056427999832522
1.8570669999462552
1.7718539997986227
2.102624000144715
1.744851999774255
1.7676639999990584
2.118114000040805
1.8368559999544232
1.8873869998969894
2.1945980001873977
1.8277910003234865
1.8765270001495082
2.2203970002010465
2.623943999878975
2.748414000052435
1.7505430000710476
2.079553999919881
2.022556000156328
2.0252320000508917
2.1613100002468855
2.0732029997816426
1.7675640001471038
1.8558770002528036
1.7724239996823599
1.9597799996518006
1.9953810001425154
1.886357000330463
2.343151999866677
1.8037390000245068
1.83515000026091
2.2758939999221184
2.457770000091841
2.1188290002100985
1.7934689999492548
1.9592399999055488
2.9344399999899906
1.9379789996492036
1.7633480001677526
2.064542999960395
1.9023780000679835
1.836165999975492
2.0647930000450287
2.6437460001034196
1.7822340000748227
2.9195229999459116
2.134943999863026
1.8751920001705003
1.9621790002020134
2.146745000118244
1.9498090000524826
2.5410879998162272
2.0524319998003193
1.9116430003123241
1.830239999890182
2.0078010002180235
