payload_size_bytes=102400
runs=250
mean_ms=1.631
median_ms=1.469
stddev_ms=0.583
min_ms=0.947
max_ms=4.624
---raw---
1.9215480001548713
1.841507000335696
1.3098490003358165
1.3053319999016821
2.07766299990908
1.8511170001147548
3.0233420002332423
1.6403299996454734
2.3469380003007245
1.468524999836518
3.5751580003307026
2.4114259999805654
1.3212769999881857
0.9896999999909895
1.1410549996071495
1.0742819999904896
1.151914999809378
1.6079490001175145
2.596579000055499
2.096404999974766
2.213017000030959
2.2390180001821136
1.9415090000620694
2.169367000078637
2.441025999814883
2.572976000010385
2.308459999767365
1.8960570000672305
2.2877390001667663
2.1162449997973454
2.0765729996128357
2.8711670001939638
2.3287310000341677
1.8864980002035736
2.172435999909794
2.1491099996637786
2.0926709999002924
2.2463979998974537
2.096685000196885
2.159456000299542
2.805600000101549
2.239404000192735
2.276577999964502
3.3381819998794526
2.2650079999948503
2.1648510000886745
2.015306000430428
2.194674000293162
2.418870999917999
1.9596199999796227
2.546817999700579
2.142685999842797
1.9771100000980368
2.118568999776471
2.2069569999985106
2.1269349999784026
1.7005459999381856
2.422064000256796
1.3140700002622907
1.341020999916509
1.2861390000580286
2.1944860000076005
2.9851250001229346
2.9071839999232907
2.8080840002076
2.5264969999625464
2.1404149997579225
2.0821329999307636
2.717054000186181
1.1828159999822674
1.0731130000749545
1.0229009999420668
1.0609519999889017
1.1181840000062948
1.1048940000364382
1.009702999908768
2.135612000074616
1.1248270002397476
0.962866000008944
1.7287719997511886
1.0873330002141302
1.5587670000059006
2.0713230001092597
1.3292500002535235
1.0834230001819378
1.9009279999409046
1.6337490001205879
1.0477020000507764
1.545246999739902
1.559756999995443
1.1274230000708485
1.1951359997510735
1.7838240000855876
1.1410950000936282
1.2609680002242385
1.2247669997123012
0.9954309998647659
1.0552720000305271
1.225136999892129
1.0869830002775416
1.119624999773805
1.4800750000176777
2.2053269999560143
2.2355579999384645
2.348395999888453
2.2719749999851047
2.155215999664506
1.9091770000159158
2.138878000096156
1.1134510000374576
1.2102170003345236
1.439914000002318
1.27623800017318
1.4039129996490374
0.979760000063834
1.1616849997153622
1.1758460000237392
1.1548949996722513
1.399622000008094
1.1951470000894915
1.5039069999147614
1.0474509999767179
1.0775429996101593
1.0410919999230828
1.984180000363267
1.440773000012996
1.1190840000381286
1.6195499997593288
1.27561900035289
1.118883999879472
1.5264160001606797
1.1059839998779353
1.8746259997897141
1.2672289999500208
1.1771559998123848
1.04912200004037
1.0424419997434597
1.1383349997231562
1.2258679998922162
1.267528999960632
1.1346640003466746
1.1213640000278247
1.0837029999493097
1.0290019999956712
1.5391769998132077
1.5604669997628662
1.5241269998114149
1.1118429997623025
1.163514999916515
1.1351040002409718
1.203636999889568
1.1152629999742203
1.2862399998994078
1.7226310001206002
1.115102999847295
1.081632999557769
1.2001860000054876
1.104233999740245
1.0288240000591031
1.1978469997302454
1.1708560000442958
1.641948999804299
1.0935939999399125
1.6247589996964962
1.9345589998920332
1.0603219998301938
1.2461880000955716
1.2588580002557137
2.0708649999505724
1.394053000240092
4.623738000191224
2.0378889998937666
2.3250510002981173
1.0968729998239723
1.0178300003644836
1.0600919999887992
0.994170000012673
1.0539920003793668
0.999360000150773
1.2581490000229678
1.9413580002947128
1.1872159998347342
1.2045970001963724
1.0874530003093241
1.0892330001297523
1.0498319998077932
1.4381289997800195
3.3337370000481314
2.3071499999787193
1.9199990001652623
2.0471369998631417
1.716298000246752
1.9832119996863184
1.8548769999142678
1.8580440000732779
1.7307630000686913
1.6918910000640608
1.8408060000183468
1.7733250001583656
2.229981999789743
2.032482000231539
1.8874070001402288
2.0399479999468895
2.068576999590732
2.0606130001397105
2.280543999859219
2.2686789998260792
1.9885810002051585
2.6176220003435446
1.7453919999752543
1.829734999773791
2.1525050001400814
1.2640780000765517
1.1851159997604555
1.0805329998220259
1.7019920001075661
1.3469610003085108
1.0566129999460827
1.1026930001207802
1.0452440001245122
1.230875000146625
1.3689219999832858
0.946607999594562
1.7128919998867786
1.1321749998387531
1.1142839998683485
1.1409639996600163
1.0264309999001853
1.6687910001564887
1.469803999953001
2.412624000044161
1.1393640002097527
1.1843160000353237
1.4152029998513171
1.3144190002094547
1.5748879995953757
1.05178200010414
1.1348240000188525
1.200966999931552
1.8985880001309852
0.9815299999900162
1.5027760000521084
0.9825499996622966
1.091742999960843
1.137567000114359
1.1030410000785196
1.0591919999569654
1.112363999709487
1.1250160000599863
1.0701619999053946
