payload_size_bytes=102400
runs=250
mean_ms=1.795
median_ms=1.686
stddev_ms=0.791
min_ms=0.924
max_ms=6.468
---raw---
4.406356000345113
2.0315319998189807
1.6173969997907989
4.254091999882803
1.500992999808659
1.6052089999902819
1.266309000129695
1.5060159998938616
1.6815409999253461
1.1145640000904677
1.2753780001730775
1.0955430002468347
1.418142999682459
1.1852160000671574
1.4962959999138548
1.6113620004034601
1.162281999768311
1.2668889999076782
1.1603360003391572
1.75140300007115
1.5951719997246983
1.310777000071539
1.275509000151942
1.2553390001812659
1.5414469999086577
1.000120999833598
1.1038940001526498
1.1079740002060134
1.1493249999148247
1.1792359996434243
1.1313539998809574
1.1636060003183957
1.0575520000202232
1.1001429998032108
1.5162859999691136
1.1968559997512784
1.1158540000906214
0.941028999932314
1.0490419999769074
3.4972859998561034
2.173686000332964
2.1732679997512605
2.1750139999312523
2.2869210001772444
2.0902380001643905
2.236547999928007
2.245348000087688
2.0413889997143997
2.123776999724214
2.384519999850454
2.576178999788681
2.0309910000833042
1.9403490000513557
2.0994860001337656
2.3042779998831975
2.1453039998959866
2.0321570000305655
2.225618000011309
2.3358319999715604
2.171974000248156
4.659151999931055
4.674192000038602
2.37121100008153
2.145384999948874
2.4671860001035384
4.9617710001257365
2.1719880001001
2.4664420002409315
2.3509860002377536
2.195026999743277
2.246531999844592
2.2236780000639556
2.206957999987935
3.952319000291027
2.7496740003698505
5.481025999870326
1.1479439999675378
1.0976240000672988
6.46832699976585
1.0932130003311613
1.6213399999287503
1.2911789999634493
1.3365700001486402
1.8854670001928753
1.052162000178214
1.0980830002154107
1.0445120001350006
1.041990999965492
3.3651230000941723
1.0616919998938101
2.152864999970916
2.2550640001099964
2.0963439997103706
2.0700029999716207
2.00799599997481
2.0991040000808425
1.977530000203842
2.3344510000242735
2.0421369999894523
2.838586000052601
1.9970110001850117
1.9461699998828408
2.234029000192095
2.0928029998685815
2.2539380001944664
2.2334889999910956
1.9778999999289226
2.1293640002113534
2.1072539998385764
2.063272999748733
2.0787140001630178
2.23083700029747
1.995476000047347
1.9474239998089615
1.1183339997842268
1.0144110001419904
2.0614380000552046
2.027306999934808
2.1197050000409945
2.1014690000811242
2.1104689999447146
1.9377940002414107
2.192820999880496
2.1849960003237356
2.8173310001875507
2.040172000306484
2.3148349996517936
2.1822469998369343
2.202867000050901
2.087873000164109
2.0910349999212485
2.080123000268941
2.3955130000103964
2.191230999869731
2.384628000072553
2.011444999880041
2.061658000002353
2.063697000266984
2.615094000248064
1.9636950000858633
2.016055999774835
2.357311000196205
1.908457999888924
2.353261999815004
1.027571000122407
1.8679259997043118
1.4666850001958665
0.95918899978642
1.3909620001868461
0.9240379999937431
1.341530999980023
1.0578420001365885
1.5376669998659054
1.44830399995044
1.2339099998825986
1.067788999989716
1.0739030003605876
3.863117000037164
1.4952760002415744
1.3199410000197531
1.0588029999780701
1.006871000299725
1.2794690001101117
1.1341939998601447
1.2756989999616053
1.3933019999967655
1.2791789999937464
1.06448199994702
1.9959510000262526
1.1287940001238894
1.1261439999543654
1.0184210000261373
1.0408020002614649
1.0441120002724347
1.65104000006977
1.0195310001108737
1.010073000088596
1.1274620001131552
1.687674000095285
1.1195140000381798
1.241834999746061
1.163784999789641
1.6843410003275494
1.0597119999147253
0.9812289999899804
1.2167680001766712
1.1194940002496878
1.1692860002767702
1.051791999998386
1.0497519997443305
1.7515730000923213
1.0780030002024432
1.1100740002802922
1.1765959998228936
1.481035000324482
1.8262459998368286
3.1925970001793758
2.183755999794812
2.1000839997213916
2.3834969997551525
2.620224000111193
2.1264950000841054
2.161684999919089
2.1400949999588192
2.164395999898261
1.90140299991981
2.1271339996928873
2.181441000175255
1.9205990001864848
1.758914000220102
2.0235609999872395
1.67420099978699
2.4805299999570707
2.1757270001216966
1.9642450001811085
1.7728049997458584
1.6919310000957921
1.0877830000026734
2.3431919998984085
1.548517000173888
1.351550999970641
1.2412310002218874
1.1154820003866917
1.3888720000068133
1.287389000026451
1.1415849999139027
1.0410719996798434
1.1052839995500108
0.9953200001291407
1.0422320001453045
1.5745679997962725
1.2801889997717808
1.0504809997655684
1.0370119998697191
1.4070420002099127
1.136934999976802
1.0817419997692923
1.3564609998866217
1.0289109995937906
1.225507000071957
1.315869999871211
1.4180659995872702
2.036988999861933
1.0533519998716656
1.1844470000141882
1.5264260000549257
2.431317000173294
1.506683000116027
1.2335870001152216
1.2097669996364857
