payload_size_bytes=51200
runs=500
mean_ms=0.425
median_ms=0.325
stddev_ms=0.306
min_ms=0.222
max_ms=3.256
---raw---
0.5185659999824566
2.1322869999949035
0.5025650000334281
0.7993340000211901
0.33938999990823504
0.5483039999489847
0.3528610000103072
0.3814619999502611
0.34767100009958085
0.3462810000200989
0.3247099998588965
0.22230600006878376
0.31891999992694764
0.334314999918206
0.3115889999207866
0.37451100001817395
0.35291800008963037
0.2748009999322676
0.3504299997985072
0.29550399995059706
0.2905619999182818
0.4311730001518299
1.0510319998502382
0.3531209999891871
0.2903290001086134
0.42369299990241416
0.8339749999777268
0.29671900006178475
0.27591799994297617
0.2689279999685823
0.29665900001418777
0.3912519998721109
0.7175119999374147
0.31110000008993666
0.3130190000319999
0.4641139998966537
0.38141200002428377
0.32945700013442547
0.2863390000129584
0.29927900004622643
0.29438900014611136
0.33407999990231474
0.28603100008695037
0.2746150000803027
0.2961639997920429
0.3246839999064832
0.3057000001263077
1.148349999994025
0.24484699997628923
0.30480899999929534
0.29274899998199544
1.6008489999421727
0.2806490001603379
0.3811720000612695
0.47402500013049576
0.8467010000003938
0.25821799999903305
0.7235620000756171
0.5530570001610613
0.28565900015564694
0.27187899991076847
0.30341900014718703
0.28465900004448486
0.31980999983716174
3.2555189998220158
0.3720119998433802
0.297098999908485
0.29925900003036077
0.2836979999756295
0.28928899996572
1.1277839998911077
0.2627779999784252
0.33589999998184794
0.27514899989000696
0.2760089998901094
2.097243999969578
0.8599259999755304
1.5493070000047737
1.2596480000865995
0.32327100007023546
0.3272799999649578
0.28860799989161023
1.408093000009103
0.36692100002255756
0.35309100007907546
0.32527000007576135
0.31343000000561005
0.5944179999914923
0.24730700010877626
0.3004089999194548
0.26754800001072
0.4528339998159936
0.4934250000587781
0.2867190000870323
0.26852799987864273
0.27834900015477615
0.8760360001360823
0.30153900002005685
0.2500670000245009
0.27160700005879335
0.28484899985414813
0.2919290000136243
0.23603699992236216
0.37480199989659013
0.25361699999848497
0.2627479998409399
0.2957189999506227
0.3845410001304117
1.0997029999089136
0.48707500013733807
0.32986999985951115
0.31619000014870835
0.32023999983721296
0.5119959998864942
0.2952990000721911
0.33866000012494624
0.26960900004269206
0.7669130000067526
2.0817839999835996
0.3150590000586817
0.29633899998771085
0.3335599999445549
0.2781779999168066
0.3006790000199544
0.8442860000741348
0.31100899991542974
0.5519659998753923
0.31803999991097953
0.30258900005719624
0.30307900010484445
1.0708130000693927
0.249677000056181
1.31933000011486
0.2766590000646829
0.8511759999692003
1.3637419999668055
0.26890799995271664
0.3568199999790522
0.3336600000238832
0.3758609998385509
0.2942090000033204
0.29073900009279896
0.3255699998589989
1.7611329999454028
1.7164319999665167
0.3129599999738275
0.30810900011601916
0.28614799998649687
0.38258100016719254
0.27425899997979286
0.31277999983103655
0.49434500010647753
0.2872690001822775
0.23024699999041331
0.35198099999433907
0.40730300020186405
0.5987790000290261
0.27150799996888964
0.35280000020065927
0.3327100000660721
0.363302999858206
0.25562799987710605
0.2737760000854905
0.35941600003752683
0.2653229998941242
0.5605469998499757
0.28671800009760773
0.28821199998674274
1.2947289999374334
0.25086799996643094
0.2552079999986745
0.3106970000317233
0.3306599999177706
0.2634079999097594
0.5275699998037453
0.34721800011539017
0.26815600017471297
0.2603930001896515
0.2839889998540457
0.3135540000585024
0.26467900011084566
0.25456799994572066
0.2668879999419005
0.26751800010060833
0.30237900000429363
0.3238690001126088
0.3317289999813511
0.5841180000061286
0.34114300001419906
0.35370799992051616
0.2870249998068175
0.2961539998977969
0.42656799996620975
0.4932450001433608
0.27256299995315203
0.3085800001372263
0.2942589999292977
0.280218999932913
0.2987489999668469
0.39304500000980624
0.6785010000385228
0.30873800005792873
0.26264999996783445
0.3236499999275111
0.27996099993288226
0.35043799994127767
0.46904400005587377
0.41084000008595467
0.3223599999273574
0.2951589999611315
0.284018999991531
0.32055900010163896
0.3515099999731319
0.2904489999764337
0.8501649999743677
0.3919619998669077
0.34202400001959177
0.31769999986863695
0.3017989999989368
0.2875190000395378
0.3577110001060646
0.3660790000594716
0.44392400013748556
0.3450850001627259
0.9369739998419391
0.3066890001264255
0.3020490000835707
0.28928900019309367
0.2954489998501231
0.29808900012540107
0.31958999989001313
0.3226520000225719
0.2800489999117417
0.36030100000061793
0.29381199988165463
0.3310399999918445
0.8468159999210911
0.28117800002291915
0.31745700016472256
0.30624900000475463
0.2543069999774161
0.35603799983618956
0.38747299981878314
0.511267999854681
0.34524099987720547
0.6512600000405655
0.35193999997318315
0.3634610000062821
0.6899290001456393
0.35138999987793795
0.3656910000700009
0.3449910000199452
0.3085390001160704
0.30811900001026515
0.2953819998765539
0.34463799988770916
0.29291099986039626
0.31053900011102087
0.2851519998330332
0.5696170001101564
0.48929500007943716
0.34967999999935273
0.3549460000158433
0.34291199995095667
0.31989900003281946
0.3018960001099913
0.31248400000549736
0.3615509999690403
0.29820400004609837
0.3269050000653806
0.5135059998337965
0.48636999986229057
0.34701200002018595
0.36881799996990594
0.28581900005519856
0.3573640001377498
0.28241099994374963
0.3032090000942844
0.28937899992342864
0.28344900010779384
0.31624500002180866
0.820748000023741
0.6853380000393372
0.31012999988888623
0.30132899996715423
0.32946000010269927
0.2902290000292851
0.5590470000242931
0.32401499993284233
0.3428459999668121
0.3003990000252088
0.2891110000291519
0.3191069999957108
0.6557939998401707
0.5986879998545191
0.2871159999813244
0.35253300006843347
0.29860899985578726
0.32228499981101777
0.28903899988108606
0.29595399996651395
0.46993199998723867
0.35001299988834944
0.4317340001307457
0.3164089998790587
0.37347299985412974
1.2214450000556099
0.32262000013361103
0.36328199985291576
0.31906399999570567
0.2925039998444845
0.8229600000504433
0.5956780000815343
0.35431099991001247
0.38232199995036353
0.27674800003296696
1.332270000148128
0.3029009999409027
0.31752199993206887
0.33810100012487965
0.3777619999709714
0.33610000014050456
0.2863490001345781
1.7870599999696424
0.8937780000906059
0.38882200010448287
1.3061649999599467
0.3134000000954984
0.3294000000551023
0.4165870000178984
0.31050000006871414
0.7539830000951042
0.558907999902658
0.3488199999992503
1.198366999915379
0.30514499985656585
0.33002500003931345
0.338863000024503
0.33361999999215186
0.28643900009228673
0.37274100009199174
0.31554999986838084
0.44798299995818525
0.34413100001984276
0.33815899996625376
0.6001679998917098
0.3860360000089713
0.399977000142826
0.3819010000825074
0.2912239999659505
0.30254399985096825
0.2846889999545965
0.29014200003985025
0.2965190001305018
0.2594299999145733
0.9141580001141847
0.5696870000519993
0.32317000000148255
0.30197899991435406
0.30192899998837675
0.28085400003874383
0.31963000014911813
0.42408800004523073
0.36634099978982704
0.30287699996733863
0.3733089999968797
1.326810999898953
0.5219760000727547
0.3320099999655213
0.3597530001115956
0.331113000129335
0.38618700000370154
0.29450000010911026
0.3822720000243862
0.28947800001333235
0.28538899982777366
0.3380299999662384
0.34758099991449853
0.31441999999515247
0.3531410000050528
0.5288059999202233
0.39605199981451733
0.3713239998432982
0.32600199983789935
0.275348000059239
0.2848139999969135
0.36874600004921376
0.3002140001626685
0.3311729999495583
0.33506299996588496
0.7970390001901251
0.5120860000715766
0.4087849999905302
0.3395809999346966
0.32888199984881794
0.2581770002052508
0.39648199981456855
0.3458250000676344
0.3305029999864928
0.30805200003669597
0.33087499991779623
0.6744099998741149
0.3277900000284717
0.25539700004628685
0.3197749999799271
0.2664930000264576
0.2792089999275049
0.3265249999913067
0.3556659999048861
1.7237859999568172
0.9669769999618438
0.8515749998423416
0.25972799994633533
0.2994189999299124
0.3300710000075924
0.3685110000333225
0.2986499998769432
0.2554180000515771
0.34530000016275153
0.24898800006667443
0.257027999850834
0.48227399997813336
0.5393310000272322
0.9301330001107999
0.261008000052243
0.34729100002550695
0.35613600016404234
0.2946940001038456
0.3157799999371491
0.41456199983258557
0.3161590000217984
0.29766900001959584
0.31774900003256334
0.5854169999111036
0.27935799994338595
0.6782110001495312
0.29734200006714673
0.27404599995861645
0.3617009999743459
0.2745080000750022
0.30457900015790074
0.4857399999309564
0.28705399995487824
0.4662139999709325
0.28488900011325313
0.3668910001124459
0.28437900004973926
0.32333999979528016
0.3292650001185393
0.2927889997863531
0.37280899982761184
0.33700000017233833
0.27823599998555437
0.2438030001030711
0.24969799983409757
0.7097309999153367
0.2647740000156773
0.3609210000377061
0.46076399985395255
0.2896290000080626
0.5111250000027212
0.3544159999364638
0.2704620001168223
0.2656080000633665
0.3285099999175145
0.3000690001044859
0.27680900006998854
0.33363100010319613
0.3235300000596908
0.3063690000999486
0.2949380000245583
0.2731479999056319
0.37751499985461123
0.27935599996453675
0.2744990001701808
0.5145560000983096
0.2627230001053249
0.2991339999880438
0.3039989999251702
0.33241999994970683
0.3585709998787934
0.2873040000395122
0.7415319998926861
0.27232800016463443
0.27559299996937625
0.4403189998356538
0.2625629999783996
0.37402699990707333
0.33372000007148017
0.2504380001937534
0.37285700000211364
0.3421309997975186
0.5096459999549552
0.2928780002093845
0.2782789999855595
0.4746750000776956
0.2605070001209242
0.23359700003311445
0.27941799999098293
0.6550800001150492
