payload_size_bytes=51200
runs=500
mean_ms=0.417
median_ms=0.331
stddev_ms=0.279
min_ms=0.244
max_ms=2.279
---raw---
0.5018849999487429
0.3022260000307142
0.34164999988206546
0.31205000004774774
0.8801559999938036
0.6571690000782837
1.1757160000342992
1.8750159999854077
0.4982950001704012
1.4628540000103385
0.4055819999848609
1.8050359999506327
1.6766910000569624
0.4228830000556627
0.5776170000899583
0.3037389999462903
0.33604999998715357
0.48079499993036734
0.2723479999531264
0.25589699998818105
0.2738480000061827
0.2758480000011332
0.37262099999679776
0.306118999787941
0.2542279999033781
0.33306999989690667
0.7166319999214465
0.453864000064641
0.6809310000335245
0.29345899997679226
1.1836059998131532
0.6731400001172005
0.34962099994118034
0.3752410000288364
0.4792249999354681
0.31497400004809606
0.3099849998307036
0.27546800015443296
0.30546000016329344
0.3218099998321122
0.67765100016004
0.48820699998941564
0.3152869999212271
2.228603000048679
0.3355909998390416
0.32443999998577056
0.29750899989267054
0.2927289999661298
0.28849399996033753
0.8477159999529249
0.3403999999136431
0.3884409998136107
0.4003619999366492
0.3310900001451955
0.29882900003030954
0.2990389998558385
0.31818000002203917
0.31477899983656243
0.3270000001975859
0.3105200000845798
0.3175689998897724
0.3287690001343435
0.31061899994710984
0.3409500000088883
0.7740739999917423
0.37389099998108577
0.5307660001108161
0.3504610001527908
0.32737000015004014
0.3416800000195508
0.3059399998619483
0.32826999995450024
0.29925900003036077
0.35638099984680593
0.3504199999042612
0.3297399998700712
0.38242200002969184
0.5695170000308281
0.31891899993752304
0.334319999865329
0.33939999980248103
0.3355409999130643
0.2974689998609392
0.34612000013112265
0.45855400003347313
0.34247000007781025
0.30830999980935303
0.7586130000163394
0.39880200006336963
0.5207050000990421
0.3439399999933812
0.28666899993368133
0.29080900003464194
0.3388009999980568
0.31962000002749846
0.32001999989006435
0.36650099991675233
0.33533999999235675
0.3582599999845115
0.3672110001389228
0.3107600000475941
0.334319999865329
0.5155159999503667
1.7517039998438122
0.36576100001184386
0.38358099982360727
0.29566900002464536
0.34259999983987655
0.29489900020962523
0.3650310000011814
0.27958100008618203
0.27470800000628515
0.886774000036894
0.3918719999091991
0.31980999983716174
0.33811100001912564
0.3054790001897345
0.28725800007123325
0.7826230000773648
0.38143100005072483
0.33203999987563293
0.3339400000186288
0.29064899990771664
0.3404199999295088
0.3321199999390956
0.32222999993791746
0.3413910001199838
0.32262000013361103
0.3843610002149944
0.3299899999547051
0.30259899995144224
0.3324399999655725
0.5376270000851946
1.38375200003793
0.3213100001175917
0.3068800001528871
0.296959000024799
0.3054490000522492
0.3501810001580452
0.2937790000032692
0.2856890000657586
0.244426999870484
0.31895999995867896
0.5569170000399026
0.3464710000571358
0.2903690001403447
1.0669729999790434
0.3670710000278632
0.34142100003009546
0.34307000009903277
0.29229899996607855
0.3063690000999486
0.4257240000242746
0.3252099998007907
0.3261800000018411
0.32936999991761695
0.5590069999925618
0.30369899991455895
0.3311200000553072
0.29418799999803014
0.3034300000308576
0.3748809999706282
0.3012790000411769
0.29583900004581665
0.8451460000742372
1.4489639997918857
0.5153950000931218
0.33878099998219113
0.2980790000037814
0.2928189999238384
0.32781000004433736
0.308489999952144
0.49345499996888975
0.3444500000568951
0.3926219999357272
0.2994189999299124
0.30268900013652456
0.28620900002351846
0.35896099984711327
0.29181900004005
0.5387170001540653
2.279458999964845
0.4469440000320901
0.32527999997000734
0.3609310001593258
0.2772889999960171
0.32714000008127186
0.7793039999342
0.3912019999461336
0.298368999892773
0.3015600000253471
0.30301900005724747
0.3322800000660209
0.30883900012668164
0.3194999999323045
0.2897190001931449
0.41722300011315383
0.29081899992888793
0.35576099980971776
0.3381900000931637
0.32963000012387056
0.3816309999820078
0.29030899986537406
0.2994490000673977
0.918277999971906
0.300898999967103
0.6725299999743584
0.3884120001202973
0.2911589999712305
0.34320000008847273
0.3143999999792868
0.32897000005505106
0.31659999990552024
0.31205999994199374
0.3096489999734331
0.31883900010143407
0.3466400000888825
0.3119799998785311
0.34729099979813327
0.28802900010305166
0.2871189999495982
0.64033999979074
0.40619200012770307
0.33794099999795435
0.30878999996275525
1.9395589999930962
0.36144199998489057
0.3416110000671324
0.3257490000123653
0.3000090000568889
0.29362899999796355
0.2845690000867762
0.3213200000118377
0.33971099992413656
0.30619899985140364
0.31863899994277745
0.773964000018168
0.29683899992960505
0.27075800016973517
0.34602100004121894
0.34839099998862366
0.3397210000457562
0.2934789999926579
1.1061830000471673
0.29449900011968566
0.2987589998610929
0.3076600000895269
0.7091009999840026
0.33512000004520814
0.34076999986609735
0.29515900018850516
0.275348000059239
0.3466610000941728
0.32981999993353384
0.33738000001903856
0.29829899995093
0.3529809998781275
0.37855199980185716
0.3046090000680124
0.3231289999803266
0.33416000019315106
0.7113020001270343
0.312290000010762
0.34452999989298405
0.2945890000773943
0.2995289999034867
0.32593900004940224
0.29931900007795775
0.3968819999045081
0.29767899991384184
0.3240799999275623
0.3487010001208546
0.37235100012367184
0.4185230000075535
0.3467199999249715
0.3075589997934003
0.26473800016901805
0.28263899980629503
0.28825899994444626
0.30558999992535973
0.30472900016320636
0.3109189999577211
0.3007190000516857
0.3970640000261483
0.402243000053204
0.35331000003679947
0.3142190000744449
0.27106799984721874
0.30773599996791745
0.39934200003699516
0.4079620000538853
0.3540709999469982
2.0832039999731933
0.3490300000521529
0.5409460000009858
0.3741609998542117
0.37877099998695485
0.586447999921802
0.32727000007071183
1.068541999984518
1.997039999878325
0.35342099999979837
0.33578000011402764
0.3306000000975473
0.27741899998545705
0.3078800000366755
0.3312799999548588
0.37972199993419053
0.3823810000085359
0.32355000007555645
0.304768999967564
0.381911999966178
0.3276800000548974
0.3284799997800292
0.32400500003859634
0.3017349999936414
0.3177899998263456
0.3809520001141209
0.28360800001792086
0.2780990000701422
0.3000189999511349
0.6495590000668017
0.36970099995414785
0.3978120000738272
0.29313899995031534
0.3118990000530175
0.3102600001056999
0.3456629999618599
0.3248470000016823
0.3155500000957545
0.29278900001372676
0.39812199997868447
0.2719579999848065
0.27634900015982566
0.3024390000518906
0.2997889998823666
0.6656900000052701
0.24815699998725904
0.30259999994086684
0.2923889999237872
0.3062089999730233
0.42003299995485577
0.3370899999026733
0.31115899992073537
0.2874189999602095
0.3198700001121324
0.5151660000137781
0.3127790000689856
0.33540999993419973
0.3367000001617271
0.8371859998987929
0.35292100005790417
0.2767179998954816
0.2861190000658098
0.33854000002975226
0.33777999988160445
0.32350000014957914
0.3455900000517431
0.6354199999805132
0.3453300000728632
0.31879000016488135
0.2804890000334126
0.6731400001172005
0.4967550000856136
0.32288000011249096
1.8446990000029473
0.3721129999121331
0.4120329999750538
0.388312000040969
0.33826999992925266
0.32984800009216997
0.45556400004898023
0.3559009999207774
0.34285000015188416
0.2761180001016328
0.29084900006637326
0.24605699991298025
0.3061699999307166
0.3033989999039477
1.5518289999363333
0.4149320000124135
0.3285000000232685
0.33063400019273104
0.31536999995296355
0.9628600000723964
0.32360499994865677
0.9154849999504222
0.32920299986471946
0.3050990001156606
0.38783200011494046
0.2933859998393018
0.31558900013806124
0.3163320000112435
0.34683800004131626
0.7529899999099143
0.36102299986850994
0.3060689998619637
0.2865179999389511
0.6655899999259418
0.288158000103067
0.32892299986997386
0.3307300000869873
0.3335850001349172
0.6766800001969386
0.2938180000455759
0.37366100013969117
0.28356999996503873
0.2921509999396221
0.3520679999837739
0.2899790001720248
0.29651399995600514
0.2960869999242277
0.38446200005637365
0.7979940000950592
0.3566710001905449
0.41882200002874015
0.28514800010270847
0.29218899999250425
0.29380899991338083
0.590067999837629
0.3641309999693476
0.3246830001444323
0.32117400019160414
0.3296600000339822
0.33801299991864653
0.2989189999880182
0.3169589999743039
0.3314969999337336
0.35408300004746707
0.704691000009916
0.5546570000660722
0.2913790001457528
0.30872899992573366
0.33994999989772623
0.31040699991535803
0.34049000009872543
0.3599940000640345
0.3158899999107234
0.2959189998819056
0.30910700002095837
0.5711879998671066
0.5821380000270437
0.29179800003475975
0.30846399999973073
0.2922090000083699
0.29058299992357206
0.2907790001245303
0.29423099999803526
0.34772799995153036
0.28890400017189677
0.28553900006045296
0.3415749999930995
0.32793000013953133
0.28748199997608026
0.5687469999884343
0.3444999999828724
0.5036149998431938
0.3306799999336363
0.2848689998700138
0.33507199987070635
0.3005089999987831
0.4140420001021994
0.3325049999602925
0.34708099997260433
0.3306030000658211
0.3197579999323352
0.44283299985181657
0.5113760000767797
0.32798200004435785
0.4934329999741749
0.4999069999485073
0.3573509998204827
0.29223599995020777
0.29623199998241034
0.32461799992233864
0.6112609999036067
0.3561199998785014
0.333160000081989
0.513653999860253
0.3432700000303157
0.35105999995721504
0.31525999997938925
0.5006799999591749
0.3121390000160318
0.32371799989050487
0.354287999925873
0.6998339999881864
0.39945000003172026
0.37816199983353727
0.3592129999105964
0.33228999996026687
0.31624700000065786
0.33804500003498106
0.289223999971
0.3228119999221235
0.4480039999634755
0.3277400001024944
0.3198169999905076
0.49523500001669163
0.2954340000087541
