payload_size_bytes=51200
runs=500
mean_ms=0.445
median_ms=0.306
stddev_ms=0.377
min_ms=0.221
max_ms=4.059
---raw---
0.4356229999302741
0.28609900004994415
0.28110900007050077
0.3117390001534659
0.3232890001072519
0.7991400000264548
0.35696999998435786
0.3108739999788668
0.9485289999702218
2.159625999865966
4.05910200015569
0.4847850000260223
0.41241500002797693
0.36981099992772215
0.35598099998424004
0.3023499998562329
0.31034999983603484
0.28135799993833643
0.3101300001162599
0.2725189999637223
1.3339610000002722
0.45307300001695694
0.38984200000413693
0.4012920001059683
0.33501999996587983
0.2902090000134194
0.6625500000154716
0.5371560000639874
0.29499900006157986
0.4560909999327123
0.2835880000020552
0.3615210000589286
0.3400699999929202
0.7185520000803081
0.5605069998182444
0.5774380001639656
0.2580279999619961
0.5108260002089082
0.2660479999576637
0.2963490001093305
0.3006989998084464
0.26542799992057553
0.28475900012381317
0.28680800005531637
0.31796999996913655
1.3043000001289329
0.31553999997413484
0.2992490001361148
0.34442099990883435
0.7385419999081932
0.34672100014176976
0.30041900004107447
1.745253000080993
0.27968900008090714
0.3288899999915884
0.3551209999841376
0.31060800006343925
0.2559770000516437
0.2834700001130841
0.28084800010219624
0.3087420000156271
0.5723870001475007
0.8631559999230376
0.2853690000392817
0.29003899999224814
0.3284500000972912
0.2801179998641601
2.1334529999421648
0.4371049999463139
0.3771919998598605
0.2734980000695941
0.9261279999464023
0.2887989999180718
0.2771279998796672
0.39879199994174996
0.2854589999969903
0.30491999996229424
0.26004799997281225
0.28858900009254285
0.7491420001315419
1.6089670000383194
0.35592099993664306
0.3479810000044381
0.3198100000645354
0.26678800008994585
0.2650579999681213
0.2695879998100281
0.28857900019829685
0.26905899994744686
1.715151999860609
0.2571370000623574
0.3513440001370327
0.25214799984496494
0.3894620001574367
0.2615599998989637
0.2587479998510389
0.3190970001014648
0.26584500005810696
0.5215389999193576
0.2793680000650056
0.2651080001214723
0.2890580001349008
0.27486799990583677
0.320857000133401
0.30235899998842797
1.398902999881102
2.3457009999674483
0.2853579999282374
0.31996999996408704
0.3379810000296857
0.3081990000737278
0.31746900003781775
0.2924390000771382
0.2651170000262937
0.29860899985578726
0.2726280001752457
0.31637500001124863
0.2848430001449742
0.2863590000288241
0.2763740001228143
0.27786900000137393
0.28078300010747625
1.624279999987266
0.2796179999222659
1.0175600000366103
0.32139000018105435
0.2565780000622908
0.8343849999619124
1.0382109999227396
0.34318999996685307
0.3095199999734177
0.27762800004893506
1.4088279999668885
0.956643999870721
0.2941990001090744
0.2805489998536359
0.2534479999667383
0.3071989999625657
1.435914000012417
1.9637400000647176
0.32510899995941145
0.3156889999900159
0.5482369999754155
0.30042900016269414
0.28715899998132954
0.2703079999264446
0.2726889999848936
0.26021799999398354
0.4267630001777434
1.403431999960958
0.26469299996279005
0.3726459999597864
0.3739320000022417
0.2925379999396682
0.2641080000103102
0.6407490000128746
0.2540579998822068
0.6980709999879764
0.24445700000796933
1.4197330001479713
0.293219000013778
0.2965489998132398
0.3237900000385707
0.32095999995362945
0.2804989999276586
0.2845780002189713
0.2705179999793472
0.28996900005040516
0.28720900013468054
0.27347900004315306
0.26340800013713306
0.2653879998888442
0.2620679999836284
1.7715629999202065
0.6250199999158212
0.24562799990235362
0.3345899999658286
0.2655380001215235
0.29343900018830027
0.3057189999253751
0.2978590000566328
0.27276800005893165
0.2645479999046074
0.24101700000755955
0.25219799999831594
0.7190320000063366
0.2916590001404984
0.32355000007555645
0.267487999963123
1.9760100001349201
0.2726790000906476
0.24461700013489462
1.1052339998514071
0.34359000005679263
0.28820900001846894
0.3438310000092315
0.519844999871566
0.27819799993267225
0.2800290001232497
0.3094889998465078
0.289238999812369
0.6281389999003295
0.3130699999474018
0.2728580000166403
1.3203099999827828
0.26608799998939503
0.3169800002069678
0.28849899990746053
0.2486670000507729
0.24365800004488847
0.7054410000364442
1.5619880000485864
0.30041900004107447
0.27946799991696025
0.27022800009035564
0.29455899993990897
0.295869000183302
0.42668300011428073
1.127684000039153
0.7064710000577179
0.34375100017314253
0.518155999998271
0.32936000002337096
0.31132900016928033
0.2893289999974513
0.9468389998801285
0.2762489998531237
0.31508899996879336
1.260647999970388
2.2755789998427645
0.3975419999733276
0.3015090001099452
1.4405389999865292
0.342225000167673
0.2845090000391792
0.3058110000893066
0.5250859999250679
0.5027750000863307
0.320867000027647
0.3105790001427522
0.31155000010585354
0.3001789998506865
0.3452700000252662
0.3349700000399025
0.2914089998284908
0.297028999966642
0.2762879998954304
0.29255900017233216
0.2475779999713268
0.271427999905427
0.31310899998970854
0.642720000087138
0.2731280001171399
0.2600180000627006
0.4701249999925494
0.3464299998086062
0.3185000000485161
0.2805490000810096
0.24674700011928508
0.2504280000721337
0.2725879999161407
0.2501769999980752
0.8549259998744674
0.3362600000400562
0.29574899986073433
0.2740089998951589
0.31055900012688653
0.3130800000690215
1.3274299999466166
0.32815600002322753
0.3675210000437801
0.28293800005485537
0.7235919999857288
0.2964289999454195
0.3317040000183624
1.1106730000847165
0.3014590001839679
0.42910299998766277
0.30002900007275457
0.3577909999421536
0.3322100001241779
0.2800589998059877
0.2924390000771382
0.3455599999142578
1.0722619999796734
0.4701240000031248
0.7881539997924847
0.38597100001425133
0.3224699999009317
0.3389530002095853
0.3261199999542441
0.42722300008790626
0.32030999977905594
0.8346449999407923
0.7744899999124755
0.24434700003439502
0.3522900001371454
0.26878900007432094
1.318320000109452
0.2941189998182381
0.3057589999571064
0.39134199982981954
0.3004719999353256
0.27503100000103586
0.281368999822007
0.24122700006046216
0.268618999825776
0.2620679999836284
0.34171999982390844
0.34474099993531127
0.706090999983644
0.25826700016295945
0.30984899990471604
1.3334210000266467
0.2705389999846375
0.38451099999292637
0.3848270000617049
0.570861999904082
0.6700999999793567
0.807105999911073
0.38800199990873807
0.27228799990552943
1.3143700000455283
0.3199700001914607
0.33494000012979086
0.5530260000341514
0.32848000000740285
0.3129550000267045
0.295698999934757
0.28678399985437864
0.29075899988129095
0.9008230001654738
0.2652030000263039
0.22882200005369668
0.2974139999878389
1.3121649999447982
0.5461920000016107
0.4754540000249108
0.28223799995430454
0.3218249999008549
0.2872229999866249
0.26879100005317014
0.8788739999090467
0.27210799999011215
0.305819999994128
0.27720799994312983
0.3115100000741222
0.28317399983279756
0.3060639999148407
0.24810299987620965
0.3326650000872178
0.43298300010974344
0.2551479999510775
0.33875999997690087
0.272627999947872
0.7511589999467105
0.24919199995565577
0.30159900006765383
0.2784989999327081
0.28145800001766474
0.31972500005394977
0.25892700000440527
0.2784589999009768
1.2034119999952964
0.7907940000677627
0.29289899998730107
0.3040689998670132
0.27247900015936466
0.3021889999672567
0.2537179998398642
0.3057689998513524
0.34486499998820364
0.2927230000295822
0.28809400009777164
0.25701699996716343
0.2752359998794418
1.6882390000318992
0.30611900001531467
0.5795879999368481
0.26088799995704903
0.5672979998507799
0.5542520000290097
0.24168799996004964
0.2933640000719606
0.3121690001535171
0.27337799997440015
0.2832380000654666
0.2501209999081766
0.6307090000063909
1.0058310001568316
0.31321000005846145
0.6838209999386891
0.3384500000720436
0.250045000029786
0.2850640000815474
0.4105330001493712
0.3014540000094712
0.27896100004909385
0.3177720000167028
0.2781960001811967
0.27731899990612874
0.277171000107046
0.3210889999536448
0.30833000005259237
0.26663300013751723
0.3681819998746505
0.3086639999310137
0.29225699995549803
0.3174500000113767
0.6232689997887064
0.27879799995389476
0.2712990001327853
0.27647599995361816
0.2575869998509006
0.2824299999701907
0.48677499989935313
0.2671429999736574
0.2829939999173803
0.3030020000096556
0.3480599998511025
0.328556999875218
0.2689279999685823
0.4382629999781784
0.5550969999603694
0.3054889998566068
0.28105900014452345
0.31836299990573025
0.31166600001597544
0.4862260000209062
0.2553629999511031
0.23209700020743185
0.2963689998978225
0.2826439999807917
0.3131700000267301
0.8924700000534358
0.34213699996143987
0.2662189999682596
0.731571999949665
0.24449800002912525
0.2207370000633091
0.2777379997951357
0.23458300006495847
0.25959800018426904
0.49854499980028777
0.3082739999626938
0.28625900017686945
0.295763999929477
0.23846700014473754
0.5396170001858991
0.33583499998712796
0.31209899998430046
0.6918359999872337
0.35906600010093825
0.27552899996408087
0.31568999997944047
0.3431229999932839
0.2637249999679625
0.2974789999825589
0.28138900006524636
0.2871300000606425
0.3320300002087606
1.362821999919106
0.8472160000110307
0.30406900009438687
0.26961799994751345
0.2950979999241099
0.4102279999642633
0.2613830001791939
0.2947719999610854
0.27050600010625203
0.3253990000757767
0.2758790001280431
0.2969889999349107
0.28974900010325655
0.4540339998584386
0.26661800006877456
0.28704900000775524
0.7920549999198556
0.2714679999371583
0.3761309999390505
0.47192700003506616
0.3471490001629718
0.3064889999677689
0.2803979998589057
0.2974589999666932
0.2945989999716403
0.3627050000432064
0.3127840000161086
0.2790589999221993
0.308359999962704
0.2858609998384054
0.27321600009599933
0.3056440000364091
0.33527699997648597
0.2617960001316533
0.3653709998161503
0.307359000089491
0.37064100001771294
0.24328799986506056
0.2959790001568763
