payload_size_bytes=51200
runs=500
mean_ms=0.787
median_ms=0.297
stddev_ms=9.292
min_ms=0.215
max_ms=208.070
---raw---
0.4611919998751546
0.35874500008503674
0.46528999996553466
0.390981999998985
0.26863799985221704
0.44597800001611176
0.3286190001290379
0.3249799999593961
0.9666700000252604
1.4095100000304228
0.39630899982512346
0.2867190000870323
0.2862280000499595
0.291768999886699
0.3224889999273728
1.9649609998850792
1.6089789999114146
0.4497639999954117
0.34916000004159287
3.0274210000698076
0.3477109999039385
0.3636009998899681
0.29329899984986696
0.41538300001775497
1.4132929998140753
0.3067299999202078
0.9469379999700323
1.608958999895549
0.6613499999730266
0.3844509999453294
0.4780550000305084
0.34960100015268836
0.3736910000498028
0.2651480001532036
1.067211999952633
0.6045889999768406
0.3223000001071341
0.31271000011656724
0.5199060001359612
0.25960800007851503
0.655790000109846
0.7414229999085364
0.2909889999500592
0.41240199993808346
0.2787180001178058
0.27933900014431856
0.2797790000386158
0.3061489999254263
0.2972990000671416
0.27554899997994653
0.3203800001756463
0.2927179998550855
1.1108029998467828
0.26879799997914233
0.2851899998859153
0.6604089999200369
0.25257700008296524
0.29649000020981475
0.4380039999887231
0.25971799982471566
0.6783799999539042
2.2353580000071815
0.334151000060956
0.337403000003178
0.30402700008380634
0.26673100001062267
0.2985119999721064
0.49079000018537045
0.3441690000727249
0.2889590000449971
0.4812649999621499
0.3400099999453232
0.2580379998562421
0.27868000006492366
0.26751699988381006
0.2597780000996863
0.24710699995011964
0.27161799994246394
0.2814380000017991
0.2478079998127214
0.2655079999840382
1.194027000110509
0.7361430000401015
0.2878390000660147
0.320220000048721
0.31325899999501416
0.26296800001546217
208.07039600003918
0.39092800011530926
1.1352139999871724
0.3083130000050005
0.3041540001049725
0.3531410000050528
0.7498630000100093
0.26746799994725734
0.33203999987563293
0.7793429999765067
0.3490809999675548
0.25778799999898183
0.3209950000382378
0.3313360000447574
0.3331900002194743
0.2718079999795009
0.3008579999459471
0.3179800000907562
0.2915410000241536
0.2760080001280585
0.25726600006237277
0.27597000007517636
0.28919900000801135
0.2502340000773984
0.2391169998645637
1.6821320000417472
0.3950620000523486
0.3285610000602901
0.33762499992917583
0.32179999993786623
0.2892390000397427
0.46541400001842703
0.2645719998781715
0.2956599998924503
0.32357499981117144
0.28775400005542906
0.28254800008653547
0.267329000052996
0.28307100001256913
0.2777060001335485
0.2829190000284143
0.2908290000505076
0.30175899996720545
0.3120189999208378
0.2534479999667383
0.374111999917659
0.29555100013567426
0.7542830001057155
0.5826350000006641
0.2780990000701422
0.28367799995976384
0.2814279998801794
0.7134420000056707
0.2452069998071238
0.37289400006557116
0.4198830001769238
0.3207070001280954
0.2445919999445323
0.28660399993896135
0.27778800017586036
0.3039420000732207
0.33256300002904027
0.34857000014199
0.2880060001189122
1.2225350001244806
0.2706870000110939
0.24514799997632508
0.3089799999997922
0.2953779999188555
0.6590000000414875
0.2447480001137592
0.2874090000659635
0.2949780000562896
0.2720889999636711
0.26281800001015654
0.31741899988446676
0.29267100012475566
0.2610159999676398
0.23728700011815818
0.2706289999423461
0.306722000004811
0.2959189998819056
0.27923600009671645
0.24056799998106726
0.33157000007122406
0.3267800000230636
0.3215909998743882
0.23701700001765857
0.5723970000417467
0.34590999985084636
0.3399109998554195
0.3527999999732856
0.292037999997774
0.30214900016289903
0.46429000008174626
0.2928429998974025
0.2826410000125179
0.26730599984148284
0.22693900018566637
0.25937500004147296
0.27021800019610964
0.2759989999958634
0.26583800013213477
0.27691900004356285
0.30418899996220716
0.3972020001583587
0.2869089998966956
1.015092999978151
0.2847589998964395
0.2701379999052733
0.29653599995072
0.29833000007783994
0.2936580001460243
0.2869189997909416
0.3044589998353331
0.2721230000588548
0.293223999960901
0.32848899991222424
0.25479800001448893
0.3131399998892448
0.29898899992986117
0.263668000116013
0.30595799989896477
0.2997500000674336
0.25230699998246564
0.3063290000682173
0.29511899992940016
0.2667579999524605
0.2972990000671416
0.2882390001559543
1.4922269999715354
0.4029130000162695
0.30479700012620015
0.2893190001032053
0.311299000031795
0.31348900006378244
0.31343499995273305
0.32167700010177214
0.31751999995321967
0.3328979998968862
0.26065800011565443
0.3826820000085718
0.29053899993414234
0.2738480000061827
0.3290090000973578
0.34567300008347956
0.27315600004840235
0.3065399998831708
0.2821880000283272
0.5990289998862863
0.5012550000174087
0.30794899998909386
0.2752790001068206
0.348640000083833
0.35161100004188484
0.3658069999801228
0.30618499999945925
0.2873939999972208
0.28185399992253224
0.2841279999756807
0.30004899986124656
0.2719579999848065
0.2784589999009768
0.24398300001848838
0.30192400004125375
0.31780999984221125
0.2756869998847833
0.28155900008641765
0.26319800008423044
0.2676410001640761
0.3722710000602092
0.2907709999817598
0.26170299997829716
0.3654710001228523
0.34867999988819065
0.29025000003457535
0.3183199999057251
0.29671900006178475
0.27636899994831765
0.2781680000225606
0.24914699997680145
0.2687189999051043
0.30779799999436364
0.29219999987617484
0.2862280000499595
0.25762799987205653
0.3497400000469497
0.33189999999194697
0.3311699999812845
0.8307159998821589
0.5343459999949118
0.2886590000343858
0.3571100000954175
0.2931090000402037
0.333039999986795
0.32892900003389514
0.31598000009580574
0.27100800002699543
0.3741460000128427
0.26890799995271664
0.3090440000050876
0.2760679999482818
0.410062999890215
0.3104699999312288
0.3524219998780609
0.2894579999974667
0.25174300003527605
0.266217999978835
0.26913299984698824
0.26270800003658223
0.27719800004888384
0.28176900013932027
0.29937199997220887
0.24670500010870455
0.2937589999874035
0.29422800002976146
0.28151799983788806
0.3000589999828662
0.5811780001749867
0.3076619998410024
0.3239170000597369
0.3017819999513449
0.2707050000481104
0.25738800013641594
0.22895699999025965
0.2661539999735396
0.3336370000397437
0.26757599994198245
0.8486249998895801
0.47902400001476053
0.7604340000852972
0.285628000028737
0.3510110000206623
0.4436479998730647
0.31923999995342456
0.2910639998390252
0.2901879997807555
0.3050600000733539
0.34813000002031913
0.28116800012867316
0.269739000032132
0.2576879999196535
0.31090099992070463
0.30840699992040754
0.2517379998607794
0.26343799981987104
0.6514300000617368
0.253157999850373
0.2793680000650056
0.38976700011517096
0.3796270000293589
0.36832099999628554
0.2890680000291468
0.29211900005066127
0.3359909999289812
0.24908800014600274
0.2935830000296846
0.3098639999734587
0.28332900001259986
0.2982949999932316
0.26883300006375066
0.23127800000111165
0.28321400009190256
0.21523600003092724
0.2840479999122181
0.2737929999057087
0.7407820000935317
0.270068000190804
0.45019399999546295
0.40907700008574466
0.22262700008468528
0.24338299999726587
0.2928339999925811
0.2757830000064132
0.24063799992291024
0.26905799995802226
0.2809979998801282
0.2669880000212288
0.23105700006453844
0.25840799980869633
0.3059509999729926
0.26307600001018727
0.2818600000864535
0.24778499982858193
0.26929899991046113
0.2947089999452146
0.34645999994609156
0.28238799995961017
0.3633020000961551
0.8218850000503153
0.29391899988695513
0.2923790000295412
0.2813080000123591
0.2603579998776695
0.3737649999493442
0.30027699995116564
0.2391570001236687
0.25750300005711324
0.2658229998360184
0.24091199998110824
0.2846429999863176
0.29953900002510636
0.3109219999259949
0.2960190001886076
0.2676679998785403
0.3327229999285919
0.2718450000429584
0.6953090000934026
0.24892700002965285
0.30885000001035223
0.31531000013274024
0.3309619999072311
0.2974589999666932
0.2414949999547389
0.3157799999371491
0.312908000069001
0.2850190001026931
0.33378000011907716
0.2635009998357418
0.310959999978877
0.30438600015259
0.2765589999853546
0.5240959999355255
0.33452000002398563
0.27713800000128685
0.2875590000712691
0.8426259998941532
0.7197620000169991
0.30839999999443535
0.23535600007562607
0.36404200000106357
0.28812900018237997
0.38989199993011425
0.2756090000275435
0.31565899985253054
0.25550800000928575
0.2716379999583296
0.30077099995651224
0.3086300000632036
0.2956470000299305
0.24417000008725154
0.2941390000614774
0.29845699987163243
0.2737300001172116
0.28737699994962895
0.2574669999830803
0.25997800003096927
0.2915590000611701
0.316439000016544
0.5111859998123691
0.3218649999325862
0.32598999996480416
0.30010899990884354
0.3063690000999486
0.22337199993671675
0.26452900010554004
0.3065390001211199
0.24889699989216751
0.2636189999520866
0.35588099990491173
0.27338299992152315
0.2710179999212414
0.2547779999986233
0.23971700011315988
0.271427999905427
0.2295270001013705
0.2767329999642243
0.25687300012577907
0.29057699998702446
0.29952600016258657
0.294089999897551
0.45211400015432446
0.3012990000570426
0.268190000042523
0.30976600010035327
0.26812900000550144
0.33151000002362707
0.31830000011723314
0.2749479999692994
0.2263879998736229
0.3052800000205025
0.2524480000829499
0.28432800013433734
0.2696489998470497
0.2691270001378143
0.32866099991224473
0.5294149998462672
0.30324999988806667
0.28813800008720136
0.3581729999950767
0.2907359998971515
0.6916510001246934
0.5083460000605555
0.3472700000202167
0.4031920000215905
0.370092000139266
0.30425899990405014
0.3429010000672861
0.30945899993639614
0.35708399991563056
1.610348999975031
0.26784800002133125
0.3263699998115044
0.2771780000330182
1.1619720000908274
0.8891719999155612
0.3040169999621867
0.29107699992891867
0.2570379999724537
0.39719399978821457
0.2790969999750814
0.29456800007210404
0.2734089998739364
