payload_size_bytes=51200
runs=500
mean_ms=0.402
median_ms=0.312
stddev_ms=0.250
min_ms=0.222
max_ms=2.339
---raw---
0.49714800002220727
0.609658000030322
0.3721109999332839
0.3437699999722099
0.3029669999250473
0.9883449999961158
0.2783280001494859
0.2222969999365887
0.7327969999550987
0.33478099999229016
0.3649610000593384
0.25611799992475426
0.5799570001272514
0.36035099992659525
0.3668009999273636
0.5977179998808424
0.6239689998892572
0.3048789999411383
0.3086900001108006
2.3391009999613743
0.4644039997856453
0.8363659999304218
0.47225399998751527
0.39919200003168953
0.39255699994100723
0.5806630001643498
0.3264590000071621
0.7108709999101848
0.45384400004877534
0.9074370000234921
1.3957329999811918
0.26873799993154535
0.3255100000387756
0.7058310000047641
0.7940939999571128
0.3123090000372031
1.1592149999160029
0.34215999994557933
1.5064859999256441
1.2406880000526144
0.4277129999081808
0.31530999990536657
0.2869180000288907
0.2876790001664631
0.3233990000808262
0.23912799997560796
0.33086999997067323
0.29046800000287476
0.2694110000902583
0.28167599998596415
0.2938689999609778
0.8275059999505174
1.089323000087461
0.26766800010591396
0.2782680001018889
0.2424869999231305
0.2968189999137394
0.3072689999044087
0.3644210000857129
0.25958800006264937
0.28592900002877286
0.618268999915017
0.42783300000337476
0.39763199993103626
0.3244700001232559
0.294488999998066
0.33751000000847853
0.32400000009147334
0.22906700019120763
0.8022489998893434
0.8911720001378853
1.004161000082604
0.358701000095607
0.3233689999433409
0.3165599998737889
0.27481799997985945
0.3138029999263381
0.30331699986163585
0.28626900007111544
0.3276150000601774
0.9407180000380322
0.2769479999642499
0.27448800005913654
0.3139169998576108
0.5418069999905128
0.3451499999300722
0.33069999994950194
1.0020299998814153
0.2581349999672966
0.31033999994178885
0.2801089999593387
0.3185519999533426
0.2367279998907179
0.6808069999806321
0.6761209999694984
1.066932999947312
0.2985189998980786
0.3311099999336875
0.29135899990251346
0.315383000042857
0.3094200001214631
0.3383380001196201
0.34672100014176976
0.5883880000965291
0.5520869999600109
0.45109399979992304
0.34188999984507973
0.32515999987481337
0.27620800005934143
0.26734800007943704
0.2410469999176712
0.30761900006837095
0.2700340000956203
0.752502000068489
0.6869960000130959
0.27172799991603824
0.3320000000712753
0.3017789999830711
0.2709679999952641
0.2810980001868302
0.26467800012142106
0.2951689998553775
0.2891179999551241
0.28975899999750254
0.30375899996215594
0.2763279999271617
0.32061999991128687
1.2458300000162126
0.2889489999233774
0.316109999857872
0.3795220000029076
0.2901289999499568
0.29407900001388043
0.281767999922522
0.2854589999969903
0.2979659998345596
0.2542279999033781
0.27994900005978707
0.2842389999386796
0.2640079999309819
0.2615580001474882
0.2609580001262657
0.2562080001098366
0.4968550001649419
0.31514900001639035
0.33967099989240523
0.25607699990359833
0.2542180000091321
0.30092899987721466
0.28929900008733966
0.2863340000658354
0.3319439999813767
0.25920799998857547
0.3207799998108385
0.25567699981365877
0.2677279999261373
0.3319499999179243
0.29240900016702653
0.2682689998891874
0.2516179999929591
0.2746080001543305
0.5285160000312317
0.45251400001689035
0.43098300011479296
0.3313290001187852
0.3491310001209058
0.2757289998953638
0.28283400001782866
0.23188199998003256
0.27424900008554687
0.3586759999052447
0.27116299997942406
1.7121030000453175
0.29933899986644974
0.5215450000832789
0.387414999977409
0.3244720001021051
0.3338349999921775
0.3246300000228075
0.6021179999606829
0.25677700000414916
0.3038289999039989
0.28526900018732704
0.2738980001595337
0.3146700000797864
0.304898999957004
0.5667569998877298
0.3183700000590761
0.2965280000353232
0.3368000000136817
0.31292900007429125
0.3362400000241905
0.3847219998078799
0.6094380000831734
0.24940799994510598
1.1641409998901509
0.3313400000024558
0.2797030001602252
0.29778899988741614
0.2784429998428095
0.271199000053457
0.2781980001600459
0.7706330000019079
0.6575700001576479
0.5567250000240165
0.2660980001110147
0.3011889998560946
0.29030900009274774
0.3088599999045982
0.2505469999505294
0.24240900006589072
0.2380500000072061
0.28456399991227954
0.27846800003317185
1.5094760001375107
0.8414549999997689
0.6922529998973914
0.26524899999458285
0.29429899996102904
0.29710600006183085
0.35067099997831974
0.2744179998899199
0.3448410000146396
0.28551399987009063
0.2600880000045436
1.0873579999497451
0.6512590000511409
0.3256499999224616
0.2539370000249619
0.2538369999456336
0.2920599999924889
0.2943790000244917
0.40948199989543355
0.2385029999913968
0.30733400012650236
0.29119000009814044
0.33267200001319
1.6413219998412387
0.24897699995563016
0.2854829999705544
0.41479399988020305
0.36754999996446713
0.3069389999836858
0.27011800011678133
0.8264349999080878
0.2408779998859245
0.2474079999501555
0.3221230001599906
0.28941100003976317
0.24360500015063735
0.3543400000580732
0.2765490000911086
0.3200989999641024
0.2822989999913261
0.2804870000545634
0.2938790000825975
0.3358610001669149
0.3047580000838934
0.2701989999422949
0.6612800000311836
0.2642080000896385
0.3089150000050722
0.28317300007074664
0.26281800001015654
0.2930589998868527
0.32841000006555987
0.280762000102186
0.25767500005713373
1.6725609998502478
0.6371199999648525
0.3766820000237203
0.4114130001653393
0.3349199998865515
0.2995979998559051
0.34519599989835115
0.2879129999655561
0.270860000000539
0.25114899995060114
0.25646999984019203
0.30829399997855944
0.5727979998937371
0.28495799983829784
0.3581410001061158
0.3147290001379588
0.274018000027354
0.2928889998656814
0.3549020000264136
0.31156899990492093
0.30242899993027095
0.2800439999646187
0.31785000010131625
1.1392699998395983
0.600448000113829
0.3547819999312196
0.32394000004387635
0.3144699999211298
0.2860189999864815
0.42755300000862917
0.3159989998948731
0.3148400001009577
0.27054800011683255
0.3359620000082941
0.3185019997999916
0.3674069998851337
0.44239199996809475
0.5053350000707724
0.3734809999969002
0.3260250000494125
0.30495500004690257
0.32000999999581836
0.28200800011290994
0.3206450001016492
0.26656799991542357
0.4105000000436121
0.2519950000987592
0.24915800008784572
0.28011900008095836
0.31414000000040687
0.29456900006152864
0.5318960002114181
0.5915679998906853
0.3838929999346874
0.32848999990164884
0.3284500000972912
0.33075999999709893
0.3160510000270733
0.30397299997275695
0.3045139999358071
0.276497999948333
0.43986599985146313
0.2892750001137756
0.2764890000435116
0.4259229999661329
0.27579800007515587
0.2710710000428662
0.39575000005243055
0.28250800005480414
0.33734999988155323
0.3637410000010277
0.29627799995068926
0.276408999980049
0.3261700001075951
0.2802110000175162
0.2821509999648697
0.28847599992332107
0.32837699995980074
0.26718799995251175
0.3734710001026542
0.3395300000192947
0.26467800012142106
0.27709799996955553
0.2838779998910468
0.29694900013055303
0.3178499998739426
0.3527410001424869
0.30431899995164713
0.27111899998999434
0.2889089998916461
0.27113900000586
0.27780300001722935
0.29019399994467676
0.29849899988221296
0.27343800002199714
0.9865499998795713
0.5652870001995325
0.3501310000046942
0.3192189999481343
0.2672580001217284
0.333039999986795
0.31775000002198794
0.3075790000366396
0.2634480001688644
0.4384840001421253
0.31780899985278666
0.26137899999412184
0.6737819999216299
0.29654900004061346
0.2777080001123977
0.8550860000013927
0.3057070000522799
0.28587899987542187
0.30375899996215594
0.2785389999644394
0.2563279999776569
0.3438849998929072
0.3677269999116106
0.24874699988686189
0.9159189999081718
0.5604359998869768
0.38761300015721645
0.25290700000368815
0.25268699982916587
0.5449959999168641
0.39885399996819615
0.27132800005347235
0.28306099989094946
0.2707529999952385
0.34517300014158536
0.31508999995821796
0.6322169999748439
0.5384860000958724
0.39724300017951464
0.31150999984674854
0.3163290000429697
0.31370000010610966
0.2643380000790785
0.2812200000334997
0.3194870000697847
0.29760899997199886
0.2909419999923557
0.26374599997325276
0.6556299999829207
0.551567000002251
0.2578470000571542
1.2427410001691896
0.32388199997512856
0.29988699998284574
0.2699149999898509
0.32077200012281537
0.5089759999918897
0.28803899999729765
0.28277899991735467
0.7822799998393748
0.3537410000262753
0.3033890000097017
1.06425300009505
0.3653960000065126
0.34800599996742676
0.2908879998813063
0.29628899983435986
0.30304000006253773
0.3165400000852969
0.9389780000219616
0.5835479998950177
0.4111529999590857
1.2377989999095007
0.2959889998237486
0.35415999991528224
0.3155009999318281
0.29362899999796355
0.2694659999633586
1.287198999989414
0.3912919999038422
0.5092549999972107
0.34425099988766306
0.2552619998823502
0.7651480000276933
0.3248000000439788
0.36554100006469525
0.29422900001918606
0.32896000016080507
0.8886969999366556
0.6113080000886839
1.0873830001401075
0.29671900006178475
0.30208899988792837
0.3009000001839013
0.28759800011357584
0.26968899987878103
0.29306999999789696
0.3379800000402611
0.3161899999213347
0.2910089999659249
0.3003389999776118
0.29395900014606013
0.5484460000388935
0.3247399999963818
0.3498809999200603
0.2655569999205909
0.34236999999848194
0.31720099991616735
0.6925810000666388
0.49520500010658
0.2985890000672953
0.3269720000389498
0.31171699993137736
0.24581299999226758
0.29872400000385824
0.36222099993210577
0.2679980000266369
0.2846790000603505
0.6233179999526328
0.5509669999810285
0.2797689999169961
0.2456380000239733
0.2978789998451248
0.6595610000204033
0.4775439999775699
0.22983199983173108
0.284088999933374
0.3158350000376231
0.2618329999677371
0.2628250001635024
0.24774000007710129
0.2886929999021959
0.28769899995495507
0.26727800013759406
0.30404199992517533
0.26718499998423795
0.27603900002759474
