payload_size_bytes=51200
runs=500
mean_ms=0.387
median_ms=0.325
stddev_ms=0.245
min_ms=0.247
max_ms=2.932
---raw---
0.4507129999637982
0.6159810000099242
0.32007699996938754
0.3554300001269439
0.3640209999957733
0.2976289999878645
0.25661800009402214
1.9615789999534172
0.3972629999680066
0.29324899992388964
0.40317200000572484
0.4635440000129165
0.2976990001570812
0.3382929999133921
0.28062799992767395
1.4301710000381718
0.3625930000907829
0.29195900015110965
0.2917670001352235
0.35952100006397814
0.33562999988134834
0.8490879999953904
0.885513999946852
2.9317990001800354
0.34657099990909046
1.556375999825832
0.3935019999516953
0.3658509999695525
0.3472010000677983
0.3134500000214757
0.29383900005086616
0.32383999996454804
0.2761379998901248
0.2922290000242356
0.34188099994025833
0.35862100003214437
0.29729899983976793
0.32423299990114174
0.3985890000421932
0.3123920000689395
0.3329969999867899
0.3701139999066072
0.3735479999704694
0.35613099998954567
0.3096790001109184
0.28309900017120526
1.0360010001022602
0.8014940001430659
0.3520810000736674
0.3088590001425473
0.32024000006458664
0.3480430000308843
0.36404200000106357
0.9195350000936742
0.30918999982532114
0.30485999991469726
0.4016020000108256
0.3400690000034956
0.31071900002643815
0.3180900000643305
0.39702200001556776
0.39128200000959623
0.323909999906391
0.6666910001058568
0.30136899999888556
0.358710999989853
0.4728940000404691
0.3143399999316898
0.40416199999526725
0.3031090000149561
0.32155000008060597
0.29761899986624485
0.31126900012168335
0.7518630000049598
0.4436839999470976
0.30485899992527266
0.48819499988894677
0.3603210000164836
0.35458000002108747
1.1453080001047056
0.34883800003626675
0.3306629998860444
0.3291780001291045
0.3663510001388204
0.2884020000237797
0.28359600014482567
0.38907199996174313
0.3612040000007255
0.309978999894156
2.1904449999965436
0.6421299999601615
0.33268200013480964
0.7400399999824003
0.3149579999899288
0.2992490001361148
0.35548599998946884
0.2959290000035253
0.3585490001114522
0.35708400014300423
0.2974269998503587
0.3156800000851945
0.34862999996221333
0.2965389999189938
0.3820689998974558
0.2986910001254728
0.3121390000160318
0.30567900012101745
0.3307320000658365
2.0134159999543044
0.3067090001422912
0.32570000007581257
0.9381610000218643
0.7841340000140917
0.33579099999769824
0.32558800012338907
0.30291899997791916
0.2937120000297
0.347942999951556
0.28705799991257663
0.346668000020145
0.3558280000106606
0.29982399996697495
0.3611460001593514
0.4424939997988986
0.3326430000925029
0.2865889998702187
0.3022760001840652
0.33607000000301923
1.237429999946471
0.9246759998404741
0.5867029999535589
0.33207000001311826
0.34707500003605674
0.29699900005653035
0.32815500003380293
0.32013700001698453
0.2861390000816755
0.29517899997699715
0.291768999886699
0.2822589999595948
0.3034810001736332
0.2913370001351723
0.28006799993818277
0.29875900008846656
0.29642900017279317
0.36566099993251555
0.3860589999931108
0.3302650000023277
0.3204300001016236
0.42825300010918
0.33705999999256164
0.4446929999630811
1.0125859998879605
0.332561999812242
0.3272999999808235
0.27735899993786006
0.31659999990552024
0.3174270000272372
0.42512300001362746
0.3281300000708143
0.31870199995864823
0.31271700004253944
0.37001200007580337
0.34275999996680184
0.305810000099882
0.3286099999968428
1.6250290000243695
0.45660399996449996
0.48200400010500744
0.3475900000466936
0.3158990000429185
0.30026900003576884
0.34359100004621723
0.33593500006645627
0.3256650002185779
0.2926040001511865
0.333597999997437
0.3084369998305192
0.2937490000931575
0.28151900005468633
0.2941589998499694
0.2988500000355998
0.2862589999494958
0.313908999942214
0.34380099987174617
0.4446460000053776
0.3178670001489081
0.36625100005949207
0.3158800000164774
0.3247300001021358
0.2923690001352952
0.3460509999513306
0.33588300016162975
0.6064980000246578
0.2885179999339016
0.31481699988944456
0.5163349999293132
0.36245100000087405
0.3058289998989494
0.29667400008293043
0.5221119999987422
0.36388000012266275
0.3277809998962766
0.29057799997644906
0.3100399999311776
0.3551209999841376
0.3130190000319999
0.30857899992042803
0.3026589999990392
0.3027390000625019
0.32061900014923594
0.28926799996042973
0.31265000006897026
0.30949999995755206
0.2993590001096891
0.7088069999099389
0.34928000013678684
0.304819000120915
0.3120200001376361
0.311188999830847
0.30928499995752645
0.28996900005040516
0.31263900018529966
0.32953000004454225
0.30251400016823027
0.30097900003056566
0.28328400003374554
0.28436900015549327
0.3680719999010762
0.30755900002077396
0.27723900007003976
0.5314859999998589
0.3369630001088808
0.3276770000866236
0.3169500000694825
0.35027100011575385
0.34669000001485983
1.20502699996905
0.26280800011591054
0.3047100001367653
0.7260520001182158
0.3022889998192113
0.3226409999115276
0.3283490000285383
0.3315629999178782
0.3089769998041447
0.3109690001110721
0.34181000000899076
0.2933289999873523
0.3197099999852071
0.297019000072396
0.34424099999341706
0.3094300000157091
0.3782619999128656
0.33998999992945755
0.3549030000158382
0.3274679997957719
0.3264619999754359
0.5599269998128875
0.34042799984490557
0.30780999986745883
0.3463660000306845
0.260185999877649
0.7642929999747139
0.35513800003172946
0.3196099999058788
0.32896000016080507
0.30844999992041267
0.29018900022492744
0.3287399999862828
0.3173400000378024
0.3128099999685219
0.329518999933498
0.3121790000477631
0.36471199996412906
0.39461099981963343
0.4416340000261698
1.339322999911019
0.6034460000137187
0.40476200001648976
0.3287299998646631
0.2955619997919712
0.29057899996587366
0.2811890001339634
0.28432600015548815
0.3386400001090806
0.3391409998130257
0.3575129999262572
0.3583979998893483
0.2873790001558518
0.2835789998698601
0.3905820001364191
0.3002989999458805
0.28404900012901635
0.329239999928177
0.30290000017885177
0.33059899988074903
0.3223090000119555
0.698091000003842
0.2835989998857258
0.30357800005731406
0.3581630001008307
0.3495280000151979
0.3169900001012138
0.6865919999654579
0.3229290000490437
0.29848999997739156
0.30740000011064694
0.3196590000698052
0.36565100003826956
0.3132800000003044
0.2925589999449585
0.2845880001132173
0.3384600001936633
0.48135499991985853
0.3294999999070569
0.2998489999299636
0.3421710000566236
0.30948900007388147
0.3028190001259645
0.3953220000312285
0.3162819998578925
0.29280100011419563
0.3321550000237039
0.7221719999961351
0.3354999998919084
0.36705100001199753
0.37787400015076855
0.3039370001260977
0.2933210000719555
1.3130570000612352
0.24675700001353107
0.3127400000266789
0.3410599999824626
0.33146000009764975
0.59290800004419
0.32953000004454225
0.26794800010065956
0.3416710001147294
0.3146100000321894
0.2529969999613968
0.6767899999431393
0.39292300016313675
0.3353199999764911
0.3519110000524961
0.3071390001423424
0.3006209999512066
0.3176069999426545
0.28947900000275695
0.35222099995735334
0.31012899989946163
0.30070899993006606
0.2947689999928116
0.3552700000000186
0.40615200009597174
0.29594900001939095
0.30057900016799977
0.31165900009000325
0.3763619999972434
0.30962000005274604
0.3153000000111206
0.28556799998114
0.28414900020834466
0.4125019997900381
0.35875100002158433
0.31226900000547175
0.3469400000994938
0.3394510001726303
0.3218589999960386
0.3125299999737763
0.3298300000551535
0.29103899987603654
0.3319400000236783
0.3293400000075053
0.2980690001095354
0.3606320001381391
0.34064000010403106
0.2809190000334638
0.3767109999444074
0.2924289999555185
0.34115999983441725
0.26833100014300726
0.9019169999646692
0.35602799994194356
0.3482189999886032
0.35730199988392997
0.34401000016259786
0.32683999984328693
0.3546809998624667
0.28858800010311825
0.3271600000971375
0.33048000000235334
0.36335099980533414
0.3173909999532043
0.3159600000799401
0.28822899980696093
0.2925989999766898
0.28410799995981506
0.32471999998051615
0.36848099989583716
0.3747010000552109
0.29080900003464194
0.2896690000397939
1.206000999900425
0.3108500000053027
0.29046800000287476
0.31480999996347236
0.33279500007665774
0.2857990000393329
0.29291900000316673
0.2947579998817673
0.28233900002305745
0.4659439998704329
0.3782920000503509
0.31576999981552945
0.31718000013825076
0.35508600012690295
0.38562999998248415
0.3212569999959669
0.2773989999695914
0.3533910000896867
0.306038999951852
0.3514009999889822
0.3140090000215423
0.30745999993087025
0.32764899992798746
0.48278500003107183
0.3633510000327078
0.35021000007873226
0.37544700012404064
0.3003530000569299
0.30766999998377287
0.3033299999515293
0.31004900006337266
0.28588400004991854
0.2834130000337609
0.29889199981880665
0.3361569999924541
0.3208399998584355
0.3663540001070942
0.38528899995071697
0.2862489998278761
0.4461759999685455
0.3059870000470255
0.4368229999727191
0.3702710000652587
0.3570910000689764
0.2933839998604526
0.2968169999348902
0.3737090000868193
0.37827100004506065
0.3120790001958085
0.38661200005662977
0.28149300010227307
0.31813600003260945
0.35535999995772727
0.31757000010657066
0.33489099996586447
0.3513930000735854
0.3432799999245617
0.293089000024338
0.3189980000115611
0.33229299992854067
0.33821799979705247
0.274078000074951
0.31952499989529315
0.277613999969617
0.27680200014401635
0.2902190001350391
0.2711379997890617
0.2823059999172983
0.6668799999260955
0.3173899999637797
0.31961900003807386
0.3347130000292964
0.3216400000383146
0.30833999994683836
0.3443979999246949
0.33435999989706033
0.32576000012340955
0.2873989999443438
0.24910699994507013
0.28892899990751175
0.31581000007463444
0.2710479998313531
0.2859090000129072
0.29853900014131796
0.25595800002520264
0.31591900005878415
0.3121219999684399
0.30374700008906075
0.32372999999097374
0.3349300000081712
0.3598309999688354
0.3655809998690529
0.33690000009301
0.3385600000456179
0.28902799999741546
0.3168299999742885
0.30298999990918674
