payload_size_bytes=51200
runs=500
mean_ms=0.383
median_ms=0.301
stddev_ms=0.264
min_ms=0.200
max_ms=3.017
---raw---
3.017308999915258
0.43989400001009926
0.8425759999681759
0.289228999918123
0.4380929999570071
1.0581430001366243
0.34479100008866226
0.32571999986430455
0.6094319999192521
0.3037800001948199
0.2642879999257275
1.1554949999208475
0.2581880000889214
0.19986600000265753
0.21973599996272242
0.35127099999954225
1.757464000093023
1.05932299993583
0.3604979999636271
0.31377899995277403
0.2856290000181616
0.27934900003856455
0.3231499999856169
0.35387100001571525
0.28843899985986354
0.48681499993108446
0.2682580000055168
2.0314020000569144
0.3877719998399698
0.35989100001643237
0.2965789999507251
0.2835080001659662
0.7990240001163329
0.2777280001282634
0.3531730001213873
0.2584750000096392
0.29084800007694867
0.26689800006352016
0.2791490001072816
0.31542299984721467
0.2964889999930165
0.3121390000160318
0.3909609999936947
0.2665280001110659
0.2569860000676272
0.33956000015678
0.2655880000475008
0.26419799996801885
0.2669479999894975
0.2581379999355704
0.28599899997061584
0.3362400000241905
0.2715690000059112
0.2835180000602122
0.2964790000987705
0.3198800000063784
0.29817899985573604
0.2782179999485379
0.2539569998134539
0.6357600000228558
0.26393299981464224
0.28356899997561413
0.29157400012991275
0.289358999907563
0.36390099990057934
0.2682580000055168
0.3014189999248629
0.280557999985831
0.695620999977109
0.5600469999080815
0.2627779999784252
0.33772999995562714
0.26777800007948827
0.24231800011875748
0.42313299991292297
0.3156099999159778
0.3284599999915372
0.329468999780147
0.33909600006154506
0.31392400001095666
0.29992500003572786
0.3805520000241813
0.3245840000545286
0.4213330000766291
0.3392250000615604
0.2966939998714224
0.35747100014305033
0.5799069999739004
0.31724299992674787
0.5122219999975641
0.28809900004489464
0.28940900006091397
0.34735000008367933
0.5720780000046943
0.31941899987941724
0.41456300004938385
0.29617399991366256
0.36234599997442274
0.29573100005109154
0.3217080000013084
0.2956490000087797
0.3498020000733959
0.469214999839096
0.3093259999786824
0.9141570001247601
0.6416930000341381
0.30559899983018113
0.29479599993464944
0.29015099994467164
0.3406719999929919
0.3164649999689573
0.29385399989223515
0.2773790001810994
0.2858539999124332
0.333100000034392
0.31232900005306874
0.3174890000536834
0.2784579999115522
0.28050799983248
0.639822000039203
0.3007770001204335
0.30984899990471604
0.3175100000589737
0.2900089998547628
0.2870209998491191
0.3416619999825343
0.37695099990742165
0.32365900005970616
0.569627999993827
0.3245949999381992
0.28238799995961017
0.36161100001663726
0.30270199999904435
0.3423370001200965
0.29080900003464194
0.36703099999613187
0.30220099984035187
0.29441199990287714
0.28500400003395043
0.3272489998380479
0.3137999999580643
0.327909999896292
0.5228970001098787
0.788332999945851
0.3578309999738849
0.27967799996986287
0.2885480000713869
0.30192899998837675
0.32405299998572445
0.37008399999649555
0.3083750000314467
0.25878699989334564
0.29408099999272963
0.2779389999432169
0.3096599998571037
0.32598999996480416
0.3010020000147051
0.7231369997953152
0.38835199984532665
0.33269000005020644
0.3750810001292848
0.3304509998542926
0.3264500001023407
0.3367409999555093
0.37339200002861617
0.3376509998815891
0.2990190000673465
0.34672000015234516
0.29954199999338016
0.3477609998299158
0.4639339999812364
0.6860710000182735
0.35559000002649555
0.3339499999128748
0.3115790000265406
0.31730000000607106
0.31160999992607685
0.30580899988308374
0.8118870000544121
0.2897309998388664
1.0459620000347059
0.28052899983777024
0.2960890001304506
0.4058520000853605
0.3766909999285417
0.3162699999847973
0.3530710000632098
0.2894389999710256
0.28605900001821283
0.7916340000519995
0.29731900008300727
1.3891350001813407
0.3165489999901183
0.30259899995144224
0.3092599999945378
0.26902799982053693
0.4305229999772564
0.3692710001814703
0.34546000006230315
0.31518900004812167
1.2385149998408451
0.2951589999611315
0.3102589998889016
0.3040990000044985
0.2508899999611458
0.24514400001862668
0.26236400003654126
0.3294069999810745
0.32151000004887464
1.0013510000135284
2.7193889998216036
0.28951900003448827
0.2671009999630769
0.31233699996846553
0.2595080002265604
0.2643710001848376
0.25823499981925124
0.2983599999879516
0.7521820000420121
0.2911420001510123
0.3892019999511831
0.25070499987123185
0.34911300008388935
0.2966389999983221
0.2976960001888074
0.28526799997052876
0.2991389999351668
0.30852199984110484
0.2542550000725896
0.2431479999813746
0.2915489999395504
0.28107799994359084
0.22544700004800688
0.2455879998706223
0.3213719999166642
0.8173849998911464
0.34036700003525766
0.24908199998208147
1.15188500012664
0.3028440000889532
0.2911289998337452
0.31659399996897264
0.264878000052704
0.24333199985449028
0.34198999992440804
0.23747599993839685
0.29407400006675743
0.29263900000842114
0.8151200001975667
0.27220300012231746
0.3749659999812138
0.2678079999895999
0.2895590000662196
0.3532999999151798
0.21340900002542185
0.2551640000092448
0.25436299983994104
0.23725700020804652
0.2978039999561588
0.24965699981294165
1.137033999839332
0.7484430000204156
0.3774319998228748
0.2716479998525756
0.2812779998748738
0.2778190000753966
0.25079700003516336
0.23852699996496085
0.24821299984978396
0.31906399999570567
0.2978590000566328
0.30767199996262207
0.277055999958975
0.4330130000198551
0.5740320000313659
0.31902499995339895
1.2490680001064902
0.2679980000266369
0.29931900007795775
0.3100200001426856
0.266910000163989
0.27010000007976487
1.3110949998917931
0.3181060001224978
0.5770169998413621
0.3385309998975572
0.27493799984767975
0.29727900005127594
0.29201600000305916
0.2826589998221607
0.3080989999943995
0.26978100004271255
0.3335349999815662
0.25340299998788396
0.27050899984715215
0.6818909998855816
0.5051560001447797
0.34109900002476934
0.3432890000567568
0.6542490000356338
0.3085519999785902
0.2503800001250056
0.31702000001132546
0.22806700008004555
0.253277999945567
0.3212100000382634
0.258631999940917
0.25372800018885755
0.2596710000943858
0.2831890001289139
0.2667080000264832
0.3527009998833819
0.2793159999328054
0.28997799995522655
0.2861789998860331
0.3124719999050285
0.3033390000837244
0.857033000102092
0.5329560001428035
0.28825899994444626
0.38524499996128725
0.27625899997474335
0.39365899988297315
0.41551200001777033
0.25937999998859596
0.22110700001576333
0.2326339999854099
0.24383700019825483
0.22069999999985157
0.6619270000101096
0.4786550000517309
0.3267399999913323
0.26271399997312983
0.24947700012489804
0.297024000019519
0.36450099992180185
0.3255750000334956
0.2827129999332101
0.23554300014438923
0.26724800000010873
0.2569829998719797
0.8353959999567451
0.5920980001974385
0.2756080000381189
0.5437269999220007
0.25512699994578725
0.2636729998357623
0.3237400001125934
0.3615460000219173
0.28440399978535424
0.2709729999423871
0.24318200007655832
0.3136739999263227
0.9716600000047038
0.5347369999526563
0.500648000070214
0.2771639999537001
0.2754480001385673
0.424263000013525
0.24652700017213647
0.4830200000469631
0.24902199993448448
0.2919339999607473
0.7144260000586655
0.5600370000138355
0.30921500001568347
0.3263070000230073
0.2856459998383798
0.3475260000413982
0.5288140000629937
0.32211899997491855
0.25422700014132715
0.26298500006305403
0.2401599999757309
0.3312100000130158
0.6901209999341518
0.5159760000879032
0.23787500003891182
0.2613079998354806
0.27126800000587536
0.31564400001116155
0.28799400001844333
0.38765500016779697
0.29308599982869055
0.7991100001163431
0.6509190000087983
1.3031800001499505
0.2543550001519179
0.24569700008214568
0.298349000104281
0.2704280000216386
0.27906900004381896
0.2594079999198584
0.6927409999661904
0.2811589999964781
0.3544009998677211
0.2739110000220535
0.7034420000309183
0.2973789999032306
0.254836999829422
0.27173299986316124
0.24761800000305811
0.2504479998606257
0.2859730000182026
0.2997369999775401
0.2521670000987797
0.2560850000463688
0.24551999990762852
0.2901190000557108
0.24184700009755034
0.3209899998637411
0.267538000116474
0.2780490001441649
0.4420040002059977
0.30711900012647675
0.35657100011121656
0.25799800005188445
0.3223199998956261
0.28022100013913587
0.24976500003504043
0.24499699998159485
0.2924890000031155
0.7966509999732807
0.28980899992347986
0.2747789999375527
0.31297900000026857
0.29832900008841534
0.40991500009113224
0.2464769997914118
0.2940859999398526
0.2723410000271542
0.26021799999398354
0.4235530000187282
0.686810999923182
0.31507700009569817
1.3333609999790497
0.38667500007250055
0.28085600001759303
0.26065800011565443
0.27453899997453846
0.25637800013100787
0.24897299999793177
0.23820199999136094
0.3257509999912145
0.32025199993768183
0.5888680000225577
0.2572480000253563
0.35570099998949445
0.4657039999074186
0.2689849998205318
0.28974400015613355
0.2697980000903044
0.8602210000390187
0.5995379999603756
0.25567800003045704
0.6749809999746503
0.2789410000332282
0.23651700007576437
0.2679379999790399
0.38657200002489844
0.38125900005070434
0.45073300020703755
0.3506909999941854
0.28173800001241034
0.25047300005098805
0.40072199999485747
0.24345499991795805
0.31536200003756676
0.25788799985093647
0.285479000012856
0.24609799993413617
0.25556800005688274
0.2963490001093305
0.2619449999201606
0.2976490000037302
0.5398460000378691
0.2667190001375275
0.42086000007657276
0.24192800015043758
0.28395100002853724
0.33456000005571696
0.3983220001373411
0.28146099998593854
0.2868589999707183
0.7934039999781817
0.25917499988281634
0.2346869998746115
0.29936700002508587
0.293591999934506
0.30171699995662493
0.3443299999617011
0.2695279999898048
0.3371509999396949
0.28987899986532284
0.27564299989535357
0.322709999863946
0.2766659999906551
0.2665880001586629
0.2711879999424127
0.4160210000918596
