payload_size_bytes=51200
runs=500
mean_ms=0.702
median_ms=0.621
stddev_ms=0.239
min_ms=0.511
max_ms=3.186
---raw---
1.433737999832374
0.8119940002870862
0.7891830000517075
0.6479889998445287
3.185952000421821
0.8197449997169315
0.6286690004344564
1.0476020006535691
1.7322720004813164
0.7370929997705389
0.9129079999183887
0.6675309996353462
0.5728070000259322
0.61213799926918
0.6016889992679353
1.1049340000681696
0.6489540000984562
0.6557800006703474
0.6269289997362648
0.5792179999843938
0.6453140003941371
0.568316999306262
0.8744160004425794
0.5642570004056324
0.6087279998610029
0.6679819998680614
0.5647539992423845
0.631498999609903
0.629969000328856
0.6379899996318272
0.5442270003186422
0.7117519999155775
0.85887599925627
0.6064780000087922
0.5655969998770161
0.5616680000457563
0.5899879997741664
0.528585999745701
0.6357540005410556
0.6500440003947006
0.6618910001634504
0.6901510005263845
0.9869899995464948
0.6140189998404821
0.5457169991132105
0.5798299998787115
0.6405960002666689
0.5570869998337002
0.5266670004857588
0.6331240001600236
0.5670179998560343
1.725546999296057
0.5598569996436709
0.6831860000602319
0.9438639999643783
0.5984280005577602
0.7383009997283807
0.583577999350382
0.6553690000146162
1.0854029997062753
1.009401000374055
0.6362289996104664
0.5969580006421893
0.6347500002448214
0.7207580001704628
0.5729969998355955
0.5957630000921199
0.5400159998316667
0.5901080003241077
0.7888339996497962
1.0845239994523581
0.6743550002283882
0.7351800004471443
0.5350340006771148
0.5879680002180976
0.663429999804066
0.612318000094092
0.6639030007136171
0.9248180003851303
0.5795379993287497
0.5481289999806904
0.6923660002939869
0.564138000299863
0.6721899999320158
0.566429999707907
0.5797379999421537
0.6335719999697176
0.8241049999924144
0.9667250005804817
0.6153889999040985
0.5302760000631679
0.625139000476338
0.603386999500799
0.5794329999844194
0.6348790002448368
0.5265509998935158
0.6203539996931795
0.9253280004486442
0.9779399997569271
0.7250970002132817
0.7858060007492895
0.6589470003746101
0.5873930003872374
0.6106239998189267
0.5504660002770834
0.6319889998849249
1.7179630003738566
0.9206180002365727
0.5800269991595997
0.5531670003620093
0.5518789994312101
0.5911309999646619
0.5607419998341356
0.5662379999193945
0.5616870002995711
1.1802859999079374
1.0203310002907529
0.5617770002572797
0.5602470000667381
0.6168290001369314
0.5935729996053851
0.592393999795604
0.5587069999819505
0.5850180004927097
1.4962060004108935
0.9690189999673748
0.578408000365016
0.8236840003519319
0.5725010005335207
0.6327669998427154
0.5819770003654412
0.5506859997694846
0.5460110005515162
0.6402039998647524
0.9977600002457621
0.6950820006750291
0.6097679997765226
0.6071580000934773
0.6985540003370261
0.600905999817769
0.6041990000085207
0.5428169997685472
0.5495890000020154
0.5615339996438706
0.9249579998140689
0.7018610003797221
0.5328359993654885
0.5757869994340581
0.5795979996037204
0.5899580000914284
0.5845369996677618
0.5346959997041267
0.5848279997735517
0.5403670002124272
0.9015969999381923
0.8317049996549031
0.5438860007416224
0.5652680001730914
0.5635770003209473
0.6373139995048405
0.6104640006014961
0.5717670001104125
0.8469249996778672
1.3266100004329928
0.7991200000105891
0.7414519996018498
0.620486000116216
0.5489189998115762
0.5990930003463291
0.6703509998260415
1.1299389998384868
0.9909199998219265
0.6818080000812188
0.6369359998643631
0.5519570004253183
0.5962579998595174
0.554102000023704
0.5853980001120362
0.6307040002866415
1.4015719998496934
0.9447880001971498
0.6650349996561999
0.5869229999007075
0.6033879999449709
0.581252999836579
0.5535909995160182
0.5791379999209312
0.6756210004823515
0.7059320005282643
0.8734069997444749
0.6876700008433545
0.836950999655528
0.5753850000473903
0.9194260001095245
0.6240590000743396
0.5666569995810278
0.6445790004363516
0.6693709992759977
0.5236659999354742
0.5620170004476677
0.6127490005383152
0.8169940001607756
0.6853220002085436
0.5758819997936371
0.6046440003046882
0.527156999851286
0.5985029993098578
0.5772179993073223
0.6043240000508376
0.8682269999553682
0.5886980006835074
0.6708909995722934
0.6118339997556177
0.6394739993993426
0.6439400003728224
0.5957080002190196
0.590298000133771
0.9083080003620125
0.5718800002796343
0.6073360000300454
0.5699670000467449
0.5792570000267006
0.5964980000499054
0.5758979996244307
0.5473419996633311
0.5938630001764977
0.6310489998213598
0.6038880001142388
0.5753470004492556
0.5705779994968907
0.6056909996914328
0.6316569997579791
0.5970930005787523
0.5403609993663849
0.5726370000047609
0.5453580006360426
0.7131409993235138
0.5994789999022032
1.026410999656946
0.7006810001257691
0.6476919998021913
0.5812780000269413
0.5677340004694997
0.5724569991798489
0.519415999406192
0.8629059993836563
0.6125509999037604
0.6037150005795411
0.5652579993693507
0.5657370002154494
0.6296510000538547
0.5708300004698685
0.5798219999633147
0.6666959998256061
0.5112250000820495
0.9104170003411127
0.626263999947696
0.5706370002371841
0.5860379997102427
0.6161929995869286
0.5989530000078958
0.5602479996014154
0.7974339996508206
0.6450499995480641
1.3064100003248313
0.6444089995056856
0.6490929999927175
0.7370520006588777
0.5736449993491988
0.5722670002796804
0.5825819998790394
0.575227000808809
0.7162499996411498
1.664768000409822
0.6550290008817683
0.6697299995721551
0.6226790001164773
0.5626600004688953
0.5999860004521906
0.5930380002610036
0.6069279997973354
1.0535540004639188
0.6812190003984142
0.6940610001038294
1.69638399984251
1.0334609996789368
1.060042000062822
0.5771280002591084
1.3935400002083043
0.6375379998644348
0.6033890003891429
0.6833260003986652
0.6075840001358301
0.5741869999837945
0.6898410001667798
0.7030229999145376
0.9581359990988858
0.633162000667653
0.7826890005162568
0.5917360003877548
0.6245290005608695
0.6109670002842904
0.654889000543335
0.6381690000125673
0.6489249999503954
1.0946539996439242
0.7695130007050466
0.6261550006456673
0.7382420008070767
0.6464939997385954
0.5904779991396936
0.6397669994839816
0.598839999838674
0.5560470008276752
0.6932289998076158
0.9056549997694674
0.6500489998870762
0.694315999680839
0.7020479997663642
0.5747169998358004
0.6402500002877787
0.614413999755925
0.8313250000355765
0.59654800043063
0.6310789995040977
0.6285939998633694
0.6434490005631233
0.5835669999214588
0.5897030005144188
0.6410469995898893
0.5785499997728039
0.905058000171266
0.620838999566331
0.589555999795266
0.708358000338194
0.5908880002607475
0.5934030004937085
0.6033829995431006
1.5459429996553808
0.9083219993044622
0.6369299999278155
0.6138489998193108
0.6076780000512372
0.5722469995816937
0.7222320000437321
0.8732369997233036
1.4645439996456844
0.6373639998855651
1.022191000629391
0.852690999636252
0.6477519991676672
0.6645399998888024
0.6269200002861908
0.619753999671957
0.5711049998353701
1.7818689993873704
1.016211000205658
0.9936850001395214
0.5734470005336334
0.6940730008864193
0.5865249995622435
0.5680499998561572
0.6494170002042665
0.6076539993955521
0.8777809998719022
0.8514810006090556
0.6255590005821432
0.5744270001741825
0.622165000095265
0.6306989998847712
0.5486650006787386
0.5372360001274501
0.7029509997664718
0.585177000175463
1.078016000064963
0.6124310002633138
0.6357700003718492
0.6041629994797404
0.5771879996245843
0.6548400006067823
0.5794270000478718
0.5706470001314301
0.6589900003746152
1.1722259996531648
0.6992309999986901
0.6419949995688512
0.5563929998970707
0.6523350002680672
0.5544509995161206
0.5747269997300464
0.8676219995322754
0.6830309994256822
0.9266429997296655
1.010160999612708
0.5910780000704108
0.6527900004584808
0.5731269993702881
0.5878379997739103
0.8413949999521719
0.6550899997819215
1.0898129994529882
0.9016579997478402
0.6161589999464923
0.5615270001726458
0.5863779997525853
0.6223649997991743
0.5375219998313696
0.6448690000979695
0.6591350002054241
0.6282539998210268
0.6166289995235275
1.0197339997830568
0.7226890002129949
0.652079999781563
0.7221420000860235
0.5938080003033974
0.5935780000072555
0.573537000491342
0.6127689994173124
0.6091490004109801
1.4156320003166911
0.8583160006310209
0.6050390002201311
0.5698679997294676
0.6030070007909671
0.6401489999916521
0.546256999768957
0.6090979995860835
0.715991999641119
0.9328289997938555
0.6480499996541766
0.5522860001292429
0.6231150000530761
0.5818830004500342
0.5707069994969061
0.6272339996939991
0.5759819996455917
0.6014909995428752
0.979346999884001
0.6738729998687631
0.6564200002685538
0.8496950003973325
0.6022489997121738
0.5682359997081221
0.5636619998767856
0.5260070001895656
0.6516839994219481
1.1472350006442866
0.6495190000350703
0.7465580001735361
0.6125529998826096
0.5898979998164577
0.5644470002152957
0.5784980003227247
0.5556569994951133
0.555667000298854
0.9931000004144153
0.6620929998462088
0.5613639996226993
0.5928480004513403
0.6006230005368707
0.5822220000482048
0.5613769999399665
0.6128390004960238
0.5420709994723438
1.5344459998232196
0.6269890000112355
0.6804200002079597
0.6079340000724187
0.6002210002407082
0.592280000091705
0.5798949996460578
1.2613930002771667
1.383396999699471
0.5752079996454995
0.5903670007683104
0.6808739999542013
0.5756769996878575
0.5757949993494549
0.9547489999022218
0.5875979995835223
0.6011579998812522
1.1253590000706026
0.9370580000904738
0.6172339999466203
0.5703370006813202
0.5243820005489397
0.5956680006420356
0.7313569994948921
0.7076109995978186
0.9765200002220809
1.066172999344417
0.5842580003445619
0.594187999922724
0.7062240001687314
0.5975780004519038
0.6376589999490534
0.5764150000686641
0.6378490006682114
0.6468900000982103
