payload_size_bytes=51200
runs=500
mean_ms=0.752
median_ms=0.628
stddev_ms=0.296
min_ms=0.497
max_ms=2.340
---raw---
0.9111780000239378
1.0945919993901043
2.1957369999654475
0.7786140004100162
0.7589030001327046
1.612807999663346
1.7344279995086254
1.3172499993743259
1.269592999960878
0.8390050006710226
0.6052589997125324
0.7953929998620879
0.6380300001183059
0.6909699995958363
0.604242999543203
0.6051660002412973
1.25048500012781
0.6286899997576256
1.0253709997414262
0.6225290007932927
0.6153389995233738
0.5462070002977271
0.6351739993988303
0.6386140003087348
1.1471600000731996
0.6493599994428223
0.5951080001977971
0.6719679995512706
0.6151990000944352
0.5481769994730712
0.5847000002177083
0.6244270007300656
0.5906080004933756
0.5618169998342637
0.6175090002216166
0.6122389995653066
0.5984580002404982
0.5968880004729726
0.5655369996020454
0.5572469999606255
0.5367559997466742
0.6108689995016903
0.596599000346032
0.5934379996688222
1.448969000193756
1.189793999401445
0.9709969999676105
1.0131629996976699
0.6121269998402568
0.9286770000471734
1.5630970001438982
2.089493000312359
0.6671099999948638
0.6650059995081392
0.6891459997859783
0.7470760001524468
0.5811000000903732
0.538727000275685
0.7351029998972081
0.5517159997907584
1.1393450004106853
0.6241139999474399
0.5483570002979832
0.6663809999736259
0.5304790001900983
0.6268489996728022
0.5497960000866442
2.0808210001632688
0.6247979999898234
0.6964109998079948
1.3588010006060358
0.6054790001144283
0.6734609996783547
0.5788280004708213
0.8129240004564053
1.1526150001373026
0.618887999735307
0.689530000272498
0.5929890003244509
0.5787170002804487
0.572337000448897
0.569746999644849
0.8530969998901128
0.5856369998582522
0.5613880002783844
0.9248689993910375
0.5645370001730043
0.8981270002550445
0.5545770000026096
0.5459860003611539
0.584968000111985
0.6010979996062815
0.5604299994956818
0.5747840004914906
0.5396159995143535
0.6873610000184271
0.5620660003842204
1.0277510000378243
0.5600969998340588
0.7759330001135822
0.6638799995926092
0.6101670005591586
0.6151790003059432
1.6450400007670396
0.6854729999759002
0.6889079995744396
0.6447200003094622
1.0124509999513975
0.5750979998992989
0.565817000278912
0.6091180002840701
0.8992069997475483
2.3403019995384966
2.116206000209786
0.6259290003072238
1.3289799999256502
0.7413900002575247
0.5897680002817651
0.639199000033841
1.171634999991511
0.5883280000489322
0.6667850002486375
0.9306679994551814
0.6617550006922102
0.759802999709791
0.6262289998630877
1.6196599999602768
1.1322840000502765
1.0076509997816174
0.830476000373892
0.7246220002343762
1.2881789998573367
0.8202150002034614
0.5575969998972141
0.8116640001389896
0.6400700003723614
0.5948070001977612
0.7763929997963714
0.8680959999765037
0.9942410006260616
1.9933009998567286
0.8754159998716204
0.5688669998562546
0.5746480001107557
1.6259900003205985
0.9881299993139692
0.9371390005981084
0.5621769996650983
1.6618310000922065
0.5492159998539137
1.0594119994493667
1.698571999440901
0.5800270000690944
0.5616570006168331
0.5593870000666357
0.5775180006821756
0.5461869995997404
1.6330699991158326
0.8860460002324544
0.6188389997987542
0.6121380001786747
0.792806999925233
0.5912349997743149
0.6204890005392372
0.6413090004571131
1.0751830004664953
1.3907920001656748
0.8203850002246327
0.5833670002175495
0.6241589999262942
0.6265489992074436
0.5829869996887282
0.5696079997505876
0.5437660001916811
0.5761669999628793
0.7079670003804495
0.6935359997441992
0.8073640001384774
1.1450450001575518
1.4359429997057305
0.6084790002205409
0.6728309999743942
0.61456899948098
0.7422819999192143
0.5513770001925877
1.9292779998068
0.5913380000492907
0.7369019995167037
0.6086989997129422
1.0049700003946782
0.9885600002235151
0.5264060000627069
0.6328449999273289
0.6034730004103039
0.5225459999564919
0.5887570005143061
0.5427770001915633
0.6397189999916009
0.6407599994417978
0.9340410006188904
0.6488919998446363
0.640313999610953
0.5764400002590264
0.6773279992557946
0.564827000744117
0.6111880002208636
0.5785379998997087
1.3453500005198293
0.5827080003655283
0.5561970001508598
0.6507300004159333
0.5826180004078196
0.5739080006605946
0.5962630002613878
0.5628219996651751
0.5936979996477021
0.6812009996792767
0.5507870000656112
0.9419440002602641
1.1822649994428502
0.6121429996710503
0.5965079999441514
0.556637000045157
0.592622999647574
0.5793979998998111
1.3329550001799362
0.6950810002308572
0.9211779997713165
0.6513200005429098
0.6035979995431262
0.5959169993730029
0.5662679996021325
0.5788130001747049
0.5658250001943088
1.2530400008472498
0.5547669998122728
0.5954420003035921
0.8119310004985891
0.5652179997923668
0.6162429999676533
0.5931380001129583
0.4971750004187925
1.1070939999626717
0.5784469994978281
0.8285049998448812
0.5583969996223459
0.578477999624738
0.5924080005570431
0.732465000510274
0.6019060001563048
0.6392250006683753
0.5941929994150996
1.6375699997297488
0.9204680000038934
0.6639499997618259
0.7433929995386279
0.5747380000684643
0.5279260003590025
0.6512919999295264
0.5153829997652792
0.5739669995818986
0.6124289993749699
0.6706499998472282
0.7660520004719729
0.9477789999436936
0.8243560005212203
1.323941000009654
0.913599999876169
0.7534699998359429
0.6489900006272364
0.6024690001140698
0.64445399948454
0.6044279998604907
0.5226959992796765
0.5609720001302776
0.5870980003237491
0.5802529994980432
0.7552829993073829
0.5358809994504554
0.5652380004903534
0.5859680004505208
0.5420859997684602
0.7272419998116675
0.6211099998836289
1.3211200002842816
0.5838800007040845
0.5680269996446441
0.7115089993021684
0.6894309999552206
0.5785470002592774
0.5913330005569151
0.5672919996868586
0.6030570002621971
0.5699180001101922
0.911647999600973
0.658399999338144
0.6913570005053771
0.5471259992191335
0.6013940001139417
0.6122939994384069
0.5238559997451375
0.5916289992455859
0.5762000000686385
0.9652860007918207
0.5767569991803612
0.6463500003519584
0.5575370005317382
0.5878929996470106
0.6271239999477984
0.6182600000101957
0.8553649995519663
0.5964580004729214
0.5455860000438406
0.9068780000234256
0.6152490004751598
0.5743570000049658
0.6103890000304091
0.5870730001333868
0.666159999127558
0.5785419998574071
0.5730919992856798
0.6092090006859507
0.9439989999009413
0.5761769998571253
0.6127630003902595
0.624479999714822
0.5907899994781474
0.6123659995864728
0.6964109998079948
0.5898780000279658
1.4000529999975697
0.5624970008284436
0.7126119999156799
0.7638420001967461
0.5733899997721892
0.717662000170094
0.5715639999834821
0.5595279999397462
0.5553420005526277
0.591307999457058
0.5615250001937966
1.077913000699482
0.6294060003710911
0.6238449996089912
0.79709500005265
0.5375809996621683
0.6045189993528766
0.6428649994631996
0.5767470001956099
0.566778000575141
0.5668149997291039
0.9039779997692676
0.5457770002976758
0.8247619998655864
0.6698059996779193
0.5923159997109906
0.7129589994292473
0.6180139998832601
0.5727180005123955
0.6108080006015371
0.9259080006813747
0.587483000344946
0.5844970000907779
0.6349590003082994
0.6775759993615793
0.6116590002420708
0.5909940000492497
0.6694989997413359
1.0190660004809615
0.6004180004310911
1.000515000669111
0.6071110001357738
0.5588269996223971
0.7855320000089705
0.5594370004473603
0.6832260005467106
0.6428090000554221
0.586322999879485
0.6417899994630716
0.6110240001362399
0.5771779997303383
0.618389000010211
0.6992210001044441
0.6202439999469789
0.7025470004009549
0.5575819996010978
0.6822609993832884
1.1143140000058338
0.63289799982158
0.6880540004203795
0.5355460007194779
0.6288989998211036
0.5704479999621981
0.6389000000126543
0.6843999999546213
1.3958330000605201
0.9131580000030226
0.5869169999641599
0.9479289992668782
0.7564349998574471
0.5980360001558438
0.6012290004946408
0.6226989999049692
0.7236520004880731
1.3836929992976366
0.5967999995846185
0.9668380007497035
0.5258559995127143
0.5842770005983766
0.55812699974922
0.550806000319426
0.5975710000711842
0.5738150002798648
0.5427470005088253
0.6257839995669201
1.3862420000805287
0.5603640001936583
0.6011290006426862
0.6624799998462549
0.6058560002202285
0.5595289994744235
0.5392550001488416
0.556846000108635
0.623623999672418
0.6005260001984425
1.3396880003710976
1.2248870007169899
0.5906380001761136
0.7878639999034931
0.6322899998849607
0.6133990000307676
0.6721899999320158
0.6537299996125512
1.0570320000624633
0.6899899999552872
0.9431900007257354
0.8289170000352897
0.8546830003979267
0.9643290004532901
0.8908170002541738
0.6554199999300181
0.5846770000061952
0.5982579996270943
1.8429760002618423
0.7848650002415525
0.5997980006213766
0.926908999645093
0.5712180000045919
0.7933930000945111
0.5810079992443207
0.6814899998062174
0.6401290002031601
0.6800009996368317
0.7532519994128961
1.5141889998631086
0.6321020000541466
0.6904749998284387
1.0833730002559605
0.7566829999632319
0.7695540007262025
0.8145140000124229
0.958098999944923
0.6271390002439148
0.6535499996971339
0.6218080006874516
0.654509999549191
0.6225890001587686
0.7518829997934517
0.6799809998483397
0.8891770003174315
0.5989290002617054
0.7847179995223996
0.6957960004001507
0.8070940002653515
0.7856160000301315
0.6606779998037382
0.6432999998651212
0.7003600003372412
1.0889839995797956
0.5676490000041667
0.6925509997017798
0.6337690001601004
0.8290450005006278
0.67646000024979
0.6713899992973893
1.935778000188293
1.031501999932516
0.6035079995854176
0.566647999221459
0.5534060001082253
0.6378190000759787
0.5176060003577732
0.5478759994730353
0.5955489996267715
0.703221999174275
0.6825810005466337
1.0753429996839259
1.1307150007269229
0.9642189997975947
0.6103189998611924
