payload_size_bytes=51200
runs=500
mean_ms=0.752
median_ms=0.638
stddev_ms=0.294
min_ms=0.510
max_ms=3.649
---raw---
3.648626000540389
0.7081010007823352
1.456601999962004
0.7900639993749792
0.7942840002215235
0.6148590000520926
3.2758369998191483
0.7582229991385248
0.7348030003413442
1.7099520000556367
1.274557999749959
0.6243790003281902
0.6320989996311255
0.735343000087596
0.5855279996467289
1.1378949993741116
1.5243309999277699
0.6324839996523224
0.6383199997799238
0.5856480001966702
0.583549000111816
0.657110000247485
1.0314430001017172
0.7716810005149455
0.6784910001442768
0.6183489995237323
0.6009680000715889
0.5884370002604555
0.7094420006978908
1.2219899999763584
1.1982149999312242
0.623967999672459
0.7829039996067877
0.5502369995156187
0.957142000515887
0.6734190001225215
0.71501200000057
0.5793680002170731
0.9801890000744606
1.4759249997950974
0.6283889997575898
1.0484210006325156
0.6498500006273389
0.6456490000346093
1.0531019997870317
0.598141999944346
0.6539969999721507
0.7743039996057632
2.021971000431222
0.6728710004608729
0.7088519996614195
0.6220479999683448
0.6358089995046612
0.6071789994166465
0.6127589995230664
1.047642000230553
0.6078690003050724
0.6304290000116453
0.6089879998398828
1.0733270000855555
1.0445419993629912
0.6212950002009165
0.6736700006513274
0.6666399995083339
0.6073180002204026
0.7687339993935893
0.608457999987877
0.8933970002544811
0.5963579997114721
0.6203990005815285
0.6432699992728885
0.5672420002156287
0.8325160006279475
0.6235689997993177
0.5765280002378859
0.591557999541692
0.6150980007078033
0.6417499998860876
0.6183689993122243
0.5632270003843587
0.5822430002808687
1.44058300065808
0.6494749995908933
0.6126839998614741
0.5973780007479945
0.6386490003933432
0.5791579997094232
0.9753590002219426
0.5991070001982735
0.5703879996872274
0.5665480002789991
0.6044379997547367
0.572337000448897
1.0949730003630975
0.5675969996445929
0.5429760003607953
0.6362389995047124
0.7775040003252798
0.6449120000979747
0.5610469997918699
1.0188289998041
0.6047990000297432
0.655949999782024
0.587838000683405
0.5954879998171236
0.6028089992469177
0.6078080004954245
0.5627119999189745
0.5858779995833174
0.546437000593869
0.856616000419308
0.596703000155685
0.6299819997366285
0.9018840000862838
0.6949309999981779
0.999040999886347
0.6813199997850461
0.6150089993752772
0.5929609997110674
0.6376670007739449
0.5430259998320253
0.5871880002814578
0.6181480002851458
1.1844459995700163
0.6571690000782837
0.538717000381439
1.7598539998289198
0.5948579992036684
0.6802730003983015
0.668196999868087
0.6618099996558158
1.4649940003437223
0.8931699994718656
0.7184220003182418
0.8842639999784296
0.6073390004530665
0.560586999199586
1.2598779994732467
0.5725299997720867
0.696174000040628
0.6810849999965285
0.6807409999964875
0.6073140002627042
0.6227330004549003
0.6172690000312286
0.6051780001143925
0.5976979991828557
0.5519469996215776
1.6598920001342776
0.6573900000148569
0.9241780007869238
0.6991600002947962
0.5842579994350672
1.0083610004585353
0.6228789998203865
0.8506149997629109
1.434114000403497
0.9057579991349485
0.6257989998630364
0.5457960005514906
0.7897340001363773
0.5911489997743047
0.7563930003016139
0.7660479996047798
0.6526500001200475
0.5914530001973617
0.6032889996276936
0.6114589996286668
0.7996949998414493
0.9557990006214823
0.580126999921049
0.5612470004052739
0.6997719992796192
0.5548369999814895
1.0277920000589802
0.9418979998372379
0.5516259998330497
0.7671479997952702
0.5764980005551479
0.9651489999669138
0.7185659997048788
0.5599969999821042
0.5696680000255583
0.6214289996933076
0.6197190004968434
1.130515000113519
0.7362320002357592
0.6775199999538017
0.5648980004480109
0.5653769994751201
0.9430590007468709
0.5868380003448692
0.5551170006583561
0.5660769993482972
0.5865969997103093
0.5728619998990325
1.3110099998812075
0.6799200000386918
0.6773149998480221
0.5691579999620444
0.6168740001157857
1.0444169993206742
0.676116000249749
0.6643870001425967
0.6456769997384981
0.7787330005157855
0.9693789997982094
0.6430650000766036
0.884832000338065
0.5669279998983257
0.6647000000157277
1.1790959997597383
0.5778479999207775
0.55786699977034
0.5553159999180934
0.6110939993959619
0.8763920004639658
1.2753490000250167
0.6281890000536805
0.5804080001325929
0.5341460000636289
0.5859779994352721
0.9015069999804837
0.649409999823547
0.6443299998863949
0.5747069999415544
0.6219289998625754
0.6819499994890066
1.0824430000866414
0.6038580004315008
0.6478999994214973
1.0223609997410676
0.5782879998150747
0.5099549998703878
1.0800459995152778
0.6917209993844153
0.7966109997141757
0.575180999476288
0.5857050000486197
0.7010869994701352
0.6112659993959824
0.6018289996063686
0.6366320003508008
0.6008629998177639
1.0668069999155705
0.637854000160587
0.5981289996270789
0.5940279997957987
0.7906240007287124
0.743216999580909
0.6024080003044219
0.5376160006562714
0.6269290006457595
0.6042489994797506
0.5935379995207768
0.5930329998591333
1.1487040001156856
0.6676009998045629
0.9049770005731261
0.5696270000044024
0.9480789994995575
0.5922070004089619
1.068223000402213
0.7007510002949857
0.7556820000900188
0.5627770005958155
0.6702130003759521
0.6784309998693061
0.5751059998146957
0.5924980005147518
0.6175590006023413
1.331740999376052
0.5688870005542412
0.6289410002864315
1.552923999952327
0.9591689995431807
0.6560129995705211
0.8147819999066996
0.5947379995632218
0.666070000079344
1.1856669998451252
1.4120470004854724
0.6063780001568375
0.5944430004092283
0.6514229999083909
1.0861930004466558
0.6908010000188369
0.6221469993761275
0.7678929996473016
0.5764869993072352
0.6477490005636355
0.9954600000128266
0.6694409994452144
1.0514020004848135
0.955198999690765
0.6204490000527585
0.5603070003417088
0.60457800009317
0.6358129994623596
1.0095510006067343
0.6592399995497544
0.6380599998010439
0.580337000428699
0.6376699993779766
0.977399000475998
0.5849729996043607
0.5471469994517975
0.5225449995123199
1.239457999872684
0.5935260005571763
1.1079340001742821
0.8203070001400192
0.6180840000524768
0.6169190000946401
1.3715610002691392
0.9544690001348499
0.6193390008775168
0.5746829992858693
0.5687120001311996
0.5519970000023022
1.0313220000170986
0.7504919994971715
0.7322920000660815
0.5764269999417593
0.5625869998766575
0.563720000172907
1.229306999448454
0.6346190002659569
0.7478130000890815
0.6365099998220103
1.6552799997953116
0.7187720002548303
1.0642479992384324
0.5725179998989915
1.1161239999637473
0.6045949994586408
0.560717000553268
0.6148000002212939
1.0359709995100275
0.9739400002217735
0.7350879996010917
0.6673559992123046
0.5982080001558643
0.6416349997380166
0.6226389996299986
0.6141890007711481
0.6349870000121882
0.6269260002227384
0.584959000661911
0.6097979994592606
0.917186999686237
0.6499950004581478
0.5354909999368829
0.5465559997901437
0.5884480005988735
0.5569470004047616
0.6113640001785825
0.620497000454634
0.8650639992993092
0.5623469996862696
0.643859999399865
0.5826280003020656
1.1848860003738082
0.6081279998397804
0.7851639993532444
0.5862380003236467
0.7672430001548491
0.9281479997298447
1.0614419998091762
0.5891579994568019
0.7932569997137762
0.5296959998304374
1.6109270000015385
0.7157210002333159
1.078653000149643
0.6358700002238038
0.6807700001445482
0.6255079997572466
0.8065039992288803
0.6329980005830294
0.9970009996322915
0.560538000172528
0.5917680000493419
0.5995969995638006
0.6533790001412854
0.5676979999407195
0.6958519998079282
0.578438000047754
0.5920180001339759
0.5761570000686334
0.7001109997872845
0.5652770005326602
0.8271249998870189
1.1474950006231666
0.6691010003123665
0.6098630001361016
0.5788620001112577
0.5768679993707337
1.0248019998471136
0.6678199997622869
0.8211949998440105
0.572396999814373
0.5971079999653739
0.5599469996013795
1.0565419997874415
0.5164449994481402
0.5622970002150396
0.7506520005335915
0.6775500005460344
0.6151079996925546
1.0619450004014652
0.9935070002029533
0.8296449996123556
1.0548720001679612
0.5895980002605938
1.174499999251566
1.721646999612858
0.6001589999868884
0.6540790000144625
0.7166720006352989
0.8984280002550804
1.1599360004765913
0.583827999435016
0.7290720004675677
0.5730670000048121
0.9491089995208313
0.6086889998186962
0.7516240002587438
0.5699969997294829
0.7261820001076558
0.57366699911654
0.5903969995415537
0.7039319998511928
1.3582669998868369
0.86060100056784
0.6218080006874516
0.6524500004161382
0.5532670002139639
1.0152109998671222
0.700636999681592
0.6258839994188747
0.6324389996734681
0.6706710000798921
0.6943219996173866
1.3744409998253104
0.6256530004975502
0.5992629994580057
0.5416169997261022
0.5950579998170724
0.9743500004333328
0.5405359997894266
0.81813399992825
1.3365209997573402
0.634869999885268
0.6716899997627479
0.6210880001162877
0.6501699999716948
0.6307090006885119
0.579947999540309
0.5469460002132109
1.0082710005008266
0.6345100000544335
0.5515169996215263
0.5275680005070171
0.5818750005346374
0.542406999556988
0.6802860007155687
0.5690120005965582
0.640659000055166
1.0776130002341233
0.7228350004879758
0.8977950001280988
0.7175119999374147
0.6380710001394618
0.6929589999344898
0.5719769997085677
0.6357400006891112
0.6003580001561204
0.9725990003062179
0.5794669996248558
0.6089480002628989
0.5289559994707815
0.5947180006842245
0.5325869997250265
0.617399000475416
0.5938829999649897
0.644089999696007
1.0112209993167198
0.9371940004712087
0.7271220001712209
0.6535399998028879
0.6368049998854985
0.5777120004495373
0.6381149996741442
0.5651370001942269
0.8067190001384006
0.5821479999212897
0.9316890000263811
0.7013539998297347
0.6552300001203548
