payload_size_bytes=51200
runs=500
mean_ms=0.841
median_ms=0.660
stddev_ms=0.444
min_ms=0.521
max_ms=4.907
---raw---
0.969708999946306
0.7374130000243895
0.639169000351103
0.654404999295366
1.4241529997889302
0.8573060003982391
1.0538919996179175
0.6681659997411771
1.3263600003483589
1.0786720004034578
2.653221000400663
2.938889000688505
0.8201950004149694
0.7264220002980437
0.6136789997981396
0.6294889999480802
0.7332919994951226
0.6729500000801636
0.672150999889709
0.6745110003976151
1.6044880003391881
0.6478999994214973
3.2753089999459917
0.6442899993999163
1.1643749994618702
2.084163000290573
1.785923999705119
0.6079180002416251
0.7138219998523709
0.679110000419314
1.0257309995722608
0.803593999989971
0.6419300007109996
0.6681200002276455
0.7097819998307386
0.5500359993675374
0.6011579998812522
0.5816780003442545
0.5792379997728858
2.2196070003701607
0.6099689999246038
0.6606699998883414
0.7952339992698398
0.7640040003025206
1.322001000517048
0.6000479997965158
0.9949999994205427
0.8761319995755912
4.907372999696236
0.6834810001237202
0.7066369998938171
0.6124939991423162
0.6286699999691336
0.5835629999637604
2.1099189998494694
0.66874000003736
0.76368400004867
0.5746480001107557
0.6937910002307035
0.5846669992024545
2.7147920000061276
0.5870880004295032
0.6782299997212249
0.5975879994366551
0.5763270000898046
0.5637069998556399
0.5391259992393316
0.5781580002803821
0.652269000056549
0.618658999883337
0.6717300002492266
1.0904430000664433
1.6722119999030838
0.7025310005701613
1.6717110001991387
0.9855890002654633
1.1053140005969908
1.3370699998631608
1.1209350004719454
0.811784000688931
1.9930710004700813
1.9387990005270694
1.452733999940392
2.47230400054832
1.8856280003092252
1.4855550007268903
0.7131109996407758
0.6157179996080231
0.6694009998682304
0.955669000177295
1.2953089999427903
0.6593500002054498
0.6367699998008902
1.3025899997956003
0.6396290000338922
0.8259360001829918
0.5698270006178063
2.258718000121007
0.7383430001937086
2.6580419998936122
1.1085030000685947
1.331020999714383
0.6255090002014185
1.8276480004715268
0.6724100003339117
0.728042000446294
0.6524090003949823
0.5571469991991762
1.9923099998777616
0.6070490007914486
1.5220360000967048
0.8489649999319226
1.3132399999449262
1.0719430001699948
0.5859880002390128
1.2814090005122125
0.5955779997748323
1.673311000558897
0.8118250007100869
2.107763999447343
0.7786039996062755
0.5790080003862386
0.6076379995647585
0.5526759996428154
0.5404370003816439
0.5307660003381898
0.7142619997466682
1.0887660000662436
0.6494169992947718
0.6197290003910894
2.759764000074938
0.7648529999642051
0.6263289997150423
0.748003999433422
1.0004109999499633
0.6750449992978247
0.6280630004766863
0.6959510001252056
0.6537710005432018
0.6036089998815442
0.5805979999422561
0.6256189999476192
0.6323790003079921
0.6177180002850946
1.5535880002062186
0.6347090002236655
0.6188690003909869
0.5741469994973158
1.2918889997308725
0.6282200001805904
0.7845339996492839
0.655948999337852
1.2151370001447503
1.015691000247898
0.6325089998426847
2.3708319995421334
0.9421329996257555
0.7162880001487792
0.8040239999900223
0.5960879998383461
0.6083809994379408
0.6448590002037236
0.6172950006657629
0.9645000000091386
0.6360150000546128
1.781900000423775
0.7030510005279211
0.596607999796106
0.6512999998449231
0.5605270007436047
1.9446890000835992
0.5710769992219866
0.6055680005374597
0.6512800000564312
0.9401999996043742
0.558297000679886
0.6244290007089148
0.6138989992905408
1.1320140001771506
0.6011089999446995
0.978650000433845
0.672830000439717
1.0013809996962664
0.8428549999734969
1.2930789998790715
1.112218999878678
0.5782680000265827
0.5750629998146906
0.9763289999682456
0.5934079999860842
0.6466099994213437
0.6093780002629501
1.0476709994691191
0.5621469999823603
0.5909480005357182
0.5695779991583549
0.5389059997469303
0.5345890003809473
0.6962269999348791
0.6869349999760743
0.6402290000551147
0.7379620001302101
0.9499790003246744
0.9528190003038617
0.6155580003905925
0.6695900001432165
0.7475919992430136
0.560717000553268
0.5679360001522582
0.9555199994792929
0.5704569994122721
0.5257959992377437
0.53504600055021
0.894877000064298
0.8001570004125824
0.747746000342886
0.6319630001598853
0.9322979994976777
0.6589810000150464
0.5931679997956962
0.6728299995302223
0.9881000005407259
0.6721729996570502
0.6076059999031713
0.740024999686284
0.9133780004049186
0.6078679998609005
0.6082480003897217
0.7895339995229733
0.9635490005166503
0.5793979998998111
0.8848469997246866
0.5590870005107718
0.7010210001681116
1.0207309996985714
0.9557189996485249
0.5913479999435367
1.0221310003544204
0.7693839997955365
0.7806739995430689
1.0674229997675866
0.7631640000909101
1.272808000067016
0.7019109998509521
0.8291240001199185
0.8489859992550919
1.0044709997600876
0.5801819997941493
0.5879929994989652
0.6437190004362492
0.6238279993340257
0.6698630004393635
0.5940049995842855
0.6765610005459166
0.9891850004350999
0.5976959992040065
0.753930999962904
0.9659600000304636
0.6209640005181427
1.0474369992152788
0.9265179996873485
0.5341960004443536
0.6978840001465869
0.6091380000725621
0.9415380000064033
0.5550420000872691
0.63021900041349
0.9792550008569378
0.961728999754996
0.8245049994002329
1.0088899998663692
0.6266489999688929
0.9884499995678198
0.5881080005565309
0.5695879999620956
0.9964800001398544
0.5690779998985818
0.6527089999508462
0.6616999999096151
0.6014210002831533
1.0093709997818223
0.5721970001104637
0.5314460004228749
0.5891850005355082
0.7106749999366002
0.6567069995071506
0.5822180000905064
0.582357999519445
0.6968010002310621
0.6134710001788335
0.530966000042099
0.558087000172236
0.5968260002191528
0.5398370003604214
0.6472889999713516
0.6131989994173637
1.051752000421402
0.5893780007681926
0.6152310006655171
0.9101180003199261
0.586187999942922
1.23739500031661
0.581356999646232
0.6419800001822296
0.6450989994846168
0.9276780001528095
0.617952000538935
0.6016480001562741
0.6124559995441814
1.0184010006923927
0.6017710002197418
0.6762369994248729
0.654461000522133
0.94671799979551
1.0336510003980948
0.573586999962572
0.6272400005400414
1.1470650006231153
0.923208000131126
0.5860080000275047
0.7485530004487373
0.9908100000757258
0.6332720004138537
0.6340179998005624
1.6634499997962848
1.032652000503731
0.5681100001311279
0.6568819999301923
0.6949660000827862
1.1139239995827666
0.7296120002138196
0.5649179993270081
0.599027999669488
0.5393869996623835
1.4067520005482947
0.6157279995022691
0.6570200002897764
0.6819509999331785
1.0274120004396536
0.6354890001603053
0.6064580002203002
0.9177280007861555
2.3516520004704944
0.8729559995117597
0.8317550000356277
0.6385490005413885
0.8964279995780089
0.6929310002306011
0.6553699995492934
0.5682270002580481
0.8640859996376093
0.6058489998395089
0.5677979997926741
0.6001279998599784
0.5954609996479121
0.619325999650755
0.5950410004516016
0.5945379998593125
0.9074760000657989
0.5723169997509103
0.5736980001529446
0.6965720003790921
0.6019889997332939
0.6450040000345325
0.6657909998466494
0.5872880001334124
1.2203870001030737
0.6429300001400406
0.7328120000238414
0.5602569999609841
0.5476160004036501
0.5911880007261061
0.5585969993262552
0.5662269995809766
0.5975180001769331
0.5663580004693358
0.7348649996856693
0.658550000480318
0.6363789998431457
0.6420569998226711
0.5996229992888402
0.6820859998697415
0.6192190003275755
0.8797769996817806
0.5826079996040789
0.6187380004121223
0.5855580002389615
0.9788200004550163
0.759812999604037
0.5551899994316045
0.6084189999455702
0.572884999201051
1.0033900007329066
0.6405399999493966
0.7824730000720592
0.5553669998334954
0.592688000324415
1.283558999602974
0.635388999398856
0.6560449992321082
0.8898619998944923
1.8018450000454322
0.7515930001318338
0.6135980001999997
0.5214560005697422
0.5903629999011173
0.5924130000494188
1.2043770002492238
1.034130999869376
0.5721389998143422
0.6766530004824745
0.5753569994340069
0.6293839996942552
1.6423909992226982
0.6474290003097849
0.9868600000118022
0.5914370003665681
0.6322589997580508
0.5778770000688382
1.286869000068691
0.6641500003752299
0.9230480000042007
0.6077090001781471
0.6183679997775471
0.628570000117179
1.3368410000111908
0.5830619993503205
0.6566599995494471
0.6044179999662447
0.8855019996190094
0.6175390008138493
0.6600130000151694
1.272045999940019
0.5735679997087573
0.5865080001967726
0.6206289999681758
0.7122449997041258
1.6731480000089505
0.6616250002480228
1.202770999952918
1.01863100007904
0.7859460001782281
0.7371900001089671
0.6977129996812437
0.9006950003822567
0.6534100002681953
0.5742980001741671
0.5884279999008868
0.5931380001129583
0.7937239997772849
0.6358999999065418
1.013041000078374
0.64841899984458
0.6452400002672221
0.6221090006874874
0.6266889995458769
0.7826039991414291
0.6494600002042716
0.5780869996669935
0.8131550002872245
1.0570220001682173
0.5899179996049497
1.0190809998675832
1.850575999924331
0.5921279998801765
0.6597000001420383
0.8771459997660713
1.4567969992640428
0.71058899993659
1.2759989995174692
0.6187889994180296
0.559297000108927
0.528585999745701
0.5760370004281867
1.699491999715974
0.9131179995165439
0.6060490004529129
0.7363069998973515
0.6334850004350301
0.5922780001128558
0.5664669997713645
0.8874370005287346
0.5755369993494241
0.5486760001076618
0.8570859999963432
1.0213059995294316
0.699721000273712
0.5922680002186098
0.5644869997922797
0.6248729996514157
0.9015480000016396
0.5590920000031474
0.5966230000922224
0.6164989999888348
0.5572680001932895
1.3299409993123845
0.6429489994843607
0.5883769999854849
0.5921779993514065
0.8926279997467645
