payload_size_bytes=51200
runs=500
mean_ms=0.764
median_ms=0.636
stddev_ms=0.371
min_ms=0.515
max_ms=3.913
---raw---
1.937111999723129
0.7022210002105567
2.002850999815564
1.1870270000144956
2.554896999754419
2.95488000028854
0.6601900004170602
0.7375529994533281
0.7963640000525629
1.2368570005492074
1.570237999658275
3.706663000230037
0.680121000186773
0.8152049995260313
0.7269219995578169
0.8064749999903142
0.8000640000318526
0.7914039997558575
0.6443599995691329
0.7683530002395855
0.6562499993378879
1.360222000585054
0.6990909996602568
0.7731640007477836
0.7962449999467935
2.3491609999837237
0.8004049996088725
0.6990510000832728
0.9018780001497362
0.9843999996519415
0.7305720000658766
0.5313260007824283
0.6274990000747493
1.6139489998749923
0.5548770004679682
0.6076090003261925
0.6554399997185101
0.7307719997697859
0.6347190001179115
0.5832269998791162
1.0344819993406418
1.6055179994509672
0.5551670001295861
0.6105189995651017
1.0838230000445037
0.5862280004294007
0.5640469998979825
0.693000999490323
1.5528269996138988
3.9126189994931337
0.7002409993219771
0.685280999277893
0.6000390003464418
0.9595389992682613
0.5621569998766063
0.6502500000351574
1.504066000052262
1.849866999691585
0.6142889997136081
1.3906020003560116
0.6680500000584289
0.5739869993703905
1.0183009999309434
1.5519270000368124
0.6283689999690978
0.6475000000136788
1.757854000061343
0.7468829999197624
0.8239550006692298
0.6492599995908677
0.6833509996795328
0.540167000508518
0.5464259993459564
1.2710080000033486
0.5969940002614749
0.644509000267135
0.8617960002084146
0.5814480000481126
0.6945309996808646
0.6210370002008858
0.5334940005923272
0.7646330004718038
1.3430609997158172
0.6225180004548747
0.8082039994405932
0.5709970000680187
1.1757459997170372
0.5787529998997343
0.961843999903067
0.623689000349259
0.7346839993260801
0.6123179991845973
2.226108000286331
0.7333829998970032
0.577542000428366
1.9301530001030187
1.1786360000769491
0.654450000183715
2.2118130000308156
1.2457120001272415
0.7722840000496944
0.8255749999079853
0.5924779998167651
0.7651489995623706
0.8625310001662001
0.8304550001412281
1.05707100010477
2.2102270004324964
0.6226189998415066
0.6327490000330727
0.5771579999418464
0.6718710001223371
0.6462800001827418
0.5919880004512379
0.6495300003734883
0.6147680005597067
1.256631000615016
0.719079999726091
0.5805280006825342
1.1041529996873578
0.6723300002704491
0.6972519995542825
1.8173060007029562
0.7133720000638277
0.9352590004709782
2.102864000335103
0.7259320000230218
2.3806070003047353
0.6575600000360282
0.654489999760699
0.5899819998376188
0.6128690001787618
0.6080490002204897
0.62517799960915
0.5726529998355545
0.5765879996033618
1.8446510002831928
0.5487270000230637
0.6652510001003975
0.6236889994397643
0.6094809996284312
0.5569270006162697
0.6012280000504688
0.5953260006208438
1.0240020001219818
0.5766169997514226
0.5736779994549579
0.582288000259723
0.5483810000441736
0.5629529996440397
1.0447320000821492
0.5784820004919311
0.7654290002392372
0.6274690003920114
0.6087580004532356
0.5633470000248053
1.0107899997819914
0.545076999515004
0.5486769996423391
0.6095620001360658
1.1596829999689362
0.9715889991639415
0.5987779995848541
0.5669169995599077
0.5904179997742176
0.6271030006246292
0.9033970000018599
0.6497149997812812
0.5875280003238004
0.6050089996278984
0.7215610003186157
0.7989850000740262
1.0327509999115136
0.5734480000683106
0.5151049999767565
0.575122000554984
0.542014000529889
0.6106559994805139
1.0042109997812076
0.58128700038651
0.5521760003830423
0.5388459994719597
0.5453170006148866
0.5787370000689407
0.9600389994375291
0.6192529999680119
0.5886729995836504
0.5840829999215202
0.7221269997899071
0.5963479998172261
0.9989299996959744
0.5947480003669625
0.6997760001468123
0.6458550005845609
0.6866200001240941
1.0475210001459345
0.6192589999045595
0.5997890002618078
0.5886680000912747
0.5634669996652519
1.034832000186725
0.6477990000348655
0.9097029997064965
0.5816080001750379
0.6061859994588303
1.1572029998205835
0.5781969994131941
0.7452629997715121
0.5375769997044699
0.64818999999261
0.7713479999438277
1.0569819996817387
0.652059999993071
0.5872420006198809
0.731902000552509
0.7463720003215712
0.6150389999675099
0.6496989999504876
1.0165809999307385
0.6362389995047124
0.5557470003623166
0.701731999470212
0.5629170000247541
0.8153449998644646
0.5663669999194099
0.6977009998081485
0.9836600002017803
0.5939780003245687
0.9725620002427604
0.7683229996473528
0.7116619999578688
0.5908350003664964
0.9999500007324968
0.5826679998790496
0.5940180008110474
0.5574259994318709
0.5820670003231498
0.6627499997193809
0.5642469996018917
0.5940979999650153
0.5605770002148347
0.7233020005514845
1.1630749995674705
0.6322290000753128
0.6129290004537324
0.5893580000702059
0.6947410001885146
0.608648000707035
0.9119010001086281
1.0440310006742948
0.6383320005625137
0.569611999708286
0.5316260003382922
1.0112529998878017
1.1378019999028766
0.6172690000312286
0.6061089998183888
0.6014880000293488
1.0009210000134772
0.9138679997704457
0.5247449998933007
0.6091190007282421
0.5629070001305081
0.675090999720851
0.942388999646937
0.766602999647148
0.527468999280245
0.6067880003683968
0.6747799998265691
1.0428810001030797
0.6124890005594352
0.6649729994023801
0.5591540002569673
0.5340660000001662
0.5979580000712303
0.8904369997253525
0.6463549998443341
0.6276390004131827
0.5634619992633816
0.5903689998376649
0.5575469995164894
0.5773279999630176
0.8532060001016362
0.5676020000464632
0.6403839997801697
0.6631360001847497
0.5831630005559418
0.5871880002814578
0.7376730000032694
0.6095879998611053
0.5759669993494754
0.5231759996604524
0.7763530002193875
0.88738700014801
1.0581420001471997
0.5957729999863659
0.6884669992359704
0.6095580001783674
0.5945180000708206
0.5586569996012258
0.9763600000951556
0.55917200006661
0.6084939996071626
0.5641269999614451
0.554246999854513
0.6022270008543273
0.9236890000465792
0.5871980001757038
0.5451469996842206
0.5836270001964294
0.8023170003070845
0.5551570002353401
0.6315090004136437
0.6437629999709316
0.6652599995504715
0.6084859996917658
0.5563859995163511
0.6448390004152316
0.5637479998767958
0.7783740002196282
0.5773880002379883
0.5548569997699815
0.5788600001324085
0.6352399996103486
0.6823289995736559
0.5657100000462378
0.5706050005755969
0.9016579997478402
0.7186620005086297
0.5691420001312508
0.8916079996197368
0.6283490001806058
0.6241880000743549
0.604403000579623
0.6152890000521438
1.2734089996229159
0.5587460000242572
0.5352959997253492
0.8896170002117287
0.6304549997366848
0.528690999999526
0.5551169997488614
0.8792559992798488
0.8033169997361256
1.0332419997212128
0.760233000619337
0.564377000046079
0.6124789997556945
0.5341369997040601
0.5599470005108742
0.9394839999004034
0.6338059993140632
0.6624309999097022
0.5962180002825335
0.6954109994694591
0.6050660003893427
0.6154880002213758
0.9753089998412179
0.6890510003358941
0.783274000241363
0.5754169997089775
0.603368000156479
0.5929540002398426
0.6454439999288297
0.5585369999607792
0.5910380004934268
0.6402349999916623
0.6254459995034267
0.7970320002641529
0.5793999998786603
0.5970880001768819
0.5938809999861405
0.6334239997158875
0.5466370002977783
0.5989329993099091
0.574923000385752
0.5507670002771192
0.5422259991973988
0.6203689999892958
0.8385860000998946
0.6734199996571988
0.6076890003896551
0.6049180001355126
0.5596669998340076
0.6101380004110979
0.5945880002400372
0.8956669998951838
0.5991110001559719
0.7057040002109716
0.6382199999279692
0.6410699998014024
0.5867050003871555
0.6243890002224362
0.6252279999898747
0.5724029997509206
0.6151739999040728
0.6357189995469525
0.591289000112738
0.6309479995252332
0.6035910000719014
0.6213090000528609
0.6163590005598962
0.6254270001591067
0.6509550003102049
0.8028900001590955
0.7485950000045705
0.6281590003709425
0.6683669998892583
1.3094899995849119
0.635388999398856
0.6541299999298644
0.7601229999636416
0.5976309994366602
0.6026849996487726
0.6553550001626718
0.6733399995937361
0.5884580004931195
0.622509000095306
0.5940379996900447
0.5717269996239338
0.9135329992204788
0.6850609997854917
0.662019999253971
0.6069279997973354
0.8623760004411452
0.6349000004775007
0.6502490005004802
1.3136899997334694
0.6849929995951243
0.6066780006221961
0.6406399998013512
0.6653469999946537
0.5969410003672238
0.9481970000706497
0.6121910000729258
0.5694470000889851
0.7344149998971261
0.6990410001890268
0.6341989992506569
0.643879999188357
0.5799529999421793
0.6107110002631089
0.5733199996029725
0.5955779997748323
0.6396360004146118
0.6419849996746052
0.6250590004128753
0.6454569993366022
0.665632000163896
0.5835950005348423
0.6381489993145806
0.6136860001788591
0.9189279999191058
0.7820260007065372
0.896287000614393
0.7115189991964144
0.66341999990982
0.5738999998357031
0.6033290001141722
0.6358869995892746
0.6085040004109032
0.8272599998235819
1.4442090005104546
0.6263770001169178
0.6858020005893195
0.6315569999060244
0.5745700000261422
0.5869200003871811
0.5854979999639909
0.915497999812942
0.7311189992833533
0.6280970001171227
0.5796670002382598
0.6363390002661617
0.9487490005994914
0.682172999404429
0.809134000519407
0.993167999695288
0.5849279996255063
0.5645270002787584
0.9698900003058952
0.6021629997121636
0.6720199999108445
0.5740719998357235
0.5912180004088441
0.5752280003434862
0.9836089993768837
0.5897080000067945
0.5564519997278694
0.6505350002043997
0.5883879994144081
0.5948269999862532
1.085413000510016
0.5579380003837286
0.57533000017429
0.6407099999705679
0.6428660008168663
0.5844079996677465
0.57116700008919
0.9051070001078187
