payload_size_bytes=51200
runs=500
mean_ms=0.787
median_ms=0.640
stddev_ms=0.374
min_ms=0.505
max_ms=3.776
---raw---
1.8470439999873633
0.991330999568163
3.1354050006484613
0.7408130004478153
0.6929409992153523
0.73071200040431
0.6963720006751828
0.7086509995133383
0.9126530003413791
0.6289000002652756
0.9289580002587172
1.33214100060286
0.8835449998514378
0.9637160001148004
0.6620359999942593
0.6862760001240531
0.6089879998398828
0.5819079997309018
0.5887079996682587
0.5909980000069481
1.3755210002273088
0.8648390003145323
0.5819669995617005
1.244807999682962
0.5663870006173966
0.5945659995632013
0.677709999763465
0.9979500000554253
0.5915580004511867
1.1522349996084813
0.5624370005534729
0.5780379997304408
0.5979079996905057
0.6633800003328361
0.5983080000078189
0.5634279996229452
0.5925180003032438
1.0593220004011528
0.5482870001287665
0.5426270008683787
0.5767880002167658
0.6475899999713874
0.9368579994770698
1.0214809999524732
0.9035769999172771
0.5765980004071025
0.5908700004511047
0.6354900006044772
0.6767830000171671
3.776235000259476
0.663390000227082
1.200935999804642
0.5798199999844655
0.8294250001199543
1.6587410000283853
0.8054640002228552
0.933379000343848
0.6172260000312235
0.712342000042554
0.5502690000867005
0.5498450000231969
1.0926630002359161
0.6129680004960392
0.6020390001140186
1.4817149994996726
1.2090159998479066
1.3322300001163967
0.6457600002249819
0.8465860000796965
0.5875179995200597
0.6272090004131314
0.6096179995438433
3.6528509999698144
0.6614899994019652
1.0100310000780155
0.609188999987964
0.5970490001345752
0.5884069996682229
1.2897699998575263
0.6752409999535303
0.7172619998527807
0.595618000261311
3.6083999993934412
1.083943000594445
0.6332589991870918
0.5772270005763858
0.5474370000229101
0.5750099999204394
0.5486640002345666
0.596398999732628
0.593927999943844
1.6891810000743135
1.963400000022375
0.6365990002450417
1.2208570005896036
0.6933109998499276
0.6742599998688092
0.6102890001784544
0.6246240000109538
1.9182859996362822
0.9457759997530957
1.7217229997186223
1.3531109998439206
0.6502090000140015
0.7499429993913509
0.6216589999894495
0.6130189995019464
1.0808930001076078
0.6396889993993682
0.545486000191886
1.2482390002332977
0.6386589993780944
0.5565270002989564
1.6204080002353294
1.9754410004679812
0.671409999995376
0.6680299993604422
0.6669250005870708
0.7553479999842239
1.2293469999349327
0.6270590001804521
0.5480970003191032
0.5914280000069994
0.7646929998372798
0.5566990002989769
2.1918669999649865
1.986107999982778
0.6138389999250649
0.662209999973129
0.5606869999610353
0.5955280003036023
0.7205020001492812
0.5526259992620908
0.5591159997493378
0.63000899990584
1.469703999646299
0.6225540000741603
1.1552400001164642
0.6772500000806758
0.6788560003769817
0.6179640004120301
1.4125129991953145
0.7428030003211461
1.6664300001139054
0.5234150003161631
0.742052000532567
0.5959080008324236
0.6172990006234613
1.0037109996119398
0.6094680002206587
0.5502670001078513
0.6222990004971507
0.5946970004515606
0.5625980002150754
1.3315500000317115
0.5620669999188976
0.5384259993661544
0.9189370002786745
1.0255009992761188
0.6086289995437255
0.5451359993458027
0.5795469996883185
0.614644000052067
1.7132760003732983
1.6125719994306564
0.6757569999535917
0.633929999821703
0.6240289994821069
0.7119350002540159
0.7661710005777422
0.6349590003082994
0.6452889992942801
1.2903199994980241
0.5650470002365182
0.9345389998998144
0.6361180003295885
0.5555070001719287
0.5793869995613932
0.5921179999859305
1.0742529993876815
0.6103589994381764
0.5546770007640589
0.5809980002595694
1.1005430005752714
1.0044709997600876
0.5366610002965899
0.662124999507796
0.5763879998994526
1.4952249994166777
0.946248999753152
0.6938059996173251
0.86035999993328
0.5784230006611324
0.5878169995412463
0.8983180005088798
0.6125039999460569
0.6404449995898176
0.5941819999861764
0.5606570002782973
0.5485359997692285
1.1084840007242747
0.6029310006852029
0.6052979997548391
0.6516000003102818
0.6546069998876192
0.564187999771093
0.5306060002112645
0.5666970000675065
0.5162460001884028
0.5382959998314618
0.6660000008196221
0.829284999781521
0.6673830002910108
0.613537999925029
0.5663940000886214
0.9623989999454352
0.594118000663002
0.8531959992978955
0.6901500000822125
0.6149390001155552
0.9898739999698591
0.6108360003054258
0.7133120006983518
0.5710280001949286
0.5913480008530314
0.5396189999373746
1.031240999509464
0.5721770003219717
0.7678609999857144
0.7258579998961068
0.569832000110182
0.9359380001114914
0.600727999881201
0.8109840000543045
0.5830970003444236
0.6072079995647073
0.9541599993099226
0.6053810002413229
0.57599800038588
0.5917750004300615
0.649304999569722
0.9894260001601651
0.6229589998838492
0.6155139999464154
0.6201189999046619
0.5487910002557328
0.6558009999935166
1.0206120005022967
0.6047380002200953
0.5833470004290575
0.6276340000113123
0.6528050007545971
0.571888000195031
1.010351000331866
0.5769170002167812
0.5490670000654063
0.543817000107083
0.6882360003146459
0.6074940001781215
0.6853509994471096
0.678919999700156
0.5635900006382144
0.6136470001365524
0.5225659997449839
0.8587360007368261
0.6374320000759326
0.5644670000037877
0.620487000560388
0.9875200003079954
0.932467999518849
0.7440330000463291
0.5579270000453107
0.6103779996919911
0.6054479999875184
0.5563059994528885
0.9639800000513787
0.8647260001453105
0.6124290002844646
0.5989180008327821
0.5921579995629145
0.9211779997713165
0.9043179998116102
0.6554849996973644
0.5880930002604146
0.6301089997577947
1.0835820003194385
0.6329150000965456
0.7829480000509648
0.5265469999358174
0.7552030001534149
0.5957880002824822
1.2303880002946244
0.7327319999603787
0.568297999961942
0.8872199996403651
0.5654839997077943
0.9726600001158658
0.6901070000822074
0.5788629996459349
0.6179390002216678
0.5756179998570587
0.9077079994312953
0.9468589996686205
0.5552869997700327
0.5624770001304569
0.6063879991415888
0.5051749994890997
0.5951279999862891
0.7299849994524266
0.7334279998758575
0.7426199999827077
0.533445999280957
0.6499270002677804
1.1287249999440974
0.7113349993232987
0.5910560003030696
0.580126999921049
0.6140989999039448
0.8440279998467304
1.1222610000913846
0.8221960006267182
0.5793469999844092
0.5721970001104637
1.1352150004313444
0.9440690000701579
0.5924079996475484
0.7244220005304669
0.6079879995013471
0.6170589995235787
1.0790529995574616
0.5902079992665676
0.6285190002017771
0.5725669998355443
1.131634000557824
0.9982999999920139
0.675470000714995
0.8206950005842373
0.5594499998551328
0.6120110001575085
0.627589000032458
0.6287839996730327
0.6818439997005044
0.6521699997392716
0.6676900002275943
0.6266170003073057
0.5992910000713891
1.0172190004595905
0.5562820006161928
0.8513309994668816
1.5722569996796665
0.7152640000640531
0.5608339997706935
0.8980080001492752
1.0211010003331467
0.6447099995057215
0.7413720004478819
0.6465989999924204
0.7029119997241651
1.0188810001636739
0.5996279996907106
0.7326330005525961
0.8531060002496815
0.6219679999048822
0.6400889997166814
0.5250859994703205
0.5814280002596206
0.5843280005137785
0.6397289998858469
0.6458199995904579
0.5667580007866491
0.5484260000230279
0.7299220005734242
0.7226709994938574
0.6252690000110306
0.7217530001071282
0.5249360001471359
0.5444170001283055
0.6072079995647073
0.5886979997740127
0.5964179999864427
0.5263160001049982
0.5816680004500085
0.9587699996700394
0.567027000215603
0.6357390002449392
0.6386590002875892
0.6272790005823481
0.5802380001114216
0.8800069999779225
0.5828379999002209
0.6046990001777885
0.5945779994362965
0.6301129997154931
1.2816890002795844
0.6533770001624362
0.6315069995252998
0.6281289997787098
1.631430000088585
0.7365920000665938
0.8495259999108384
0.5744070003856905
0.6443490001402097
1.0293109999111039
0.6176990000312799
0.5887279994567507
0.6402389999493607
0.6363689999488997
1.06683299964061
0.6049280000297586
0.5743279998569051
0.6184690000736737
0.5902290004087263
0.6412789998648805
0.9935950001818128
0.6508739998025703
0.6690299996989779
1.0134909998669173
1.171644999885757
0.6039829995643231
0.5794979997517657
0.6459349997385289
1.3203600001361337
0.6023879996064352
0.6090690003475174
0.8085740000751684
0.5754769999839482
1.0337519997847266
0.6190089998199255
1.3091799992253073
0.6140969999250956
0.7807140000295476
0.9407489997101948
0.5848880000485224
1.7306030003965134
0.5923580001763185
0.6911210002726875
0.5599870000878582
0.9657489999881363
0.6611120006709825
1.3099469997541746
1.0566520004431368
0.6095790004110313
0.791993999882834
0.5927089996475843
1.2892989998363191
1.239309999618854
0.8978549994935747
0.6308080000962946
0.575369999751274
0.5818040008307435
0.6715210001857486
0.6345599995256634
0.623468999947363
0.5927880001763697
0.5806380004287348
0.7268620001923409
0.9060780002982938
0.6450099999710801
1.0525719999350258
0.6439890003093751
0.8327349996761768
0.7131520005714265
0.6030380000083824
0.8702459999767598
0.6135089997769683
1.0017699996751617
0.5736680004702066
0.8262359997388558
0.9761089995663497
0.5646069994327263
1.4194630002748454
0.6114779998824815
0.6888159996378818
0.9830199996940792
1.0116459998243954
1.0009999996327679
0.699520999660308
0.5879079999431269
0.5601169996225508
0.6388090005202685
1.0132099996553734
1.4957550001781783
1.0736829999586917
0.6133690003480297
0.8882160000212025
0.5973180004730239
0.9791200000108802
0.8467670004392858
0.6498800003100769
0.6347640000967658
0.6779610002922709
0.6131790005383664
0.5336960002750857
0.6092880003052414
0.8073750004768954
0.6210430001374334
0.5517269992196816
0.546447000488115
0.6509049999294803
0.880741999935708
