payload_size_bytes=51200
runs=500
mean_ms=0.748
median_ms=0.643
stddev_ms=0.259
min_ms=0.512
max_ms=2.961
---raw---
1.8526620006014127
0.7498869999835733
0.6751199998689117
1.3730110003962182
0.9215480004058918
0.8100039995042607
0.6939610002518748
1.0894339993683388
1.5766679998705513
0.6568499993591104
0.5744879999838304
1.0243810002066311
0.8752920002734754
1.0029810000560246
1.1285190003036405
0.6360190000123112
2.2044460001779953
0.6093530000725877
0.7564530005765846
0.625129000582092
0.6809910000811215
0.6259390002014698
0.9364890001961612
0.5886180006200448
0.6856190002508811
0.593521000155306
0.9211050000885734
0.9853100000327686
0.9201579996442888
0.5889000003662659
0.7013220001681475
0.5940390001342166
0.6387959992935066
0.6069279997973354
0.7069020002745674
0.689140999384108
0.743333000173152
0.6071409998185118
0.6185440006447607
0.5694470000889851
0.560967000637902
0.7437819995175232
1.039721999404719
0.8254719996330095
0.6621779994020471
0.5614270003206911
0.5937280002399348
0.6603310002901708
0.8035970004129922
0.6024290005370858
0.6013379997966695
1.8381530007900437
0.6250039996302803
0.5931790001341142
0.5856279994986835
1.022166999973706
0.7246920004035928
0.6731609992129961
0.6026029996064608
0.6480299998656847
0.5873580003026291
0.5767370003013639
0.582298000153969
0.8532809997632285
0.6527189998450922
0.8345959995494923
0.6765629996152711
0.6801090003136778
0.5769089993918897
0.6774769999537966
0.7181670007412322
0.8981420005511609
0.8221850002883002
0.6097040004533483
0.6388639994838741
0.6065379993742681
0.6642259995714994
0.8643459996164893
0.9849739999481244
0.7872149999457179
0.666320000163978
0.6006909998177434
0.7160790000853012
0.6333390001600492
0.6922909997228999
0.6948230002308264
0.7536110006185481
0.6690609998258878
0.8405749995290535
0.61474799986172
0.5974310006422456
1.0987510004270007
0.6493099999715923
0.8208340004784986
0.7221320001917775
0.6016589995851973
0.6687909999527619
0.5916079999224166
1.2244780000401079
0.6220519999260432
0.8969439995780704
0.6425319998015766
0.8838049998303177
0.6281900004978525
0.6444190003094263
0.6137810005384381
0.5753469995397609
0.8561840004404075
0.7624630006830557
0.5871580005987198
0.5744680001953384
0.6225490005817846
0.5661770001097466
0.9637599996494828
0.6334190002235118
0.6647899999734364
0.6060979994799709
0.6968939997022972
1.0005969998019282
0.6275489995459793
0.6014179998601321
0.638552000054915
0.6362670001180959
0.6085179993533529
0.5956630002401653
0.9495489994151285
1.0283159999744385
0.6895910000821459
0.5857480000486248
0.5729380000047968
0.612058000115212
0.7040969994704938
0.5671870003425283
0.621289000264369
1.0307459997420665
1.7315819995928905
0.616731000263826
0.5427839996627881
1.0957750000670785
0.8286150005005766
0.6161459996292251
1.3894829999117064
0.6215210005393601
0.5928259997745045
1.1283039993941202
0.606331000199134
0.8235349996539298
0.6569770002897712
0.6421600000976468
0.6050980000509298
0.6811009998273221
1.3074389999019331
0.614558999586734
0.6681100003333995
0.5712869997296366
0.549137000234623
0.6247680003070855
1.0174060007557273
0.5543650004256051
1.0021409998444142
0.6684870004391996
1.191246000416868
1.100533999306208
0.6018979993314133
0.6135680005172617
0.5544910000025993
0.5350470000848873
1.3649270003952552
2.9614029999720515
0.6846209998911945
0.7734009996056557
0.6517490000987891
0.6126680000306806
0.5516370001714677
0.65772299967648
0.6914240002515726
0.7819239999662386
0.6317139996099286
0.5747069999415544
0.5609569998341613
0.5867280005986686
0.8902569998099352
0.8364180002899957
0.9649969997553853
0.6345490000967402
1.0511119999137009
0.5681170005118474
0.6162709996715421
0.5942289999438799
0.5458570003611385
0.6540800004586345
1.359761000458093
0.696621999850322
0.6719800003338605
0.5638569991788245
0.6594189999304945
1.861637000729388
0.7156640003813663
1.0661910000635544
0.6632599997828947
0.6054189998394577
0.5957780003882363
0.897586999599298
0.8354950005013961
0.6698719998894376
0.641809000626381
0.6098180001572473
0.5701850004697917
0.815254999906756
0.656412000353157
1.0120790002474678
0.9336089997304953
0.655670000014652
1.269198000045435
1.020100999994611
0.6178079993333085
0.6187079998198897
1.0242810003546765
0.9724490000735386
0.661931000649929
0.6130289993961924
1.4010220002091955
0.9577490000083344
0.5596369992417749
0.7645839996257564
0.6063889995857608
0.5884779993721168
0.8814969996819855
0.6262619999688468
0.5424040000434616
0.5689769996024552
0.5863480000698473
0.991509999948903
0.5633669998132973
0.5628769995382754
0.6444350001402199
0.5880829994566739
0.5487460002768785
0.6035879996488802
0.5637069998556399
0.6049840003470308
0.58512299983704
0.540166000064346
0.6925160005266662
0.6092829999033711
0.6407399996533059
0.596482999753789
0.5709019997084397
0.5616070002361084
0.6191149996084278
0.5845329997100635
0.7333619996643392
0.5785399998785579
0.6573380005647778
0.5390659998738556
0.5743880001318757
0.5579270000453107
0.5905079997319262
0.9218380000675097
0.5482970000230125
0.7372620002570329
0.6117889997767634
0.6790110001020366
0.6192379996718955
0.6122689992480446
0.6467339999289834
0.5417109996415093
0.5497870006365702
0.5555670004468993
0.7605880000483012
0.6370999999489868
0.5499219996636384
0.602899000114121
0.5832619999637245
0.6462339997597155
0.5457779998323531
0.5297059997246834
0.5897479995837784
0.6651800003965036
0.5869229999007075
0.5215599994699005
0.5120460000398452
0.6257450004341081
0.5595220000031986
0.5553069995585247
0.563216999580618
1.0180909994232934
0.5834479998156894
0.5752569995820522
0.9832100004132371
0.5751580001742695
0.5538470004466944
0.6564800005435245
0.9502290004093084
0.5785570001535234
0.6221389994607307
0.6191579996084329
0.6369319999066647
0.5635970001094393
1.172415999462828
0.5725270002585603
0.9770269998625736
1.004300000204239
0.6772039996576495
0.5974659998173593
0.5736370003432967
0.7019009999567061
1.1897159993168316
0.6026880000717938
0.5917079997743713
0.6223380005394574
0.9728799996082671
0.6202909999046824
0.5662850007865927
0.579848000597849
0.6254190002437099
1.0104310003953287
0.5903680003029876
0.6233189997146837
0.8508809996783384
0.6978989995332086
0.6955009994271677
0.6632199992964161
0.6080450002627913
0.9378879994983436
0.5880270000488963
0.838390999888361
1.1125190003440366
0.7194469999376452
0.5777230007879552
0.604607999775908
0.9013380004034843
0.988861000223551
0.8137770000757882
1.0075280006276444
0.9573589995852672
0.6534329995702137
0.6130290003056871
0.5816180000692839
0.5889579997528926
1.0268410005664919
0.7240320001073997
1.1675949999698787
1.0807129992826958
1.0069099998872844
1.4400529998965794
1.449104000130319
1.041642000018328
1.0124999998879503
0.59524300013436
0.5743570000049658
0.5662379999193945
0.5932250005571404
1.5493250002691639
0.6408100007320172
0.590077999731875
0.5503770007635467
0.9795790001589921
0.5674980002368102
0.5614570000034291
1.1062260000471724
1.074802999937674
0.7091699999364209
0.5699169996660203
0.5964780002614134
0.5716480000046431
0.5575789991780766
0.8014420000108657
0.6026490000294871
0.9195779994115583
0.567287000194483
0.5935829994996311
0.6371290000970475
0.951664000240271
0.6261539992920007
0.757363000047917
0.6290289993557963
0.6749309995939257
0.6887009994898108
0.5698119994121953
0.587019999329641
0.9249980003005476
0.6744550000803429
0.6929209994268604
0.6556870002896176
0.5893980005566846
0.6002949994581286
0.594178000028478
0.8837569994284422
0.6289290004133363
0.5911779999223654
0.6060880004952196
0.6024780004736385
0.5791480007246719
0.5341759997463669
0.5550960004256922
0.5420489997050026
0.6251200002225232
0.5363130003388505
0.7755540000289329
0.5921840001974488
0.7008809998296783
0.6471189999501803
0.6115640007919865
1.0287309996783733
0.5672620000041206
0.5615970003418624
0.5929529997956706
0.5238780004219734
0.6085760005589691
0.568478000786854
0.5822979992444743
0.634138999885181
0.6772099995941971
0.5635180004901486
0.6012280000504688
0.6598100007977337
0.5824170002597384
0.7076259998939349
0.6571980002263444
0.6397659999493044
1.2984899994989973
0.6642799999099225
0.6412200000340817
0.5716369996662252
0.5836179998368607
0.8986969996840344
0.9672000005593873
0.5361969997466076
0.9852200000750599
0.6196080003064708
1.0841029998118756
0.6661810002697166
0.5849179997312604
0.6714700002703466
1.010670999676222
0.6705309997414588
0.607218000368448
0.6586459994650795
0.7464230002369732
1.1643999996522325
1.109583000470593
0.6372789994202321
1.1545060006028507
0.594969999838213
0.6453790001614834
0.6376310002451646
1.2058450001859455
0.7368469996436033
0.6219790002433001
0.6074889997762511
0.9216979997290764
0.7170600001700222
0.6260489999476704
0.6398289997378015
0.7108019999577664
0.9214400006385404
0.7417799997710972
0.7081840003593243
0.6454669992308482
0.6211689997144276
0.6948809996174532
0.9699490001366939
1.1012089998985175
1.1488700001791585
0.6407189994206419
0.6110639997132239
0.6422199994631228
0.6279939998421469
1.4070839997657458
1.4400939999177353
0.6292479993135203
0.738824999643839
1.0965909996230039
1.3754620003965101
0.5981469994367217
0.7016469999143737
0.5944330005149823
0.9539489992675954
0.6495199995697476
0.5903579994992469
0.5944380000073579
1.232198000252538
1.6046989994720207
0.7076210004015593
0.5876980003449717
0.5857669993929449
1.460784999835596
0.7463629999620025
0.6657300000370014
0.9278890001951368
0.6083279995436897
0.6344490002447856
0.963190000220493
0.553027000023576
0.7708729999649222
0.9070079995581182
0.983720000476751
0.6427399994208827
0.619819000348798
