payload_size_bytes=51200
runs=500
mean_ms=0.753
median_ms=0.638
stddev_ms=0.321
min_ms=0.513
max_ms=3.374
---raw---
1.000983000267297
0.7784240006003529
1.9920799995816196
0.7760540001982008
0.7466529996236204
2.005250999900454
0.6452150000768597
1.2366079999992508
1.1180890005562105
0.5919820005146903
1.6056790000220644
1.1433199997554766
1.3135050003256765
0.6622619994232082
0.7637630005774554
1.2414349994287477
0.73822200010909
1.4440759996432462
0.6722199996147538
0.6273859999055276
2.6835910002773744
3.373812999598158
1.6797569996924722
1.0452710002937238
1.0663980001481832
2.665570999852207
1.2168959992777673
0.7412229997498798
0.6107940007495927
0.5730970005970448
0.6971160000830423
0.6405889998859493
0.7241220000651083
2.010611000514473
0.6575200004590442
1.084473000446451
0.721282000085921
0.6160579996503657
0.6571949998033233
0.6363640004565241
0.7519840000895783
1.6987610006253817
0.7306520001293393
0.6868560003567836
0.7018559999778518
0.7513130003644619
1.237110999682045
0.5747180002799723
0.9241059997293632
0.7925339996290859
1.018821000798198
1.1816360001830617
1.2783390002368833
0.8182359997590538
1.0236929992970545
0.6237760007934412
1.016952000099991
2.849626999704924
0.8911309996619821
0.6427940006688004
0.6576609994226601
0.8233949993154965
1.2133159998484189
0.7503130000259262
0.6848610000815825
0.6049980001989752
0.6177189998197719
0.633859000117809
0.6173190004119533
0.6372790003297268
0.6904510000822484
0.7023719999779132
0.5911899997954606
1.151952000327583
1.062982999428641
0.610907999543997
0.6598599993594689
0.767832999372331
2.4548339997636504
0.6470449998232652
0.6975209998927312
1.0277649998897687
0.6164320002426393
0.5836780001118314
0.6398909999916214
0.7837739995011361
2.367688999584061
0.7576719999633497
0.7378430000244407
0.8861969999998109
0.6423049999284558
0.5811950004499522
0.5866450001121848
0.5581470004472067
2.0489820008151582
0.6001880001349491
0.6716199995935312
0.6084790002205409
0.62734899984207
0.605547999839473
0.6146489995444426
0.6243679999897722
0.628858999334625
0.6967340004848666
0.5775279996669269
0.7444229995599017
1.0442189995956142
0.7118439998521353
0.6853180002508452
0.6030280001141364
0.6196889999046107
0.679090000630822
0.579878000280587
0.7281120006155106
1.5227960002448526
0.6014009995851666
0.6211890004124143
0.5943280002611573
0.573386999349168
0.8364349996554665
0.6176859997140127
1.1231070002395427
0.5988379998598248
0.6202890008353279
0.577267999688047
0.6059110000933288
0.6512849995488068
0.9673089998614159
0.5799199998364202
0.6100669997977093
0.6088279997129575
0.5650270004480262
0.5982679995213402
0.5999779996272991
0.562977999834402
1.0666019998097909
0.6681699996988755
0.6161889996292302
0.5936280003879801
0.6030290005583083
0.6200289999469533
1.2924899992867722
0.9594289995220606
0.6602630000998033
0.5958789997748681
0.6264570001803804
0.6898599995110999
0.613529000474955
0.5760770000051707
0.6014890004735207
0.9877299999061506
0.5821509994348162
0.5936280003879801
0.6904600004418171
0.8919070005504182
1.5085559998624376
0.9751900006449432
0.7253220001075533
0.6818800002292846
0.6447790001402609
0.5871009998372756
0.7866020005167229
0.5994599996483885
0.9694769996713148
0.6516439998449641
0.7488629998988472
0.6413569999494939
0.6359170001815073
0.752493000618415
0.6099480006014346
1.031171000249742
0.6355120003718184
0.5810180000480614
0.7658129998162622
0.5969479998384486
0.6480750007540337
0.6576750001840992
0.6015680000928114
0.9135680002145818
0.6423300001188181
0.5700970004909323
0.6262090000745957
0.6619900004807278
0.6567000000359258
0.6580500003110501
0.9959400003936025
0.6171009999889066
0.6574369999725604
0.5299559998093173
0.6180689997563604
0.6273420003708452
0.5741869999837945
1.4848829996481072
0.6671620003544376
0.5591350000031525
0.7475180000255932
0.6251169997995021
0.6432769996536081
0.6390600001395796
0.734391999685613
0.6796359994041268
0.8766670007389621
0.6251439999687136
0.5737100000260398
0.6093709998822305
0.8486999995511724
0.6834610003352282
1.0251819994664402
0.5936000006840914
0.6358090004141559
0.5910079999011941
0.6361119994835462
0.6015159997332375
0.8841519993438851
0.5791269995825132
0.5900180003663991
0.6208029999470455
0.6541049997395021
0.5996290001348825
0.6088679992899415
0.6175869993967353
0.6056579995856737
0.8177549998436007
0.69443099982891
0.6126360003690934
0.5690569996659178
0.6089010003051953
0.5589869997493224
0.9911679999277112
0.6484099994850112
0.604851000389317
0.5775149993496598
0.6385389997376478
0.5895690001125331
0.5886399994778913
1.0709620000852738
0.5858680005985661
0.6492399998023757
0.5851979994986323
0.6501699999716948
0.6470099997386569
0.7427829996231594
0.7047090002743062
1.041642000018328
0.5670379996445263
0.6088279997129575
0.6525790004161536
0.6160479997561197
0.6829799995102803
0.633928999377531
1.0083200004373793
0.5727170000682236
0.5838280003445107
0.6316549997791299
0.5656339999404736
0.6110060003265971
0.6179239999255515
1.1709660002452438
0.6210990004547057
0.5522270002984442
0.5907330005356926
0.5870780005352572
0.5522219998965738
0.7103710004230379
0.7024270007605082
0.8902159997887793
0.5650080001942115
0.5965980008113547
0.6070559993531788
0.5794979997517657
0.6393170006049331
0.6207080004969612
1.1723210000127438
0.8709970006748335
0.6226069999684114
0.6515190007121419
0.5973290008114418
0.553996999769879
0.5812749996039202
0.8555869999327115
0.6018599997332785
0.5959959999017883
0.6248379995668074
0.6166479997773422
0.5777970000053756
0.6402030003300752
0.5543170000237296
1.004599999760103
0.824682999336801
0.6625630003327387
0.6349360000967863
0.6760140004189452
0.6413119999706396
0.6262990000323043
1.3137000005372101
0.6072189999031252
0.698521000231267
0.6484870000349474
0.6478469995272462
0.7575560002806014
0.6218759999683243
1.004361000013887
0.6577000003744615
0.5749769998146803
0.5648570004268549
0.6065679999665008
0.6353900007525226
0.573348000216356
0.7914540001365822
0.9614890004741028
0.67275499986863
0.6825750006100861
0.7775229996695998
0.6239840004127473
0.5778879994977615
0.9211779997713165
0.9396440000273287
0.5988680004520575
0.6058180006220937
0.8312709996971535
0.5533670000659185
0.9204680000038934
0.9481990000494989
0.6218459993760916
0.590964999901189
0.5815479999000672
0.6154940001579234
0.6500250001408858
0.5703870001525502
0.9178480004266021
0.8979869999166112
0.5769780000264291
0.6252889997995226
0.5637369995383779
0.664506000248366
0.7827039999028784
0.9661190006227116
0.6922689999555587
0.5896650000067893
0.57578799987823
0.5651820001730812
0.5955730002824566
0.5871769999430398
1.16967600024509
0.657149999824469
0.6754960004400345
0.5458739997266093
0.6710890002068481
0.5707820000679931
0.6336989999908837
0.6668500000159838
0.9854350000750856
0.6470600001193816
0.5957429993941332
0.5767220000052475
0.5989970004520728
0.5962609993730439
0.6018350004524109
1.0289709998687613
0.6050490001143771
0.5867800000487478
0.6772469996576547
0.6189489995449549
0.6067670001357328
0.6074040002204129
0.564367000151833
0.6341449998217286
0.5130059998919023
0.580327000534453
0.6342099995890749
0.6290589999480289
0.6930709996595397
0.6018590001986013
0.6665500004601199
1.048241999342281
0.8155850000548526
0.6543519994011149
0.8627639999758685
0.6760209998901701
0.5888569994567661
1.0943480001515127
0.5803920003017993
0.5830379996041302
0.604587999987416
0.6426239997381344
0.5915230003665783
0.680075999298424
0.6149629998617456
0.5760680005550967
0.6055180001567351
0.5758280003647087
0.6100079999669106
0.6197989996508113
0.5975530002615415
0.659923999592138
0.9943900004145689
0.6018039994160063
0.6261230000745854
0.6022590005159145
0.847645000249031
0.6499900000562775
0.6681799995931215
1.0281009999744128
0.6452990000980208
0.6074220000300556
0.5761849997725221
0.5488110000442248
0.6083739999667159
0.6272040000112611
0.5957929997748579
1.030241000080423
0.6483629995273077
0.61541600007331
0.5715220004276489
0.5975230005788035
0.6046690004950506
0.752033000026131
0.6265290003284463
1.0425450000184355
0.6946890007384354
0.6152229998406256
0.5166150003788061
0.5603170002359548
0.5918930000916589
0.567932999729237
1.667989999987185
0.7446079998771893
0.5323360001057154
0.5532770001082099
0.6252820003282977
0.5833800005348166
0.961919000474154
0.9837890002017957
1.193781000438321
0.5824780000693863
0.6417249996957253
0.7590870000058203
0.6859499999336549
0.8750219994908548
0.9595399997124332
0.7167470002968912
0.6592200006707571
0.54263699985313
0.5794380003862898
0.5605020005532424
0.9396980003657518
1.0226019994661328
0.6717579999531154
0.577458000407205
0.6084959995860117
0.6866309995530173
0.5710679997719126
0.5665260005116579
0.9999700005209888
0.97963999996864
0.5749069996454637
0.5778690001534414
0.5989679993945174
0.6366200004777056
0.5792570000267006
0.5873370000699651
0.9017470001708716
0.6225489996722899
0.6430619996535825
0.568935000046622
0.6267689996093395
0.7441529996867757
1.4004229997226503
0.5891880000490346
0.8066139998845756
0.5606370004898054
0.6603900001209695
0.7724839997536037
0.5466259999593603
0.5673380001098849
0.6486200009021559
0.6295690000115428
1.1735110001609428
0.5742519997511408
0.5565170004047104
0.6410740006685955
1.110558999243949
0.5638200000248617
0.5751749995397404
0.5727629995817551
0.648283999908017
0.7544659993072855
0.5511939998541493
1.0903030006375047
0.5901280001125997
0.6063190003260388
0.582568000027095
0.6061610001779627
0.6214960003489978
0.6229519995031296
0.5647970001518843
1.011801000458945
0.6149139999251929
0.5617070000880631
0.5561919997489895
