payload_size_bytes=51200
runs=500
mean_ms=0.748
median_ms=0.634
stddev_ms=0.333
min_ms=0.516
max_ms=3.453
---raw---
1.0617719999572728
0.6970060003368417
0.6660299995928654
2.1671660006177262
0.693201000103727
0.6554500005222508
0.6328420004138025
0.9078849998331862
0.5925780005782144
0.5835580004713847
0.6739210002706386
0.6407520004358958
0.871666999955778
0.6143660002635443
0.5785369994555367
0.5869980004717945
0.6400499996743747
0.5999989998599631
0.567402000342554
0.5709880006179446
0.7463129995812778
0.926032999814197
0.602948999585351
0.5962280001767795
1.3442299996313523
0.7407729999613366
0.6120190000729053
0.6278390001170919
0.9300379997512209
0.6010080005580676
2.5769780004338827
0.6889610003781854
1.2802389992430108
0.6541820002894383
0.6971439997869311
0.5690470006811665
3.4526800000094227
0.7427030004691915
0.5964279998806887
0.5860680003024754
0.5679770001734141
0.5683769995812327
0.5609770005321479
0.5546570000660722
1.0280410006089369
0.6362939993778127
0.8609559999968042
0.6184750000102213
0.5918969991398626
1.6911520006033243
0.6101280005168519
1.0513920005905675
0.5840479998369119
1.1883459992532153
2.099224000630784
1.3553509998018853
1.0734930001490284
0.6624799998462549
0.5780270003015175
0.5639479995807051
0.5912579999858281
1.0536219997447915
1.7098220005209441
2.2404990004361025
0.6294389995673555
0.731741999516089
0.5320059999576188
0.6150180006443406
0.584978000006231
1.5300960003514774
0.6639709999944898
0.6171880004330887
0.5974730001980788
0.6875810004203231
0.578831999519025
0.641994000034174
0.5942130001130863
1.7153220005639014
1.9724600006156834
1.6576699999859557
0.6381889998010593
0.631268999313761
0.5823880001116777
1.7476329994678963
0.6380490003721206
0.6436290004785405
0.5383970001275884
2.0349819997136365
1.9172490001437836
0.7127520002541132
1.6877010002644965
0.5563869999605231
0.6311389997790684
0.6557599999723607
1.406051999765623
0.8214350000343984
0.6445199996960582
0.5263259999992442
1.7477629999120836
0.6425249994208571
1.073593000000983
0.613144000453758
0.714742000127444
0.5677970002579968
1.368201000332192
0.607998999839765
0.5704069999410422
0.5414759998529917
0.9078180000869907
0.7925560003059218
0.5436969995571417
0.5722770001739264
0.5697570004485897
1.7709220001052017
1.073362999704841
0.7256520002556499
0.7991939992280095
0.6086390003474662
0.5478620005305856
0.7723839999016491
0.6304890002866159
0.6237060006242245
1.2557980007841252
0.5976659995212685
0.8558170002288534
1.2498079995566513
0.8961270004874677
0.5889379999644007
0.8396659995923983
0.6204390001585125
0.6465389997174498
0.7674130001760204
0.572136999835493
1.053031999617815
0.825394999992568
1.4075330000196118
1.036511000165774
0.6202390004546032
0.6119689996921807
0.5603989993687719
0.5733950001740595
2.367561999562895
1.1272249994362937
0.7135410005503218
0.5567970001720823
0.7253819994730293
0.7966639996084268
0.6822800005465979
0.5917479993513552
0.6060790001356509
1.6449200002170983
1.672600999881979
0.7418729992423323
0.6590889997823979
0.7530530001531588
0.5673780005963636
2.7839549993586843
0.6349790000967914
0.8483960000376101
0.6328989993562573
0.5697699998563621
0.5895460008105147
0.6154290003905771
0.6873699994685012
1.2349779999567545
0.6415910002033343
0.7364920002146391
1.1015239997504978
0.8371959993382916
1.0098699995069182
0.528536000274471
0.8064140001806663
0.6491849999292754
0.571585000216146
0.5807659999845782
0.6637189999310067
0.7900939999672119
0.5833799996253219
0.6696400005239411
0.6197969996719621
1.1360449998392141
0.7428919998346828
0.7686029994147248
0.6235589999050717
0.5703480001102434
0.5664570007866132
0.6477990000348655
0.5830740001329104
0.6888309999339981
0.5602970004474628
0.5970579995846492
1.883248000012827
1.1703959999067592
0.5584470000030706
0.5786170004284941
0.610887999755505
0.6361400000969297
0.6216940000740578
0.6611710005017812
0.5659469998136046
0.5498870004885248
0.7556420005130349
0.7014310003796709
1.1209039994355408
0.5820180003865971
0.5836189993715379
0.5598959996859776
0.591557999541692
0.6952020003154757
0.6515140003102715
0.6003480002618744
0.633890000244719
0.6145830002424191
0.5893389998163912
0.677660000292235
1.0117709998667124
0.5892480003240053
0.5939630000284524
0.580261999857612
0.5583880001722719
0.5581619998338283
0.5797269996037357
0.5700379997506388
0.5843379994985298
0.5687119992217049
0.6536900000355672
1.1012840004696045
0.5660070000885753
0.633212000138883
0.516040000547946
0.6219959996087709
0.5687350003427127
0.6978970004638541
0.6066039995857864
0.7772640001348918
0.5947879999439465
0.5856269999640062
0.6306000004769885
0.6029480000506737
0.5467670007419656
0.5228059999353718
0.5767570000898559
0.5523669997273828
0.7250070002555731
0.5872329993508174
0.5608369992842199
0.5541229993468733
0.6309600003078231
0.9810390001803171
1.0306309995939955
0.5624140003419598
0.5888659998163348
0.5938980002611061
0.596472999859543
0.5805920000057085
0.6412190004994045
0.5999180002618232
0.8601319996159873
0.9053979993041139
1.1062189996664529
0.6680099995719502
0.6417689992304076
0.6610330001421971
0.6138459993962897
0.6655910001427401
0.6568830003743642
0.7295890000023064
1.2248779994479264
0.9944200000973069
0.6141280000520055
0.5852670001331717
0.8040570000957814
0.5438130001493846
0.596588000007614
0.563017999411386
0.5933980000918382
0.576591000026383
0.6349469995257095
0.5951169996478711
0.559038000574219
0.5582270005106693
0.5620190004265169
0.7738730000710348
0.5678939996869303
0.5922869995629299
0.5850620000273921
0.6690910004181205
0.5325109996192623
0.7409620002363226
0.5882669993297895
0.7855539997763117
0.9858949997578748
0.5911179996473948
0.6076780000512372
0.5386359998738044
0.5843680000907625
0.5616919997919467
0.6799009997848771
0.5533670000659185
0.6093179999879794
0.519616000019596
0.775522999902023
1.090802999897278
0.5716680007026298
0.578668000343896
0.56871700053307
0.5430960000012419
0.5731470000682748
0.5752669994762982
0.6165989998407895
0.6460999993578298
0.55280699962168
0.8424759998888476
0.9563690000504721
1.2229479998495663
0.6915599997228128
0.6554950005011051
0.5533639996428974
0.6143480004539015
0.6142679994809441
0.5859879993295181
0.6012370004100376
0.8481920003760024
0.9382890002598288
0.6754579999324051
0.5817580004077172
0.6893789995956467
0.6381889998010593
0.628570000117179
0.6509799995910726
0.7058010005493998
0.6606850001844577
0.628226000117138
1.1905640003533335
0.7207520002339152
0.5967080005575554
0.5819369998789625
0.5970909996904084
0.8039209997150465
0.5693279999832157
0.6238619998839567
0.6072059995858581
0.6256189999476192
0.5750199998146854
0.750319999497151
1.315739999881771
0.9947899998223875
0.6017080004312447
0.6325889999061474
0.6451119998018839
0.5796670002382598
0.6109680007284624
0.6046409998816671
0.5652469999404275
0.636779000160459
0.6663599997409619
0.6353690005198587
0.693658999807667
0.602480999987165
0.576447000639746
0.6004780007060617
0.612795999586524
0.6015779999870574
0.756212999476702
0.6644599998253398
0.6693109999105218
0.6526099996335688
0.9606590001567383
0.6688660005238489
0.5839779996676953
0.6048740006008302
0.7854859995859442
0.5907980003030389
0.5960810003671213
0.6846999995104852
0.6590869998035487
1.0435960002723732
0.9261679997507599
0.6542669998452766
0.8467359994028811
0.5608470000879606
0.6672310000794823
0.6392290006260737
0.6694610001432011
0.6322770004771883
0.6992610005909228
0.5739700000049197
0.7104209998942679
0.6343310005831881
0.6024040003467235
0.7169720001911628
0.6554689998665708
0.6197490001795813
0.6463200006692205
0.6164989999888348
0.7996040003490634
0.6245279992072028
0.6278020000536344
0.9884299997793278
0.6437619995267596
0.633888999800547
0.64215200018225
0.5809479998788447
0.6579099999726168
0.6392850000338512
0.7915420001154416
0.6259789997784537
0.5535270001928438
0.6729249998898013
0.9823689997574547
0.7064219998937915
0.7865540001148474
0.5817629999000928
0.60567299988179
0.5609919999187696
0.614538999798242
0.6477520000771619
0.6347790003928822
0.6039809995854739
0.6575500001417822
0.8202649996746914
1.039209999362356
0.5835250003656256
0.6032679993950296
0.6467220000558882
0.5756780001320294
0.6059580000510323
0.7137189995773952
0.7602179994137259
0.6031789998814929
0.6929359997229767
0.8928120005293749
0.6322089993773261
0.5781629997727578
0.6378889993357006
0.6348189999698661
0.6259490000957157
0.630278999778966
0.604308000220044
0.6465799997386057
0.7493270004488295
0.6371399995259708
0.6702400005451636
0.5733670004701708
0.6354300003295066
0.8430029993178323
0.5909580004299642
0.6881710005472996
0.6155269993541879
0.6543789995703264
0.6088979998821742
0.659549999909359
0.6653410000581061
0.5843789995196857
0.733683999897039
0.6656179994024569
0.5687120001311996
0.6046460002835374
0.6115079995652195
0.5876949999219505
0.6269690002227435
0.7126010004867567
0.5822100001751096
0.729262000277231
0.5924079996475484
0.6236869994609151
0.5926889998590923
0.6364119999489048
0.5939350003245636
0.6339689998640097
0.6271889997151447
0.5704870000045048
0.6936209993000375
0.6269590003284975
0.6443899992518709
0.8454560002064682
0.9378980003020843
0.6069090004530153
0.5808180003441521
0.6102620000092429
0.7773309998810873
0.571002000469889
0.5914220000704518
0.5766279991803458
0.629704999482783
0.5375820001063403
0.5597499994109967
0.6395469999915804
0.5918980004935293
0.9430390000488842
0.6090580000090995
0.9406879999005469
0.6285689996730071
0.5526570002984954
0.6452399993577274
0.6741530005456298
0.5627050004477496
0.7290869998541893
1.9411829998716712
0.6933110007594223
