payload_size_bytes=51200
runs=500
mean_ms=0.775
median_ms=0.624
stddev_ms=0.392
min_ms=0.484
max_ms=2.912
---raw---
1.6762799996286049
0.8460749995720107
0.6937910002307035
0.6217290001586662
0.6114590005381615
0.60431800011429
0.7953839995025191
0.6196290005391347
1.10342399966612
1.2808299998141592
1.9846209997922415
0.6922210004631779
0.5802779996884055
0.6091080003898242
1.9407489999139216
1.7192119994433597
2.911777999543119
0.9288379997087759
0.6304489998001372
0.6678199997622869
0.613539000369201
1.147914999819477
0.6601900004170602
0.7013809999989462
0.5728770001951489
0.5871069997738232
0.520746000802319
0.5855270001120516
0.5713880000257632
1.24522700025409
1.2153170000601676
0.5784699997093412
1.774593999471108
0.6373699998221127
0.658339999972668
0.6433199996536132
1.0085210005854606
0.6555800000569434
0.5752770002800389
1.9620599996414967
1.6595099996266072
2.178455999455764
1.1891459998878418
1.021060999846668
0.623719000031997
0.7424829991578008
0.5849379995197523
0.6130179999672691
0.7871469997553504
0.6673970001429552
0.5998890001137624
1.644531000238203
0.5421060004664469
0.6100079999669106
0.604568000198924
0.567017000321357
0.5628669996440294
0.8118250007100869
1.4215729997886228
0.5865680004717433
0.5506369998329319
0.6162480003695237
0.6020390001140186
0.6678099998680409
0.5693180000889697
0.6136190004326636
0.6248090003282414
0.5777579999630689
2.0218720001139445
1.697252000667504
1.9165879994034185
2.010160999816435
0.5435269995359704
0.5862879997948767
0.5850280003869557
2.1298949995980365
1.926637999531522
0.6193090002852841
0.5929689996264642
0.5905980005991296
0.5966280004940927
0.5835769998157048
0.706002000697481
2.0217020000927732
0.5908869998165756
1.2862889998359606
0.5519469996215776
1.3711920000787359
1.9909799993911292
0.5969379999442026
1.2200779992781463
0.533637000444287
0.5990879999444587
0.7268019999173703
0.5990080007904908
0.5829480005559162
0.6808809994254261
0.53222599945002
0.5459160001919372
0.6200289999469533
2.2519679996548803
0.6657499998254934
1.1384950003048289
0.5289860000630142
0.5616369999188464
0.5963579997114721
0.6346489999486948
0.5840699996042531
0.5922079999436392
0.6797300002290285
0.9807679998630192
0.6188289999045082
0.6778110000595916
0.6487299997388618
0.5505769995579612
1.5684870004406548
1.9875899997714441
0.6837709997853381
0.5794470007458585
0.6110889999035862
1.914477999889641
1.9787410001299577
0.5093159998068586
0.5817179999212385
0.5206360001466237
0.5688370001735166
0.5705680005121394
0.5698770000890363
2.390442000432813
1.950519000274653
0.6528789999720175
0.6278190003285999
0.5480569998326246
0.5347960004655761
1.4173230001688353
1.9712499997694977
0.6747100005668472
0.5908979992454988
2.5789589999476448
0.6607200002690661
1.2601680000443594
1.9704099995578872
0.6612899996980559
0.5639370001517818
0.6124579995230306
0.547937000192178
0.5521260000023176
0.5696469997928943
0.5598770003416575
0.6676800003333483
0.5726469998990069
0.5907880004087929
1.3459110004987451
2.2627690004810574
1.9582100003390224
0.722482000128366
0.5827169998156023
2.5530880002406775
0.5577060001087375
0.6709499994030921
2.6263890003974666
0.6387590001395438
0.5442470001071342
0.5769370000052731
0.5470769992825808
0.592718000007153
0.5567469997913577
0.5053250006312737
1.3243399998827954
0.5549470006371848
1.2583779998749378
0.5951379998805351
0.6292120006037294
0.5917150001550908
0.6241789997147862
0.7249609998325468
0.5433359992821352
0.605807999818353
0.6458400002884446
0.6347990001813741
1.5133959996092017
0.6915900003150455
0.6663550002485863
0.57382700015296
0.6097039995438536
0.578477999624738
0.6147989997771219
1.6517599997314392
0.5787279997093719
1.117703999625519
0.6591949995709001
0.594102999457391
0.6102879997342825
0.5852880003658356
0.5883979993086541
0.5691470005331212
0.6623199997193296
0.6538289999298286
0.6314740003290353
0.605788000029861
0.5893420002394123
0.6885109996801475
0.8924529993237229
0.6476039998233318
0.5093460003990913
0.598018000346201
1.909438999973645
0.6944699998712167
1.1577649993341765
0.5401270000220393
0.5522190003830474
0.5474260005939868
0.632135999694583
0.6303199998001219
0.6462680003096466
0.6628399996770895
0.565578000532696
0.7337170000027982
0.6893550007589511
0.599488000261772
0.6261749995246646
0.5275410003378056
0.5989380006212741
0.9893299993564142
0.6404820005627698
0.6517000001622364
0.6095360004110262
0.6330639998850529
0.6396740000127465
0.5735710001317784
1.005948000056378
0.6063379996703588
0.5862869993507047
0.5504060000021127
0.5583480005952879
0.5415570003606263
0.7436939995386638
0.6728279995513731
0.9200030008287285
0.5817230003231089
0.6114880006862222
0.6141989997558994
0.5675769998561009
0.7521429997723317
0.5826779997732956
0.5246059999990393
0.5988680004520575
1.0116610001205117
0.6070780000300147
0.6487500004368485
1.2507490000643884
0.633630000265839
0.6489590005003265
0.9502079992671497
0.6564750001416542
0.8214449999286444
0.5680530002791784
0.691074000314984
0.6985209993217723
0.5962260001979303
1.2119509992771782
0.569708000512037
0.6141190006019315
0.5897049995837733
0.5902180000703083
0.7727199999862933
0.6411889999071718
0.6463800000346964
0.9722200002215686
0.9581590002198936
0.6023289997756365
0.8357050000995514
0.5695469999409397
0.5510959999810439
0.6907910001245909
0.589346999731788
0.5923380003878265
1.0696119998101494
0.5496570001923828
0.6075689998397138
0.7138319997466169
0.6111109996709274
0.7550310001533944
0.5276660003801226
0.6848200000604265
0.9842999997999868
0.5762700002378551
0.5717679996450897
0.627075999545923
0.5720119997931761
0.5621509999400587
0.6346589998429408
0.5701279997083475
0.56760999996186
0.6378960006259149
0.5426490006357199
0.570614000025671
0.573368000004848
0.5863410005986225
0.7064009996611276
0.9077049999177689
0.6076879999454832
0.7618660001753597
0.6690000000162399
0.5029250005463837
0.633709999419807
0.6274990000747493
0.5585469998550252
0.9137679999184911
0.6040589996700874
0.6113080007708049
0.587397999879613
0.5682600003638072
0.5464639998535858
0.5643269996653544
0.6653230002484634
0.9805379995668773
0.5669669999406324
0.6429999993997626
0.6713909997415612
0.6530949995067203
0.5936679999649641
0.568381999983103
0.9519790000922512
0.5733469997721841
0.6578699994861381
0.6204790006449912
0.551807000192639
0.5421059995569522
0.6356599997161538
0.580918999730784
0.5388660001699463
1.053041999512061
0.6301220000750618
0.48358500043832464
0.6525579992739949
0.6061909998607007
0.6303860000116401
0.5800580001960043
0.9013480002977303
0.6453490004787454
0.599198000600154
0.8164569999280502
0.6463069994424586
0.8006369998838636
0.6437369993363973
0.9512990000075661
0.6507299995064386
0.8234249999077292
0.5728270007239189
0.6433600001400919
0.5375660002755467
0.6120190000729053
0.7115569997040438
0.5952450001132092
0.5940450000707642
0.5631479998555733
0.5727970001316862
0.5560670006161672
0.6590399998458452
0.8915070002331049
0.6139090000942815
0.5792179999843938
0.8442260004812852
0.7209549994513509
0.5955779997748323
0.5588670001088758
0.62207899918576
0.9000170002764207
0.623534000624204
0.6237240004338673
0.5514270005733124
0.6127619999460876
0.569203999475576
0.5817170003865613
0.677499999255815
0.8751779996600817
0.9698490002847393
0.5989480005155201
0.6149379996713833
0.554406000446761
0.5611870001303032
0.5946829996901215
1.3954370006104
0.9316790001321351
0.6078679998609005
0.5769030003648368
0.5846029998792801
0.558222000108799
0.6303360005404102
0.6324759997369256
0.6332499997370178
1.024680999762495
0.615330999607977
0.6252770008359221
0.5797269996037357
0.5740770002375939
0.6030489994373056
1.5093850006451248
0.939718999688921
0.6303789996309206
0.6577599997399375
0.7497729993701796
0.5649680006172275
0.6480990005002241
0.5414280003606109
0.9356689997730427
0.5709979996026959
0.5465060003189137
0.5762159998994321
0.6360499992297264
0.5655869999827701
0.6382940000548842
0.9346690003440017
0.7249759992191684
0.5571869996856549
0.5215660003159428
0.5990480003674747
0.6030630001987447
0.5525449996639509
0.5644350003422005
0.5223160005698446
0.8960170007412671
0.635203999991063
0.564396999834571
0.7053670005916501
0.6039680001777015
0.7515360002798843
0.5916149993936415
0.9420390006198431
0.5924979996052571
0.5591770004684804
0.547621999430703
0.5765380001321319
0.5476169999383274
0.7592429992655525
1.1731539998436347
0.6659299997409107
0.575703999857069
0.5091250004625181
0.7230910005091573
0.5938730000707437
0.630018999800086
0.6052480002836091
0.9122880001086742
0.5787250001958455
0.592184999732126
0.5694070005120011
0.5574769993472728
0.5622529997708625
0.6170130000100471
0.6494599992947769
0.8937969996622996
0.767763000112609
0.6099940001149662
0.6177739996928722
0.5919630002608756
0.6040859998392989
0.6239189997359063
0.9499990001131664
0.5852150006830925
0.5682070004695561
0.5583169995588833
0.5876630002603633
0.6036020004103193
0.6900609996591811
0.6343189998005982
0.67140000010113
1.1041040006602998
1.0749829998530913
0.5786020001323777
0.6301490002442733
0.746918999539048
0.5361160001484677
0.6587090001630713
1.169055999525881
0.9967240002879407
0.6569870001840172
1.063352000528539
0.5599770001936122
0.7262409999384545
0.6282790000113891
0.5471869999382761
0.7090609997248976
0.6924709996383172
1.1723250008799369
0.6253890005609719
1.392943000610103
0.6372200004989281
0.6783740000173566
0.5424430000857683
0.5803169997307123
0.6498029997601407
0.5680639997081016
0.6355089999487973
1.0540319999563508
1.403964999553864
0.7801459996699123
0.6001029996696161
0.585177000175463
