payload_size_bytes=10240
runs=1000
mean_ms=0.618
median_ms=0.462
stddev_ms=0.368
min_ms=0.283
max_ms=3.013
---raw---
0.4252129999713361
0.4070229999797448
0.4774349999934202
0.4677140000239888
1.9036679998407635
1.1911189999409544
0.46579400009250094
0.9759199999734847
0.7315419998121797
1.1231220000809117
0.5841879999479715
0.44420400013223116
0.41899500001818524
0.4683120000663621
0.45622400011779973
0.45876400008637575
0.432012999908693
0.7177210000008927
1.1772260002089752
0.38292099998216145
0.4781749998983287
0.8855989999574376
0.7480429999304761
0.7013419999566395
0.586935999990601
0.5125350000980688
0.35222199994677794
0.3481009998722584
0.46304399984364863
0.3783009999551723
0.4386739999517886
0.4188030000022991
0.5646269999033393
0.5843179999374115
0.4434729999047704
0.5983879998439079
1.22673699979714
0.902696999901309
0.46143399981701805
0.735473000077036
0.45311400003811286
0.4161330000442831
0.3663410000172007
0.5957079999916459
0.468194000177391
0.6803710000440333
1.3986630001454614
0.7075519999943936
0.5563869999605231
1.0850549999759096
0.6201660000897391
0.48077900009957375
0.4521390001173131
0.3614810000271973
0.4346329999407317
0.3719909998380899
0.3894819999459287
0.46943400002419367
0.3811110000242479
1.8964999999298016
0.5598840000402561
0.41567199991732195
1.5121669998734433
0.39171100002022285
0.440924000031373
0.4258419999132457
0.3662910000912234
0.39177200005724444
0.35996199994769995
0.5812780000269413
0.36012100008520065
2.46032500012916
0.4151419998379424
1.5749189999496593
0.5225760000939772
0.4142630000387726
0.3634610000062821
0.6412489999547688
0.3390200001831545
0.4383730001791264
0.4164130000390287
0.4445639999630657
1.4501340001515928
0.9218280001732637
1.426182999921366
0.6533089999720687
0.6408500000816275
0.5193050001253141
0.4420230000050651
0.4793249997874227
0.36421100003281026
0.47083399999792164
2.086513999984163
0.49810499990599055
0.9393520001594879
0.648767000029693
0.9299089999785792
0.5003050000595977
0.410262000059447
0.3738809998594661
0.353561000110858
0.4275320000033389
0.3485710001314146
0.41800299982241995
0.3576010001324903
0.44000399998367357
0.4181730000709649
1.900847999877442
0.40542300007473386
0.5008759999327594
1.1254539999754343
0.4636440000922448
0.3801919999659731
0.6218089999947551
0.5201310000302328
0.339644999939992
0.5412489999798709
0.3966720000789792
0.9298390000367363
1.0609930000100576
0.5938980000337324
1.199083999836148
0.8141970001815935
0.7999849999578146
0.4552509999484755
0.39835200004745275
0.4703540000718931
0.3839959999822895
0.37982699996064184
0.44581399993148807
0.442533000068579
0.39026200010994216
1.095863000045938
1.3627069999984087
1.025218999984645
0.5815450001591671
0.36577200012288813
0.35277599999972153
0.41284799999630195
0.46917500003473833
0.5659569999352243
0.5874080000012327
0.4170150000391004
0.44300100012151233
0.680205999969985
1.065061999952377
0.8076399999481509
0.573447000078886
0.5061250001290318
0.8826069999940955
0.44246399988878693
0.3809519998867472
0.40825199994287686
0.41419299986955593
0.44908299992130196
0.4755539998768654
0.4509240000061254
0.4321730000356183
1.0268010000800132
0.4109530000278028
0.7243019999805256
0.7260620000124618
1.158685000063997
0.7713930001500557
0.4816870000468043
0.44559100001606566
0.3920720000678557
0.5191259999719477
0.379172000066319
0.5200059999879159
0.40979200002766447
1.6907859999264474
0.4823299998406583
0.47292500016737904
0.4449030000159837
0.4336630001944286
0.41688200008138665
0.4105630000594829
0.32138999995368067
0.3973819998464023
0.6162090000998433
0.3909019999355223
0.4505340000378055
0.4024929999104643
0.4034119999687391
0.6303389998265629
0.9217679998982931
0.9210480000092502
0.5842079999638372
0.3868869998768787
0.4278809999505029
0.4154299999754585
0.3567109999949025
0.44205399990460137
0.38025100002414547
0.41226199982702383
0.4446840000582597
0.5591569999978674
0.4182529999070539
1.7202250000991626
0.8602140001130465
1.2418769999840151
0.6554999999934807
0.4408629999943514
0.34645999994609156
0.43696300008377875
0.3334160001031705
0.41024699999070435
0.4060120002122858
0.5537860001822992
0.36096400003771123
0.7631529999798659
0.36681300002783246
1.0140460001366591
1.3931519999914599
0.4304929998397711
0.3982620000897441
0.4649239999707788
0.33242999984395283
0.37014100007581874
0.4311939999297465
0.3879710000092018
1.5937680000206456
0.8468590001484699
0.5941980000443436
0.39210999989336415
1.127433999954519
0.3461009998773079
0.6843999999546213
0.3336600000238832
0.43159300003026146
0.3645110000434215
0.5083249998278916
0.45772399994348234
1.203687000042919
0.6319489998531935
0.8534590001545439
0.3960500000630418
0.8778660001098615
0.4281629999240977
0.4170719998910499
0.5765070000052219
0.43514300000424555
0.5562370001825911
0.38082099990788265
0.3995019999365468
0.3917520000413788
1.8137070001102984
0.8148619999701623
1.418103999867526
0.41435299999648123
0.6021480000981683
0.45035299990558997
0.3650409998954274
0.3294400000868336
0.4399640001793159
0.36096000008001283
0.43048300017289876
1.1599760000535753
0.7843530001991894
0.6952710000405204
1.2418779999734397
0.6715910001275915
0.41212199994333787
0.35964099993179843
0.46103399995445216
0.45506399987971236
0.5192759999772534
0.3768219999074063
0.6016289999024593
0.6219550000423624
0.40046200001597754
0.8319149999351794
0.6912139999712963
0.5167229999187839
0.9619299999030773
0.4805250000572414
0.41062200011765526
0.3907619998244627
0.40405200002169295
0.3406250000352884
0.4351180000412569
0.3500999998777843
0.4206829999020556
0.4360529999303253
0.5294759998832888
0.7002719999036344
0.5744779998622107
0.38852099987707334
0.5300860000261309
0.39980199994715804
0.9870799999589508
0.3725410001607088
0.45485299983738514
0.39233200004673563
0.3697710001233645
0.32931000009739364
0.48759500009509793
0.3340429998388572
0.4807519999303622
0.3298200001609075
0.36838199980593345
1.2045170001329097
0.767902999996295
0.39111199998842494
1.325819999919986
0.43380300007811456
0.3608210001857515
0.34966099997291167
0.43398399998295645
0.3434510001625313
0.3408000000035827
0.3837819999716885
0.3706719999172492
0.3420510001888033
0.36682199993265385
0.7939439999518072
0.7158519999848068
0.6550000000515865
0.9523290000288398
0.3592620000745228
0.7738730000710348
0.39596500005245616
0.464213999975982
0.4145390000758198
0.3679910000755626
0.38724199998796394
0.4262229999767442
0.6405799999811279
0.36432100000638457
0.7836040001620859
0.8515160000115429
0.7293619999018119
2.0441230001324584
0.446826000143119
0.3680590000385564
1.049182000087967
0.6266620000587864
1.0024579999026173
0.9091279998756363
0.4026419999263453
1.231967000194345
0.4820940000627161
0.5283259999941947
0.40416199999526725
0.374022000187324
0.3944420000152604
0.37905099998170044
0.3380999999080814
0.6023779999395629
1.3593010000931827
0.7466829999884794
0.6096790000356123
1.5591970000059518
0.5179090001092845
0.4005890000371437
0.6406289999176806
0.47447700012526184
0.4052320000482723
0.4529310001544218
0.6491599999662867
0.8496959999320097
0.820505000092453
0.7155419998525758
0.7188609999957407
0.4509339999003714
0.5372370001168747
0.4735739998977806
0.44736399991052167
0.4920399999264191
0.37611699985973246
0.4161930000918801
0.44121299993094
0.5431869999483752
0.7468019998668751
0.6179790000260255
0.9293109999362059
0.5819680000058725
0.3699290000440669
0.45698300004914927
0.37981200011927285
0.44216300011612475
0.43338299997230934
0.3851219998978195
0.42434300007698766
0.45050700009596767
0.8084610001333203
0.6964209999296145
0.618504000158282
1.1802700000771438
0.3607009998631838
0.4135819999646628
0.43526299987206585
0.4647739999654732
0.5316259998835449
0.44674400010080717
0.5638780000936094
0.3623709999374114
1.3314310001533158
0.7320029999391409
0.7162520000747463
0.5281759999888891
1.2180359999547363
0.5459669998799654
0.38014699998711876
0.3248539999276545
0.415183000086472
0.3490909998618008
0.40956200018626987
0.46680399987053534
1.0637719999522233
0.8262470000772737
0.5325140000422834
0.6161889998566039
0.8382449998407537
0.521588000083284
0.5906549999963318
0.4885670000476239
0.40306999994754733
0.3975609999997687
0.46872500001882145
0.4287729998395662
1.119628999958877
1.5006629998879362
0.42822099999284546
1.1320450000766868
0.4672540001138259
0.40643200009071734
0.3699409999171621
0.3783109998494183
0.46788400004516006
0.4289179998977488
0.3719860001183406
0.37634099999195314
0.345831000004182
0.6190139999944222
0.8508209998581151
0.8652660001189361
0.6119479999142641
1.0511320001569402
0.6202590000157215
0.38396200011447945
0.41356299993822176
0.3938419999940379
0.48600499985695933
0.4433029998835991
0.43995800001539465
0.417848000097365
1.3761509999312693
0.46435499984909256
0.8279649998712557
1.3535909999973228
0.4969750000327622
0.42887300014626817
0.5296589999943535
0.4284110000298824
0.3799620001245785
0.45645899990631733
0.355045000105747
0.42109299988624116
0.4726750000827451
0.3662009999061411
0.36671099996965495
0.7027710000784282
0.7593929999529792
0.6457499998759886
0.5189860000882618
0.3999749999366031
0.4583009999805654
0.3772109998863016
0.3531410000050528
0.3335300000344432
0.39404199992532085
0.3558509999948001
0.407792000032714
0.38243199992393784
0.3527310000208672
1.5283059999546822
0.44931399997949484
1.4181430001372064
0.834725000004255
0.6103489999986778
0.4030329998840898
0.47216500001923123
0.40001299998948525
0.48199999991993536
0.4290280000986968
0.4008319999684318
0.41392299999643
0.35621099982563464
0.41405800016036665
1.1941810000735131
0.8024240000850114
0.4971750001914188
0.7170320000113861
0.3885319999881176
0.4254529999343504
0.48465400004715775
0.3784670000186452
0.4643190000024333
0.41991200009761087
0.3771810002035636
0.39393199995174655
0.39719199980936537
0.37870100004511187
1.3833019997946394
0.6725299999743584
1.2076470000010886
1.0296110001490888
0.5673600001045997
0.38107900013528706
0.4010220000054687
0.4522140000062791
0.394791999951849
0.41318300009152154
0.36255300005905156
0.3834500000721164
0.47468500019931525
2.0271610001145746
0.759544999937134
1.091560000077152
0.38534200007234176
0.44915399985256954
0.36642400004893716
0.41916000009223353
0.47852400007286633
0.4264429999238928
0.45219300000098883
0.43164300018361246
0.46312700010275876
1.6860800001268217
1.7077320001135377
0.604648000035013
0.5791180001324392
0.4413839999415359
0.4605730000548647
0.47586499999852094
0.38723199986634427
0.338370000008581
0.39010199998301687
0.4158629999437835
1.1428650000198104
0.8916380002119695
1.3418010000805225
0.43957299999419774
0.5352560001483653
0.6137090001629986
0.4582950000440178
0.4211279999708495
0.3902669998296915
0.437054000030912
0.62631900004817
0.5384260000482755
0.4557439999643975
0.7917340001313278
0.8749470000566362
0.4789740000887832
0.6336189999274211
0.7805140000982647
0.39210099998854275
0.48509500015825324
0.5710770001314813
0.5072349999863945
0.42524299988144776
0.339519999897675
0.4507329999796639
0.3572709999843937
0.4518240000379592
0.7404330001463677
0.9327529999154649
0.6386439999914728
0.5793729999368225
0.7488469998406799
0.6543899999087444
0.38922100020499784
0.40780200015433365
0.3359309998813842
0.3843419999611797
0.37386099984360044
0.4720649999399029
0.34436100008861104
1.4432640000450192
0.3831119997812493
0.9533099998861871
1.2285880000035831
0.63013899989528
0.4551429999537504
0.38823199997750635
0.35598599993136304
0.421727999992072
0.40992200001710444
0.3778109999075241
0.5738679999467422
0.5399969998052256
1.991950000046927
0.4396530000576604
0.5139649999819085
1.0892190000504343
0.5539609999232198
0.3862819999085332
0.5222159998083953
0.4388789998301945
0.43879800000468094
0.46710500009794487
0.47858999982963724
1.482785000007425
1.0589820001314365
0.6348640001760941
0.35277099982522486
1.4182229999732954
0.3673920000437647
0.47757400011505524
0.3663610000330664
0.4142129998854216
0.4020730000320327
0.47642499998801213
0.34368999990874727
0.43614300011540763
0.8719269999346579
0.941348999958791
0.6370989999595622
0.5937880000601581
0.5964980000499054
0.6277689999478753
0.3832720001355483
0.43270899982417177
0.35410499981480825
0.4118080000807822
0.36444600004870153
0.4118879999168712
0.3998919999048667
0.4438579999259673
1.8603459998303151
1.8898120001722418
0.4826849999517435
0.3993660000105592
0.41401299995413865
0.642989999960264
0.3593909998471645
0.47936499981915404
0.4128220000438887
0.3560809998361947
0.39763199993103626
0.3848809999453806
0.5086850001134735
0.3992520000792865
0.4353829999672598
0.685155999917697
0.5766729998413211
0.501795000218408
0.5450459998428414
0.951438999891252
0.49571499994272017
0.3744910000023083
0.4363329999250709
0.41837300000224786
0.4173519998857955
0.5110059998969518
0.5631669998820144
1.6955019998476928
0.9655799999563897
0.5024699999012228
0.5021700001179852
1.0363010001128714
0.3364000001511158
0.4189530000076047
0.4529939999429189
0.442412999973385
0.3812519998973585
0.5519470000763249
0.3911220001100446
0.4657150000184629
0.5232559999512887
0.8191149997855973
0.7820189998710703
1.6544699999485601
0.5460069999116968
0.4765390001466585
0.38274200005616876
0.4744589998608717
0.42015799999717274
0.39548199993078015
0.44338299994706176
0.3628510000908136
0.6116389999988314
2.4205580000398186
0.4947549998632894
0.9265429998777108
0.349580999909449
0.424263000013525
0.3603210000164836
0.3297190000921546
0.40449200014336384
0.3610410001329001
0.42844300014621695
0.4290229999242001
0.3413310000723868
0.4280319999452331
0.41756299992812274
1.027711000006093
0.41306200000690296
0.9111269998811622
0.5831080000007205
1.217798000197945
0.4578990001391503
0.48680900022191054
0.6186839998463256
0.6538239999827056
0.3928520000044955
0.44387399998413457
0.5832980000377574
0.3824119999080722
0.7814539999344561
1.236662999872351
0.5959279999387945
0.654549999808296
0.5154499999662221
0.4164929998751177
0.40797299993755587
0.45019300000603835
0.37715200005550287
0.4167629999756173
0.48194400005741045
0.38818099983473076
0.362641000037911
0.4409329999361944
1.0031310000613303
0.8997070001441898
0.4124529998534854
0.44614400007958466
0.7093619999523071
0.602057999913086
0.5072349999863945
0.39558200001010846
0.44116300000496267
0.4145420000440936
0.45191399999566784
0.47731399990880163
0.6294589998105948
2.1850359999007196
0.6282790000113891
0.7844039998872177
0.6453400001191767
0.8108039999115135
0.34597099988786795
0.38165099999787344
0.3492310002002341
0.4123720000279718
0.40841200006980216
0.392470999940997
0.3953220000312285
1.0639819997777522
0.8522289999746135
0.7377199999609729
1.4925650000350288
0.4187419999652775
0.5832929998632608
0.4092670001227816
0.3871920000619866
0.46623400021417183
0.4197430000658642
0.36820099990109156
0.3992120000475552
0.3822310000032303
1.1777950001032877
0.932543000089936
0.7052619998830778
1.4627489999838872
0.3815120001036121
0.44350299981488206
0.3912919999038422
0.37395200001810736
0.3947420000258717
0.44553400016411615
0.3579019999051525
0.5801080001219816
0.4004720001375972
0.8148550000441901
0.5213849999563536
0.6984910000937816
0.35133100004713924
1.1369450000984216
0.36921099990649964
0.4206129999602126
0.37405200009743567
0.48797399995237356
0.40139199995792296
0.5362060001061764
0.3701110001657071
2.0356669999728183
0.49528499994266895
0.7479729999886331
0.81806899993353
1.0224709999420156
1.1926869999570044
0.7920939999621623
0.43403299991950917
0.5375559999265533
0.4202430000077584
0.3847319999294996
0.3813519999766868
0.5794680000690278
0.9448590001284174
0.7968730001266522
0.6343190000279719
1.1895360000835353
0.5607870000403636
0.3736009998647205
0.41185200007021194
0.4362829999990936
0.3568740000901016
0.4279909999240772
0.3708919998643978
0.506485999949291
0.4641049999918323
0.3770319999603089
0.564879999956247
0.3524709998146136
0.449022999873705
1.1043810000046506
0.8854369998516631
0.7997150000846887
1.0684929998205916
0.650469999982306
0.4264930000772438
0.43851600003108615
0.44610299983105506
0.3245269999752054
0.4041219999635359
0.4537039999377157
0.3533410001637094
1.4230429999315675
0.5194660000142903
1.0918529999344173
1.0769630000595498
2.4003519999951095
0.539766999963831
0.44991300001129275
0.4307560000142985
1.9516859999839653
0.6873809998069191
2.2864590000608587
1.6698409999662545
1.7002409999804513
3.012601000136783
1.3661210000464052
1.880777999986094
1.8813469998804067
1.5457360000254994
2.072402999829137
0.7062119998408889
0.6719699999848672
1.6678810000030353
0.5928010000388895
0.5602849998922466
0.42966299997715396
0.6280190000325092
0.6090089998451731
1.0010900000452239
0.7132840000849683
0.7430300001942669
1.5021260001049086
0.5399560000114434
0.4463440000108676
1.4161890001105348
0.9806450000269251
0.40332300000045507
0.5696079999779613
0.8803219998299028
0.5779820000952895
0.35156599983565684
1.8039750000298227
0.3531249999468855
0.681605999943713
0.36018500009049603
0.7882299998982489
0.4145770001287019
0.4737439999189519
0.4515440000432136
0.41820200021902565
0.515825000093173
2.0084070001757937
0.9637440000460629
1.0609420000946557
0.4529190000539529
0.6488240001090162
0.39115200002015627
0.5673569999089523
0.42562199996609706
0.7506389999889507
0.44207299993104243
0.5172060000404599
0.44131800018476497
0.6394090000867436
0.34850000020014704
0.47667400008322147
0.3770809998968616
0.7893840001997887
1.9485290001739486
0.3982719999839901
0.5459869998958311
1.0743020000063552
0.6760409999060357
0.3944519999095064
0.8998780001547857
0.5008649998217152
0.41958200017688796
1.6387499999837019
0.453794000122798
0.39221199995154166
0.4241630001615704
0.7123109999156441
0.6736900002124457
1.5755879999233002
0.4171329999280715
0.3888169999299862
0.5045750001499982
0.37428099994940567
0.4980050000540359
0.4418879998411285
0.45079899996380846
0.42070799986504426
0.32002000011743803
0.47132999998211744
0.43817300002046977
0.42325300000811694
0.4606689999491209
0.3874869998981012
0.4082369998741342
0.4416330000367452
0.4099430000223947
0.6871210000554129
0.5389469999954599
0.6820609999067528
0.6380190000072616
0.6162390000099549
0.3550660001110373
0.39343699995697534
0.36963200000172947
0.35359100002096966
0.39607700000487966
0.35580600001594576
0.6581899999673624
0.4361630001312733
0.48476500001015665
0.4227680001349654
0.7234619999962888
0.39836199994169874
0.5457520001073135
0.6504200000563287
0.28344799989099556
0.6255289999899105
0.3729509999175207
0.39460199991481204
0.35530100012692856
0.5886970000119618
0.37816200006091094
0.43891399991480284
0.6868909999866446
0.4338379999353492
0.3706160000547243
0.4006570000001375
0.9725499999149179
0.6676400000742433
0.7075420001001476
0.7386530000985658
0.5162600000403472
0.3976020000209246
0.3251900000122987
0.3628410001965676
0.3589909999845986
0.4704140001194901
0.3747620000922325
0.4211119999126822
0.42640300011953514
1.7537129999709578
0.6451389999710955
0.6538100001307612
0.4923349999899074
0.3848620001463132
0.37247099999149214
0.45443400017575186
0.3881420000197977
0.7551439998678688
0.37426099993354
0.3734209999493032
0.36338099994281947
0.40367199994761904
0.34230000005663896
1.4887610000187124
1.7801599999529572
0.46274999999695865
0.3787460000239662
0.45554899998023757
0.3634949998740922
0.6939309998870158
0.5018550000386313
0.6717300000218529
0.4580939998959366
1.064732000031654
