payload_size_bytes=10240
runs=1000
mean_ms=0.692
median_ms=0.519
stddev_ms=0.434
min_ms=0.315
max_ms=3.483
---raw---
0.43264300006740086
0.45617299997502414
0.6860910000341391
0.3929619999780698
0.4790949999460281
3.482956000198101
0.48360499999944295
0.40997199994308176
1.171245000023191
0.9522190000552655
0.6160380000892474
1.2306279998028913
2.868008000177724
0.5526170000393904
1.3264799999888055
0.9640889998081548
1.2530369999694813
0.6567600000835228
1.8902970000453934
2.2799790001499787
0.38849200018375996
0.42435299997123366
1.0126800000307412
2.5084359999709704
2.242047999970964
0.461674000007406
0.5668169999353267
0.5851780001648876
1.5567469999950845
1.144800000020041
1.0453620000134833
2.7494079999996757
0.5908980001549935
1.104942999972991
0.4019220000373025
1.1663359998692613
1.3644610000937973
0.9787589999632473
0.4715640000085841
0.40852200004337647
0.4334660000040458
0.5329680000158987
0.4005920000054175
1.0084410000672506
1.0732579999057634
1.0988940000515868
0.6769110000277578
0.450152999974307
0.520515999824056
0.6433989999550249
0.45810400001755625
2.342930999930104
0.7013710001047002
0.6378290001975984
1.3831520000167075
0.39453199997296906
2.11094399992362
0.5859580001015274
0.4689139998390601
0.4998350000278151
0.8206649999920046
0.7567130001007172
2.1234049997929105
2.4766670001099556
0.500424999927418
0.3899719999935769
0.42303199984417006
0.4095619999588962
0.34591100006764464
2.0529819998955645
2.2160469998198096
0.4436940000687173
0.5323860000316927
0.5404860000908229
0.430793000077756
0.5379769997944095
1.47763500012843
1.3204599999880884
0.6026589999237331
1.4821849999862025
1.0070299999824783
0.9175579998554895
2.50818600011371
0.9871400000065478
0.5117850000715407
0.7516729999679228
1.230308000003788
0.6154780000997562
0.6900010000663315
0.573368000004848
0.3578700000161916
1.4701750001222536
1.45997399999942
0.49267500003224995
0.5361559999528254
0.8128750000651053
0.4105619998426846
1.8618069998410647
0.43416399989837373
1.0169210002004547
0.4091749999588501
1.7742210000051273
0.778033999949912
1.4841959998648235
0.6676499999684893
0.4196180000235472
0.33218499993381556
0.6924409999555792
0.5433859998902335
2.2721679999904154
0.37899199992352806
1.014580999935788
1.8025239999133191
2.0122809999065794
0.38380099999812956
0.542566999911287
0.6702399998630426
1.1680350000915496
1.9217389999539591
1.1338140000134445
1.9958410000526783
2.100942999959443
0.3575410000848933
1.3346830000955379
0.4441830001269409
0.387809000130801
0.5186779999348801
0.35275799996270507
0.4612740001448401
0.48576499989394506
0.5650570001307642
0.5094350001400016
0.33867000001919223
0.41423300012866093
0.35945600006925815
0.5251009999938105
0.4824640000151703
0.7676329998957954
0.35967100006928376
0.782913999955781
0.4197880000447185
0.38031600001886545
0.5024560000492784
0.4449160001058772
0.3449800001362746
0.8997340000860277
0.39764500002092973
0.36886099996991106
0.40167199995266856
1.0669920000054844
0.3965000000789587
0.5035760000282608
0.42225499987580406
0.6991990001097292
0.3865009998662572
0.3692160000809963
0.36526899998534645
0.5700169999727223
0.3568810000160738
0.5424339999535732
0.41500799989080406
0.5288610000206972
0.4975280000962812
0.488545000052909
0.35873799993169087
0.536938999857739
0.8057120001012663
0.48299700006282364
0.37350100001276587
1.1684549999699811
0.3374510001776798
0.4102279999642633
0.3913189998456801
0.41667499999675783
0.35266100007902423
2.3831769999560493
0.39648200004194223
1.1024340001313249
0.35680600012710784
0.39403899995704705
0.36166800009596045
0.3953319999254745
0.37407100012387673
0.4056820000641892
1.07657300009123
0.7248119998166658
0.5912009999065049
1.4467010000771552
0.4856770001424593
0.394178999840733
0.5279459999201208
0.6552899999405781
1.0538649999034533
0.5347359999632317
0.983156999836865
0.5317760001162242
0.3720310000971949
0.47508400007245655
0.3417860000354267
0.44481300005827507
1.1674509999011207
0.9526090000235854
0.40095199983625207
1.0542420000092534
0.44350400003168033
0.37998099992364587
0.36161100001663726
0.3797519998443022
0.3151190001062787
0.6369590000758762
0.3552900000158843
0.6725100001858664
0.9535140000025422
0.49545000001671724
0.40821299990057014
0.3465830000095593
0.46058100019763515
0.3992719998677785
1.1732660000234318
0.9185510000406794
1.0476899999503075
0.4524339999534277
0.41357199984304316
0.4777639999247185
0.37455599999702827
0.3944559998672048
0.41655299992271466
1.7288520000420249
1.1254940000071656
0.5820279998260958
0.4903340000055323
0.40837300002749544
0.422993000029237
0.49909599988495756
0.4215019998810021
0.4284230001303513
0.39402200013682886
0.3776509997805988
0.5036249999648135
0.5218460000833147
0.7623429999057407
0.6162089998724696
0.4856740001741855
0.3887020000092889
0.3734210001766769
0.48947499999485444
0.3245299999434792
1.0973459998240287
0.540017000048465
1.2735579998661706
0.6849379999493976
0.38364200008800253
0.5175860001145338
0.4758439999932307
0.43473300002006
0.4197430000658642
0.7434520000515477
0.5530299999918498
0.8882740000899503
0.48577500001556473
0.49678499999572523
0.4857349999838334
0.4259319998709543
0.34877400003097137
0.35852799987878825
0.5975090000447381
0.430045999792128
0.9965079998437432
0.96450899991396
0.41317199998047727
0.3713309999966441
0.45687400006499956
0.5152659998657327
0.3794019999077136
0.3779809999286954
0.7640730000275653
1.1792049999712617
1.5361769999344688
0.4809349998140533
0.3907020000042394
0.4582440001286159
0.4237620000822062
0.7281720002083603
2.0617049999600567
0.5579740000030142
0.8915270000215969
0.9820690002015908
0.35641099998429127
0.6344789999275235
0.42838900003516756
0.43946899995717104
0.7223520001389261
0.8836869999413466
1.028242000074897
0.8952480000061769
0.7859540000936249
0.3905820001364191
0.6009379999341036
0.36980100003347616
0.7077809998463636
0.44082300018999376
0.47768499985068047
0.5401860000802117
1.8612869998833048
0.897797000106948
0.6838009999228234
0.39503099992543866
0.6633000000419997
0.39044200002535945
0.3683909999381285
0.5805680000321445
0.7442620001256728
0.618408999798703
1.0775829998692643
0.5765769999470649
0.5755470001531648
0.34425099988766306
0.3811010001300019
0.48095500005729264
1.2425229999735166
0.7254970000758476
0.6213509998360678
0.5542240000977472
0.9486589999596617
0.5398670000431594
0.43554299986681144
0.39100200001485064
0.46589499993388017
0.7855339999878197
0.8778789999723813
1.0215980000793934
0.4950449999796547
0.38130100006128487
0.36224099994797143
0.3558240000529622
0.35973100011688075
0.4957549999744515
0.6710570000905136
0.40456199985783314
0.3473210001629923
0.38379200009330816
0.45992400009708945
0.6744659999640135
1.3784180000584456
0.7538219999787543
0.4880239998783509
0.4643670001769351
0.3973190000579052
0.4160429998592008
1.5615670001807302
0.48918500010586285
1.503525000089212
0.6242019999262993
0.41223999983230897
0.43514399999367015
0.6296190001648938
1.2680380000347213
1.1912959998880979
0.5553470000450034
1.3716769999518874
0.48627899991515733
0.3518410001106531
0.4275430001143832
0.4581840000810189
0.5307760000050621
0.4300439998132788
0.7379749999927299
0.8669530000133818
1.585594000061974
0.41379699996468844
0.5327059998307959
0.4115330000331596
0.4374339998776122
0.6123079999724723
2.1126290000665904
0.5909330000122281
0.5958680001185712
1.090472999976555
0.39010699993013986
0.3312050000658928
0.397401999862268
0.3902519999883225
0.8917570000903652
0.8655920000819606
0.5401310002071114
1.0243510000691458
0.37457100006577093
0.7885740001256636
0.4123119999803748
0.5503970000972913
1.3285899999573303
0.614449000067907
0.5614369999875635
0.6447490000027756
0.6475099999079248
0.4581340001550416
0.5405560000326659
0.4712439999821072
0.5230960000517371
0.40359200011153007
0.7120039999790606
0.5364740000004531
0.41468199992777954
0.4091729999800009
1.3174099999559985
0.5893600000490551
0.42701999996097584
0.3813820001141721
0.40263199980472564
1.1177159999533615
0.48687200001040765
0.41435299999648123
0.6466789998285094
0.5943779999597609
0.8680659998390183
0.577047999968272
0.37484199992832146
0.3627609999057313
0.3895320000992797
0.9257780000098137
0.6944210001620377
1.0446060000504076
0.717421999979706
0.5181200001516117
0.4740179999771499
0.4180799999176088
0.42791299983946374
0.49430499984737253
1.2402069999097876
0.7674959999803832
0.5395059999955265
0.5850879999798053
1.1109310000847472
0.6239580000055867
0.38835199984532665
0.4423029999998107
0.8538160000171047
0.8621859999493608
1.2968189998900925
1.0949939999136404
0.3362410000136151
0.40321200003745616
0.37374199996520474
1.8669779999527236
0.8056469998791727
1.0072170000512415
0.5663369997819245
0.5331469999418914
0.6593200000679644
0.39286200012611516
0.44011299996782327
0.38813099990875344
0.6601200000204699
0.7675259998904949
0.516513000093255
0.6243699999686214
0.9577390001140884
0.6041879998974764
0.3819109999767534
0.352361000068413
0.707016999967891
2.1657610000147542
0.6930910001301527
1.3597409999874799
0.4220430000714259
0.433287999840104
0.5360909999581054
1.3035590000072261
0.7778639999287407
0.7687629999963974
0.3704910000124073
0.7858740000301623
0.4708540000137873
0.45727399992756546
0.335310999844296
0.4335730000093463
0.4029619999528222
1.6353900000467547
0.903858000128821
1.2563580000914953
0.3524710000419873
0.5642969999826164
0.44903399998474924
0.40829200020198186
0.3930819998458901
1.0128999999778898
0.8286449999559409
0.732911999875796
0.7589730000745476
0.3460000000359287
0.39543200000480283
0.3747609998754342
0.5222960000992316
1.1372240001037426
0.7180719999269058
0.46506400008183846
1.2430869999207061
0.48764500002107525
0.5463959998905921
0.394661999962409
0.5295159999150201
0.9438679999220767
0.4181919998700323
0.8246150000559282
0.6318899997950211
1.5221859998746368
0.5247960000360763
0.4657440001665236
0.626198999952976
1.5832579999823793
0.506848999975773
0.8384329998989415
0.7068719999097084
0.9730940000736155
0.5053999998381187
0.3986120000263327
0.3257900000335212
0.5764079999153182
0.6797500000175205
0.6259289998524764
0.6951809998554381
0.5202350000672595
0.3540239999892947
0.448120999863022
0.536156000180199
0.46059399983278126
0.5523669999547565
2.045031000079689
0.6289020000167511
1.4748620001228119
0.3661309999642981
0.8508150001489412
0.5148760001247865
1.1657249999643682
0.8413149998887093
1.0295609999957378
0.6719210000483145
0.5668769999829237
0.3507810001792677
0.4276530000879575
0.42004199985967716
0.40062200014290283
0.5876279999483813
1.1966859999574808
0.690853999913088
0.5103930000132095
0.5570969999553199
1.6924619999372226
0.4466840000532102
0.42296300011912535
0.45206900017547014
1.3467709998167265
0.6860510000024078
1.2392820001423388
0.563237000051231
0.4867449999892415
0.48785500007397786
0.4211830000713235
0.468093999870689
0.39217199991981033
0.43996299996251764
1.1500949999572185
0.6299720000697562
0.6345059998693614
1.1246040000969515
0.6925409998075338
0.39209200008372136
0.40681299992684217
0.3528500001266366
0.8555659999274212
0.3424399999403249
2.107273999854442
0.6675799997992726
0.40550299991082284
0.4549239999960264
0.3829910001513781
0.4720169999927748
0.4965819998687948
1.3817419999213598
0.7689690000916016
0.5714680000892258
0.682755999832807
0.6106180001097528
0.39022100008878624
0.4634439999335882
0.3603709999424609
0.3685710000809195
0.3801909999765485
0.8418059999257821
0.8791299999302282
0.6658079998942412
0.43133300005138153
0.8268750000297587
0.4441029998361046
0.5642199998874275
0.3816739999820129
0.4206170001452847
1.3810320001539367
0.6777510000119946
0.9851249999428546
0.7872210001096391
0.4706670001723978
0.33395699983884697
0.4162900002029346
0.37505399996007327
0.3782880000926525
0.4269959999874118
0.41681199991217
2.4622920000183512
1.4857450000818062
0.43891599989365204
0.4904720001377427
0.34956100012095703
0.4316859999562439
0.4017689998363494
0.617068999872572
1.4287139999851206
0.6969119999666873
0.6064880001304118
0.4202830000394897
0.6883510000079696
0.4321760000038921
0.40754299993750465
0.4102799998690898
0.37549100011347036
0.9099379999497614
0.9778999999525695
0.5358660000638338
0.7867440001518844
0.5535769998914475
0.6964369999877817
0.34210499984510534
0.5541470000025583
0.35829100011142145
0.36753199992745067
0.3860419999455189
0.37075099999128724
0.4588639999383304
0.3581410001061158
1.7288930000631808
0.3789120000874391
1.0648120000951167
0.49972499982686713
0.34706099995673867
0.4280430000562774
0.43032600001424726
0.39979999996830884
0.3516310000577505
1.642951999883735
0.6791079999857175
0.8275949999188015
0.3707809999013989
0.42932300016218505
0.38153199989210407
0.5192059998080367
0.4124929998852167
0.5034549999436422
1.5888209998138336
0.7459109999672364
0.7459230000677053
0.71382100009032
0.5088759999125614
0.44195400005264673
0.44129399998382723
0.4472230000374111
0.7124239998574922
0.8500730000378098
1.2964239999746496
0.5854880000697449
1.0810469998432382
0.6568550002157281
0.4138000001603359
0.4406629998356948
0.3979389998676197
1.5475069999411062
0.984969999990426
0.5845670000326209
1.0285209998528444
0.6086380001306679
0.42491299996072485
0.36770400015484483
0.4133299999011797
0.9129580000717397
0.3603109998948639
0.42241300002388016
0.41394300001229567
0.3433910001149343
0.4036220000216417
0.3278619999491639
0.7983840000633791
0.5294279999361606
0.39768999999978405
1.8304860000171175
1.099603000056959
0.9275980000893469
1.4611369999784074
0.5121230001350341
0.37500200005524675
0.43492600002537074
0.5764079999153182
0.8599940001658979
0.8520059998318175
0.7875940000303672
0.4999650000172551
0.5789769998045813
0.5142649999925197
0.4515659998105548
0.47347200006697676
0.4051720000006753
0.4584440000598988
1.8095299999458803
1.0840309998911835
1.0159240000575664
0.44199900003150105
0.6422890000976622
0.4045919999953185
0.6177489999572572
0.8625769999071053
0.8012069999949745
0.5411639999692852
0.7149010000375711
0.4401930000312859
0.4418129999521625
0.48355500007346564
0.46566500009248557
0.33385999995516613
0.38180199999260367
1.650960999995732
0.7632330000433285
0.7864429999244749
0.6557199999406294
0.41252200003327744
0.3965119999520539
0.6878399999550311
0.3799219998654735
0.5247259998668596
0.3650310000011814
0.33931000007214607
1.3439010001548013
0.7131620000109251
1.3262499999200372
0.37407099989650305
0.7770629999868106
0.4344729998138064
0.586373000032836
2.1141990000614896
0.42279300009795406
1.0294369999428454
0.6392249999862543
0.5847770000855235
0.4534740000963211
0.5174059999717429
0.38440200000877667
0.34226299999318144
0.36965100002817053
0.41626999995969527
0.6364289999964967
0.6117089999406744
1.000681000050463
0.6334489999062498
0.8669589999499294
0.4675840000345488
0.410322000107044
2.3337980001088
0.4153720001340844
1.8940070001463027
0.46916499991311866
0.3901710001628089
0.4081629999745928
0.5059259999597998
1.6930910001065058
0.4230429999552143
1.1153640000429732
0.3886370000145689
0.6365839999489253
0.365291000207435
0.36985599990657647
0.37305600017134566
0.5443659999855299
0.3582610002013098
0.33118999999715015
0.44310399994174077
0.3702219999013323
0.39873200012152665
0.36759199997504766
0.7982269999047276
0.8433919999788486
1.0980360000303335
0.560023999923942
0.5196880001676618
0.32387999999627937
0.42895499996120634
0.4369329999462934
1.6783309999937046
0.5568809999658697
0.663609999946857
0.42678299996623537
1.3901320000968553
0.4057430001012108
0.648218999913297
1.431546000048911
0.6926080000084767
0.5400560000907717
0.6190889998833882
0.7179720000749512
0.36526300004879886
0.49433200001658406
0.4378739999992831
0.3469309999672987
1.051921999987826
0.4828639998777362
0.8593259999543079
0.6093209999562532
0.787681000019802
0.8812869998564565
0.5300669999996899
0.3915819997928338
0.3923520000626013
0.6420889999390056
1.9910699998035852
0.514240999791582
0.9255129998564371
0.36106099992139207
0.4451840000001539
0.3886419999616919
0.3715209998063074
0.446282999973846
0.37341099982768355
0.763662999816006
0.7765530001506704
1.9724399999176967
0.45899399992777035
0.39714200011076173
0.46529400015060673
0.3711609999754728
0.44321399991531507
1.1672650000491558
0.6035879998762539
1.9904210000731837
0.5648470000778616
0.39388200002576923
0.3943920000892831
0.4179719999228837
0.42978300007234793
0.6050779998076905
1.197115999957532
0.8281860000352026
0.42535299985502206
0.7085209999786457
0.4258330000084243
0.534966000032
0.3424999999879219
0.3798320001351385
0.38546199994016206
0.4532739999376645
0.9391379999215133
0.43237299996690126
1.028600999916307
1.066173000026538
0.44007399992551655
0.5002549999062467
0.4422629999680794
0.395982000100048
0.4841350000788225
0.4431840000052034
0.34863099995163793
0.3573310000319907
0.4788139999618579
0.9749899998041656
0.7591930000216962
0.5361260000427137
0.4427629999099736
0.46418400006587035
0.4234830000768852
0.3711609999754728
1.4516839999032527
0.9819599999900674
0.5717970000205241
0.7717189998857066
0.5788969999684923
0.39193699990391906
0.5985279999549675
0.39201099980346044
0.4630539999652683
0.4527739999957703
0.34288099982404674
0.4306029998133454
0.7463430001735105
0.8320150000145077
0.9762699999100732
0.6916109998655884
0.41604300008657447
0.4045419998419675
0.3789739998865116
0.4005399998732173
0.4786649999459769
2.5023559999226563
1.2074759999904927
0.40770500004327914
0.5204860001413181
0.43353299997761496
0.36947099988537957
0.48476500001015665
0.6488049998552015
0.8628810001027887
0.9341640000002371
0.419248000071093
1.49911600010455
0.45427600002767576
0.5151029999979073
0.39740200008964166
0.3956670000206941
0.456548999864026
0.4326230000515352
0.3440600000885752
1.1925159999464086
1.010371000120358
0.5960280000181228
0.4246480000347219
0.5069430001185538
0.581945000021733
1.0181400000419671
0.932497999883708
0.4201130000183184
0.425718000087727
1.2440220000371482
0.4042420000587299
0.41887299994414207
0.44559299999491486
0.3790109999499691
1.5261219998592424
0.4169579999597772
0.8130369999435061
0.5088120001346397
0.43869399996765424
1.267839000092863
0.4744139998820174
0.4658739999285899
0.5505220001396083
1.1706699999649572
0.41947200020331366
0.6090990000302554
0.8862270001372963
0.9008570000332838
0.3824010000244016
0.5275359999359353
0.35088100003122236
0.41081299991674314
0.5626279998978134
1.6734710000037012
0.44781399992643856
0.9000669999750244
0.40101200011122273
0.4263030000402068
0.4676340001878998
0.415481999880285
0.5045059999702062
0.42080299999724957
0.7631529999798659
0.40074200001072313
0.42768599996634293
1.9252759998380498
0.5279760000576061
0.5080959999759216
0.36482100017565244
0.4389829998672212
0.3315050000765041
0.4151529999489867
0.4341240000940161
0.36932099988007394
0.4264879999027471
0.6910110000717395
0.6368589999965479
0.5920480000440875
0.37242199982756574
0.5714399999305897
0.3363580001405353
0.33994099999290484
1.0404710001239437
1.2766780000674771
1.0529520000090997
0.6012279998230952
0.3591610000057699
0.3744719999758672
0.4775540000991896
0.3641210000751016
0.6064609999612003
1.6266669999822625
1.1252469998908055
0.430100999892602
1.2975689999166207
0.4158029998961865
0.34435100019436504
0.5690370001047995
0.3535099999680824
1.1555950000001758
0.5646170000090933
1.5626220001649926
0.3563459999895713
0.44769299984182
