payload_size_bytes=10240
runs=1000
mean_ms=0.661
median_ms=0.466
stddev_ms=0.534
min_ms=0.299
max_ms=5.759
---raw---
0.7287020000603661
0.44066300006306847
2.553898000087429
1.240778000010323
2.895426999884876
0.6099590000303579
1.7781740000373247
0.3941319998830295
1.3970529998914571
0.7434620001731673
0.9561790000134351
0.38429100004577776
0.5628070000511798
0.4866250001214212
0.3629810000802536
0.5469360000915913
0.7255519999489479
1.3594609999927343
1.1536550000528223
1.7721839999467193
1.3333600002169987
0.4991959999642859
5.759184999988065
0.7991239999682875
4.861048000066148
0.9138379998603341
3.086833999986993
0.5933479999384872
0.4242830000293907
0.5199560000619385
0.8292449999771634
0.6204289998095192
0.9925199999543111
0.7661629999802244
1.4390639998964616
0.5495359998803906
0.8969779999006278
0.4506940001647308
0.7580930000585795
0.7988140000634303
0.8247749999554799
0.5377370000587689
1.248828000143476
0.8950579999691399
3.9988619998894137
3.7281960001109837
1.1360749999766995
0.7952140001634689
1.0473190000084287
0.612207999893144
0.5115150001984148
0.5064350000338891
3.4667560000798403
2.4349049999727868
3.9519800000107352
0.5830680001963628
3.3538520001457073
1.5660669998851517
0.4636239998490055
0.43270300011499785
2.708922000010716
1.5789879998919787
1.4896249999765132
4.0962739999486075
1.513716000090426
3.777173999878869
0.8258160000877979
0.41151200002786936
0.552916999822628
0.6546899999193556
0.49169499993695354
2.3401519999879383
1.0030000000824657
1.0296410000592005
0.5614070000774518
0.6562999999459862
2.0237840001300356
3.57024699997055
4.683824000039749
4.0799619998779235
0.4402530000788829
0.5208360000779066
1.3918019999437092
0.3586010000162787
0.3787319999446481
0.4747740001675993
0.9499089999280841
0.36599100008061214
0.5943380001554033
0.7845539998925233
0.4864649999944959
0.39320199994108407
0.4125420000491431
0.35154100010004186
0.3798410000399599
1.8216150001535425
0.4238230001192278
0.4780900001151167
1.2517630000274949
0.6972909998239629
0.446114000169473
0.44000299999424897
0.37334200010263885
0.3596510000534181
0.4053119998843613
0.4039020000163873
0.3530110000156128
0.6192989999362908
0.538766000090618
0.4627739999705227
0.5821479999212897
0.4612740001448401
0.45417399996949825
0.4479429999264539
0.7482749999780935
0.5876650000118389
0.33919300017259957
1.2214339999445656
0.549027000033675
0.3866519998609874
0.5476460000863881
0.4837349999888829
0.4026419999263453
0.42364299997643684
0.4072320000432228
0.45992300010766485
1.8396519999441807
0.527430000147433
0.7288919998700294
0.46884399989721715
0.43613599996206176
0.5134830000770307
0.3708940000706207
0.4128199998376658
0.341840999908527
0.37324099980651226
0.5528900001081638
0.41621500008659496
0.93692500013276
1.0002799999710987
0.3772940001454117
0.40383999998994113
0.3307800000129646
0.46048399985920696
0.3474100001312763
0.42031299994960136
0.34309000011489843
1.842705999933969
0.9342820001165819
0.3919099999620812
0.4144330000599439
0.7343320000927633
0.38774199992985814
0.3480549999039795
0.3914570002052642
0.37726100003965257
0.3674110000702058
0.6131509999249829
0.6575270001576428
1.0948130000087986
0.7235519999539974
0.5560970000715315
0.9842599999956292
0.315731999990021
0.42508000001362234
0.35648099992613425
0.6562400001257629
0.47575700000379584
0.36871799989057763
1.0115009999935864
1.7823690000113857
0.7992690000264702
1.2942390001171589
0.4228860000239365
0.43492999998306914
0.3795520001403929
0.3822809999292076
0.36842100007561385
0.39641200010009925
1.11101399988911
0.7109509999736474
0.3605910001169832
1.5065059999415098
0.46661400006087206
0.41086200008066953
0.3854449998925702
0.4049000001487002
0.43259299991404987
0.3494110001156514
0.34115100015696953
0.8149039999807428
0.38254199989751214
0.4715289999239758
0.35564599988902046
0.6099919999087433
0.43116300003021024
0.4817619999357703
0.48205500002040935
0.42911499986075796
0.3475880000678444
0.42306299997108
0.9070070000234409
0.38911499996174825
0.5829540000377165
0.8572060000915371
0.3390849999505008
0.6545039998400171
0.3683909999381285
0.5335869998361886
0.39969199997358373
0.4120529999909195
0.6021080000664369
1.385012000127972
0.3530000001319422
0.5629879999560217
0.4345039999407163
1.1735860000499088
0.37927099992884905
0.5164459998923121
0.4099619998214621
0.44054300019524817
0.3776210000978608
0.4948050000166404
0.5347259998416121
0.43957299999419774
1.2491479999425792
0.5722700000205805
1.1383219998606364
0.5742999999256426
0.41693000002851477
0.35436999996818486
0.4195229998913419
0.3411200000300596
0.524440999924991
0.42031799989672436
1.2233669999659469
0.4332430000886234
0.7252519999383367
0.6154990001050464
0.45865699985370156
1.1589419998472295
0.7884940000622009
0.40273199988405395
0.4423530001531617
0.39592200005245104
1.0464409999713098
0.7312919999549194
0.5570370001350966
0.7308419999390026
0.5436260000806215
0.3719509998063586
0.3676839999116055
0.4227399999763293
0.40473199987900443
0.46009299990146246
0.3667510000013863
0.6939310001143895
1.4509739999084559
0.5827069999213563
0.6501399998342094
0.3584329999739566
0.40107899985741824
1.0503019998395757
0.44985399995312036
0.45849399998587614
0.381911999966178
0.35614099988379166
1.2085690000276372
0.6647270001849392
0.6125089998931799
0.6707000000005792
1.2320770001679193
0.6523120000565541
0.45905100000709353
0.4104429999642889
0.3715939999437978
0.3948589999254182
1.235568000083731
0.771823000150107
0.4102750001493405
1.0429689998545655
0.4578529999434977
0.3709319998961291
0.33363100010319613
0.482205000025715
0.4327829999510868
0.4932550000376068
0.4286429998501262
1.085532999923089
0.7804229999237577
0.5938679998962471
0.7578930001272965
0.5276059998777782
0.4855739998674835
0.3521409998938907
0.3695009997954912
0.42119199997614487
0.33976000008806295
0.41395300013391534
0.5553569999392494
0.3858620000301016
0.39464199994654336
0.39514199988843757
0.40124199995261733
0.805244000048333
0.5167159999928117
1.462975000094957
0.39554199997837713
0.5796380000901991
0.37959199994475057
0.5221060000621947
0.37754100003439817
0.3905219998614484
1.0116600001310871
0.7584429999951681
0.6664599998202902
0.6691210001008585
0.48237500004688627
0.3577810000479076
0.40107199993144604
0.3602510000746406
0.38209100011954433
0.3941819998090068
0.45820400009688456
1.7129010000189737
0.8776269999088981
0.6509190000087983
0.36327899988464196
0.5154460000085237
0.607058000014149
0.446463000116637
0.46313400002873095
0.4654240001400467
1.0075960001358908
0.8028090001062083
0.5994080001983093
0.686481000002459
0.5041309998432553
0.3874260000884533
0.3514210000048479
0.42260199984411884
0.5066460000762163
0.4022620000796451
0.3224100000807084
1.376774999926056
0.7182619999639428
1.0609089999888965
0.7210220001070411
0.462943999991694
0.41966300000240153
0.4291730001568794
0.6121310000253288
0.443199999835997
1.0968529998081067
0.8608990001448547
1.0391189998699701
0.6897609998759435
0.43325299998286937
0.43338799991943233
0.5284609999307577
0.6192979999468662
0.3653910000593896
0.40096199995787174
1.553416999968249
0.6419090000235883
0.7186509999428381
0.9813599999688449
0.6403699999282253
0.43403299991950917
0.44606399978874833
0.37616100007653586
0.35879100005331566
0.4822949999834236
1.0488820000773558
1.0814449999543285
1.3969299998279894
0.6721610000113287
0.40097299984154233
0.3873219998240529
0.44145299989395426
0.34336099997744896
0.33013999996001075
1.5318369999022252
1.2038069999107393
0.6168780000734841
0.514495000061288
0.4907750001166278
0.47243699987120635
0.4771619999246468
0.4170729998804745
0.3750820001187094
0.47243400013030623
0.38303099995573575
0.8246249999501742
0.7867140000143991
0.6588599999304279
0.9895600001073035
0.340890000188665
0.37406100000225706
0.4772750000938686
0.3861520001464669
0.3410799999983283
0.35255099987807625
0.3446099999564467
1.5224960000068677
0.43160300015188113
0.7815029998710088
0.53230599996823
0.6448499998441548
0.42749800013552886
0.5008000000543689
0.3708810002081009
0.42807299996638903
0.3456109998296597
0.5059449999862409
0.4815300001155265
0.8506359999955748
0.6178139999519772
0.9433089999220101
0.5985380000765872
0.38888200015207985
0.4824550001103489
0.35824099995807046
0.4285840000193275
0.3733219998593995
0.33939099989765964
0.4458370001430012
0.3831189999345952
0.6161090000205149
1.2060269998528383
0.897607000069911
0.33484999994470854
1.0244559998682234
0.6080580001253111
0.6589470001472364
0.3625280000960629
0.48405500001535984
0.39259200002561556
0.3478210001048865
0.40786299996398157
0.8684260001246003
1.302734000091732
1.304013999970266
0.44895400014866027
0.5370760000005248
0.3678309999486373
0.49948699984270206
0.3944000000046799
0.36494100004347274
1.189125999871976
0.6048190000456088
0.47962400003598304
0.5293189999520109
0.5168679999769665
1.561101999868697
0.4610129999491619
0.4394939999201597
0.3743809998013603
0.42652299998735543
0.5847670001912775
0.39944200011632347
0.41915299993888766
0.4202329998861387
2.029851000088456
0.7327619998704904
0.6273690000853094
0.3621810001277481
0.47066399997675035
0.4292930000246997
0.46207400009734556
0.3533510000579554
0.502875000165659
0.4556439998850692
1.5887680001469562
0.6866229998649942
0.6232659998204326
0.6219990000317921
0.6175989999519516
0.7337619999816525
0.650729999961186
0.37765100000797247
0.3993219997937558
0.40072199999485747
0.4171329999280715
0.41964299998653587
0.3677220001918613
0.6189780001477629
0.4780940000728151
1.1098439999841503
0.6218109999736043
0.450821000185897
0.39243199989869026
0.4485639999529667
0.5104960000608116
0.40489299999535433
0.3983919998518104
2.4533749999591237
0.4635039999811852
1.0322410000753734
0.4609640000126092
0.4287530000510742
0.3852209999877232
0.4230080000979797
0.38464699991891393
0.5295269997986907
0.3845019998607313
0.8088140000381827
0.8877470002062182
0.4458539999632194
0.7306150000658818
0.49650300002213044
0.36638199981098296
0.3677920001337043
0.4994060000171885
0.3859319999719446
0.3201890001491847
0.37954200001877325
0.7317120000607247
1.0348020000492397
0.7405929998185456
0.4207730000871379
0.9140679999291024
0.406182999995508
0.3583309999157791
0.4337230000146519
0.3734409999651689
0.44013299998368893
0.39906500001052336
0.3896489999988262
0.3645110000434215
1.0711129998526303
0.9277279998514132
0.7155820001116808
0.42154299990215804
1.3200299999880372
0.45273299997461436
0.40239400004793424
0.37738900005024334
0.37528100006056775
0.3565699998944183
0.4875099998571386
2.1904710001763306
1.0318419999748585
0.3872150000461261
0.67585700003292
0.41483299992250977
0.39535200016871386
0.5106660000819829
0.3515110001899302
0.4546539998955268
0.4431929999100248
0.43524300008357386
0.43520299982446886
0.6182889999308827
0.6633000000419997
1.256657999874733
0.6524299999455252
0.5412259999957314
0.42231299994455185
0.4715349998605234
0.37129199995433737
0.9480989999701706
1.1355139999977837
0.4223180001190485
0.433467999982895
0.46284900008686236
0.4076870000062627
0.5643500001042412
0.38745200004086655
0.4598420000547776
0.3619919998527621
0.35465099995235505
0.8315200000197365
0.8459299999685754
0.42174300006081467
1.2615890000233776
0.3716610001447407
0.380786000050648
0.4407579999679001
0.4459640001641674
0.3863320000618842
0.43813299998873845
0.6334640002023662
1.3228650000201014
0.7104040000740497
0.34824099998331803
1.1224719999063382
0.47344399990834063
0.3780120000556053
0.4608029998962593
0.3405309998925077
0.48200500009443203
0.44403300012163527
0.8581879999383091
1.1391919999823585
0.92066800016255
0.5112550002195348
0.35720100004255073
0.38136100010888185
0.37391099999695143
0.37124100003893545
0.41843300004984485
0.37091199988026347
0.35133100004713924
0.575777999983984
2.097859000059543
0.5362009999316797
0.9845099998528895
0.45490399998016073
0.403782000148567
0.44056299998374016
0.37134100011826376
0.38014200003999576
0.34021000010397984
0.3675809998640034
0.46928400001888804
0.5289579999043781
0.4788319999988744
0.9015069999804837
0.5859479999799078
0.4370029998881364
1.2730789999295666
0.39275200015254086
0.6021579999924143
0.6445050000820629
0.38600600009885966
0.45395400002234965
1.1241639999752806
0.46306500007631257
0.35781699989456683
0.5074639998383645
0.6310889998530911
1.267216000087501
0.5967380000129197
0.4326830000991322
0.41516500004945556
0.4400909999731084
0.49208499990527343
1.1906789998192835
0.5022650000228168
0.5645339999773569
0.49837500000649015
1.3327599999684026
0.3871569999773783
0.3746459999547369
0.5238250000729749
0.5256459999145591
0.5899980001231597
0.33976000008806295
0.4495229998155992
0.39153200009423017
0.38037199988139037
0.44792299991058826
0.7684330000756745
0.9154430001672154
1.4813089999279327
0.4175730000497424
0.41422200001761666
0.43248299994047557
0.3901519999089942
1.2651779998122947
0.707551000004969
0.5363459999898623
0.4776539999511442
0.3907420000359707
0.754763000031744
0.37302399982763745
0.3950489999624551
0.635519000070417
0.3285200000391342
0.425532999997813
0.3971249998357962
1.3715490001686703
0.8214149997911591
0.6585000000995933
0.744492999956492
0.3685709998535458
0.5266260000098555
0.47703499990348064
0.4079620000538853
0.3842220000933594
0.374041999975816
0.44533300001603493
0.29883899992455554
1.097613999945679
0.8792870000888797
0.6361589998959971
1.0353319999012456
0.3609240000059799
0.4746710001199972
0.4285229999823059
0.423043000182588
0.32893899992814113
0.39575499999955355
0.3504280000470317
1.6211100000873557
0.7993140000053245
0.577586999952473
0.7666929998322303
0.35852099995281606
0.49687499995343387
0.5095349999919563
0.40826200006449653
0.469363999854977
0.4582939998272195
0.4405730001053598
0.858098999970025
0.6788680000227032
0.5662170001414779
0.37270099983288674
0.9263679999094165
0.38768099989283655
0.37771100005556946
0.41461299997536116
0.3815210000084335
0.3743319998648076
0.3598309999688354
0.46063400009188626
2.113294000082533
0.7197119998636481
0.9573590000400145
0.4027119998681883
0.6624810000630532
0.345891000051779
0.439933000052406
0.448832999836668
0.37407099989650305
0.3895419999935257
0.3572109999367967
0.5602669998552301
0.3219699999590375
0.3609339999002259
0.845502999936798
1.4378229998328607
0.38529199991899077
0.6340290001389803
0.4750440000407252
0.3546109999206237
0.4905939999844122
0.39210199997796735
0.5402859999321663
1.2417770001320605
0.4373240001314116
0.4398359999413515
0.8644970000659669
0.4174229998170631
0.3699410001445358
0.39592999996784783
0.4116630000225996
0.41474199997537653
0.42912300000352843
0.3577709999262879
0.395941999840943
0.35975099990537274
0.9750099998200312
0.6805800001075113
0.564497000141273
0.4771400001573056
1.1695099999542435
0.3954019998673175
0.5324759999894013
0.3653410001334123
0.3603600000587903
0.37920200020380435
0.43414399988250807
2.1924970001236943
0.5669270001362747
0.4444640001111111
1.1804849998497957
0.6541200000356184
0.44477300002654374
0.4495139999107778
0.4392839998672571
0.647562000040125
0.3739189999123482
0.39953199984665844
0.40295199983120256
0.6216990000211808
0.4738449999877048
1.5612529998634272
0.5716349999147496
0.4697340000348049
0.337747000003219
0.36505100001704704
0.3594859999793698
0.4299180000089109
1.5898639999250008
0.6661280001480918
0.9697000000414846
0.7612459999108978
0.7805679999819404
0.37938100012979703
0.3876870000567578
0.3911270000571676
0.3752620000341267
0.4331830000410264
1.105683999867324
0.8096569999906933
0.6091760001254443
0.48338499982492067
0.9997709998970095
0.41640199992798443
0.6090390002100321
0.3687920000174927
0.3794020001350873
0.4487829999106907
0.898946999996042
0.3388430000086373
1.3457579998430447
0.4565270000966848
0.922934999834979
0.4216620000079274
0.5295660000683711
0.4118830001971219
0.529486999994333
0.432003000014447
0.3699609999330278
0.43984299986732367
1.0236709999844607
0.8323250001467386
0.6713000000218017
0.9299690000261762
0.3901519999089942
0.5535170000712242
0.3709810000600555
0.3779510000185837
0.3695010000228649
0.3791610001826484
0.38622200008830987
0.6801510000968847
1.5882630000305653
0.46419799991781474
0.753303000010419
0.4378989999622718
1.2438479998309049
0.39492699988841196
0.6732200001806632
0.3957819999413914
0.803435000079844
0.3826219999609748
0.6107179999617074
0.3948920000311773
0.358720999884099
0.3431600000567414
0.8646159999443626
0.4712340000878612
1.4430739997806086
0.4173829997853318
0.41175299998030823
0.394791999951849
0.3611610000007204
0.3609909999795491
0.3564510000160226
0.37114199994903174
1.3044600000284845
0.9195879999879253
0.437212999941039
0.8411679998516775
0.3948790001686575
0.6170379999730358
0.42656300001908676
0.40047199991022353
0.3848240000934311
0.38607900000897644
0.3426000000672502
0.405062000027101
0.42203299994980625
0.3550639999048144
0.6872429999020824
0.9036419999119971
0.638008999885642
0.5689470001470909
0.3755440000077215
0.5249729999832198
0.3673340002023906
0.41955000006055343
0.398721999999907
0.35020000018448627
0.3476910001154465
0.4236130000663252
1.409418000093865
0.7298699999864766
0.6559369999195042
0.5681980001099873
1.3693119999516057
0.4775949998929718
0.5233559998032433
0.3958320000947424
0.37220099989099253
0.9361280001485284
0.4412529999626713
0.6707000000005792
0.5289660000471486
0.3778340001190372
0.4272099999980128
0.40995300014401437
0.3720410002188146
0.38794100009909016
0.3979420000632672
0.3371929999502754
0.3854389999560226
0.3382410000085656
0.4285740001250815
1.055921999977727
0.7298230000287731
0.5163159999028721
0.7878229998823372
0.5293960000471998
0.5548170001929975
0.34490999996705796
0.43396600017331366
0.35690799995791167
0.39657199999965087
0.4076220000115427
0.4559230001177639
1.1201689999325026
0.592703000165784
0.5513070000233711
0.435185999776877
0.7216889998744591
0.3472700000202167
0.6165889999465435
0.37042400003883813
0.3714039999067609
0.40979499999593827
0.4360489999726269
0.5060660000708594
1.360221999902933
0.946479000049294
0.48957500007418275
0.473223999961192
0.6454300000768853
0.5171190000510251
0.4119899999750487
0.5021050001232652
0.380841000151122
0.35485100011101167
0.4119230000014795
0.5067659999440366
0.39878699999462697
1.5466519998881267
0.5552659999921161
0.7311950000712386
0.4627910000181146
0.4180129999440396
0.3764219998174667
0.35105999995721504
0.3572109999367967
0.6034279999767023
2.6057879999825673
0.7863650000672351
0.4568539998217602
0.41649200011306675
0.4509340001277451
0.40565199992670387
0.35182999999960884
0.4075219999322144
0.40195199994741415
0.40057199998955184
1.2691990000348596
1.1539150000317022
0.7207219998690562
0.4888850000952516
0.3562809999948513
0.3530000001319422
0.36184100008540554
0.3721709999808809
0.32982999982777983
0.4428729998835479
0.3582710000955558
0.4168579998804489
1.690805999942313
0.7969639998464118
0.4111620000912808
0.7398319999083469
0.32177500020225125
0.7697680000546825
0.3631810000115365
0.38807099986115645
0.5907280001338222
0.4815350000626495
0.3568810000160738
1.0972929999297776
0.8186550001028081
0.4488839999794436
1.226288999987446
0.5752350000420847
0.7217810000383906
0.4465440001695242
0.38253200000326615
0.41546199986441934
0.5418890000328247
0.42828300001929165
0.3481810001630947
0.35835099993164476
0.40470200019626645
0.7372889999714971
0.7486829999834299
0.44206400002622104
0.6630609998410364
