payload_size_bytes=10240
runs=1000
mean_ms=0.692
median_ms=0.486
stddev_ms=0.506
min_ms=0.313
max_ms=4.607
---raw---
0.7428030000937724
1.7768440000054397
0.38032199995541305
0.5247060000783677
1.4584139998987666
1.3198500000726199
1.3146290000349836
0.8107549999749608
1.0150709999834362
0.5281460000787774
1.0907430000770546
0.8639659999971627
0.6617100000312348
4.091524999921603
0.6461189998390182
1.3922930002081557
0.5004250001547916
0.6695200002013735
1.609898999959114
0.9830100000272068
0.4813849998299702
0.46861400005582254
0.33086000007642724
0.43195299986109603
0.46917400004531373
0.4921050001485128
0.4149819999383908
0.5136060001404985
0.7725430000391498
1.1695050000071205
0.939698999900429
1.2777580000147282
0.6707200000164448
0.484754999888537
0.7331330000397429
0.4085530001702864
2.3134609998578526
0.6867609999972046
0.4565140000067913
0.9200579997923342
0.4096229999959178
0.4429239997989498
1.051722000056543
1.1401350000141974
0.4255920000559854
0.370371000144587
0.3520110001318244
0.6255890000375075
0.4049619999477727
0.9734689999731927
0.6104690000938717
1.1582750000798114
0.3590910000639269
2.0005310000215104
1.128213999891159
1.3203700000303797
0.6331390000013926
1.058442000157811
1.0374319999755244
0.3822220000984089
2.2901589998127747
3.4254940001119394
3.680572000121174
1.815365000084057
1.0374219998539047
0.4771249998611893
0.46760500003983907
0.88453200010008
1.765021999972305
0.41827200016086863
2.772420999917813
0.4087219999746594
1.270211000019117
1.343248000011954
0.5352860000584769
0.7833540000774519
0.7898639998984436
0.34191000008831907
1.6359920000468264
0.6307359999482287
1.6845239999838668
0.7801929998549895
2.0532179999008804
0.7794979999289353
2.3498309999467892
0.3817310000613361
1.3330510000741924
0.9637400000883645
0.4010519999155804
0.3362099998867052
0.3969419999521051
0.49241499982599635
0.3807310001775477
0.3557909999472031
1.130734000071243
0.457864000054542
0.39139199998317054
0.31557900001644157
0.4644440000447503
1.4317330001176742
0.38574200016228133
0.4422029999204824
0.6585999999515479
0.9004370001548523
0.5568770000081713
0.8071050001490221
0.7436130001678976
0.37844199982828286
1.1623950001649064
0.347389999888037
0.5630169998767087
0.698350999982722
4.286861000082354
0.35344000002623943
3.5725979998915136
0.6221589999313437
3.3813420000115
0.43779399993582047
4.6065310000358295
2.7867450000940153
1.2883089998467767
0.3564910000477539
0.34962099994118034
0.5654779999986204
4.251078999914171
1.2256570000772626
2.989071000001786
0.8842970000841888
0.7998139999472187
1.3012199999593577
1.431173999890234
0.41494300012345775
0.5382070000905514
0.4473430001326051
0.5329160001110722
0.4487830001380644
1.4892299998336966
0.3623659999902884
0.5240560001311678
0.4276429999663378
0.5661669999881269
0.38607199985563057
1.003170000103637
0.4809249999198073
1.49431599993477
0.6401099999493454
0.49517100001139625
0.47994900000958296
0.4452539999419969
0.9273779999148246
1.9359110001460067
0.5048049999913928
0.42424299999765935
0.4088419998424797
0.9345410001060372
1.3233330000730348
1.1244889999488805
0.5006879998745717
0.41439999995418475
0.595197999928132
0.49468499992144643
0.4305329998715024
1.7259329999887996
0.618449000057808
0.4310740000619262
0.5487460000495048
0.49250500001107866
0.9406079998370842
1.4422659999127063
0.4028799999105104
0.6193789999997534
0.3774619999603601
0.5326020000211429
2.1315899998626264
0.834739999845624
0.7719680002082896
0.41275299986409664
0.3738109999176231
0.6462389999342122
0.3917350002211606
0.4463499999474152
0.35618100014289666
0.4203920000236394
1.073342999916349
0.7478549998722883
0.579145000074277
1.4836949999335047
0.5793610000637273
0.4317909999826952
0.4427830001532129
0.36942199994882685
0.3826209999715502
0.35752600001615065
0.4198980000182928
1.7355329998736124
0.4697599999872182
0.5110900001454866
0.39700700017419877
0.38236600016716693
0.3674009999485861
0.37639199990735506
0.48919500000010885
1.7161719999876368
1.044112000045061
0.4987849999906757
0.3777609999815468
0.4026929998417472
0.4502659999161551
0.5047429999649466
0.4268229999979667
0.4238330000134738
1.8780269999751908
0.8558760000596521
0.4105580001123599
0.8321600000726903
0.4035120000480674
0.3692309999223653
0.36304100012785057
0.36147099990557763
0.4143020000810793
0.41600300005484314
0.35514100000000326
0.3803619999871444
1.1476449999463512
0.9020630000122765
0.41676700016068935
0.9352990000479622
0.4688639999130828
0.37766199989164306
0.3987620000316383
0.3789610000239918
0.3771419999338832
0.40426200007459556
0.35116000003654335
1.907108000068547
0.8399260000260256
0.49334499999531545
0.7188520000909193
0.4422729998623254
0.3922319999674073
0.3750319999653584
0.321439999879658
0.3831309998076904
0.6067409999559459
0.46555400012948667
1.700619000075676
0.4751540000142995
0.7711130001553101
0.4871650000950467
0.47098000004552887
0.3945470000417117
0.5078750000393484
0.5422869999165414
0.39454199986721505
0.7596359998842672
1.33003800010556
0.7504329998937465
0.4214049999973213
0.5088650000288908
0.3722559999914665
0.44570900013241044
0.3716119999808143
0.4568040001231566
0.46103399995445216
0.4108880000330828
0.4347680001046683
0.7817629998498887
0.6742999999005406
0.6382389999544102
0.9674500001892739
0.5929090000336146
0.5239259999143542
0.4042419998313562
0.3389749999769265
0.4296310000881931
0.4005619998679322
0.5360160000691394
1.2314499999774853
0.862182999981087
0.3543410000474978
0.4207829999813839
0.9803000000374595
0.4272129999662866
0.4035620002014184
0.38950199996179435
0.5052550000073097
0.5319460001373955
0.460394000128872
0.9228180001628061
0.8777299999565003
0.9266090000892291
1.439192000134426
0.44350400003168033
0.4335579999406036
0.40979699997478747
0.329119999832983
0.36925700010215223
0.5034150001392845
2.0655900000292604
0.515002999918579
0.6586199999674136
0.9727089998250449
0.4850650000207679
0.46535399997083005
0.3619260000959912
0.4442079998625559
0.41565300011825457
1.2543079999431939
0.8317480001096555
0.5731050000576943
0.6217479999577336
1.150574999883247
0.6228289998944092
0.3900309998243756
0.4766550000567804
0.4011629998785793
0.5733180000788707
1.4901370000188763
0.5665769999723125
0.6377370000336668
0.48884900002121867
1.40555799998765
0.44013299998368893
0.371641000128875
0.6649599999946076
0.4568759998164751
1.0389589999704185
0.353082999936305
0.9295060001477395
0.7043210000574618
0.44006799998896895
0.46960899999248795
0.3505999998196785
0.4133219999857829
0.38451199998235097
0.45960400007061253
0.36139100006948865
0.3616310000325029
0.3924520001419296
1.6113579999910144
0.9099280000555154
1.804493999998158
0.6735609999850567
0.4633660000763484
0.3674590000173339
0.47297900005105475
0.637784999980795
0.9530889999496139
1.2081969998689601
0.727891999986241
0.5213859999457782
0.36272100010137365
0.3914020001047902
0.42883299988716317
0.49889499996425
0.4752040001676505
0.3988819998994586
0.4996650000066438
2.0936239998263773
0.589601000001494
0.8214219999445049
0.5483159998220799
0.5206660000567354
0.44371400008458295
0.4527829999005917
0.43369300010454026
0.3822720000243862
0.5115060000662197
1.670469999908164
0.4253330000665301
0.9593290001248533
0.438273999861849
0.7950140000048123
0.35847100002683874
0.4652239999813901
0.47181400009321806
0.481153999999151
0.36322100004326785
0.7404930001939647
0.43803299990941014
0.643939999918075
0.4045719999794528
1.2884489999578363
0.428263000003426
0.7882140000674553
0.9901299999910407
1.3204300000779767
0.4037569999582047
0.538706000043021
2.8405230000316806
1.3004200000068522
0.38999899993541476
1.0390950001237798
0.5236459999196086
0.41577000001780107
0.5480060001445963
0.3720510001130606
0.8003939999525755
0.4234730001826392
0.622259000010672
0.5252660000678588
0.6013089998759824
1.0075600000618579
0.4343329999301204
0.3607710000324005
0.3950819998408406
0.41058200008592394
0.3279400000337773
0.8954269999321696
0.38490199995067087
1.0000830000080896
0.8514759999798116
0.35389099980420724
0.40029999991020304
0.36575300009644707
0.36808899994866806
0.43287299990879546
1.0568029999831197
0.6638299998940056
0.5306959999415994
0.365310999995927
0.7858459998715261
0.4112700000860059
0.7234830000015791
0.5215359999510838
0.3916250000202126
0.3763189999972383
0.3907420000359707
0.45657399982701463
1.3619209998978477
1.2947720001648122
1.4105800000834279
0.47518400015178486
0.37313199982236256
0.42954299988196
0.3448810000463709
0.4004919999260892
0.4601839998485957
0.4554240001652943
1.141429999961474
0.37220799981696473
1.264816000002611
1.1911569999938365
0.6414590000076714
0.3848210001251573
0.5433769999854121
0.3837720000774425
0.4008169998996891
0.4133369998271519
1.4614140000048792
0.8951080001224909
0.43209299997215567
0.7345220001298003
0.350542999967729
0.5957050000233721
0.39022200007821084
0.40372300009039463
0.3457299999354291
0.7391920000827668
0.582387999884304
1.5873380000357429
0.3598860000693094
1.1687859998801287
0.35758100011662464
0.7499779999307066
0.38320099997690704
0.6730699999479839
0.4484070000216889
0.6644630000209872
0.481204000152502
0.40775200000098266
0.9532740000395279
1.025981999873693
0.38185200014595466
0.39664199994149385
0.3874819999509782
0.6970109998292173
0.40880500000639586
0.452110999958677
0.4905539999526809
0.9281779998673301
0.7838970000193513
1.6029660000640433
0.5906080000386282
0.6217909999577387
0.39725200008433603
0.4201299998385366
0.3609839998262032
0.40569200018580887
1.5329340001244418
1.2944340001013188
0.9686039998086926
0.6915509998179914
0.44624400015891297
0.49367499991603836
0.4299729998820112
0.4443629998149845
0.541696000027514
1.6665410000769043
0.7309520001399505
1.1439900001732894
0.3531749998728628
0.4931949999900098
0.40609200004837476
0.38032099996598845
0.35099600017929333
0.4171770001448749
0.42755300000862917
2.1390649999375455
1.291119000143226
0.8113040000807814
0.3873220000514266
0.6190290000631649
0.4749639999772626
0.4671540000344976
0.385781999966639
0.3567710000424995
0.6051679999927728
0.7374219999292109
0.9964009998384427
1.4319330000489572
0.37751099989691284
0.3426299999773619
0.6027580000136368
0.35381100019549194
0.4782639998666127
0.36936100013917894
0.3915869999673305
1.7874540001230343
0.3452210000887135
0.9873550000065734
0.3555710000000545
0.41329299983772216
0.3750409998701798
0.39922200016917486
0.4344530000253144
0.34104999986084295
0.3405099998872174
0.5986880000818928
0.7837240000299062
0.7089519999681215
1.0809429998062114
0.42662299983931007
0.38075099996603967
0.36169099985272624
0.40149799997379887
0.3748569999970641
0.4352939999989758
0.658270000030825
2.0308340001520264
1.8273079999744368
0.5713149998882727
0.5143830001088645
0.3296799998224742
0.7071850000102131
0.44865099994240154
0.3761410000606702
0.4578639998271683
1.668031000008341
0.7122320000689797
0.6328090000806696
0.9519589998490119
0.38464699991891393
0.44061800008421415
0.36821100002271123
0.37430199995469593
0.37637200011886307
0.5273749998195854
0.4232929998124746
0.3703410000071017
0.37848200008738786
0.9408390001226508
0.7347519999711949
0.39371200000459794
1.3484300000072835
0.4213929998968524
0.4114419998586527
0.4915550000532676
0.42740300000332354
0.6187490000684193
0.9149879999768018
0.4953169998316298
0.9635670000989194
0.7523149999997258
1.1799729998074326
0.5873180000435241
0.3876920000038808
0.5336460001217347
0.41197199993803224
1.8204750001586945
0.6972740000037447
0.39242200000444427
1.2975089998690237
0.6234289999156317
0.3338700000767858
0.40383199984717066
0.3498510000099486
0.41323300001749885
0.3924509999251313
0.7887840001785662
0.7120459999896411
0.5574420001721592
0.4582530000334373
0.6156290000944864
0.48643500008438423
0.3969419999521051
0.42867299998761155
0.3622510000695911
0.432063000062044
0.32721999991736084
0.41069200005949824
1.5507770001477184
0.8633990000816993
1.0107180000886729
1.6346099998827412
0.48564999997324776
0.3618560001541482
0.6315399998584326
0.6122790000517853
1.2405669999679958
1.0007999999288586
0.794723999888447
0.5052750000231754
0.35730099989450537
0.4459630001747428
0.37678099988625036
0.3796309999870573
0.4878849999840895
0.33201999985976727
2.189047000001665
1.0318719998849701
0.3765809999549674
0.5737100000260398
0.31304699996326235
0.5744370000684285
0.33710000002429297
0.38254199989751214
0.4337830000622489
0.40407199981018493
1.0499909999452939
0.978499999973792
1.297009999916554
0.44742299996869406
0.6347589999222691
0.37197100004959793
0.392191999935676
0.3813309999713965
0.3309399999125162
0.4276930001196888
0.37212100005490356
2.1560259999660047
0.5565259998547845
0.6362290000652138
0.34700100013651536
0.570828000036272
0.3758119999019982
0.4535230000328738
0.4471830000056798
0.47270499999285676
0.3432809999139863
0.40062299990495376
0.6161889998566039
0.9022970000387431
0.500285000043732
1.2675210000452353
0.538263999942501
0.4659950000132085
0.5103060000237747
0.4218419999233447
0.4132530000333645
0.3804410000611824
0.4205220000130794
0.3848819999348052
1.308088999849133
0.7241819998853316
0.5353470000954985
0.7340050001403142
0.687811000034344
0.5282960000840831
0.3711179999754677
0.496405000149025
0.4568940000808652
0.43419300004643446
0.5321870000898343
1.894540999956007
0.5154919999768026
0.5500119998487207
1.3220250000358647
0.36665099992205796
0.49998500003312074
0.3533410001637094
0.35188099991501076
0.39569199998368276
0.40731200010668545
2.2403630000553676
1.049480000119729
0.36316900013844133
0.3464300000359799
0.38469100013571733
0.3642009999111906
0.3918119998616021
0.39182099999379716
0.4720949998500146
0.40144300010069855
0.5597179999767832
0.7478229999833275
0.8127349999540456
0.5419969998001761
0.6539099999827158
0.9533079999073379
0.7214419999854726
0.5889480000860203
0.3802920000453014
0.41538300001775497
0.4549640000277577
0.37933199996587064
1.27145900000869
0.9509889998753351
0.9757790001003741
0.35021300004700606
0.4952920000960148
0.3547399999206391
0.38098200002423255
0.41019299987965496
0.41594200001782156
0.34911100010504015
0.38746199993511254
0.4047320001063781
0.8357149999937974
0.8894669999790494
0.4533139999693958
0.7134410000162461
0.3818870000031893
0.43479900000420457
0.36550100003296393
0.36525099994833
0.45683400003326824
0.3713210001023981
0.44171300010020786
0.6344290000015462
1.7789949999951205
0.537176999841904
1.1921489999622281
0.5900270000438468
0.40627999987918884
0.4342280001310428
0.40515700015930634
0.4211630000554578
0.3883809999933874
1.1565950001113379
0.595267999869975
0.9118169998600933
1.0528220000196598
0.4506640000272455
0.39259200002561556
0.38077199997132993
0.37407399986477685
0.363189000154307
0.46899400012989645
0.37761699991278874
0.37573600002360763
1.7298420000315673
0.3411809998397075
0.6834109999545035
1.0488319999240048
0.6443550000767573
0.46240899996519147
0.47763699990355235
0.37949900001876813
0.6943040000351175
0.4292500000246946
0.5978280000817904
0.5228160000569915
0.39209200008372136
0.6350720000227739
0.9592669998710335
1.0880550000820222
0.9089969998967717
0.38042899996071355
0.4259730001194839
0.4015929998786305
0.6723710000642313
2.092062999963673
0.5870679999588901
1.3701549999041163
0.5651240001043334
0.3998120000687777
0.39963199992598675
0.4183019998436066
0.475605000019641
1.1021739999250713
0.46894399997654546
1.7987749999974767
0.5495170000813232
0.526588999946398
0.4492810001011094
0.5170409999664116
0.46219899991228885
0.408932000027562
0.46680399987053534
0.6539500000144471
0.35317099991516443
0.39288199991460715
0.4120420001072489
0.8337300000675896
0.7274420001976978
1.0601569999835192
0.6181679998462641
0.4099820000647014
0.3941620000205148
0.39486200012106565
0.36639199993260263
0.4346590001205186
0.5209429998558335
0.4055130000324425
1.1631549998583068
0.7307819998914056
0.4165819998434017
0.36029099987899826
0.48732499999459833
0.389591999919503
0.35078099995189405
0.5081050001081167
0.333100000034392
0.42110300000786083
0.4186829999071051
1.4403740001398546
1.1718260000179725
1.3266199998724915
0.3450000001521403
0.5134880000241537
0.3301599999758764
0.3776309999921068
0.385721999919042
0.5914180001127534
0.4351840000254015
0.48742500007392664
1.4967949998663244
0.6807209999806219
0.38043099993956275
1.3673119999566552
0.4574540000703564
0.5417059999217599
0.34084999992956
0.5621269999664946
0.3758670000024722
1.2225569998918218
0.7063870000365569
0.5327159999524156
0.3493599999728758
0.5459619999328424
0.43453099988255417
0.8964749999904598
0.36328099986349116
0.43398299999353185
0.3765220001241687
0.3846719998819026
0.3763110000818415
0.36254100018595636
0.43546400002014707
0.7447630000569916
0.424383000108719
0.7576730001801479
0.39962200003174075
0.4337430000305176
0.37633100009770715
0.3672409998216608
0.4263329999503185
0.4028619998734939
0.4463129998839577
0.39017199992485985
0.5574669999077742
1.9532100000105856
1.019600000063292
1.3780120000319585
0.4444539999894914
0.3598700000111421
0.4678239999975631
0.3506430000470573
0.6860979999601113
0.35464100005810906
0.385940999876766
0.40804299987939885
0.8624820000022737
0.36200499994265556
0.8786620001046686
0.554804000103104
0.43935100006819994
0.412932000017463
0.450282999963747
0.4069520000484772
0.3240700000333163
0.3482609999991837
0.3663320001123793
1.3799910000216187
0.9162000001197157
0.8115830000861024
0.5909980000069481
0.6530599998768594
0.3555400001005182
0.45265400012795
0.45112299994798377
0.36881100004393375
0.44035299993083754
0.33712000004015863
1.0312710001016967
0.8353559999250137
0.8688769999025681
1.1130640000374115
0.5355710000003455
0.39154600017354824
0.37674099985451903
0.5902880000121513
0.3712109999014501
1.7430630000490055
1.47231500000089
1.0921430000507826
0.4944150000483205
0.34242000015183294
0.38778199996158946
0.37783100015076343
0.410401999943133
0.3754110000500077
0.43537299984564015
0.6843310000022029
0.6702599998789083
0.8138440000493574
0.5106660000819829
1.2056010000378592
0.6923190001089097
0.4394260001845396
0.5479720000494126
0.42264500007149763
0.3598080002120696
1.5900180001153785
0.6918439999026305
2.250396000135879
0.6789410001601937
0.371781000012561
0.3834419999293459
0.5346469999949477
0.5019650000122056
1.3003999999909865
0.8318560001043807
1.0201710001638276
0.7063819998620602
0.43966300017928006
0.39388200002576923
0.4823269998723845
0.3565580000213231
0.44305400001576345
0.4829640001844382
1.1131339999792544
1.1265799998909642
0.7977299999311072
0.6755609999800072
0.6210280000686907
0.3908219998720597
0.5172660000880569
0.44868400004816067
0.4467439998734335
0.35798099997919053
0.8093750000170985
0.866019000113738
0.7804609999766399
1.042851999955019
0.6359799999700044
0.4235729998072202
0.4709040001671383
0.4802199998721335
0.4319480001413467
0.3803609999977198
1.3246500000150263
0.9179730000141717
0.6308640001861932
0.7248420001815248
0.40282300005856086
0.43415299978732946
0.3461209998931736
0.35991100003229803
0.3685010001390765
0.39780199995220755
0.4195630001504469
0.361743999974351
0.42784300012499443
0.7099079998624802
0.9122279998337035
0.43751399994107487
0.727641999901607
0.370501000134027
0.5316360000051645
0.3581510000003618
0.3340599998864491
0.42302199994992407
0.4862250000314816
0.3519629999573226
0.45748399998046807
1.31350299989208
0.9838779999427061
1.3393280000855157
