payload_size_bytes=10240
runs=1000
mean_ms=0.689
median_ms=0.491
stddev_ms=0.536
min_ms=0.323
max_ms=8.143
---raw---
0.4793049999989307
0.3996320001533604
0.382991999913429
0.749692999988838
0.5958179999652202
0.7272519999332872
1.632089999930031
0.6612300001052063
0.6002479999551724
2.6681110000481567
0.4420730001584161
0.4014829999050562
1.3983280000502418
0.3428379998240416
0.387032000162435
2.0119339999382646
0.9282290000101057
1.934244000040053
0.5583469999237423
1.229516999956104
0.478144999988217
0.45472900001186645
1.2313170000197715
1.3683859999673587
2.0437719999790716
0.49272499995822727
3.794556000002558
8.143207000102848
1.6270099999928789
3.7777490001644765
0.45648300010725507
0.7711840000865777
0.5843520000325952
1.0793930000545515
0.995170000123835
1.184565999892584
0.6003379999128811
0.848576000180401
0.5266260000098555
2.103033000139476
0.658400000020265
0.5846410001595359
1.0322390000965243
0.6058490000668826
0.6298910000168689
0.6217589998414041
3.1871740000042337
1.2141370000335883
3.9905210001052183
0.9954999998171843
5.365472999983467
0.6845310001608595
0.585336999847641
2.359012000169969
2.2217680000267137
1.292078999995283
0.5263559999093559
2.006600999948205
2.180156000122224
1.6410099999575323
0.5332160001216835
0.630319000038071
0.6766930000594584
0.6780979999803094
0.6156679999094194
0.40892200013331603
0.471855000114374
0.4278829999293521
0.35935999994762824
0.6853309998859913
0.40824300003805547
0.46966500008238654
0.5826980000165349
0.45827400003872754
1.2440169998626516
1.2053370001012809
2.5213280000571103
2.6309200000014243
1.511359000005541
2.632980000043972
0.9798500000215427
3.141841999877215
1.2399680001635716
1.3316699998995318
0.6584299999303767
0.6584400000519963
1.3257900000098743
0.966759999982969
0.8753870001783071
0.8121939999909955
0.32272999987981166
1.673432999950819
0.5939380000654637
1.4408829999865702
0.5929760000071838
1.6324099999565078
0.37765100000797247
0.9352310000849684
0.38000099993951153
0.5971650000446971
1.430173000017021
0.3785220001191192
0.4050789998473192
0.7258420000653132
0.5811470000480767
0.6767209999907209
0.7124740000108432
0.4406030000154715
0.37634199998137774
0.571884000009959
0.6626699998832919
0.4535529999429855
0.5297160000736767
0.3890120001415198
0.646809000045323
1.3973049999549403
0.43408600004113396
0.5319910001162498
0.3960550000101648
0.38777400004619267
0.44417300000532123
1.929123000081745
0.40239200006908504
0.6584430000202701
0.3571500001271488
0.7402199998978176
0.7983299999523297
0.36904899980072514
0.3807389998655708
0.3787519999605138
0.3957670001000224
0.40381999997407547
2.031899000030535
0.5184080000617541
0.4615120001290052
0.9327890002168715
0.9843049999744835
0.39607200005775667
0.36497900009635487
0.4502610001964058
0.41090500008067465
0.398582000116221
1.9045150002057198
0.45479400000658643
0.345970000125817
0.38469399987661745
0.8255520001512195
0.47320900011982303
0.33339000015075726
0.7460470001205977
0.38789199993516377
0.3941570000733918
0.6719749999319902
0.36432100000638457
0.36676600007012894
0.5015350000121543
0.38369599997167825
0.3383410000878939
0.6495190000350703
0.4115330000331596
0.3434609998294036
0.36406100002750463
0.43353399996703956
0.4466660000161937
0.3409579999242851
0.41058200008592394
0.40656199985278363
0.41717299995980284
0.4124429999592394
0.370450999980676
0.3898119998666516
1.144285000009404
0.3379399997811561
0.573368000004848
0.356060999820329
0.40271500006383576
0.5758250001690612
0.4736339999453776
0.344431000030454
2.1878459999697952
0.5355020000479271
0.9393689999797061
0.34380000010969525
0.3929169999992155
0.515416000098412
0.43844800006809237
0.3790189998653659
0.5172529999981634
0.35978100004285807
0.9181299999454495
0.3489179998723557
0.5149349999555852
0.3808520000347926
0.7784239999182319
0.3781420000450453
0.6205910001426673
0.3793989999394398
0.36068099984731816
0.3788469998653454
2.30817500005287
0.4350440001417155
1.340210999842384
0.6135020000783697
0.4098250001334236
0.3756409998914023
0.40392700020674965
0.4080219998741086
1.6246789998604072
0.513146000002962
0.9308230000897311
0.5459459998746752
0.49749999993764504
0.39489199980380363
0.4906540000320092
0.36781200014956994
0.5060610001237364
0.3348249999817199
2.045962000011059
0.41838300012386753
0.46711000004506786
0.487349999957587
0.5489870000019437
0.4008819998944091
0.40105200014295406
0.39957199987838976
0.3953850000470993
0.488614999994752
1.781600999947841
0.3879819998928724
0.9079270000711404
0.5037999999331078
1.0359460000017862
0.3668409999590949
0.4863049998675706
0.4263429998445645
2.160344999992958
0.4188360001080582
0.5784699999367149
0.40863000003810157
0.7188520000909193
0.5125229999976
0.369111000054545
0.3655810000964266
0.537426999926538
0.365301000101681
1.5789379999660014
0.6773430000066583
0.42629299991858716
0.4085020000275108
0.5817449998630764
0.3482500001155131
0.4268229999979667
0.33151999991787306
0.45173400008025055
0.531449000163775
0.3775389998281753
0.3888549999828683
0.3855990000829479
0.36521099991659867
0.40113199997904303
0.38396700006160245
1.0040780000508676
0.3285200000391342
0.3886389999934181
0.42519299995547044
0.4705240000930644
0.33684000004541303
1.1645050001334312
0.6682010000531591
0.6328350000330829
0.3570609999314911
0.5820829999265698
0.42999499987672607
0.38745200004086655
0.3770890000396321
0.36134100014351134
0.5168249999769614
0.37622700006068044
0.3506299999571638
1.3141450001512567
0.7242120000228169
1.3883520000490535
0.38929399988774094
0.3803540000717476
0.3671959998428065
0.3325499999391468
0.4298629999084369
0.46622400009255216
0.45683600001211744
0.4600710001341213
0.4662139999709325
0.48398800004179066
0.5199230001835531
0.9692200001154561
0.5511360000127752
0.6311790000381734
0.893388000122286
0.5256859999462904
0.3798019999976532
0.42274600014025054
0.42374999998173735
1.388952000070276
1.083853000181989
0.6238690000373026
0.7475929999145592
0.38088099995547964
0.5673670000305719
0.3419099998609454
0.37091100011821254
0.3739710000445484
0.819249999949534
0.6960460000300372
0.5466959999012033
0.5926979999912874
1.0072510001464252
0.34412400009387056
0.7237889999487379
0.4052429999319429
0.443533999941792
1.352601999997205
0.5792080000901478
0.5611670001144375
0.36471099997470446
1.329670000131955
0.5230149999988498
0.4335529999934806
0.36421100003281026
0.4008219998468121
0.8470459999898594
0.7362119999925198
0.6501399998342094
0.39335200017376337
1.3056600000709295
0.4395329999624664
0.412871999969866
0.3664440000648028
0.3474369998457405
1.4450339999712014
1.2914189999264636
0.7478850000097736
0.5974450000394427
0.41362199999639415
0.5982380000659759
0.3693819999170955
0.4246529999818449
0.39729200011606736
1.7441629997847485
0.3784109999287466
1.2878289999207482
0.4646039999443019
0.42844400013564155
0.38410099978136714
0.36846100010734517
0.6528330000037386
2.6539010000306007
1.4339740000650636
0.6429790000765934
0.41745199996512383
0.3991430000951368
0.3659420001440594
0.822845000129746
1.4747650000117574
0.45646299986401573
0.8862769998358999
0.3772439999920607
0.5450060000384838
0.34756100012600655
0.42678399995565997
0.38264199997684045
0.4027519998999196
1.3829070001065702
0.7542279997778678
1.0624419999203383
0.7047010001315357
0.3936819998671126
0.48322499992536905
0.3537909999522526
0.40649199991094065
0.41828199982774095
1.070872999889616
0.819920999902024
0.523156000099334
0.5123559999447025
0.7158369999160641
0.5392369998844515
0.4941250001593289
0.35896999997930834
0.42635299996618414
0.7402730000194424
0.3900720000729052
1.3305400000263035
0.7210220001070411
1.3674120000359835
0.4618569998910971
0.620426000068619
0.42575299994496163
0.5600569998023275
0.3689920001761493
0.3557410000212258
0.8021139999527804
0.4511529998580954
0.6363600000440783
0.5030259999330156
0.42941299989252
0.3619209999214945
0.4004420000001119
0.4127619999962917
1.4049830001567898
0.7215930002075766
0.9867500000382279
0.7018740000148682
0.5010849999962375
0.3705079998326255
0.3610009998737951
0.33207000001311826
0.7903470000201196
0.4012529998362879
0.4390439999042428
0.41484000007585564
0.7320949998756987
0.48455199998898024
0.6100890000197978
0.659790000099747
0.4695249999713269
0.411383000027854
0.5013050001707597
0.6318589998954849
1.6702309999345744
0.4386479999993753
0.7703690000653296
0.8698769997863565
0.9519289999389002
0.43658300000970485
0.745813000094131
0.3615309999531746
0.4540840000117896
1.6827209999519255
0.4427040000791749
1.101794000078371
0.3973350001160725
0.3559580000001006
0.3720409999914409
0.5936880002082034
0.3905419998773141
0.45047399999020854
1.1810249998234212
0.46591399996032123
0.6945520001409022
0.42170299980170967
0.5194560001200443
0.4144330000599439
0.3649010000117414
0.44426399995245447
0.39701200012132176
0.40736200003266276
0.3895110000939894
1.2241579997862573
0.8175499999651947
1.0694400000375026
0.5387040000641719
0.4309829998874193
0.4967549998582399
0.3569359998891741
0.3777470001296024
0.4258829999344016
0.3761309999390505
2.2450679998655687
0.5208360000779066
1.3384609999320674
0.6834909997905925
0.443812999947113
0.48359500010519696
0.4100129999642377
0.8406060001107107
0.7532129998253367
0.5630069999824627
0.36644099986915535
0.8658659999127849
0.40869300005397236
0.5124260001139191
0.39825199996812444
0.4646039999443019
0.3606509999372065
1.2395610001476598
0.772340000139593
0.7290050000392512
0.37705199997617456
1.1244910001551034
0.46834399995532294
0.3732210000180203
0.4536339999958727
0.4146530000070925
0.34899999991466757
0.42098300014004053
0.3916269999990618
0.8378800000627962
0.4263830001036695
1.0478720000719477
0.3337000000556145
0.6408589999864489
0.38059100006648805
0.4592340001181583
0.36975100010749884
0.44404300001588126
2.0319620000464056
0.7300219999706314
1.2675079999553418
0.36185299995850073
0.5384040000535606
0.45801399983247393
0.3896519999671
0.4517729998951836
0.3628209999533283
0.47270400000343216
0.8971669999482401
0.45482400014407176
0.6414419999600796
1.2588780000442057
0.4031999999369873
0.41745799990167143
0.3242550001232303
0.38169200001902936
1.135828000087713
0.8632139999917854
0.6715909999002179
1.2521270000434015
0.3652539999166038
0.6208159998095653
0.4868349999469501
0.3956220000418398
0.7940640000470012
0.7113440001376148
0.3768189999391325
0.6742410000697419
0.3811720000612695
1.1320940000132396
0.5099759998756781
0.5119349998494727
0.4463089999262593
1.317944999982501
1.1015029999725812
1.3953120001133357
0.40655199995853764
0.6448599999657745
0.4292930000246997
0.37456099994415126
0.330569999960062
0.867912000103388
0.7791030000134924
1.0079049998239498
0.4469689999950788
0.5495419998169382
0.3391400000509748
0.43996299996251764
0.35095099997306534
0.4103130002022226
0.5762069999946107
1.9567790000110108
0.594228000181829
0.7973739998305973
0.4665440001190291
0.35570000000006985
0.4085630000645324
0.4703649999555637
0.362710999979754
0.3815119998762384
0.42724299987639824
0.35332299989931926
0.7219300000542717
0.7022340000730765
1.0031869999238552
0.7004510000570008
0.45455899999069516
0.38619899987679673
0.4267700001037156
0.4793150001205504
0.3625409999585827
1.3956370000869356
1.2888189999102906
0.9803099999317055
0.5263410000679869
0.33650000000307045
0.3778020000027027
0.4417430000103195
0.3697110000757675
0.46533600016118726
0.40062000016405364
0.3595509999740898
0.6869619999179122
0.5320960001427011
0.7020139998985542
0.5060149999280839
0.43131300003551587
0.36985700012337475
0.512039999875924
0.3588710001167783
0.5110949998652359
0.36107100004301174
1.416778000020713
0.9053940000285365
0.6315269999959128
1.3131000000612403
0.469255000098201
0.43132299992976186
0.3784619998441485
0.47557400012010476
0.3764620000765717
0.5049060000601457
0.41279199990640336
1.4024029999291088
0.5500359998222848
0.39315200001510675
0.4618840000603086
0.41191299987985985
0.5328319998625375
1.6024659998947755
0.6502869998712413
0.5603770000561781
1.0227310001482692
0.45411400014927494
0.6888810000873491
0.36505100001704704
0.48892399991018465
0.4188630000498961
0.6533389998821804
0.34773100014717784
0.9595189999345166
0.5615569998553838
0.9659320000992011
0.6633200000578654
0.4777510000621987
0.34729100002550695
0.5912630001603247
1.7477210001288768
0.5372539999370929
1.200836999942112
0.41341199994349154
0.5920179999066022
0.3452200000992889
0.36555099995894125
0.4740239999136975
0.731891999976142
0.5704070001684158
1.4216530000794592
0.5409370000961644
0.4181760000392387
0.518853000130548
0.39913199998409254
0.36588700004358543
1.790409000022919
0.3975149998041161
2.067979999992531
0.37756099982289015
0.8287749999453808
0.4340030000093975
0.48599499996271334
0.39631300001019554
0.40085299997372204
0.9109180000450579
0.797184000020934
0.5300170000737126
0.6920139999238017
0.5718680001791654
0.4228860000239365
0.3753879998384946
0.37175199986450025
0.41656300004433433
0.4419729998517141
0.40808200014907925
0.3567310000107682
1.232330000220827
1.2860260001161805
1.378681999995024
0.4447629999049241
0.39321199983533006
0.4011429998627136
0.3675109999221604
1.257347999853664
0.857545999906506
0.7906240000465914
1.4996560000781756
0.39000099991426396
0.3276299999015464
0.7688430000598601
1.7969849998280552
1.1005159999513126
0.4481260000375187
0.3923059998669487
0.6029280000348081
0.3950619998249749
0.3628609999850596
1.1361440001564915
0.601937999817892
0.8012969999526831
0.700318000099287
0.4058419999637408
0.40644199998496333
0.4003919998467609
0.3339200000027631
0.3889309998612589
0.6797809999170568
1.6558709999117127
0.655929999993532
0.5464070000016363
0.718946999995751
0.4666890001772117
0.4822949999834236
0.39817300012146006
0.37192199988567154
0.3312199999072618
0.42219300007673155
0.9226580000358808
0.8638469998913934
0.4326630000832665
1.0449119999975665
0.5709069998829364
0.4137729999911244
0.38043199992898735
0.468153999918286
0.3485830000045098
0.4300699999930657
0.3996020000158751
1.4463340000929747
0.8383150000099704
0.6408900001133588
0.6923409998762509
0.5730070001845888
0.37548200020864897
0.40721300001678173
0.5112050000661839
0.41551200001777033
0.42757299979712116
1.1109259999102505
0.8486930000799475
0.47392400006174284
1.0805029999119142
0.6872010001188755
0.4413730000578653
0.3836620001038682
0.3894710000622581
0.6649450001532387
1.8940129998554767
0.4790350001258048
1.454704000025231
0.5199580000407877
0.4780820001997199
0.6176589999995485
0.401043000010759
1.0203309998360055
0.36521099991659867
1.0435209999286599
0.4489340001327946
0.34297000001970446
0.4253729998708877
0.3835509999134956
0.5246759999408823
0.3415000001041335
1.5235359999223874
0.9253780001472478
0.7674830001178634
0.4393929998514068
1.2335900000834954
0.5700069998511026
0.40514000011171447
0.32693000002836925
0.8248950000506738
0.5524569999124651
0.7204920000276616
0.6143980001525051
1.1360949999925651
0.4084420002072875
0.4030919999422622
0.43642299988277955
0.3325499999391468
1.3802720000057889
0.7517520000419609
0.49637799997981347
1.0572090000096068
0.515616000029695
0.4064729998844996
0.44826399994235544
0.36891100012326206
0.35476099992592935
0.8496160000959208
1.2713179999082058
1.4807580000706366
0.5233290000887791
0.4949199999373377
0.4187830002138071
0.5730469999889465
0.36372099998516205
0.4415329999574169
0.4395329999624664
0.39570199987792876
0.8381200000258104
0.4724049999822455
1.4355289999912202
0.4669949998969969
0.33668099990791234
0.39026100012051756
0.4061720001118374
0.5066359999545966
0.5229359999248118
0.43370299999878625
0.9042080000654096
1.4626350000526145
0.4208329999073612
0.37131099998077843
0.36156100009065995
0.38352100000338396
0.33677999999781605
0.4245330001140246
0.6049989999610261
1.2320770001679193
0.3917220001312671
1.4000020000821678
0.3493500000786298
0.5444260000331269
0.3727010000602604
0.43070400010947196
1.1880410002049757
0.7883420000780461
1.1725930000920926
1.267969000082303
0.3711609999754728
0.38839200010443165
0.4786649999459769
0.41760199997042946
0.43453299986140337
0.37097099993843585
0.4182929999387852
0.42474400015635183
0.75640599993676
0.8571639998535829
0.9922300000653195
0.5070180000075197
0.37251900016599393
0.4618339999069576
0.3532810001161124
0.9752599999046652
0.8187650000763824
0.4946049998579838
1.0072610000406712
0.40222500001618755
0.48029200002019934
0.4175230001237651
0.349910000068121
0.4182929999387852
0.3825520000191318
2.223297000000457
0.44892400001117494
0.9482289999596105
0.5699200000890414
0.48443200012115994
0.47512400010418787
0.44516399998428824
0.5814369999370683
0.5392559999108926
0.44383399995240325
0.5371970000851434
0.8145239999066689
0.49211800001103256
0.7883809998929792
0.3905309999936435
0.4451239999525569
0.44349300014800974
0.3313300001082098
0.6426890001876018
0.39829199999985576
1.317120000067007
0.34424000000399246
0.6553529999564489
0.5768270000316988
1.2788490000730235
0.4782139999406354
0.4065620000801573
0.6254990000797989
0.5049250000865868
0.3818810000666417
0.7719740001448372
0.4076319999057887
0.9359979999317147
0.426863000029698
0.5230750000464468
0.40080199983094644
0.45101899991095706
0.4382580000310554
0.38706200007254665
0.36836200001744146
0.3995019999365468
0.40434199991068454
0.8103640000172163
0.6746899998688605
1.373671999999715
0.36079100004826614
0.37904399982835457
0.35009800012630876
0.39526099999420694
0.5327159999524156
1.3776619998679962
0.40221200015366776
0.4048520002015721
0.6129889998192084
0.642989999960264
0.417862999938734
0.4756040000302164
0.4003120000106719
0.7504229999995005
1.2913400000797992
1.3540410000132397
0.8604960000866413
0.6026480000400625
0.40167199995266856
0.4408629999943514
0.39121200006775325
0.3817310000613361
0.4050820000429667
1.5908779998881073
0.49384499993720965
0.5506869999862829
0.42319299996051996
0.4490430001169443
0.344710000035775
0.4277630000615318
1.0323040000912442
2.0447219999368826
0.4513209999004175
0.7121920000372484
0.7321619998492679
0.6617599999572121
0.407722000090871
0.5103660000713717
0.5830430000060005
1.470854999979565
0.6990510000832728
1.1177139999745123
0.5722079999941343
0.38103099996078527
0.4304530000354134
0.5907479999223142
1.2456280001060804
1.1622759998317633
0.9638090000407828
0.5085049999706825
0.37375099987002613
0.3540709999469982
0.3616609999426146
0.44350400003168033
0.40814299995872716
0.45030899991616025
0.87841100003061
0.7899390000147832
0.4488909999054158
0.5909779999910825
0.6287559999691439
0.8916570000110369
0.38574200016228133
0.6190990000050078
0.562897999998313
0.39692199993623944
0.8729769999717973
0.8653289999074332
0.3774710000925552
0.4456110000319313
1.0758220000752772
0.38119400005598436
0.3674089998639829
0.5652280001413601
0.3881009999986418
0.4330560000198602
0.7789129999764555
0.8198619998438517
0.5317569998624094
0.4601590001129807
1.0410489999230776
0.6066280000140978
0.4319049999139679
0.5056129998592951
0.6055160001778859
2.364584999895669
0.5477189999965049
0.7761690001188981
1.0199309999734396
0.7205720000911242
0.40306300002157514
0.5831829998896865
0.7617579999532609
0.5561469999975088
0.34425299986651225
0.5939659999967262
0.43695300018953276
0.9421579998161178
0.4222229999868432
0.44216300011612475
0.3669709999485349
0.3493699998671218
0.4175429999122571
0.5187160002151359
1.6576329999224981
0.7747199999812437
