payload_size_bytes=10240
runs=1000
mean_ms=0.641
median_ms=0.450
stddev_ms=0.462
min_ms=0.309
max_ms=3.962
---raw---
0.7412120000935829
1.8397659998754534
0.5957679998118692
0.8024139999633917
0.49151500002153625
0.5769179999788321
1.063156999862258
0.5533169999125676
0.4240179998760141
0.5095559999972465
0.4107020001811179
0.4341730000305688
0.4378630001156125
0.6535500001518812
0.3723110000919405
2.765154000144321
1.3685420001365856
1.412953999988531
1.1733050000657386
2.0194310000078985
0.6890199999816105
3.843576999997822
0.42313799986004597
1.9328640000821906
0.6996310000886297
1.231647999929919
1.079002999858858
0.6361590001233708
0.7036510000943963
0.4196229999706702
0.3927919999568985
0.4413039998780732
0.9214479998718161
1.4596839998830546
0.670149999905334
0.41235200001210615
0.49179500001628185
0.7132119999369024
1.3158700000985846
0.6113540000569628
1.1235279998800252
0.44232400000510097
0.8177099998647464
2.006645999927059
1.2585389999912877
1.2924740001380997
0.9871550000752904
2.7622939999218943
1.1028730000361975
1.051931999882072
0.3583200000321085
1.590089000046646
0.36952599998585356
1.4708799999425537
0.4654940000818897
0.46912399989196274
0.5448870001600881
2.5276059998304845
1.0486930000297434
1.2272469998606539
1.1448449999988952
2.1576509998340043
0.5931230000442156
2.4625749999813706
0.9490089998962503
2.9167180000513326
0.8477659998789022
0.5802030000268132
0.36239100018065074
0.6620000001476001
0.37328200005504186
1.5148309998949117
0.7827340000403638
1.05971299990415
0.37881200000811077
1.027581000016653
0.35823100006382447
1.2135069998748804
0.40877199990063673
0.4858250001689157
0.3451009999935195
2.058832000102484
0.5743780000102561
3.033402000028218
1.7775030000848346
2.5482569999439875
1.0828130000390956
2.6559899999938352
0.6223679999948217
1.1292249998859916
0.6288489998951263
3.032822000022861
0.7819339998604846
0.9529090000341967
1.5960989999257436
1.0070660000565113
1.0518960000354127
3.9618430000700755
1.6269570000986278
0.5463660002078541
1.5892890000941406
3.4361549999175622
1.5168760000960901
0.6698400000004767
0.5315070000051492
1.0444520000874036
2.224826999963625
1.9695400001182861
0.4625139999916428
0.4877650001162692
0.423043000182588
0.4184729998542025
0.3643410000222502
0.5044350000389386
0.39597800014234963
0.4301879998820368
1.2597679999544198
1.39622300002884
1.703931000065495
1.405473000204438
0.3294050000022253
0.9931299998697796
0.5362399999739864
0.5059249999703752
0.39554199997837713
1.4900060000400117
0.8815379999305151
2.181876000122429
0.7608230000641925
1.3432969999485067
1.2258819999715342
0.6265879999318713
1.376942999968378
2.241037999965556
2.888717999894652
0.5770970001321984
0.5020849998800259
1.7838339999798336
0.5980280000130733
0.48405500001535984
0.40952200015453855
0.5298859998674743
0.33372100006090477
0.3699009998854308
0.35956100009570946
0.5847079999057314
0.44272300010561594
0.5075459998806764
0.5296369999996386
0.38468200000352226
0.9379880000324192
0.9517890000552143
0.5435670000224491
0.6257889999687904
1.313553000045431
0.42302300016672234
0.3420709999772953
0.41485199994895083
0.4523140000856074
0.4961839999850781
0.3811220001352922
0.43751299995165027
0.5004079998798261
0.5439429999114509
0.44531399998959387
0.4594039999119559
0.39348199993582966
0.4800340000201686
0.4850849998092599
0.5604559999028424
0.3780819999974483
1.1975459999575833
0.34391000008326955
0.5299960000684223
1.3594609999927343
0.38646200005132414
0.44809599990003335
0.39322199995694973
0.3914789999726054
0.3828919998341007
0.4448129998309014
0.572870000041803
0.4023019998840027
0.49118399988401507
0.5248659999779193
0.34745099992505857
0.39940200008459215
0.4444639998837374
1.1807030000454688
1.1177740000221092
0.5131950001668883
0.35394299993640743
0.3743789998225111
0.3899020000517339
0.37561099998129066
0.4068420000749029
0.3390300000774005
0.36355099996399076
0.3748909998648742
0.4237059999923076
0.6179060001159087
1.2508209999850806
0.39471199988838634
0.4102830000647373
0.9503780001978157
0.47166699982881255
0.5549739998969017
0.4550359999484499
0.40345000002162124
0.3911320000042906
0.6086179998874286
0.36957200018150616
0.689540000166744
1.8465790001300775
0.6391980000444164
0.43924400006289943
0.8814370000891358
0.5087749998438085
0.41893299999173905
0.39387200013152324
0.4084119998424285
0.43802599998343794
0.3252970000175992
0.38967099999354105
0.3788619999340881
0.46849399996062857
1.716852000072322
0.44914399995832355
0.5565070000557171
1.1110630000530364
0.3521700000419514
0.44095400016885833
0.39724199996271636
0.45925400013402395
0.37700100006077264
0.35720100004255073
0.33815999995567836
0.36388100011208735
0.48679400015316787
1.3573010000982322
0.3667409998797666
0.9644599999774073
0.6048790000932058
0.3894819999459287
0.4628940000657167
0.4678039999816974
0.405252000064138
0.3880740000568039
0.4091899998002191
0.3825410001354612
0.4649939999126218
0.4766069998822786
0.40063000005829963
1.253968000128225
1.0391710000021703
1.4707350001117447
0.3943920000892831
0.4525330000433314
0.39077199994608236
0.3844309999294637
0.4448439999578113
0.43332299992471235
0.3443359998982487
0.4417390000526211
0.4320230000303127
1.1266699998486729
0.6720610001593741
0.7860880000407633
0.7179869999163202
0.5973419999918406
0.4759699997975986
0.34966499993061007
0.3722269998434058
0.37098099983268185
0.4554839999855176
0.34950100007336005
0.3766969998650893
0.41952300011871557
0.5045850000442442
1.352671999939048
0.47702400001981005
1.369580999835307
0.5860779999693477
0.3996340001322096
0.48445199990965193
0.3396199999770033
0.39753199985170795
0.4619540000021516
0.42175299995506066
0.4184629999599565
0.47027699997670425
0.3382480001619115
0.3940039998724387
0.4499009999108239
0.3235189999486465
0.6118789999618457
0.618658999883337
0.4758249999667896
0.7199670001227787
0.5406010000115202
0.3711520000706514
0.4033129998788354
0.4244419999395177
0.38136200009830645
0.4263129999344528
0.36998199993831804
0.38157200015120907
0.4496130000006815
0.3466410000783071
0.5794379999315424
0.7121310000002268
1.014640999983385
0.4633840001133649
1.4388239999334473
0.6943809999029327
0.40505199990548135
0.34529100003055646
0.390871999798037
0.45987399994373845
0.5466469999646506
0.37446099986482295
1.4588839999305492
0.36211699989507906
0.5459009998958209
0.8494660000906151
0.9707199999411387
0.4171919999862439
0.3834820001884509
0.3460800000993913
0.37809100012964336
0.36892100001750805
0.57116700008919
0.4479930000798049
0.43059300014647306
0.3845019998607313
1.036400999964826
0.371376999964923
1.3333900001271104
0.5494269998962409
0.3514750001158973
0.37844200005565654
0.44178300004205084
0.36267100017539633
0.3851709998343722
0.40515199998480966
0.5190260001199931
0.3393500001038774
0.4699839998920652
0.37230099997032085
0.5111460000080115
1.1379850000139413
0.7749679998596548
0.8089390000804997
1.3908219998484128
0.5683179999778076
0.38441200013039634
0.4275019998658536
0.37013200017099734
0.35808100005851884
0.38712100013071904
0.4387839999253629
0.5508859999281412
0.6610800000999006
0.797035000005053
0.4456140000002051
1.187206000167862
0.42054300001836964
0.39427199999408913
0.4306419998556521
0.40097299984154233
0.35178099983568245
0.379521000013483
0.3324899998915498
0.4132520000439399
0.3553410001586599
0.6220790000952547
0.4800340000201686
1.248467999857894
0.4788769999777287
1.2312349999774597
0.46110399989629514
0.5210050001096533
0.42752199988171924
0.49352499991073273
0.375521000023582
0.3738709999652201
0.36388100011208735
0.43154300010428415
0.3810619998603215
0.38163100020938145
0.36477100002230145
1.0497209998447943
0.7492330000786751
0.5017660000703472
0.953949999939141
0.7544819998202001
0.478219999877183
0.4116070001600747
0.363800999821251
0.35327099999449274
0.46081400000730355
0.3789019999658194
0.36012100008520065
0.40560299999015115
1.3922119999278948
0.7202320000487816
1.2051820001488522
0.6860810001398931
0.38927600007809815
0.4288229999929172
0.40007699999478064
0.3821859997970023
0.5355159998998715
0.5312560001584643
0.4431730001215328
0.39972200011106906
0.4088419998424797
1.1993759999313625
0.3599919998578116
0.8057099998950434
0.7668179998745472
1.4871650000713998
0.38700699997207266
0.4114969999591267
0.41588300018702284
0.5384959999901184
0.468083999976443
0.41999299992312444
0.45490399998016073
0.46757399991292914
1.1345450000135315
1.0590470001261565
0.48388899995188694
0.9789299999738432
0.5289159998937976
0.4075019999163487
0.3474410000308126
0.3881420000197977
0.33966999990298063
0.3529099999468599
0.36731099999087746
0.45036899996375723
0.36382500002218876
0.43100299990328494
0.8526359999905253
1.0329410001759243
0.48454500006300805
0.9004690000438131
0.6191160000525997
0.42602300004546123
0.3575509999791393
0.5566719999023917
0.35701500019058585
0.5274860000099579
0.4157619998750306
0.43513400009942416
0.48687399998925684
2.037271999824952
0.7178819998898689
0.9293180000895518
0.5216659999405238
0.4268730001513177
0.3758119999019982
0.4450230001111777
0.3897920000781596
0.48747400001047936
0.48484499984624563
0.35978100004285807
1.1166199999479431
0.3508699999201781
0.6711150001592614
0.7616230000166979
0.8413349999045749
0.5120759999499569
0.514565000003131
0.3708210001605039
0.3870919999826583
0.44653300005847996
0.3455400001257658
0.42171299992332933
0.43039199999839184
0.377837000087311
0.4404880000947742
2.0359110001209046
0.41860300007101614
0.4104029999325576
0.3312200001346355
0.7744939998701739
0.35902099989471026
0.5262160000256699
0.3849419999824022
0.5222760000833659
0.4234519999499753
0.5595770001036726
0.37838699995518255
0.3574350000690174
0.3514560000894562
0.9969999998702406
0.38391099997170386
1.0244659999898431
0.5823870001222531
1.1541149999629852
0.7178969999586116
0.4313669999191916
0.3974920000473503
0.3875820000303065
0.41097199982687016
0.3899120001733536
0.42469300001357624
0.5251060001683072
0.4011880000689416
0.3946770000311517
0.42607299997143855
0.9999300000345102
0.49974500007010647
1.296598999942944
0.3544009998677211
0.36437100015973556
0.3997819999312924
0.3786810000292462
0.3448800000569463
0.3687210000862251
0.39282200009438384
0.3925729999991745
0.34619100006239023
0.837334999914674
0.7202930000858032
1.5443070001310844
0.44520300002659496
0.4859749999468477
0.37783099992338975
0.3902519999883225
0.43742399998336623
0.4019319999315485
0.3483200000573561
0.37953100013510266
0.4634939998595655
0.7116209999367129
0.41064199990614725
0.4665440001190291
0.366580999980215
0.37384100005510845
0.533886000084749
0.4849749998356856
1.304874999959793
0.4420330001266848
0.3588259999105503
0.4318439998769463
0.4903849999209342
0.4253130000506644
0.3446509999776026
0.3962719999890396
0.5675770000834746
0.4848850001053506
0.8257849999608879
1.5839780000987957
0.4377130001103069
0.8158450000337325
0.4381080000257498
0.38624700005129853
0.4861840000103257
0.4022020000320481
0.403801999937059
0.3787810001085745
1.5142359998208121
0.6593899997824337
0.5206159999033844
0.6463489999077865
0.6791509999857226
0.5186360001516732
0.44311900001048343
0.4499440001382027
0.35474500009513577
0.8597159999226278
0.33524099990245304
0.51694600006158
0.5212759999722039
1.877827000043908
0.6790709999222599
1.0639619999892602
0.3592709999793442
0.6588910000573378
0.43339399985597993
0.35847999993166013
0.38791199995102943
0.4215720000502188
0.4259229999661329
0.3597729999000876
0.4875219999576075
1.3092300000607793
0.7109810001111327
0.5366259999846079
0.3799510000135342
1.3509010000234412
0.3978219999680732
0.46423399999184767
0.40476300000591436
0.4070719999162975
0.3236299999116454
0.4617239999333833
0.41162299999086827
0.36576100001184386
0.36139100006948865
1.264137999896775
0.7512930001212226
1.6107689998534624
0.6145689999357273
0.4012920001059683
0.49085499995271675
0.43869399996765424
0.42656300001908676
0.3492099999675702
0.37538200012932066
0.41815300005509926
0.46087400005490053
0.4457439999896451
0.42064300009769795
0.5185150000670546
0.34408100009386544
0.46989999987090414
0.35431099991001247
0.4233429999658256
0.7301470000129484
0.8943170000748069
0.4122029999962251
1.2780580000253394
0.40892299989536696
0.4776650000621885
0.3644209998583392
0.3560099999049271
0.3516309998303768
0.3865820001465181
0.34114000004592526
0.3406700000141427
0.34060100006172433
0.9188680000988825
0.7055720000153087
0.9021370001391915
1.006900999982463
0.35109100008412497
0.4254430000401044
0.35564099994189746
0.3350900001350965
0.495024999963789
0.3628709998793056
0.44150300004730525
0.35774100001617626
0.35664999995788094
1.4205429999947228
0.717352000037863
0.5297120001159783
1.6034830000535294
0.4739040000458772
0.46085899998615787
0.46037900006012933
0.7589190001908719
0.3861669999878359
0.4711239998869132
0.3582710000955558
0.9121970001615409
0.668800000084957
0.9914750000916683
0.36931599993295094
0.4223140001613501
0.35874100012733834
0.5991129999074474
0.3897470000993053
0.46816500002933026
0.42265199999746983
0.4498939999848517
0.5107249999127816
0.4658249999920372
0.4404779999731545
2.1111450000717014
0.8636059999389545
0.9089019999919401
0.4494939998949121
0.4005230000529991
0.42058200006067636
0.47181400009321806
0.37971699998706754
0.35873000001629407
0.42392799991830543
0.5558919999657519
0.5112149999604299
0.39093200007300766
0.5500269999174634
0.4620440001872339
0.727766999943924
1.2623689999600174
0.543947000096523
0.4404489998250938
0.4681890000028943
0.38119200007713516
0.38307699992401467
0.44842399984190706
0.40127200009010267
0.37882100014030584
0.3547449998677621
0.5828679998103325
1.332121000132247
0.7836589998078125
0.34893500014732126
0.4080569999587169
0.375586000018302
1.0125609999249718
0.5284060000576574
0.3862720000142872
0.340500999982396
0.41317199998047727
0.3579330000320624
0.36769900020772184
0.3616510000483686
0.3583309999157791
1.3519909998649382
0.7424619998346316
0.42491299996072485
0.999050000018542
0.6844530000762461
0.3528409999944415
0.42326099992351374
0.3979410000738426
0.3522839999732241
0.3763689999232156
0.3392999999505264
0.35923999985243427
0.37959199994475057
0.3995909999048308
1.5651969999908033
0.36661099989032664
0.9415389999958279
0.5871880000540841
1.347430999885546
0.4887749998943036
0.5386259999795584
0.4186830001344788
0.35365100006856665
0.40244199999506236
0.40721499999563093
0.3517879999890283
0.38414100004047214
0.9307479999733914
0.5916879999858793
0.35447100003693777
1.349061000155416
0.3797809999923629
0.668879999921046
0.3665609999643493
0.4855839999891032
0.41445300007580954
0.5166860000827
0.36055100008525187
0.3626010000061797
1.7911649999859947
1.1270339998645795
0.7778839999446063
1.2920589999794174
0.4304650001358823
0.45543100009126647
0.4035919998841564
0.3649230000064563
0.39072999993550184
0.3444900000886264
0.39393199995174655
0.41910300001291034
0.4472830000850081
1.4849879999019322
0.5815350000375474
0.4522839999481221
1.2132970000493515
0.5506369998329319
0.3372500000295986
0.4469129999051802
0.38739199999326956
0.3520700001899968
0.45482400014407176
0.36451199980547244
0.5378270000164775
0.3580009999950562
1.7194629999721656
0.37352100002863153
0.7448819999353873
0.6217190000370465
1.4568839999355987
0.4357329999038484
0.3969220001636131
0.3911919998245139
0.38403200005632243
0.3823909999027819
0.3786509998917609
0.3303399998912937
0.5776380000952486
0.635240000065096
0.7517980000102398
0.843795000037062
1.5087860001585796
0.38075600014053634
0.40332699995815346
0.3726009999809321
0.42967799981852295
0.34088499978679465
0.38912599984541885
0.40448300001116877
0.37258099996506644
0.3582809999898018
3.542427999946085
0.4063729998051713
0.5664270001943805
0.3837819999716885
0.40577200002189784
0.38297100013551244
0.4545940000753035
0.5890979998639523
0.4555279999749473
0.3478809999251098
0.4721289999451983
0.48299500008397445
0.695861000167497
0.7794339999236399
1.57241800002339
0.5430260000593989
0.3971020000790304
0.3451600000516919
0.43857299988303566
0.41132799992738
0.38475599990306364
0.4412340001636039
0.478154999882463
0.35067099997831974
0.4109930000595341
1.2262669999927311
0.7012210000993946
1.590154000041366
0.5376909998631163
0.6051489999663318
0.43626299998322793
0.4019719999632798
0.38154100002429914
0.3596510000534181
0.48099400009959936
0.40200200010076514
0.6051279999610415
0.5544969999391469
0.8693469999343506
0.43325400019966764
0.7374220001565845
0.5525869999019051
0.4349539999566332
0.33777100020415673
0.3856119999454677
0.33516999997118546
0.5952180001713714
0.3586469999845576
0.3733660000762029
0.3927619998194132
0.6610899999941466
0.4411540001001413
0.38098100003480795
0.3336000002036599
0.39491200004704297
0.6613200000629149
0.5390809999425983
0.4102230000171403
1.5582470000481408
0.5071000000498316
0.47811500007810537
0.5599360001724563
0.39740800002618926
0.38569599996662873
0.35926099985772453
0.3711010001552495
0.3950519999307289
0.308703999962745
1.2422780000633793
0.5894529999750375
1.3518959999601066
0.4331780000939034
0.33701099982863525
0.44920400000592053
0.37307200000213925
0.3560709999419487
0.3839910000351665
0.36042099986843823
0.38723099987691967
0.6388199999491917
0.4436230001374497
1.5328370000133873
1.0511219998079468
0.3708539998115157
0.5276660001527489
0.3477779998775077
0.3681809998852259
0.49739599990061834
0.397452000015619
0.5452069999591913
0.3612699999848701
0.3751420001663064
0.3930309999304882
0.4261520000454766
0.8069149998846115
0.7313880000765494
1.7480680000971915
0.6182489998991514
0.4533789999641158
0.3389600001355575
0.36549599985846726
0.45653899996978
0.4076220000115427
0.3637410000010277
0.3493009999147034
0.3962170001159393
0.6148190000203613
1.785283999879539
0.42335300008744525
1.148364999835394
0.3742110000075627
0.43249300006209523
0.5065350001132174
0.35448099993118376
0.4580939998959366
0.3977819999363419
0.44163399979879614
0.3664519999801996
0.4212920000554732
0.47442400000363705
1.080462999880183
0.3307100000711216
0.935088000005635
1.0674919999473786
0.44189400000504975
0.3621509999902628
0.48472399998900073
0.45388400008050667
0.47570399988217105
0.39767200019014126
0.3849919999083795
0.3722319997905288
0.4030830000374408
0.581047999958173
1.7227319999619795
0.40736799996921036
0.6141179999303858
0.442254000063258
0.47435900000891706
0.3660710001440748
0.50550499986457
0.4634039999018569
0.38634199995613017
0.5448070000966254
0.49505499987390067
0.4359019999355951
0.4012580000107846
0.5742719999943802
0.8962669999164063
0.7198579999112553
0.6257439999899361
0.6757000001016422
0.4251630000453588
0.4820250001102977
0.4393829999571608
0.3562010001587623
0.42402300005051075
0.342170000067199
0.40630300009070197
0.40008199994190363
0.46347400007107353
0.34629999981916626
0.37799100005031505
0.42281299988644605
1.431423999974868
0.4354989998773817
1.0489720000350644
0.38530699998773343
0.38055099980738305
0.45632399996975437
0.4765139999562962
0.4137829998853704
0.45201399984762247
0.3834520000509656
0.43446300014693406
0.5231960001310654
1.1182840000856231
0.872186000151487
0.5014400001073227
0.7466930001100991
0.5474720001075184
0.44841899989478406
0.40707700009079417
0.36362099990583374
0.37230099997032085
0.47807400005694944
0.46712400012438593
0.4091129999324039
0.3866119998292561
0.3951919998144149
0.39569199998368276
1.2071860001015011
0.4100019998531934
0.39554199997837713
0.8441850000053819
