Messages/sec=19.70
duration_sec=60.038
payload_size_bytes=8388608
total_messages=1183
payload_throughput_MiB_sec=157.63
mean_rtt_ms=27.297
median_rtt_ms=26.915
stddev_ms=5.184
min_ms=16.241
max_ms=69.333
---raw_latencies_ms---
37.14631799994095
30.021061999832455
27.81358500033093
23.932975999741757
24.903535999328597
23.244985999554046
21.6183379998256
22.294656999292783
22.752972000489535
21.676927999578766
25.6008380001731
20.98036699953809
18.628965000061726
19.677909000165528
33.87782000027073
23.555755999950634
22.36801000071864
23.460573000193108
31.3753540003745
33.6888829997406
32.45360599976266
33.41573499983497
39.10636799992062
21.634317000462033
29.307849999895552
20.931635000124515
18.816301999322604
21.323008000763366
33.9391709994743
31.383803000608168
31.112384999687492
30.60533999996551
30.95959100028267
31.53101699990657
29.627580000124
33.7482059994727
28.411633999894548
37.12096700019174
25.90707699982886
28.427332999854116
29.067993000353454
36.45736799990118
26.13014399958047
26.636219000465644
30.899919000148657
33.37659899989376
39.11264900034439
34.66128399941226
41.499829999338544
32.61581100014155
37.15785300028074
40.23205300018162
31.884399999398738
41.21246200065798
30.250615000113612
38.32037400025001
32.36849299992173
34.94094199959363
31.596555000760418
40.15956999955961
21.03688900024281
23.2554659996822
27.970419999292062
46.13860100016609
39.8205000001326
37.77355000056559
40.91728000003059
43.317435999597365
28.94339399972523
34.01776400005474
34.711465000327735
24.744792000092275
27.267037999990862
32.192718000260356
30.401093999898876
30.76846500061947
27.436072999989847
26.927179000267643
32.30275199985044
35.49738800029445
25.22255700023379
30.60198000002856
35.91913099990052
27.132488999995985
36.256921000131115
24.545674999899347
25.8375450002859
20.95242599989433
22.395130000404606
25.16174399988813
22.21646399993915
22.77940200019657
26.972229000421066
22.17906399982894
30.441068000072846
21.148052000171447
28.676851000454917
22.796203000325477
26.72457199969358
25.87465700071334
26.088333000188868
19.50419199965836
25.22434599995904
27.315190000081202
36.25421200013079
20.0955710006383
28.890656999465136
24.49910399991495
29.047763000562554
24.508284999683383
37.45995699955529
30.14582600007998
20.083790000171575
21.87030400000367
28.986420999899565
24.682010000105947
24.200504999498662
27.82060499976069
23.222024999995483
27.527297000233375
21.023858999797085
28.699882000182697
21.076871000332176
27.735165000194684
22.67941899935977
26.218799000162107
20.52978399933636
23.014865000732243
20.7560309991095
25.384570999449352
24.812972999825433
23.61905699945055
26.994478999768035
27.76644299956388
27.07797200037021
20.75691000027291
26.212426000711275
20.400049000272702
28.246898999896075
21.890754999731143
27.132905000144092
23.18715500041435
23.492076999900746
27.05221199994412
21.397450000222307
28.515164999589615
21.71035999981541
25.93077799974708
24.190384999201342
27.466790999824298
25.809466000282555
25.840395000159333
21.72651999990194
28.82292599952052
23.26624699981039
22.374091000529006
30.24590899985924
21.919435000199883
30.303641000500647
19.93172600032267
21.91218600000866
32.46167700035585
20.81289200032188
27.60998999929143
24.116982000123244
28.029352999510593
23.446203000276
29.55011700032628
19.44726100009575
20.36939900062862
24.207035000472388
28.4819949993107
22.178083999278897
28.437033999580308
20.368047999909322
27.737594000427634
24.387331000070844
25.18984700054716
26.47541399983311
22.109141999862914
26.975368999956117
22.56594599930395
28.23978700052976
20.140164000622462
27.384199000152876
25.78609299962409
27.71170300002268
27.083264999419043
22.14802399976179
20.374888999867835
24.30270799959544
27.703851999831386
26.45281300010538
23.888325999905646
25.350699000227905
27.211687000090024
22.29310299935605
28.797375000067404
28.74256300037814
25.349340000502707
22.685709999677783
30.92741999989812
25.423242999750073
19.457241999589314
25.974299000154133
25.390032999894174
21.353398999963247
26.581236000311037
25.111712999205338
21.698059999835095
23.191355000562908
26.343410000663425
29.53248700032418
20.195113999761816
29.909499000495998
21.772492999843962
22.554356000000553
26.62613800021063
21.514595000553527
28.464976000577735
25.727760999870952
23.009808999631787
26.984138999978313
21.95046600081696
24.77304199965147
27.19491600055335
30.479926000225532
25.589416999537207
29.490165999959572
20.67498899941711
24.465033000524272
19.523653000760532
20.73781000035524
29.053032999399875
22.879868000018178
21.98157800012268
25.48064299935504
22.983777999797894
21.35980999992171
28.20777699980681
19.702413999766577
22.024738999789406
31.579540000166162
23.91067699954874
23.442771999725665
29.568228000243835
24.589687999650778
26.459333999810042
18.998016999830725
20.230653999533388
27.737721999983478
18.722359000094002
24.103572000058193
24.795852999886847
21.388768999713648
25.547355999151478
43.52866299996094
26.726062000307138
19.28216699980112
27.741741999307123
24.250876999758475
19.150411999362404
27.096032999907038
33.6774739998873
21.398919999228383
21.788340999592037
26.77723299984791
21.051379000709858
22.457321999354463
20.636256999750913
31.88382900043507
22.266415999183664
35.45300700079679
29.75153399984265
35.97333299967431
26.283188999514095
32.526048999898194
27.74933399996371
33.06683400023758
31.174038000244764
33.0984249994799
34.422026999891386
24.413572000412387
29.405995000161056
19.776320999881136
23.718649999864283
32.21101899998757
35.8279379997839
27.046420999795373
37.21454099922994
26.305229000172403
34.77661699980672
26.569298000140407
32.06873499948415
34.56033499969635
27.425542999480967
28.92529899963847
28.416143999493215
35.248901000159094
21.54767499996524
25.11161400070705
25.887437000164937
20.84699599981832
28.037142000357562
20.587146999787365
25.054670999452355
24.75422699990304
22.862423999868042
19.208273999538505
28.671881000263966
30.085024000072735
36.67192500051897
30.616731000009167
36.296146000495355
23.96992899957695
27.46508400014136
35.580781000135175
24.450063000585942
35.6774290003159
25.94522799972765
33.62998200009315
27.99443300045823
37.13123800025642
29.55694800039055
35.066705000645015
31.44523599985405
32.078773999273835
26.420632000736077
38.58129699983692
32.60636999948474
28.184947000227112
33.33976400062966
24.30886799993459
34.823927000616095
28.885898000226007
24.35637799953838
26.781423000102222
22.992788999545155
20.20008500039694
21.033799000178988
30.529337999723793
21.855734000382654
28.396003000125347
29.002251999372675
23.919135999676655
26.071391999721527
19.89199399940844
27.16964600040228
20.366718000332185
26.3330899997527
27.902238000024226
29.695682000237866
29.96943000016472
21.925547000137158
29.6927429999414
20.178223000584694
23.28680800019356
20.698588999948697
26.887136000368628
20.83989300081157
20.159872000476753
25.367481000102998
27.18097500019212
27.10787399973924
26.296009000361664
28.716922999592498
28.938159000063024
21.442371999910392
28.248837999854004
19.652947000395216
26.033330999780446
20.68637799948192
31.062564000421844
23.714320000181033
18.17145299992262
21.959458000310406
28.307769999628363
20.756961000188312
27.8982370000449
21.43440100007865
25.133805999757897
22.496888999739895
25.070382000194513
28.97899999970832
30.88684900012595
24.767013000200677
19.021348000023863
27.25600800022221
26.258127999426506
21.0759000001417
27.921488999709254
20.64547699956165
21.3347379994957
26.653829999304435
20.19337300043844
20.870063999609556
23.0633110004419
26.92209799988632
20.1690329995472
26.7755839995516
27.27634900020348
21.376569000494783
34.166018000178155
26.448313999935635
20.781170000191196
23.389729999507836
35.772317000009934
25.912546999279584
24.711670999749913
31.803567000679323
33.82925799996883
19.040731000131927
20.104010999602906
28.044871999554744
27.64365000075486
39.03627600084292
29.86534699994081
27.903307999622484
31.42899500016938
35.042045000409416
37.901112000326975
33.037782999599585
24.469584000144096
22.450671999649785
29.34280099998432
22.428510999816353
28.241717999662797
20.387079999636626
27.34476099976746
24.478723000356695
26.233756999317848
18.686987000364752
25.586817999283085
27.223457000218332
18.56049400066695
31.444934999854013
21.09492100044008
20.352988000013283
22.732591000021785
25.98493999994389
23.131103000196163
23.65042900055414
26.53489600015746
20.150471999841102
25.908287000675045
34.33757299990248
25.87907599991013
30.264162000094075
32.05842399984249
29.17304599941417
28.32659099931334
23.646968000321067
22.070949999942968
24.287467999783985
28.4438050002791
22.637137999481638
26.625559000422072
22.756241000024602
28.3454909995271
21.843643000465818
27.706731000762375
28.062041999874054
25.556626999787113
17.475120999733917
25.74632199957705
26.537617000030878
18.67403699998249
22.16857399980654
23.857084999690414
27.955249000115145
27.766203999817662
21.035068999481155
26.94119900024816
21.602595999866026
31.276083000193466
22.755740999855334
25.164727000628773
26.685810000344645
21.241675000055693
28.36888199999521
27.025130999390967
24.91318600004888
18.81494200006273
22.631087999798183
20.619836999685504
29.964502999973774
22.97470899975451
33.75816600055259
30.477195999992546
32.547554000302625
40.69777700078703
28.67735099971469
34.30876500078739
25.580847000128415
36.790357999962
25.094181999520515
23.66249599981529
30.45414499956678
37.23372100012057
27.39806200042949
37.02750500087859
21.889395000471268
30.963631000304304
29.380422000031103
37.230261000331666
38.418686999648344
35.85054900031537
25.39873199930298
33.44363899941527
25.613458000407263
25.76682300059474
25.30949900028645
37.765647000014724
25.75190199968347
36.445597000238195
27.680707999934384
37.33510399979423
27.582728000197676
35.39703499973257
32.47681700031535
37.97267299978557
28.915408999637293
42.039265999846975
28.385292000166373
35.16380900055083
33.76155600017228
31.28436299994064
34.020474000499235
25.54530599991267
31.62728600000264
32.46664600010263
36.31757299990568
31.894849000309478
40.09314799986896
27.58825799992337
30.044393000025593
32.22651800024323
29.366352000579354
22.867144999509037
22.79732300030446
27.007290000256035
21.738751000157208
22.361078999892925
29.24827400056529
24.15779399962048
25.80902400040941
25.722532000145293
28.345301000626932
27.348501000233227
24.489643999913824
26.969889000611147
30.871337999997195
28.843246000178624
25.941920000150276
30.12507000039477
25.682380000034755
29.8133960004634
25.9070870006326
27.648659000078624
21.533573999477085
29.390557999249722
28.49711599992588
24.777562999588554
19.709817999682855
24.753401999987545
20.98033999936888
21.921875999396434
24.373299999751907
20.14958200015826
29.361281999626954
24.779243000011775
25.787343000047258
28.833676999965974
29.992820999723335
25.717892000102438
23.16535899990413
27.921378999963054
32.14223600025434
31.320041999606474
31.543059000796347
39.940992999618175
21.001367999815557
32.09874499953003
25.08663200023875
26.63787900019088
22.94462699956057
24.029350000091654
25.259888000618957
23.803533000318566
28.88501699999324
23.665959000027215
30.42506399924605
24.053136000475206
23.511184000199137
29.921229000137828
24.946453000666224
28.136085999904026
22.781781999583472
28.806416000406898
24.105032999614195
30.344811999384547
27.385762999983854
20.231075000083365
23.14760399985971
28.261948999897868
24.513975000445498
19.65868700062856
19.170221999956993
24.103722000290873
24.152913999387238
30.340111999976216
23.93565700003819
31.278921000193805
18.84598200012988
21.669007999662426
30.520326999976533
20.31635700041079
26.897632000327576
22.202514999662526
29.006091999690398
32.29485100018792
22.24245500019606
31.01493199937977
35.59036099977675
32.3596730004283
38.19391999968502
32.95272100058355
40.9012479994999
26.02510999986407
32.352093000554305
33.356994000314444
39.35693600033119
31.79474599983223
32.616190999760875
36.64061200015567
26.976330000252347
31.525757000054
37.02171500026452
29.58206999937829
28.283039000598365
21.520883999983198
27.95273899937456
29.62818000014522
31.003052000414755
29.97969100033515
33.29492100056086
33.68587400018441
30.79097499994532
35.612321000371594
34.77677200044127
29.563447999862547
38.4504180001386
30.637041000773024
30.72155600057158
39.97287400034111
35.660623999319796
31.42812500027503
29.045932000371977
32.79830600058631
33.82197800056019
18.691677999413514
21.12465199934377
22.557061000043177
26.818735000233573
32.30658400025277
31.562969000333396
26.60031799950957
29.131365000466758
23.11210200059577
32.83878799993545
20.624285999474523
21.68307800002367
28.46471799966821
29.329510999559716
29.06650300064939
28.10365300047124
22.936546999517304
26.046171000416507
22.475423000287265
27.876787000423064
22.107660999608925
30.856778000270424
23.799223000423808
25.536444999488594
34.959122000145726
32.568589999755204
30.937339999582036
30.729713000255288
30.88391799974488
25.371481000547647
32.7395449994583
33.066983000026084
28.411123000296357
30.756535000364238
23.189538999758952
27.67929999936314
18.785326000397617
25.51940499961347
28.832838000198535
21.916077999776462
26.687077999667963
25.28660799998761
27.003714999409567
25.988399999732792
24.04610000030516
25.37340100025176
20.49237200026255
28.518776000055368
24.012439000216546
26.39301199997135
23.32870899954287
34.46591800002352
20.148732999587082
22.79894300045271
28.733492999890586
29.40430299986474
28.180135999718914
22.265447000791028
19.249864999437705
21.62240599955112
22.011808999195637
24.943028000052436
20.367477999570838
29.695911999624514
21.300756999153236
28.506106000349973
23.968177999449836
22.365069999978004
27.849297000102524
26.816954999958398
36.431317000278796
29.67691100002412
28.024101000482915
22.441602000071725
26.73058199980005
24.527275000764348
28.509415999906196
34.73482599929412
26.915426999948977
21.501092999642424
23.441372000888805
28.399423000337265
20.50201299971377
29.515456000808626
25.0986519995422
24.235115999545087
27.076982999460597
28.17963600045914
24.995579999995243
28.419852999832074
24.18676500019501
30.959650999648147
32.813337000334286
26.826594999874942
27.270678000604676
26.787943999806885
35.95354699973541
30.633476000730298
28.9583899993886
24.62508899952809
24.82004300054541
28.38666200022999
23.612748000232386
21.391199999925448
27.621518999694672
18.41879899984633
26.277588999619184
18.01003699983994
23.61912700052926
27.82817499974044
19.434209999417362
22.27822599979845
27.833235999423778
26.636829000381113
27.770224000050803
29.192347000389418
29.13724500012904
32.34255200004554
33.61993100043037
41.46982000020216
30.04542200051219
29.481036000106542
30.67231300065032
30.632281000180228
33.4525370008123
29.43468400007987
35.27144200052135
25.432602999899245
24.15069400012726
28.95754100063641
28.307460000178253
28.89353899990965
33.37452499999927
25.983020000239776
36.002523000206565
23.63496700036194
27.307130000735924
31.302000999858137
32.86592899985408
27.7926140006457
29.95353000005707
32.521197000278335
27.492084999721556
34.804666999662004
32.82423800010292
27.752179000344768
33.9688029998797
24.67338899987226
22.48170300026686
30.34689200012508
29.528228000344825
27.460354000140796
21.82941299997765
29.400902999441314
31.925679999403656
22.772642999370873
25.905546999638318
26.260868000463233
20.998338000026706
25.95047999966482
27.75667300011264
28.267288000279223
36.725281000144605
29.85024200006592
36.302583000178856
28.236768000169832
34.95281200048339
26.938948999486456
35.32878299938602
25.29003799918428
33.73973499947169
28.069332000086433
35.02502399987861
27.34968000004301
36.6729959996519
24.50118399974599
28.69175100022403
22.064799999498064
24.19429499968828
26.606519999404554
23.355010000159382
27.508776000104262
21.889786000429012
26.936619000480277
18.778862000544905
22.682830000121612
26.400743000522198
27.67897199919389
33.895279999342165
38.68482500001846
28.360591000819113
34.67919299964706
25.007719999848632
29.624100000546605
27.139535000060278
33.6391820001154
25.259777000428585
25.985669999499805
30.45566500077257
24.445253000521916
25.560727000083716
28.389901999616995
23.76730200012389
26.938309000797744
23.166114999185083
21.442551000291132
23.15889400051674
26.47161699951539
33.02142299980915
24.152934000085224
20.918455999890284
26.495465000152763
22.198718000254303
30.148572999678436
34.889711000687385
29.000681000070472
36.81259199947817
41.1238990000129
36.231662000318465
25.59296799972799
28.220047000104387
36.3820949996807
27.169770999535103
35.193839000385196
24.58408700022119
27.62036999956763
36.76445800010697
25.313509999250527
33.86761700039642
29.08166399993206
26.23607900022762
33.74099499978911
26.232586999867635
30.300849999548518
34.0964859997257
22.935197000151675
27.953548999903433
34.912590000203636
24.19968499998504
27.373811999495956
32.22466999977769
25.18616499946802
23.298498999793082
27.424252999480814
20.293387000492658
28.051462999428622
19.541083999683906
23.617427999852225
20.31975699992472
26.860615000259713
22.341189000144368
23.13188199968863
25.28631800032599
24.16127400010737
26.325668999561458
27.792154000053415
26.753491999443213
21.472796999660204
22.809862999565667
24.06615099971532
27.362202000404068
21.505513999727555
26.728631999503705
21.18069399966771
20.170533000055002
22.365139000612544
27.21698700042907
22.552385000381037
25.94302899979084
18.772218999401957
28.04069299963885
31.16185700037022
29.0199319997555
37.58877299969754
26.381162000689073
34.64871199957997
69.3333059998622
25.79381299983652
33.740005000254314
28.509976000350434
34.91458000007697
25.18819499982783
36.748165999597404
25.86966500075505
33.72866500012606
35.378229999878386
24.653839000166045
33.56237900061387
26.27650900012668
29.027702000348654
33.17206699921371
34.8947100001169
26.30803800002468
35.6986249998954
25.938460000361374
27.394081999773334
34.229920000143466
32.531447999645025
35.10431700033223
24.703750999833574
37.26897300020937
26.029960000414576
33.145190000141156
33.865667000100075
26.27364799991483
30.03538299981301
27.24265800043213
32.246449000012944
27.486925999255618
23.60079800018866
28.09154300030059
30.329401000017242
35.24781099986285
25.650318999396404
30.102513999736402
34.498586999688996
31.271411000489024
32.22572399954515
29.9852110001666
23.422191999998176
22.50679400003719
26.591057999212353
24.007428999539115
20.58184900033666
26.539937999586982
19.63686700037215
20.999727999878814
27.448802999970212
17.18994400016527
20.115890999477415
25.11391299958632
27.446543999758433
35.36991399960243
33.73784500035981
33.8354290006464
31.152096999903733
34.973372999957064
20.71213900035218
24.355569999897853
21.75757000077283
27.541106000171567
22.15797300050326
27.141984999616398
20.60898600029759
29.75624299961055
22.693840000101773
24.71950100061804
27.345120999598294
26.27618899987283
29.126765000000887
27.632198999526736
26.9250480005212
26.846767000279215
24.976920999506547
20.798302000002877
28.93833899997844
23.14227300030325
21.515385000384413
20.159881999461504
28.129974999501428
19.023798000489478
25.761283000065305
23.185713999737345
21.759721000307763
22.275666999121313
27.131933999953617
19.766561000324145
28.566027999659127
34.915510000246286
26.893777999248414
21.05366999967373
26.885088000199175
19.224198999836517
23.09599199998047
21.019957999669714
34.26900199974625
26.55859700007568
35.02382399983617
37.92947500005539
30.59196000049269
26.079492999997456
27.306370000587776
29.112403999533853
35.30783299993345
31.22875999997632
28.158035000160453
32.73684400028287
26.526096000452526
23.070510999787075
26.260337999701733
23.437791999640467
21.764631000223744
25.265946999752487
23.506503999669803
26.497210999878007
23.590787000102864
22.54407500004163
28.89348799999425
22.437411000282736
28.803905999666313
20.717899000374018
26.162135000049602
23.446402000445232
23.95993699974497
26.9150569993144
20.017788000586734
28.54945699982636
23.551290999421326
28.625889000068128
23.43907699923875
27.89251800004422
20.71140899988677
25.369371000124374
20.031939000546117
20.397530000082043
21.623037000608747
34.10619599981146
22.30944799975987
27.487241000017093
30.036456999368966
29.39167299973633
31.911488999867288
35.75825600000826
28.79749499970785
28.407132999745954
25.53955599978508
25.69506999952864
26.662530999601586
24.516415000107372
30.43756500028394
26.92706800007727
31.332501999713713
34.09682799974689
26.418772999932116
34.62208200016903
38.468059000479116
32.7214750004714
37.75813799984462
28.912318999573472
35.59894199952396
20.626536999770906
27.983019999737735
25.64609900036885
27.151144000526983
26.82663399991725
21.023627999966266
25.57990700006485
23.487559000386682
26.485405000130413
23.039250000692846
27.81597499961208
20.472721000260208
24.263780000183033
20.898826000120607
30.055702999561618
21.4882630007196
26.509835999604547
22.30267799950525
26.65164000063669
19.804732000011427
26.335775000006834
28.107663999435317
21.708000000216998
23.344178999650467
25.97681899987947
36.966413000300236
22.5480349999998
29.925109000032535
24.39384199988126
27.09203299946239
35.700053999789816
28.1867659996351
32.613541000500845
29.17262600021786
24.976069000331336
28.390822999426746
21.085541000502417
21.361108999371936
26.517596000303456
22.31225700052164
20.9289610002088
20.89766500012047
22.718520000125864
23.749341999973694
27.653891000227304
16.241033000369498
22.768451000047207
22.68857899980503
28.833665999627556
24.18792500066047
18.040418999589747
22.61907699994481
28.613768000468554
22.237266000047384
25.744890999703784
35.914830999900005
33.59433000059653
31.230479999976524
31.42413499972463
35.2802019997398
26.996569999937492
36.95019200040406
25.275648000388173
30.507407000186504
35.21602000000712
28.33374100009678
37.03926600064733
29.670674000044528
24.308248000124877
27.276177999738138
33.97197499998583
25.91458699953364
21.032549000665313
18.38182899973617
28.608177999558393
22.20982500057289
29.85269700002391
24.76541299984092
19.40438899964647
21.75190100024338
28.181871999549912
21.56313500017859
27.487315000144008
