Messages/sec=20.36
duration_sec=60.012
payload_size_bytes=8388608
total_messages=1222
payload_throughput_MiB_sec=162.90
mean_rtt_ms=27.487
median_rtt_ms=27.198
stddev_ms=6.378
min_ms=15.744
max_ms=128.329
---raw_latencies_ms---
128.32942100067157
35.77122099977714
28.23430799980997
35.40122600043105
26.395160999527434
19.68711900008202
19.429959999797575
19.950316000176826
27.7221450005527
35.08363599939912
30.188858000656182
28.361141999994288
33.12138599994796
33.55645900046511
30.323721000058868
40.60923300039576
37.189902999671176
38.506653999320406
31.607504999556113
40.959259000374004
25.781422999898496
27.90852799989807
26.749063999886857
27.359716000319168
26.183383999523357
24.998079999932088
23.96352300002036
21.158536999791977
28.64743999998609
19.505911999658565
24.861144999704266
27.62821000033
23.217213999487285
22.69702099965798
26.2528379998912
28.67048000007344
20.116360999963945
26.488663999771234
31.409365000399703
21.853262999684375
24.579056999755267
32.60210000007646
21.132701999704295
22.334367999974347
24.849510000422015
30.333550999785075
22.529314999701455
36.55376599999727
28.409503999682784
36.17343299993081
33.78674599935039
37.206699999842385
26.64979899964237
37.33893299977353
19.829824999760604
21.994016999997257
27.916960000766267
27.482989000418456
36.89464999933989
31.820988999243127
22.434143999817024
23.648207999940496
28.457767999498174
20.05068099970231
26.824417000170797
30.179416999999376
19.54003599985299
19.70067099955486
20.23723999991489
15.744240999993053
28.373531000397634
28.73056699991139
20.680827999967732
22.18475399968156
22.914656000466493
29.099053999743774
22.255434999351564
27.22825799992279
21.982406999995874
28.647690999605402
26.898127000094973
20.62381700034166
23.27101699938794
28.32604099967284
21.90376499947888
23.37232099944231
27.090673000202514
25.135523999779252
28.66274300049554
25.758282999959192
17.77448099983303
19.504781999785337
27.303089999804797
22.65871799954766
28.273398999772326
21.709110000301735
27.76646299935237
20.18745800069155
29.8286460001691
20.430891000614793
29.269814000144834
20.344077000117977
24.18927399958193
26.912467000329343
28.124786999796925
29.410094000013487
41.49252100069134
27.83566499965673
57.11343500024668
20.36811900052271
38.485440000840754
28.400371999850904
33.49278299992875
28.045342000041273
31.075107000106073
36.436407000110194
30.168975999913528
29.4137890005004
31.715673000690003
27.736583000660175
26.735152000583184
35.056944999269035
27.77150400015671
24.129542999617115
25.613147999138164
17.688306999843917
27.3003720003544
28.75981400029559
25.580358000297565
21.662147000824916
27.29415199974028
23.293457999898237
27.738222999687423
23.594177000632044
19.6863579994897
21.838663999915298
27.95772199988278
21.799735000058718
28.562277999299113
24.124092999954883
22.817502000179957
22.95703800064075
25.71057099976315
19.100358999821765
23.398050999276165
27.96115999990434
20.10360100030084
27.150230000188458
23.32252900032472
21.170912999878055
25.861985000119603
27.355545999853348
30.196468000212917
25.325849000182643
25.960529000258248
27.49616600067384
23.179443999651994
31.14508700036822
25.576666000233672
38.32093399978476
30.22763799981476
29.837350999514456
34.53432799960865
38.524834999407176
32.17324799970811
36.132958000052895
27.68692599966016
33.882458000334736
32.97732700048073
26.927438000711845
36.95096199953696
25.447832999816455
27.874315999724786
27.38805199987837
29.24063800037402
24.760221999713394
22.918775999642094
29.45704499961721
23.88522599994758
29.414169000119728
25.39454999987356
24.46095899995271
28.51588600060495
24.78528899973753
27.694061999682162
27.186067000002367
25.494174999948882
22.301017000245338
27.84930500001792
21.909684999627643
27.84872699976404
22.992418000285397
26.13307400042686
31.178068999906827
25.234746000023733
20.76130099976581
25.529075999656925
32.434865000141144
21.578464999947755
28.898116999698686
28.086295000321115
33.36221899917291
48.368488000051
38.98368399950414
31.561058999614033
37.148868999793194
38.9026909997483
27.204506000089168
34.49791799994273
35.2802609995706
30.850847000692738
30.076916000325582
39.23248599949147
28.831620000346447
35.079008000138856
28.27355899989925
34.40883999974176
22.11227099996904
24.635099000079208
24.640738999551104
31.27368000059505
24.22011500038934
31.392433999826608
23.724411000330292
28.982830999666476
24.80075899984513
20.24832500046614
24.632718000248133
24.027471000408696
22.121662000245124
26.853026000026148
20.025937000355043
26.455163999344222
19.88671399976738
25.092232000133663
28.02769200025068
22.628280000390077
28.97181200023624
18.857052999919688
29.70074199947703
30.77433500038751
37.07074100020691
28.05856099985249
31.185818999801995
35.612921999927494
35.4659710001215
33.39081499962049
26.971948000209522
36.575180999534496
28.81611599968892
36.78176799985522
28.85843600051885
34.07184500065341
38.61901599975681
27.594307999606826
34.721144000286586
28.856295999503345
35.36360900034197
29.305245000614377
34.7403249998024
45.81729100027587
35.356673000023875
36.509259999547794
35.442229000182124
33.451176999733434
38.37197499979084
27.673350000441133
35.49701000065397
35.09815699999308
25.82926499962923
32.499027000085334
35.276442000395036
31.912770999952045
30.790705000072194
36.270562000026985
31.20314799980406
32.7691259999483
33.80603700043139
28.123004000008223
29.725854999924195
36.40166599961958
26.970578999680583
38.4485289996519
28.383283999573905
35.48627799955284
36.67203400073049
36.455217999900924
37.484769000002416
32.360553000216896
45.24429000048258
29.25709899955109
27.55858700038516
22.711929000251985
26.264508000167552
18.819343999894045
21.342631000152323
24.94368800034863
18.452170000273327
26.373321999926702
25.324649000140198
20.564615999319358
18.793389999700594
19.48694200018508
27.975749999313848
20.130120999965584
27.458144999400247
22.91647699985333
26.375431000815297
30.781145000219112
18.134211999495164
24.260217000119155
20.016608999867458
24.432142000478052
26.630338999893866
17.88960399971984
27.117394000015338
20.70387000003393
24.27346700005728
36.241681999854336
30.224326999814366
39.09714100063866
31.406245000653144
34.10797600008664
22.72421099951316
27.036120999582636
21.136065000064264
21.357399000407895
20.358760999442893
22.567205000086688
20.024329000079888
25.080342000364908
26.026931000160403
25.294418999692425
28.864046999842685
22.921557000699977
21.516843999961566
28.599609000593773
21.61397700001544
26.703960999839182
21.654271999977937
21.146793000298203
21.818101999997452
27.13952500016603
22.451515000284417
42.73902799923235
29.87584800030163
30.782445000113512
37.01636500045424
25.819436000347196
26.661458999114984
33.68563299954985
34.33188300004986
32.37349600021844
31.596680999427917
36.19624000020849
35.28151000045909
28.94214899970393
35.58718099975522
27.7400029999626
33.3028410004772
35.686354999597825
25.918116999491758
29.82878700004221
36.79244799968728
29.39751299982163
33.38234500006365
34.23551000014413
31.40341400012403
36.4426080004705
29.236036999463977
36.64488300000812
26.371461000053387
24.886066999897594
21.713848999752372
30.30444100022578
32.947510000667535
24.012150000089605
17.8595020006469
30.772007999985362
18.740908000836498
20.65629800017632
28.768614000000525
19.552793999537244
22.78849199956312
28.105594999942696
22.544465000464697
31.235159999596362
22.449932000199624
31.967120000444993
30.442954000136524
30.292389999885927
22.017809000317357
27.540257000509882
29.283099000167567
25.342599999930826
16.511211999386433
20.87939600005484
26.574537000669807
20.24731600067753
28.148965000582393
21.520813000279304
25.381061999723897
23.540735000096902
26.7360509997161
30.38327299964294
19.302036999761185
26.955688999805716
19.236224999986007
19.2664149999473
21.05728900005488
27.51864600031695
30.4433359997347
24.534045000109472
26.91930799937836
26.629558999957226
25.664210000286403
25.54784699987067
29.290669000147318
21.310887000254297
26.216736000606033
48.724489999585785
24.447792000501067
25.987930000155757
22.01084899934358
25.82007499950123
22.94235600038519
18.927723999695445
25.80731400030345
24.280497999825457
23.863684999923862
21.04137999958766
19.48696299950825
24.670460000379535
21.043050000116637
25.95106799981295
20.516692999990482
25.82785499998863
20.532583000203886
18.827211000825628
20.42363500004285
26.09298800052784
22.927328000150737
26.613693000399508
18.041411999547563
19.998652000140282
34.19579999990674
18.05963399965549
27.128044000164664
27.318484999341308
23.13442299964663
26.181156000347983
20.44231400032004
27.319740000166348
17.572484000083932
20.21265500025038
20.855902999755926
28.089753999665845
25.036412999725144
24.789943000541825
26.598557999932382
24.22273599950131
17.515143000309763
22.084109999923385
28.224237999893376
22.164563999467646
27.640819999760424
21.284157000081905
27.90624800036312
20.217064000462415
27.521236000211502
20.20158400046057
20.285165999666788
34.689216000515444
23.66161100053432
24.520105000192416
19.79102099994634
23.04273200024909
25.998889000220515
19.058978999964893
27.069621999544324
31.0959250000451
23.492944000281568
28.30127899960644
23.454655000023195
28.31891000005271
22.169484000187367
26.25335700031428
22.04543000061676
27.716822999536816
22.24421499977325
21.131182000317494
25.592486999812536
27.703171000212024
18.397649000689853
23.24346599925775
26.18655599962949
19.974777000243193
23.51730400005181
28.385332000652852
21.310636000634986
27.41852300005121
23.174394000307075
24.40775000013673
25.842944999567408
26.52419700007158
25.959027999306272
21.231235000414017
28.130716999839933
33.81098700083385
23.02057999986573
25.680029999421095
22.161693000271043
22.798003000389144
26.631679000274744
18.49977200072317
24.25258000039321
28.37752100003854
22.819924000032188
18.551766999735264
23.539515000265965
26.44908399997803
18.914514999778476
31.423164999978326
22.969186999944213
21.735440000156814
22.459554000306525
24.185235000004468
29.449403999933566
21.3737289996061
27.909308000744204
23.95161700042081
23.704600000201026
33.04727399972762
25.281017999986943
29.953491000014765
20.0427990002936
28.01910099969973
20.539144000395027
21.921068999290583
26.71957099937572
20.001128000330937
19.257885000115493
23.372520000521035
21.758029999546125
27.889767000488064
19.389459999729297
25.69106000009924
22.239085999899544
26.643798999430146
22.036638999452407
21.129182000549918
26.747892999992473
22.49814399965544
21.680748000107997
28.37191199978406
22.033729999748175
21.28449600058957
27.583737999520963
21.030839000559354
26.919588000055228
23.173904000032053
21.719278999626113
17.878775999633945
22.268206999797258
27.167705000465503
22.099420999438735
28.39354200023081
20.68331800001033
27.366281000468007
22.207263999916904
24.811034000777
27.59981799954403
20.52040400030819
28.905348999614944
21.38403000026301
28.469846999541915
45.219233999887365
23.902085999907285
22.41000100002566
27.230836999478925
22.516894000546017
26.997660000233736
22.492773000521993
27.223606999541516
21.8819239998993
23.474343000088993
25.98561000013433
20.036059000631212
18.946226000480237
23.64336899972841
27.125863999572175
20.008228000733652
27.701012000761693
22.448932000770583
31.64026099966577
24.005628999475448
28.79414499966515
22.539196999787237
22.315478000564326
26.912767999419884
22.146082999825012
27.594399000008707
28.54997699978412
28.514655999970273
20.378751999487577
26.988900000105787
20.06601000084629
21.47527200031618
27.848826000081317
22.751421999601007
23.533193999355717
20.552093999867793
18.90200400066533
27.6207089991658
17.994589999943855
26.47165700000187
25.475643999925524
26.267598000231374
19.412160000683798
26.584537999951863
23.7882030005494
21.95581699925242
26.633528000274964
20.30620700043073
19.59673599958478
27.369292000003043
28.396544999850448
28.070682999896235
21.22005699948204
27.036870999836538
23.769711999193532
20.856713999819476
26.060951999170356
21.4696120001463
18.78938099980587
24.196655000196188
28.17729600064922
20.337857999948028
29.814415000146255
23.351889999503328
27.998201000627887
21.30878699972527
27.432223000687372
20.964805999938108
26.566378000097757
21.073509999951057
27.862146999723336
21.7679710003722
24.439223000626953
18.539753000368364
25.07489199979318
21.658697999555443
28.403963000528165
24.180343999432807
22.016319000613294
16.973245999906794
21.951986999738438
25.267089999942982
23.120883000046888
22.674239000480156
27.11244399961288
37.614063000546594
30.945700000302168
39.27719300008903
31.745704999593727
22.829052999441046
27.356110999789962
18.00527700015664
19.835962999422918
26.56856700014032
22.513304000312928
26.282578999598627
33.46298500036937
32.908689000578306
33.87789899989002
34.04105400022672
30.233489999773155
35.02860499975213
26.71125100005156
24.499234999893815
37.41431599974021
29.163936000259127
31.110765000448737
33.62086199922487
33.6600519995045
29.484786000466556
25.70425100020657
31.645530999412586
38.362968000001274
30.781245000071067
27.840214999741875
31.790885999726015
28.128925000601157
34.19797900005506
25.214475999746355
19.28150599997025
19.354807999661716
24.676629999703437
26.907227000265266
18.337200000132725
21.35069799987832
25.925837999238865
24.616338999294385
20.876325000244833
20.697518999440945
28.540626999529195
21.18031299960421
28.868896999483695
20.064252000338456
29.196366999713064
20.722989999740093
17.368517000249994
21.780420999675698
22.490483000183303
27.170905000275525
27.186845999494835
32.858307999958924
21.841544000380964
27.26388799965207
32.87377800006652
36.23113999947236
29.83170599964069
36.84819000045536
30.738944000404445
36.520771000141394
29.82017599970277
37.08390700012387
30.838926999422256
36.77745799996046
26.835884999854898
33.87926899995364
36.71396600020671
24.6524819995102
29.07875300024898
32.92036000038934
30.081994000283885
18.89366399973369
22.35551900048449
26.276729000528576
24.287580999953207
26.952659000016865
19.51926200035814
25.74294300029578
20.105951000005007
30.368703000021924
21.800642000016524
26.104585999746632
23.495793000620324
27.600297999924805
20.22216400018806
20.662027999605925
28.897268000037002
20.13065099981759
28.282588999900327
21.69884200066008
34.13788600028056
29.66104099959921
38.2240240005558
50.444473000425205
26.198976999694423
19.93764600047143
21.475812000062433
30.02007200029766
20.062908999534557
28.255327999431756
20.112489999519312
21.923125999819604
23.750631999973848
28.080641999622458
20.732009999846923
25.975118999667757
33.93335100008699
26.926567000373325
23.96489799957635
23.590927000441297
31.526667999969504
25.533295000059297
19.767830999626312
21.553753999796754
28.406843000084336
21.791652000501927
28.783695000129228
23.645326999940153
27.868416999808687
25.97326900013286
26.71813100005238
21.658147000380268
19.685018000018317
22.25676600028237
27.349232000233314
20.610155000213126
24.51613500034
26.695970999753627
23.584337000102096
19.379608999770426
27.347340999767766
19.098540000413777
22.134672999527538
24.370899999667017
28.541155999846524
17.657936000432528
23.929396999847086
27.261737999651814
26.356459999988147
26.844504000109737
20.08351099993888
29.23556399946392
30.630929999460932
21.441992000291066
29.418102999443363
21.617197000523447
26.725471999270667
24.49196399993525
25.571657000000414
33.28170999975555
26.370321000285912
20.008207000500988
18.85682200008887
22.002858999258024
27.002110000466928
17.23630300057266
22.886723999363312
26.422493000609393
24.16791299947363
24.482999000611017
17.207722999955877
27.65711900065071
19.744619999983115
29.10858300037944
26.698140999542375
25.759582999853592
19.863403999806906
28.55688799991185
21.76713100016059
25.434053000026324
29.06513400012045
25.933488000191574
23.70622899979935
21.378150000600726
20.918860000165296
19.69989799999894
20.69374799975776
26.887476999945648
19.838562000586535
29.83792099985294
35.681667999597266
18.15154099949723
20.209332999911567
28.667300999586587
33.69024299990997
24.174895000214747
25.12557200043375
26.919248000012885
23.730770999463857
23.25521199963987
26.990848000423284
18.81884100021125
23.852059999626363
20.81818700025906
26.337411999520555
19.486857000629243
26.273007999407127
30.257942999924126
20.3388879999693
22.521894000419707
28.11485900019761
31.25668400025461
20.305461000134528
28.576450000400655
20.51073799975711
21.955957000500348
27.828260000205773
19.727593999959936
23.490543000662
29.471114999978454
31.52751199922932
28.241579999303212
31.728556999951252
37.73970600013854
29.219670000202314
36.769725999874936
27.322593000462803
28.322432000095432
34.329723000155354
35.08833100022457
27.55082699968625
30.696612000610912
29.79907499957335
30.8017249999466
29.20551700026408
27.501615000801394
35.28122100033215
29.337791000216384
36.30159299973457
43.56228199958423
32.764974999736296
27.106806000119832
38.396527000259084
33.84193999954732
34.94336099993234
32.274461000270094
27.92575900002703
34.372844000245095
37.782950999826426
25.391836000380863
38.42347699992388
28.370533999805048
34.84846099945571
28.27497399994172
29.10863600027369
35.76000099928933
27.275591000034183
30.257018000156677
37.68482800023776
28.12837899909937
36.909400000695314
42.09278100006486
32.2914859998491
44.06660400036344
32.187519000217435
28.30925499984005
29.820800000379677
36.09228100049222
28.44049499981338
31.165131000307156
31.331411000792286
28.510928000287095
36.361196999678214
29.156630000215955
34.24085200003901
28.661174999797367
32.86096300053032
34.81615999953647
28.994003999287088
36.117026999818336
34.11543600032019
31.771355000273616
29.41064400056348
36.90886199910892
26.359371000580722
36.04106800048612
25.803733999964606
27.720291999685287
37.80513899982907
28.192226000101073
31.749104000482475
28.315690999988874
29.410283000288473
37.19997899952432
32.23991999948339
38.147940000271774
30.048933000216493
36.145967000265955
33.84875899973849
35.08670599967445
29.576668000117934
26.163043999986257
20.70502900005522
26.284788999873854
20.203644000503118
23.556565000035334
21.676649000255566
27.761524000197824
20.33978700001171
26.710270999501518
27.497186000800866
32.89023899924359
37.14665899951797
26.004399999692396
27.497185000356694
36.41631900063658
28.078013000595092
30.355464999956894
32.9897110004822
33.42633700049191
36.372063999806414
28.023970999129233
36.74526699978742
27.19649900063814
25.64529000028415
27.2398079996492
19.43483000013657
27.172125000106462
22.411799999645154
25.59307899991836
17.716558000756777
22.851835999972536
21.210234000136552
28.232756999386766
35.32457300025271
24.158852999789815
21.00769800017588
17.885713999930886
20.63080700008868
27.65031299986731
18.459850999533955
31.89521199965384
35.61990199978027
32.382432999838784
35.32917400025326
38.948983999944176
40.974515000016254
29.961090000142576
26.571647999844572
30.12850499999331
35.2413720002005
30.380664000404067
36.25574099987716
27.862425000421354
40.27192400008062
27.637201999823446
39.11513000002742
30.977856000390602
36.82197299986001
29.13686800002324
30.41792699968937
33.096320000367996
34.55983200001356
27.269633000287286
33.63780099971336
30.95047299939324
32.31492600025376
37.63620500012621
27.58837199962727
35.792436000519956
20.822622000196134
25.128068999947573
28.052356999978656
19.881569000062882
26.540244999523566
21.827917000337038
27.37846299987723
18.601368999952683
16.402608000134933
20.292671000788687
27.20392500032176
24.846548999448714
23.921250999592303
35.586125000008906
25.423676999707823
24.483774000145786
27.903772999707144
20.56598000035592
20.825616999900376
27.08268800051883
21.808145999784756
26.876761000494298
20.7146439997814
28.41349799928139
22.689139999783947
27.52162600063457
20.322987999861652
21.682478000002448
21.858414000234916
19.87561499936419
28.053600999555783
23.239966999426542
27.522587000021304
19.835902000522765
27.980509999906644
19.462811999801488
23.698690999481187
28.012531000058516
21.42740299950674
28.346991000034905
20.834104000641673
19.66751799955091
28.228256999682344
34.331484000176715
20.369169000332477
27.305548999720486
24.526754999897094
29.388493000624294
21.27813600054651
27.471324000543973
25.65578000030655
25.87560600022698
22.082090999901993
27.19889600030001
22.180433999892557
27.258918000370613
18.205852000392042
24.10740200048167
27.720041999600653
20.436662000065553
29.375551999692107
24.62815800026874
28.639019999900484
25.78667299985682
25.073351999708393
22.332448000270233
29.55248800026311
22.555065999767976
25.33558999948582
28.688170999885187
37.51628900045034
26.788463999764645
37.5165499999639
29.5751180001389
37.21133999988524
31.363772999611683
37.36382700026297
30.11377500024537
28.647860000091896
35.59356099958677
29.242349000014656
29.670130999875255
28.887276999739697
29.395973000646336
33.78929599966796
31.54093900047883
27.011910000510397
27.631821999420936
30.401733999497083
35.192569000173535
28.138214999671618
35.499878999871726
29.135617999600072
29.49444699970627
37.57529100039392
29.380042000411777
33.448606000092695
31.300020999879052
31.006942000203708
29.061206000733364
34.986092000508506
36.51984900079697
24.901697000132117
38.62278300039179
29.057442000521405
34.49590700074623
31.375642999591946
27.549927000109165
29.98281100008171
33.815237000453635
35.32849399925908
26.471454000784433
29.483757999514637
30.988311000328395
32.88636800061795
29.534446000070602
29.768706999675487
33.1162749998839
28.340191999632225
30.433207999521983
33.61654099990119
30.82928699950571
33.41934499985655
36.448627000027045
30.144836000545183
32.07481499975984
32.51691799960099
34.615882000252896
28.099213000132295
31.326923000051465
37.06001600039599
25.464592999924207
28.981190999729733
36.39497600033792
28.88604799954919
38.730377000320004
30.2771999995457
31.675922999966133
30.76846500061947
36.475648999839905
32.401655000285245
34.906689999843366
30.435355000008713
36.204279999765276
20.43020000019169
25.150573999781045
30.726224000318325
36.71804500027065
28.409922999344417
32.023032999859424
34.74201599965454
37.06994599997415
29.40578300058405
37.99555400019017
30.849255999783054
33.989425000072515
30.722692999916035
37.65294700042432
30.817157000456064
36.84687900022254
28.50001600018004
36.34351599976071
30.76292999958241
36.43621700030053
30.574369000532897
32.036845999755315
34.92670400009956
33.34234300018579
33.368942999914
34.89843099941936
31.944250999913493
32.399515000179235
36.880993999147904
25.550297000336286
26.52402500007156
20.257754999875033
21.64370799982862
27.077341999756754
21.23120500073128
25.047891999747662
22.35835000010411
29.59433900014119
24.788592999357206
23.083779999979015
35.07140599958802
49.60330799985968
29.40800299984403
34.733994999442075
30.923739000172645
33.532327999637346
35.78079799990519
28.878527999950165
35.23620099986147
26.805974000126298
34.44080600002053
34.718676999546005
25.7399220008665
