Messages/sec=20.13
duration_sec=60.012
payload_size_bytes=8388608
total_messages=1208
payload_throughput_MiB_sec=161.04
mean_rtt_ms=27.771
median_rtt_ms=27.509
stddev_ms=5.333
min_ms=16.634
max_ms=45.579
---raw_latencies_ms---
41.1407080000572
39.09615799966559
27.913967999666056
20.82313300070382
29.740732999925967
35.08496600079525
23.132885999984865
26.660429999537882
22.708821999913198
21.056509999652917
24.72417100034363
34.64965200055303
35.3302130006341
27.15146399987134
34.152487000028486
33.874448999995366
28.605759000129183
32.12732799966034
35.11992999938229
28.041081000083068
24.817104000248946
23.41131100001803
27.4944160000814
21.221864999461104
26.17575600015698
23.065751000103774
20.15730299990537
24.04835000015737
35.547170000427286
28.285209000387113
34.955301999616495
29.87008699983562
36.38910599966039
36.46799699981784
27.509716000167828
26.83733600042615
22.137273000225832
22.43202099998598
28.10064599998441
23.4235420002733
28.53645699997287
21.139972000128182
26.689900999372185
18.488912000066193
26.805333999618597
20.31828700000915
21.62342700012232
28.363842000544537
24.434585000562947
26.57148800062714
33.59799099962402
24.344799999198585
21.982988000672776
26.276169999619015
19.5783039998787
32.16998700008844
36.93877200021234
32.098925999889616
33.36128299997654
26.805774999957066
33.483959000477626
34.301143000448064
32.07957499944314
28.544337000312225
28.80476400059706
36.15736899973854
28.175635000479815
35.12295699965762
29.025211000771378
29.426889000205847
36.512558000140416
29.736872999819752
38.19707999991806
29.165346000809222
22.570106000785017
29.859375999876647
20.978837000257045
25.001648999932513
23.871684999903664
21.041148999756842
21.745950999502384
23.004327999842644
26.27675899930182
22.123525999631966
22.074000999964483
30.20457799993892
19.64188700003433
18.261125000208267
17.69483800035232
21.783442000014475
28.569266999511456
19.29894700060686
27.971410000645847
20.13774100032606
28.75915300046472
20.481972000197857
28.08358299989777
35.86076899955515
26.682450999942375
24.803362999591627
25.040201000592788
31.88575799958926
21.276370999657956
26.87571700062108
20.951886999682756
20.271915999728662
28.914628000165976
24.189414000829856
20.713769000394677
28.358950999972876
21.883605999391875
29.31027099930361
21.28046599955269
24.046309999903315
18.79447099963727
21.292305999850214
27.63226000024588
21.341908000067633
24.370850999730465
26.763692999338673
20.502473000306054
27.881818000423664
20.874384000308055
29.212737000307243
26.20537599977979
21.239765000245825
24.98971899967728
32.48164899923722
24.00467900042713
27.88791700004367
20.515064000392158
21.322786999917298
25.481063999905018
27.43727399956697
21.171352999772353
25.877136000417522
25.235987000087334
25.342400000226917
20.0141880004594
18.22470400020393
37.41247700054373
42.01496799942106
30.51698800027225
30.956650000007357
31.79341800023394
31.176861999483663
31.53450799982238
36.03756499978772
25.678502000118897
29.658370999641193
31.212018000587705
29.64460200018948
36.31474400026491
34.60267099944758
25.640128999839362
28.57043799940584
36.63910399973247
25.978630000281555
37.326155999835464
22.462302999883832
26.34570000009262
18.718019000516506
27.08863400039263
27.217206999921473
21.91110599960666
19.833733000268694
28.44044399989798
20.574717999807035
29.2411729997184
29.626949999510543
29.56811900003231
37.71775599943794
29.272688999299135
36.923004000527726
33.78616699956183
21.602978999908373
26.66073900036281
19.2844849998437
26.448222999533755
26.181216000622953
34.55498899984377
26.87376599988056
28.901417999804835
35.34200299964141
30.462316000011924
37.19630299929122
28.63872000034462
30.723662999662338
30.145005000122183
33.27199099931022
34.20255899982294
32.63118199993187
35.66514299927803
30.048762999285827
35.52680900065752
31.816355999580992
36.080586000025505
30.39555399936944
37.17319900079019
28.56012699976418
37.81688799972471
30.759943999328243
29.55015700081276
28.933958999914466
29.21716800028662
29.633309999553603
37.968327999806206
29.602618999888364
35.75050800009194
28.425663000234636
29.325670999241993
30.035122000299452
31.36563299995032
35.787468000307854
21.712548999857972
28.728393000164942
23.152971999479632
26.8257050001921
29.000671000176226
39.02395600016462
42.42045800037886
26.28119900055026
38.57608199996321
23.144193000007363
31.798365999748057
28.19299700058764
29.069113000332436
37.577830999907746
30.03926200017304
34.87125899937382
33.57830099957937
32.58404900043388
30.03247200012993
30.039671999475104
35.346173999641906
33.99225300017861
21.244646000013745
21.939656000540708
28.098566999688046
21.156202999918605
27.395491999413935
22.27311600017856
18.90174400068645
29.731423999692197
18.386157999884745
18.8793090001127
19.298285999866494
27.866327000083402
20.720430000437773
28.848399000708014
23.46024300004501
23.98270899993804
27.27569900071103
31.157516999883228
22.997888000645617
32.55960899969068
23.329339000156324
33.106557000792236
34.499170999879425
30.136946000311582
36.88534099910612
25.91192799991404
29.37159400062228
37.54147100062255
27.757333000408835
27.368252000087523
33.66925299997092
35.88965000017197
22.300986999653105
28.73275299953093
29.59154000018316
25.090122000619886
21.19377400049416
26.748553000288666
20.338526999694295
20.71831899957033
23.810663999938697
25.71158099999593
22.790772000007564
27.796223999757785
22.03807899968524
28.2453270001497
24.66513000035775
27.514986000824138
18.697898000027635
23.2404359994689
28.059962000043015
18.561674000011408
27.78252500047529
19.218073000047298
28.35490200050117
35.35055399970588
27.959309999459947
29.89331799926731
33.41725799964479
35.22053100004996
30.072944000494317
35.35472299972753
28.40610299972468
33.87811000084184
32.826216999637836
38.37937600019359
43.849521999618446
31.992252000236476
26.12679300000309
30.000630999893474
31.209947999741416
30.88356899934297
36.05991800031916
31.485739000345347
36.29510299924732
25.424971999200352
34.01175399994827
33.961394000471046
27.436483000201406
37.88990100019873
30.834227000013925
31.91947999948752
26.901447000454937
20.657728000514908
25.776012999813247
19.499062000249978
19.89898500050913
26.982219999808876
23.32808900064265
22.819863999757217
26.657725000404753
19.353861999661603
27.318294999531645
23.510528000770137
21.492658000170195
22.999829000582395
26.740898000753077
23.6432279998553
27.747346999603906
18.259804000081203
28.133189999607566
23.389394999867363
26.788154000314535
20.146575999206107
28.72979700077849
21.775531000457704
23.832632999983616
26.490835000004154
24.118411999552336
19.82299500014051
28.04185199966014
32.753384999523405
23.518424999565468
23.635956999896734
22.69075000003795
26.488884999707807
27.447643999948923
25.04976100044587
24.961957999948936
25.85834799992881
44.10061900034634
30.805515999418276
28.80275499956042
30.609640000875515
25.108241999987513
23.16208399952302
27.8425860005882
17.75491900025372
23.250817000189272
26.506696000069496
22.440811999331345
26.366090999545122
20.725919000142312
27.285209000183386
20.753641000737844
26.59107900035451
22.8388339992307
23.72849099992891
26.732221999736794
21.19191299971135
27.88971700010734
31.3041939998584
19.501733000652166
27.431783000793075
21.652638000887237
27.256529999249324
21.047999000074924
23.048629999721015
27.199397999538633
20.703827999568603
23.49064299960446
23.657339999772375
26.05878199938161
23.193644999992102
24.7258139997939
37.28163300002052
25.315978999969957
27.5133459999779
23.045511000418628
20.930765999764844
22.706079999807116
27.208948000406963
22.373761999915587
27.739406000364397
20.206793999932415
25.515237999570672
30.73387400036154
29.161095999370445
38.388495000617695
23.963979000654945
27.813196000352036
25.031041000147525
25.898036999933538
20.191304000036325
28.532676999930118
20.054738999533583
26.59129799940274
21.521005000067817
23.244185999828915
22.797943000114174
30.192016999535554
23.561604999486008
27.431663000243134
23.752642999170348
26.337379999858967
24.171244999706687
29.178626999964763
20.634786000300664
25.864616000035312
25.462804000198958
21.79989199976262
28.73992399963754
19.576975999370916
25.375991000146314
26.72968199931347
20.497182999861252
26.795224000125017
27.66069100016466
24.756962000537897
25.270446999456908
25.447843000620196
21.007228999224026
27.259778000370716
25.490093000371417
25.22019600019121
20.46069200059719
18.709998999838717
26.489095000215457
21.478312999533955
27.897787000256358
23.431230999449326
27.55891699962376
19.526641999618732
28.765734000444354
26.22783700007858
27.467824000268592
19.77194099981716
21.61968699965655
29.11569400021108
21.626437999657355
29.454344999976456
24.82254499955161
31.285860000025423
22.039769000002707
21.107589999701304
26.531086999966647
22.261557999627257
26.704041999437322
22.73745999991661
22.1562120004819
30.49573699991015
21.60479599933751
29.284800999448635
30.978590999438893
19.334786999934295
21.2207340000532
19.93493700047111
23.380702000395104
28.133304999755637
25.27579700017668
18.659346000276855
24.363430000448716
26.59208800014312
25.691990999803238
23.09314100057236
27.464774999316433
19.252324000262888
18.70609900015552
21.566305000305874
20.68464900003164
27.64662000026874
19.357447999936994
27.240997000262723
21.901174999584327
25.300849000814196
28.61921000021539
22.608016999583924
22.970858000007865
29.56916099992668
21.50917600010871
24.191954999878362
27.04735399947822
25.75505200002226
24.545029000364593
31.788736000635254
22.81090300039068
21.81282299989107
26.42829299929872
25.687110999569995
25.377920000209997
24.046741999882215
22.93937600006757
25.70667100007995
20.38004899986845
29.738563999671896
20.89260499997181
21.74449099948106
22.94789799998398
28.269598000406404
27.30623099978402
23.110552000616735
23.215195000375388
20.47056099945621
20.863042999735626
29.19230699990294
22.813123000560154
30.53998999985197
19.623756000328285
20.035039000504185
18.545292999988305
24.52517700021417
28.132618999734404
19.16523700037942
25.357205000545946
24.34687099957955
20.580039999913424
23.7160650003716
27.347020999513916
21.11436599989247
23.60434899946995
21.504151999579335
26.5616910000972
22.56129499983217
30.324746000587766
35.34152600059315
30.342775999997684
35.80186699946353
26.144019000639673
35.60861299956741
29.059187999337155
37.18502600077045
27.602242999819282
34.45819900025526
29.445647000102326
35.139792000336456
36.57627099983074
27.986464000605338
34.35522800009494
26.254557000356726
28.41951299978973
34.62738199959858
31.29916600028082
33.61302300072566
25.793967000026896
36.40700800042396
26.573289999760163
34.75332200014236
35.14905199972418
29.650014999788254
35.76227099983953
31.090279000636656
36.11999700024171
30.42497899969021
31.881042999884812
30.39056800025719
38.678739999340905
29.445396000483015
31.06704899983015
25.197069999194355
24.961658000393072
27.75218299939297
17.75946500038117
27.692553999258962
32.219180999163655
32.05069799969351
36.131460000433435
30.937050999455096
29.593659000056505
30.719295000380953
38.53288299978885
26.839709999876504
30.045952999898873
31.48472600059904
29.320661000383552
30.367227999704482
33.21194299951458
34.63118800027587
29.174000999773853
40.02730699994572
30.253330000050482
36.016997999468
28.595484000106808
35.77744799986249
35.84847999991325
30.528477000189014
35.63747299995157
30.374892000509135
39.517520000117656
22.71411000037915
29.161927000131982
20.844093000050634
29.338921000089613
21.35777799958305
27.97353000005387
24.26254700003483
20.08702999955858
24.85914600038086
23.05095999963669
27.44638500007568
20.375359000354365
25.66222900077264
30.714573000295786
28.806995999730134
29.039774000011676
31.564899999466434
34.816946999853826
26.50081499996304
29.44576500067342
29.724643000008655
30.59442899939313
31.61146100046608
23.267536999810545
35.32332299982954
30.22049799983506
38.05444699992222
43.447883000226284
31.596810999872105
34.46901700044691
36.054285999853164
27.149503999680746
34.21532999982446
37.66721499960113
28.04391200061218
36.63496299941471
32.69071300019277
39.26279400002386
27.603867000834725
35.20452100019611
32.808736999868415
31.363332999717386
28.342800000245916
25.35334000003786
21.369590000176686
26.091941999766277
20.426113000212354
25.992270000642748
25.427632000173617
22.678358999655757
27.780113999142486
18.93458499944245
22.791401999711525
26.620069999808038
22.850322999147465
27.22016799998528
20.729970000502362
27.999070000078063
21.060060000309022
19.659427000078722
26.897169999756443
24.14722299999994
25.895396000123583
25.415762000193354
22.96188800028176
27.02489599960245
25.82300399990345
21.24170499973843
26.298779000171635
24.859334999746352
21.441311999296886
19.328785999277898
26.750052999886975
19.021467000129633
20.215343999552715
28.27826799966715
25.386604000232182
26.10560299945064
24.25288599988562
20.064739000190457
23.08370399987325
28.98003000063909
20.881794999695558
24.219144999733544
28.383752999616263
16.633565000120143
23.337169000114955
18.37206799973501
23.92728700033331
26.115653000488237
20.610536999811302
27.507685999808018
34.2207679996136
37.13850799977081
32.434341000225686
25.88822599955165
29.591747999802465
30.799796000792412
36.074607000045944
33.66593200007628
35.72267999970791
29.737725999439135
21.947297000224353
27.578597000683658
21.257074999994074
27.819394999824
21.603709000373783
26.991328999429243
18.93390600071143
28.296819999923173
40.62015299950872
23.620556999958353
30.214458000045852
20.704209000541596
20.46500200049195
26.843906000067363
30.31641999950807
18.435330000102113
28.143845000158763
20.951325000169163
28.478505999373738
20.67895700020017
34.80788799970469
30.506936999699974
34.67306299990014
39.0891079996436
28.978710000046703
26.79578900006163
29.099414000484103
32.13070799938578
34.72427499946207
26.17728499990335
37.530059999880905
27.84821600016585
34.688702999119414
34.325023000747024
34.20474999984435
37.566211999546795
34.614551000231586
32.848507999915455
35.25868199994875
36.12028899988218
35.72329000053287
29.92913900015992
32.82340599980671
38.8183819995902
30.12454700001399
38.300125999739976
27.972945000328764
42.84536099930847
30.450375000327767
30.846876999930828
33.87559900056658
36.829728999691724
21.23010500054079
19.340447999638855
26.279628000338562
24.854494999999588
19.509443000060855
20.90881599997374
30.561933000171848
32.40200900017953
34.63430700048775
39.858570999967924
28.746173000399722
32.495997000296484
40.07350799929554
31.203827999888745
31.148946000030264
39.32979500041256
29.84087700042437
36.69700499995088
28.534046999993734
36.4988440005618
27.236402000198723
30.392591999770957
36.947117000636354
26.567476000309398
37.069076000079804
29.612209999868355
30.278379000264977
34.45115600061399
31.796545999895898
30.587549999836483
35.77700600089884
25.611586999730207
28.719703999740887
32.88263099966571
43.82371100018645
26.338960000430234
32.072605000394105
45.57903700060706
31.086623999726726
36.073934999876656
27.793199999905482
37.50994999973045
26.56061800007592
26.41819200016471
27.014751000024262
20.603717000085453
21.474961999956577
31.53803900022467
25.183638000271458
25.876867000079073
26.52671499981807
29.169476000788563
21.604597000077774
22.495713000353135
24.55482599998504
23.59776699995564
27.998489999845333
20.778616000825423
28.48975600045378
23.55935500054329
28.94608899987361
35.06878799998958
28.000036000776163
21.754290999524528
25.86364500075433
28.26827900025819
21.00931800032413
24.902365999878384
23.179173999778868
26.113664000149583
17.760538999937125
20.724459000120987
19.911784999749216
27.98661999986507
19.02996799981338
21.57686500049749
22.39240000017162
26.965058999849134
28.078152000489354
19.71418899938726
26.305349000722344
17.92223499978718
31.51789799994731
26.584138000544044
32.50400799970521
24.301428000399028
30.148375999488053
27.57349700004852
30.208447000404703
26.78148399991187
31.67757499977597
27.703055000529275
32.3174420000214
19.635046000075818
29.334361999644898
22.842913999738812
22.657987999991747
25.949948999368644
30.451855000137584
24.704600000404753
23.282947000552667
25.735031999829516
32.900879999942845
26.395484999738983
23.43077200021071
19.638757000393525
22.82483399994817
26.15482500004873
26.412475000142877
21.985896999467514
23.16301399969234
26.64286900017032
20.534004000182904
23.5933069998282
26.532355999734136
30.961810000007972
35.75798899964866
27.717582000150287
23.488637999435014
32.32194199972582
35.26587699980155
29.360542000176792
31.933029999891005
29.29513999970368
34.5592410003519
34.0709540005264
26.27576900067652
31.261069000720454
25.708550999297586
34.74482500041631
36.123677999967185
35.375844000554935
25.927287000740762
23.87857499979873
29.168756999752077
25.686369999675662
34.204913999928976
27.79866499986383
28.455244999349816
22.974367000642815
25.337290000607027
31.155385999227292
24.32852899983118
27.834349999466212
24.3581600007019
22.797853000156465
29.418635000183713
22.763771999962046
25.870746000691724
23.83943399945565
27.044761999604816
21.25127599992993
30.064054999456857
25.043128000106663
27.580478000345465
22.586476000469702
20.334777999778453
21.64788000027329
26.80619500006287
25.33834299993032
24.58502699937526
18.899808999776724
27.524266000000353
28.43122400008724
25.818553999670257
23.360345000583038
26.23533700079861
21.271536000313063
25.283428999500757
19.127050999486528
19.226293999963673
28.069553000023006
24.07346099971619
21.08214100007899
24.611036999885982
27.232987000388675
24.688139999852865
26.964969999426103
21.106961999976193
29.197527000178525
26.181584999903862
24.340348999430717
25.158035000458767
32.487757000126294
19.952925999859872
26.200426000286825
28.323689999524504
30.19089699955657
29.667582000001858
34.074805000273045
19.1122810001616
19.7369190000245
28.989450999688415
21.454427000207943
20.761920999575523
23.09893199981161
27.960994999375544
20.559295000566635
30.77563500028191
34.32047299975238
26.29745899957925
22.284476999629987
18.81881200006319
25.15914400009933
28.808165000555164
26.62997900006303
25.090031999752682
22.659938000288093
28.580887999851257
18.342886999562324
21.593815999949584
26.223808999930043
21.19818400024087
25.14746499946341
23.13223199962522
27.868886999385722
21.143872000720876
29.48882600048819
27.691661000062595
19.42735000011453
23.206615000162856
23.12987300047098
24.13033799984987
26.61148100014543
21.09977100008109
27.791403999799513
19.785081000009086
23.734821999823907
28.850349000094866
26.117413000065426
27.721251999537344
35.6616330000179
27.64106900031038
31.047793000652746
34.226249999846914
26.937077999718895
31.608505999429326
33.84504800033028
26.790003999849432
34.792737000316265
30.696577999151486
30.58302299996285
26.5407070000947
29.61503000005905
28.572883999913756
29.174655999668175
30.849208000290673
34.61037099987152
30.9486599999218
35.437932999229815
27.27159300047788
34.617661999618576
25.458082999648468
27.431022999735433
34.366947000307846
30.520744999193994
29.83292600038112
34.79543699995702
20.78256099957798
17.131460999735282
23.322109000218916
29.38641299988376
23.195585000394203
38.64951400009886
30.25798999988183
32.92243000032613
31.27264999966428
32.94173099948239
32.13648600012675
32.460156000524876
23.574615999677917
27.77834399967105
33.058453999728954
23.57001600012154
21.633327000017744
27.38704199964559
26.403193000078318
23.693721999734407
21.44023099936021
27.082553000582266
22.128171999611368
22.750131000066176
27.412342999923567
24.85590800006321
25.22954599953664
25.285828999585647
23.666510000111884
27.10637400014093
18.61001599991141
27.648468999359466
36.177318999762065
29.07334300016373
32.64875300010317
37.44506800012459
32.00828199987882
39.656509999986156
26.167535000240605
29.453475000082108
34.77051600020786
35.589380999226705
28.966281000066374
37.36122600003
26.68719100074668
36.28551200017682
25.763091999579046
30.65606200016191
28.7066920000143
35.80763799982378
28.587519000211614
28.982170999370283
28.187306999825523
32.96500099986588
35.57814000032522
27.280098999654
35.49292899970169
27.784877000158303
33.684623000226566
30.267929000729055
34.33305199996539
31.771586000104435
27.395993000027374
26.947639000354684
23.049153000101796
26.35080099935294
21.57985599933454
28.210307000335888
22.098040999480872
35.77981699982047
31.506067000009352
33.96872299981624
26.48650599985558
28.277078999963123
27.651347000755777
31.502816999818606
33.78581600009056
26.018630000180565
37.40807600024709
26.398262000839168
28.454323000005388
34.69643400057976
27.28149900030985
37.13724800036289
33.64755300026445
29.02773999994679
31.11782499945548
32.91564900064259
37.172098999690206
27.627378999568464
32.135725999978604
29.830039999978908
30.007559999830846
36.5935609997905
29.572757999630994
36.91434199936339
27.88599600080488
35.02593500070361
37.72771500007366
36.769987999832665
30.37678300006519
35.54879999956029
38.41000800002803
26.625598999999056
32.68776599998091
25.360710000313702
21.642568000061146
23.354848999588285
26.455114000782487
19.819610999547876
21.9091760000083
29.15466599915817
20.64604700080963
26.108703999852878
33.249630999307556
26.57043799990788
18.07859900054609
24.38200000051438
27.04359299968928
18.461022000337834
24.273969000205398
30.717313999957696
31.819585999983246
32.242059000054724
28.855235999799334
35.54484000051161
31.77050500016776
35.914091000449844
27.97560999988491
32.84216799966089
39.768888000253355
26.03655999973853
36.21648999978788
28.31741099998908
34.16088800076977
28.673871000137297
34.86816000076942
37.14114900049026
25.59337799993955
34.38103499956924
35.85270900020987
32.55600900047284
28.394382999977097
28.43521300019347
32.9889020003975
33.3332430000155
27.456904999780818
33.92322099989542
29.16021599958185
33.26945099979639
29.37798400034808
33.48040699984267
22.608367000430007
19.827372000690957
26.896356999714044
24.70733999962249
23.257775999809382
31.013412999527645
36.150919999272446
30.970302000241645
27.116674999888346
28.961449999769684
30.849996999677387
33.45246700064308
19.837361999634595
23.778092999236833
22.572765000404615
22.393270000065968
27.973939999355935
30.226516999391606
35.540840000066964
30.641371000456274
29.61603899984766
33.91631999966194
29.413854000267747
34.73073499935708
28.902699000354914
29.47487699930207
36.868999999569496
27.78332399975625
34.464927000044554
26.82692500002304
29.470565000337956
28.355862000353227
35.83707899997535
26.068432000101893
35.26491199954762
28.14031599973532
34.622932000274886
27.139994999743067
34.341773000051035
25.30083800047578
