Messages/sec=19.79
duration_sec=60.034
payload_size_bytes=8388608
total_messages=1188
payload_throughput_MiB_sec=158.31
mean_rtt_ms=27.518
median_rtt_ms=27.095
stddev_ms=5.216
min_ms=15.792
max_ms=48.322
---raw_latencies_ms---
48.32186899966473
28.71114200024749
24.616648000119312
33.67975299988757
24.344209999981103
31.563379000544955
36.50040900083695
27.052342000388307
34.10661599991727
30.94980000059877
34.638682000149856
30.70626299995638
35.90073099985602
26.67366999958176
27.85185700031434
24.46584300014365
26.394682000500325
26.0405709996121
35.03922500021872
33.5989929999414
35.46886700041796
25.95796799960226
29.59968100003607
36.022434000187786
30.383991999769933
32.324352000614454
34.382834999632905
32.68231200036098
30.921738999495574
35.48441700058902
29.058792999421712
26.6421590004029
19.29656700031046
21.500332999494276
21.071670000310405
28.035142000589985
21.46562100006122
27.820625999993354
31.520007999461086
27.99373000016203
34.78513699974428
29.763804000140226
37.5773929999923
24.863277000804374
26.83336500012956
32.55959999933111
33.36721200048487
19.303377000142063
25.67180999994889
22.274446999290376
25.774063000426395
27.446475000033388
32.383013000071514
35.733845999857294
28.26472900051158
36.46814800049469
22.532245000547846
26.092442999470222
18.645277000359783
24.44805599952815
36.01795400027186
31.12230499937141
34.73689500060573
23.737431999506953
36.14788800041424
30.12720500009891
24.520174999452138
26.283033000254363
27.091594000012265
28.103403999921284
27.312180000080843
26.784984999721928
19.900514000255498
27.85037600006035
28.139216000454326
27.34442000019044
22.678078000353707
25.434821999624546
20.82726200023899
27.835826999762503
20.615867999367765
29.932790999737335
19.99602700016112
24.475244000313978
28.105814999435097
20.728039999994508
26.083362999997917
22.010168999258894
26.672201000110363
32.098005000079866
27.16518499983067
32.259569999951054
27.542076999452547
31.37182299997221
35.30052299993258
42.26998400008597
32.83335100059048
29.070884000248043
28.914348000398604
31.150966000495828
30.374103000212926
35.17924900006619
30.37582399974781
33.13372699994943
34.98683300040284
25.806275000832102
34.75039500062849
46.38868900019588
35.127156999806175
29.150605000722862
29.906687999755377
26.662209999813058
30.954541000028257
32.80808699946647
25.531856000270636
38.630132999969646
36.010064000038255
25.914636999914364
30.081551999501244
26.300529999389255
34.83328899983462
27.022491000025184
36.9650829998136
26.79042700037826
33.30830899994908
29.055551999590534
31.66329499981657
33.33062199999404
29.487805999451666
36.15605799950572
28.72861300056684
36.99147399947833
28.19078700031241
33.14780700020492
26.6245290004008
32.00024299985671
33.8347770002656
25.934782999684103
32.86293799919804
26.083833000484447
36.53716999997414
27.928028000133054
31.398953999996593
34.04285499982507
25.541676000102598
33.820057999946584
32.20770799998718
27.13545200003864
25.774941999770817
31.483057000514236
35.92817099979584
23.234399000102712
29.018411999459204
29.913151000073412
35.42795700013812
27.16082400002051
30.174706999787304
36.42583700002433
29.28481999970245
34.10046599947236
30.441994000284467
35.29121199971996
23.35212900015904
27.71125200069946
32.20144799979607
34.75634499955049
29.307849999895552
28.18711700001586
21.133971999915957
24.215676000494568
26.875421999648097
17.107700999986264
19.40998000009131
24.27502699993056
26.942328999211895
32.6645320001262
36.661734000517754
29.244148000543646
29.560078000031353
25.783183999919856
21.805817999847932
25.961637999898812
26.39629200075433
23.91907600031118
29.30774000014935
24.592677000327967
20.977727000172308
19.304596999973
25.402670999937982
22.659637999822735
33.663817000160634
26.537722000284703
28.698450999399938
26.641689000825863
35.66056399995432
27.57707799992204
35.60854100032884
25.88461599953007
28.952829999980167
28.241527999853133
26.360521000242443
26.09618299993599
32.56023899939464
22.170533000462456
23.02352999959112
35.23622100055945
27.806113999758963
31.002931000330136
28.170106000288797
21.417260999442078
27.886516999387823
19.28624599986506
22.87205399989034
28.015751000566524
26.063073999466724
46.961708999333496
37.82133000004251
36.8406990000949
27.96980900075141
33.68427300028998
31.752394000250206
33.99778399943898
26.577825999993365
31.582769000124244
30.894028000147955
34.90924100060511
29.214197000328568
35.705209000298055
30.439814000601473
27.166606000719185
31.92328000022826
36.35322399986762
27.733337000427127
27.055345999542624
39.17486000045756
26.95593899989035
32.202827999753936
25.50524399975984
36.09231800055568
23.893536000286986
29.903717999332002
36.221049999767274
25.876405999952112
33.764300999791885
26.51145700019697
33.08345500045107
30.682193000757252
30.400993000512244
30.18286699989403
25.160243999380327
35.54993000034301
26.460824999958277
27.880126999662025
32.42650499942101
30.64820100007637
35.064153999883274
29.349980999541003
27.19862699996156
24.435041999822715
21.454392000123335
26.235087999339157
27.126604999466508
22.046690000024682
31.42953499991563
24.28210800007946
30.197467999641958
35.59862099973543
33.37239299980865
28.12219899988122
25.516665000395733
25.151723999442765
24.017288999857556
22.329393999825697
27.900617999875976
35.65980399980617
25.7051609996779
16.513491999830876
20.466171999942162
22.60496700000658
29.390962999968906
19.49304200024926
26.65057899957901
36.57605100033834
24.553945999286952
27.924988000449957
22.692280000228493
25.601598000321246
36.61485199972958
21.49964300042484
27.152755000315665
21.588814999631722
26.963729000271996
19.605055999818433
21.55933499943785
22.476512999674014
26.890142000411288
20.891870000014023
24.644119000186038
26.355129999501514
21.407679999356333
27.48745600001712
21.4511219992346
21.477523000612564
27.755952999541478
21.010338999985834
18.93516499967518
23.34791899920674
28.22464799919544
18.729308999354544
21.435616000417212
25.344050000057905
26.676320999285963
19.73236900084885
27.03753700006928
23.224126000059186
21.410320000541105
27.210866999666905
19.460860999970464
23.43349200054945
21.477812999364687
27.363481000065804
18.752750000203378
26.637998999831325
27.923879000809393
22.9380669998136
29.86538599998312
42.189900999801466
22.973217999606277
29.099895000399556
19.90741400004481
21.200273999966157
24.950127999545657
26.816274999873713
24.04218999981822
16.31017499948939
21.911152000029688
20.78482199976861
22.80796300055954
26.444074000210094
21.280276999277703
25.226157000361127
28.084122999644023
20.52409399948374
26.863176000006206
22.394760000679526
23.773972000526555
27.714741000636423
31.924579000587983
26.63741000014852
20.914056000037817
24.93463800055906
26.55926800071029
33.27795099994546
29.172937000112142
32.660521999787306
28.814175999286817
37.751367000055325
27.595759000178077
34.01505300007557
29.254457999741135
33.95016099966597
26.82877500046743
35.96901299988531
26.36998100024357
34.947191000355815
44.2418140000882
31.129224999858707
36.613932000364
28.342851000161318
29.969601000630064
34.42526999970141
25.21782100029668
26.88353699977597
33.21307900023385
35.65733300001739
30.740044000594935
26.567007999801717
29.384032000052684
36.145998000392865
27.01296099985484
30.67771200039715
27.963249000094947
30.35395300048549
31.41965699978755
36.85527000016009
26.16872499947931
25.34364999974059
25.58955299991794
35.140447999765456
27.95642000000953
33.90251000018907
24.67478000016854
28.09182399960264
30.372801999874355
31.149156000537914
29.1883260006216
29.124304999641026
21.836902999893937
25.948718000108784
18.719899000643636
25.06897100010974
26.960109999890847
25.371660000018892
34.222459999909915
26.280688000042574
33.16757799984771
24.803063000035763
28.33336000003328
30.68831200016575
34.209406000627496
30.20182799991744
34.48562699941249
27.074062999417947
35.67540400035796
32.24407899961079
40.81371899974329
25.797524999688903
37.17983699971228
27.254198000264296
34.7521460007556
27.55951700055448
32.747015000495594
37.542519999988144
29.48616200046672
33.75337000034051
26.674181000089447
35.09719599969685
28.599238999959198
39.4292780001706
34.085465999851294
33.85217899995041
40.612353999677
39.519376000498596
29.315906999727304
39.71787599948584
29.843155999515147
36.46536799988098
27.897326999664074
36.565620999681414
25.368690000505012
32.31094100010523
27.72305199960101
29.852917000425805
33.717543999955524
27.541976999600593
26.76292299929628
35.4646080004386
33.98579599979712
24.85878999959823
22.182883999448677
29.69217200006824
23.2911579996653
26.884236999649147
23.579165999763063
31.710393000139447
28.128633999585873
36.65553300015745
26.49429500070255
28.993769999942742
28.66963099950226
22.497543999634217
25.375891999829037
30.945900999540754
22.992221000095014
26.339990000451508
22.529543999553425
20.670087999860698
34.218273000078625
21.894948000408476
27.510306000294804
20.531312999992224
29.230467999695975
28.26570900015213
25.867414999993343
27.950999000495358
24.261566999484785
19.632677000117837
27.886837000551168
15.792449999935343
23.200884999823757
33.34931300014432
23.22327599995333
27.366832000552677
21.342528999412025
28.271698999560613
19.368668000424805
22.85414400012087
28.193547000228136
19.34101799997734
23.481733999688004
22.716380000019853
23.776162999638473
26.293898999938392
25.188364999849
35.77414699975634
25.49314400039293
29.21483799946145
27.809915999569057
34.91377999944234
29.385613000158628
24.820285000714648
25.101362000896188
24.705859999812674
21.99475799989159
25.442062999900372
24.81559300031222
22.225415999855613
21.091091000016604
24.711609999940265
24.941577999925357
21.763931999885244
23.423684000590583
26.158174999181938
18.53747299992392
25.319898999441648
24.537854999834963
26.521075000346173
27.90682700015168
23.840283999561507
34.25850100029493
31.529437999779475
27.43482400001085
40.12798900021153
31.951099999787402
28.819250000196917
27.74288299951877
34.270692999598396
23.51077500043175
27.364051000404288
33.98188300070615
23.102481999558222
23.909446999823558
27.209427000343567
34.26394999951299
25.88849699986895
39.10833800000546
29.995062000125472
33.08853600083239
30.86229799919238
32.073017000584514
36.28743199988094
34.90367099948344
32.01567199994315
29.952451999633922
32.28666100039845
32.764485999905446
30.10082400032843
29.834617000233266
32.13765600048646
32.09401500043896
32.75705499981996
26.871615999880305
27.64720000050147
22.93159700002434
31.98030200019275
26.974991999850317
33.82673500072997
25.29382800003077
24.462442000185547
20.12892099992314
17.63561600000685
21.097800999996252
27.731133000088448
24.688421999599086
26.441843000611698
23.049710000123014
27.186305999748583
21.022518999416206
31.84503699958441
33.237349999581056
28.936358999999356
35.77594699982001
20.527534000393644
29.72841300015716
20.18765299999359
27.31016899997485
22.96043800015468
31.23573899938492
19.715768999958527
22.62460700058
22.221746000468556
20.506242999545066
33.4096540000246
36.00831499988999
29.46262499972363
41.02823600078409
31.333482000263757
31.59804900042218
33.158957000523515
28.990351000174996
33.87265200035472
36.34436399988772
30.23227300036524
33.72341399972356
22.98601799975586
20.67010799964919
18.959256000016467
30.612150000706606
27.011620999473962
22.901196000020718
28.629989999899408
24.043071000050986
19.30890699986776
20.32174699979805
27.66857099959452
21.612915999867255
27.02698600023723
28.084212999601732
24.075622000054864
27.75494300021819
22.20141399993736
25.593246999960684
25.05744100017182
22.562255000593723
24.413241999354796
27.190376999897126
21.321287999853666
28.129014000114694
24.72114100055478
23.713300000054005
29.071883000142407
21.01259799928812
27.214396000090346
21.387989000686503
29.305021000254783
25.608667999222234
22.7026599995952
25.46499300024152
19.11492100043688
24.345259000256192
27.417143000093347
32.512636999854294
24.832713999785483
32.09356499974092
21.0708299991893
25.58278699962102
26.302528999622155
24.34685000025638
20.148584999333252
23.678378999647975
19.410400000197114
22.48005399997055
20.654746999753115
23.39375000065047
28.11498400023993
19.789801000115403
25.149733999569435
26.968438999574573
22.04364000044734
28.72137299982569
27.919266999560932
24.973739000415662
24.613257999590132
24.860886000169558
27.53423699959967
22.651899000265985
27.583948000028613
22.600276000048325
26.60611900046206
24.452933000247867
26.063401000101294
20.356678000098327
21.665747999577434
27.375611999559624
18.67984799991973
21.80463199965743
34.14918799990119
21.317108000403096
24.035350999838556
27.599609000390046
19.188724000741786
25.41222200034099
22.190503999809152
29.881217000365723
26.47731599972758
27.131033999467036
22.679190000417293
24.455013000078907
19.87533400006214
26.632537999830674
20.36807799959206
23.3038590004071
26.339399999415036
23.57612500054529
25.62816799945722
22.28523700068763
27.066872999967018
18.904085999565723
29.31546099989646
18.293295000148646
25.659129000814573
22.1830950004005
24.10661199974129
28.435694000108924
25.142194000181917
23.625087000255007
28.44560400080809
22.33073899969895
27.35990499968466
23.704840000391414
27.124023999931524
25.557586000104493
24.188278000110586
44.04155799966247
21.457032000398613
25.98578900051507
29.31176299989602
21.89045300019643
27.38450200013176
33.47280799971486
24.911137000344752
21.407080999779282
19.316717000037897
28.29812999971182
23.545066999759
26.954097999805526
20.712620000267634
24.257806999230525
27.180005999980494
19.89903499998036
22.70571999997628
25.73806200052786
21.912695000537497
21.982833000038227
26.04279499973927
27.06747299998824
26.579407999633986
21.430261000205064
28.3836219996374
24.121531999298895
23.870995000834228
27.468604000205232
22.326387999783037
27.98755100047856
16.683427000316442
19.564753999475215
19.852172999890172
28.78247399985412
23.630117999346112
27.254167999672063
23.976882999704685
18.03763799944136
22.172983000018576
27.672381000229507
20.602995999979612
28.500835999693663
21.940225999969698
19.09134899960918
22.63526800015825
28.812784999900032
20.813512999666273
26.623779999681574
19.751269000153115
22.008168999491318
28.064732000530057
18.801490999976522
24.73966100023972
22.9094559999794
27.223435999985668
20.203963999847474
26.586797000163642
29.222498999843083
31.586853000590054
37.316674000066996
30.829000000267115
26.456973000676953
20.882033999441774
30.493647999719542
34.30832300000475
22.549725999851944
21.013798999774735
28.35608100031095
36.72441600065213
31.266349999896192
27.186786999664037
33.355513000060455
29.180186999838043
27.264307999757875
22.318977999930212
32.446374000755895
25.038941000275372
22.02023899917549
28.167915999802062
21.36055899973144
29.893138000261388
19.316486999741755
26.296549000107916
23.120881999602716
22.60861800004932
21.212624999861873
22.087780999754614
25.34898100020655
26.605797999764036
33.589011000003666
19.608286000220687
20.612345999325044
34.48299699994095
40.10813799959578
31.113095999899087
28.982830999666476
29.900708999775816
26.866857000641176
35.05032500015659
29.947038999125652
27.46539700001449
20.775582999704056
27.19261599941092
27.900168000087433
24.278705999677186
22.99905200015928
26.99750000010681
24.892426000405976
21.832013000675943
21.684067999558465
27.88584300014918
27.570438000111608
32.86229799959983
26.267779000590963
32.32617100002244
34.93437100041774
26.981590000104916
28.622955000173533
35.2111900001546
30.685292999805824
31.951156000104675
32.12122999957501
39.69982699982211
33.453256000029796
32.0732139998654
35.756536000008055
25.617618000069342
34.41330600071524
30.31447100056539
31.906731000162836
34.324405000006664
34.95969200048421
27.402142999562784
36.58468199955678
28.878976999294537
34.871687999839196
25.380490999850736
29.397424000308092
34.248711000145704
27.990999999929045
37.05472199999349
24.94258800015814
36.63291499924526
31.096695000087493
30.677372000354808
34.44306600067648
30.733544000213442
27.37784099917917
27.377762000469374
32.981602999825554
35.15000800052803
23.148793000473233
29.08794399991166
34.8568500003239
24.745886999880895
32.24302000035095
42.108900000130234
25.88406599988957
39.28625400021701
26.852865999899223
36.09322200009046
37.510979999751726
32.155199999579054
35.48019800018665
30.7931750003263
29.778614999486308
19.21284400032164
22.95529700040788
25.9770220000064
27.075013000285253
37.51638199992158
27.362471000742516
20.436540999980934
22.191246000147657
20.254375000149594
24.506095000106143
31.506976999480685
26.498534999518597
21.67281800029741
32.66711300057068
33.89630000037869
30.01763199972629
22.93140699930518
28.38903200063214
24.05264100070781
29.10242400048446
23.104472000341048
29.007600999648275
23.388579999846115
20.030949000101828
26.390461000119103
25.767033000192896
29.347732000132964
18.823422000423307
21.921767999629083
28.39730999949097
19.673806999890076
27.30781899936119
21.624396999868623
26.350740999987465
24.191134999455244
25.65599999979895
17.89978400029213
23.59073699972214
29.35291199992207
22.729801000423322
29.54406799926801
24.935348000326485
22.363509000570048
30.395294000300055
26.19375599988416
28.50148600009561
21.998568000526575
27.860925999448227
19.71437900010642
29.50711199991929
26.212796999971033
26.74775299965404
21.005119000619743
26.393831999484973
21.25206600067031
27.71066199966299
24.091342000247096
23.46392300023581
23.02500899986626
21.088151000185462
30.430095000156143
32.48294700006227
20.083940000404255
26.77073399991059
19.02617799987638
22.209415000361332
24.934006999501435
23.38649000012083
25.959038000110013
21.570695000264095
24.886546999368875
27.833236000333272
30.030502999579767
22.249956000450766
26.557656000477436
22.22508500017284
26.121693999812123
26.37671100001171
25.273628000832105
34.88393899988296
26.742413000647502
22.26938599960704
27.503545000399754
19.312096999783535
25.888567000038165
23.296037000363867
21.501193000403873
20.721808999951463
23.23729599993385
25.459223000325437
38.727385999663966
23.34256800077128
27.897883000150614
21.485072999894328
18.803111000124773
27.18672599985439
21.04497900018032
23.13576300002751
25.48302400009561
27.099252999505552
18.640936000338115
27.406465000240132
22.095291999903566
28.913078000186943
27.60421800030599
23.411201999806508
22.154365999995207
27.97263699994801
20.418529999915336
26.809335000507417
19.859233999341086
22.533786999701988
26.766423000481154
20.208053999340336
22.997304999989865
28.028733999235556
25.954147999982524
23.210355000628624
27.05122199949983
34.47582799981319
20.866534000560932
27.11988500050211
19.110469999759516
28.81110499947681
29.797815999700106
17.99229700009164
20.54433400007838
21.236423999653198
18.937894999908167
27.97130900034972
21.875614000236965
27.134685000419267
19.411649000176112
25.862630999654357
23.427327000717924
21.596166000563244
26.81001400014793
24.39447199958522
22.74928099996032
25.685009999506292
21.451321999848005
26.6306989997247
18.352967999817338
23.838004999561235
21.100661000673426
21.61712700035423
20.98144699994009
22.788113000387966
23.459032000573643
25.117983000200184
27.430974000708375
20.555753999360604
27.344082000126946
23.07926200046495
21.97964800052432
28.680561000328453
19.847692000439565
28.03754099932121
28.555238000080863
25.904576999892015
22.513183999762987
20.32632700047543
27.705622000212315
18.409699000585533
25.43894199970964
26.928189000500424
22.383499999705236
27.479405000121915
21.508043000721955
27.659413000037603
18.549751000136894
20.86671400047635
23.288686999876518
27.429303999269905
20.693108999694232
26.495674999750918
20.10216000053333
27.44112300024426
34.95306100012385
24.421541999799956
33.83444800056168
26.256787999955122
25.957978000406
20.829602999583585
25.35102999991068
26.49480499985657
24.146102999111463
25.74562199970387
27.056881999669713
17.206372999680752
21.682778000467806
30.455484999947657
32.68479300004401
32.164246999855095
33.59980000004725
30.878647999998066
29.655451000508037
30.94445100032317
26.970629999595985
21.24330500009819
23.606707999533683
21.5640850001364
27.55009600059566
20.831613000154903
28.1425749999471
21.65922899985162
24.99170899955061
35.085505999632005
25.227545999769063
26.350860999627912
21.87883399983548
27.27600800062646
39.59444300016912
21.139141999810818
28.31707000041206
24.00808899983531
28.565626999807137
25.765202999536996
27.346510999450402
33.57458000027691
26.34762000070623
35.830457999509235
24.386287000197626
40.398002000074484
28.28569399935077
37.644774000000325
27.030425999328145
31.97507400000177
36.33139400062646
27.047311999922385
33.27910099960718
33.65138100070908
32.75125000072876
33.22365899930446
36.03948499949183
25.681250000161526
27.948400000241236
35.6017209996935
27.318790000208537
29.775750000226253
34.02375299992855
28.88481799982401
39.074807000361034
29.87144700000499
42.330952000156685
30.342023999764933
32.503647999874374
27.57784699952026
21.999638000124833
28.000281000458926
18.464350999238377
24.893926000004285
21.1033209998277
25.1602449998245
24.614990999907604
21.501229999557836
22.9971190001379
24.630058000184363
27.82708500035369
34.56104100041557
24.3116089995965
23.600501999681
30.655973999273556
23.727510999378865
26.351590999183827
20.282227000279818
19.437752999692748
30.428743999436847
23.87684499990428
25.951368000278308
38.064895999923465
28.124123999987205
38.24266200081183
25.062021999474382
31.46249600013107
29.535496999415045
29.440824000630528
30.233498000598047
36.91260199957469
25.06578099928447
34.00220399998943
33.92268000061449
34.18854899973667
32.04746400024305
40.071868000268296
37.21752099954756
29.77992500018445
28.00838599978306
30.045622999750776
28.973499999665364
27.978899000117963
35.79001699927176
24.220985999818367
26.12743400004547
35.20766900055605
28.430992999346927
29.902508999839483
30.085133999818936
29.72588300053758
29.528428000048734
37.876470000810514
38.12360800020542
34.370953999314224
31.647240999518544
32.53844900063996
28.92957899985049
34.75223899931734
26.192915000137873
27.327531000082672
30.65394099940022
23.870265000368818
35.581009999987145
24.994399000206613
33.31461200014019
30.089503999988665
27.469724000184215
27.03237099922262
22.552765000000363
