Messages/sec=19.91
duration_sec=60.031
payload_size_bytes=8388608
total_messages=1195
payload_throughput_MiB_sec=159.25
mean_rtt_ms=26.982
median_rtt_ms=26.506
stddev_ms=5.060
min_ms=15.734
max_ms=46.947
---raw_latencies_ms---
34.20056899994961
34.83199299989792
19.083265000517713
34.507328000472626
20.02579899999546
20.938666000802186
25.69387099993037
26.306290000320587
20.317097000770445
23.346730000412208
30.23811000002752
31.553949000226567
24.715020999792614
38.06643699954293
34.67929299949901
31.55257799971878
32.993308000186516
26.410481999846525
30.02764200027741
30.252468999606208
36.70817500005796
34.51738900002965
26.870766999309126
33.936021000045
20.99491799981479
30.215597999813326
24.69706000010774
24.77339300003223
28.90750799997477
34.02946299956966
34.11764700013009
20.67708800041146
21.02994899996702
26.577878999887616
43.61320500083821
22.578824999982317
20.119231000535365
35.5268100001922
22.42531100000633
28.56272799999715
20.92533899940463
26.29260899993824
31.77261600012571
24.9664090006263
32.2275090002222
25.919658000020718
21.052201999737008
26.163125000493892
27.591168000071775
25.997349999670405
19.01592800004437
21.53970500057767
25.951048000024457
25.971559999561578
22.739190999345738
22.07505099977425
23.628418000043894
25.91710799970315
20.430700999895635
28.59968899974774
22.838234000118973
26.146234999941953
18.67964699977165
24.986890999571187
27.088432999335055
26.68729099968914
27.143334999891522
28.2488890006789
25.2203690006354
27.336330999787606
23.072210999998788
34.30442300032155
24.78644299935695
22.440773000198533
27.60064899939607
19.947540999964986
29.57854899977974
22.07969699975365
26.504694999857747
22.524875000272004
28.37476299919217
31.279439999707392
21.162482999898202
24.434153000584047
28.372685000249476
22.40092000010918
28.07295200000226
21.57347499996831
21.96733700020559
23.289536999982374
27.2129369996037
28.80143499987753
24.71734099981404
23.41938100016705
30.579889999899024
26.366660999883607
26.447473999724025
20.010438000099384
22.65734100001282
27.737032999539224
22.915006000403082
28.070182999726967
23.18260999982158
27.361901000404032
19.57838399994216
27.831395999783126
24.28286800022761
32.17837300053361
20.874265000202286
21.832172999893373
26.48554499955935
20.53573399916786
20.591505999618676
26.53081599964935
19.166714999300893
26.87312899979588
23.60554700044304
21.21079400058079
26.363340999523643
19.225824999921315
26.315050000448537
26.282988999810186
25.953232000574644
24.10837299976265
29.78613499999483
18.945755999993708
26.185595000242756
23.254507000274316
26.367470000877802
22.197604000211868
28.16971599986573
30.280109999694105
26.656029999685416
20.955736999894725
25.31773900045664
20.497493000220857
30.984911999439646
23.81684400006634
27.103784000246378
22.571035000510165
26.37240199965163
22.168764000525698
29.63436099980754
20.07582399983221
20.74867000010272
27.277868000055605
25.624797999626026
33.24938599962479
21.980817999974533
28.10581399990042
21.37680900068517
23.605647000294994
29.09421399999701
25.629488000049605
26.4817649995166
19.09429999977874
24.752102000093146
20.035958999869763
26.06930199999624
32.98651200020686
25.041871000212268
29.0901180005676
23.694599999544153
24.07664200018189
20.98049800042645
28.27047900063917
20.257266000044183
23.009229999843228
20.69974200003344
29.731542999797966
20.730910000565927
27.193956999326474
23.88383600009547
27.641448999929707
32.38849400077015
20.854704000157653
25.422673000321083
24.085961000309908
27.55368699945393
26.922988000478654
23.61587799987319
19.597415000134788
28.39587299968116
25.019669999892358
25.340919999507605
27.981459999864455
31.40707399961684
25.44020300047123
22.306438000669004
19.099439999990864
23.241296999913175
26.24129699961486
17.90107399938279
19.911264999791456
21.659528000782302
26.600748999953794
21.017707999817503
33.576560000255995
32.043414000327175
34.74684499997238
24.42533200064645
27.46835500056477
33.71108400006051
34.97254200010502
25.422681999771157
31.078793999768095
25.34725000077742
26.942788000269502
25.730102000125044
34.409266000693606
26.082192000103532
32.6533820007171
36.398455000380636
25.200285999744665
25.065722000363166
27.821356000458763
29.933879999589408
35.60743200068828
30.355022999174253
31.751235000228917
26.122843999473844
34.13314699992043
25.24489600000379
33.32283199961239
24.588977999883355
23.995420000574086
22.187694000422198
25.77031300006638
20.76562999991438
25.10666299986042
26.872876999732398
20.098641000004136
30.310523000480316
19.288926000626816
31.338652000158618
24.89159699962329
24.206555000091612
23.31622800011246
22.08614099981787
23.972837999281182
26.506185000471305
35.83226899991132
24.545755999497487
32.007732999773
18.01746799992543
23.93755799948849
26.694900999245874
21.86951899966516
21.419331000288366
27.16140499978792
21.640166999532084
27.04478099985863
19.990546999906655
26.969479999934265
21.874703999856138
21.18566399985866
23.53912600028707
27.034341000216955
29.883758000323724
22.987157999523333
21.274585999890405
26.58131800035335
21.089400999699137
27.937658000155352
24.58971699979884
25.56031600033748
29.208077000475896
34.36528400015959
18.14377099981357
22.46780299992679
32.181042000047455
21.521214000131295
26.235186999656435
22.233235999919998
23.55423500011966
27.421223000601458
20.792121999875235
27.504894999765384
30.00744200016925
30.743303999770433
34.85204799926578
32.32409199972608
31.161486999735644
36.42746700006683
29.69690299960348
34.94232100001682
25.91361800023151
42.69727700011572
32.928196000284515
34.85558400006994
25.607298000068113
33.470975999989605
32.4255550003727
35.262100999716495
25.062711999453313
29.456554000717006
21.70679899973038
25.564736999513116
27.061222000156704
23.15338399967004
25.161653999930422
25.66039900011674
33.134907000203384
20.75543099999777
28.30323999933171
20.62340900010895
26.570497999273357
17.361889999847335
22.563124999578577
27.620351999757986
37.60607999993226
23.381730999972206
20.320958000411338
28.105937999498565
20.094813000469003
24.685668000529404
31.674885000029462
20.418797999809613
24.713140999665484
26.215128999865556
30.162396999912744
19.14656200005993
27.41753299960692
20.284766999793646
27.52765700006421
22.541615000591264
22.021728999789048
26.32755000013276
23.083320999830903
21.938007000244397
32.56677900026261
26.727972000117006
30.281449000540306
27.02317100010987
33.892229000230145
28.77579399955721
34.01458299958904
25.007469999763998
19.01268700021319
21.821735000230547
24.02382999935071
30.81152699996892
19.14353200027108
23.284729999431875
27.79939500032924
21.62442699955136
25.536076000207686
31.505177000326512
24.64028899976256
24.991749999571766
24.710330999369035
25.465304000135802
27.47044400075538
29.07894399959332
37.505039000279794
28.6996619997808
35.983963000035146
25.74713800004247
36.63962399969023
27.84990599957382
36.848609000116994
26.58509699995193
36.134627999672375
20.9268560001874
28.616919000342023
25.73195199965994
23.404220999509562
24.851844999830064
20.795931999600725
28.197276000355487
27.457465000225056
35.5274699995789
25.4236620003212
26.801394000358414
30.545208000148705
30.316970000058063
26.274587999978394
29.518177000682044
24.337449000086053
25.5712569996831
45.52486299962766
24.42986200003361
22.64794799975789
27.04698199977429
26.789183999426314
26.127176999580115
24.896417000491056
27.86235699932149
23.887665999609453
26.017300000603427
22.50843399997393
24.568006000663445
27.828245999444334
20.61947600031999
26.323109999793814
18.505592000110482
23.635268000361975
25.814894000177446
39.56725199986977
22.72988099957729
22.190304000105243
26.226338000014948
35.8312289999958
21.637130999806686
26.951298999847495
28.42302400040353
37.06157600026927
21.67682799972681
26.702970999394893
36.22579599959863
25.6912029999512
29.83988599953591
22.88883499932126
27.26863800035062
23.045980999995663
26.594448000651028
24.693879999176716
22.592307000195433
31.472476999624632
34.101025000381924
25.684969999929308
30.920469999728084
36.10010700049315
33.10287599924777
36.39801500048634
28.28882900030294
26.719051000327454
29.07180399961362
28.7600139999995
27.568028000132472
30.03714199985552
27.810425000097894
26.56326699980127
27.62019900001178
25.206325999533874
25.291797000136285
22.929357000066375
20.938155999829178
23.950558000251476
26.45848400061368
26.80123400023149
15.733757999441877
20.997968000301626
27.407290999690304
21.702369000195176
27.483474000291608
21.01315900017653
23.890766000477015
25.40945200053102
20.172052999441803
28.63316000002669
26.364330999967933
28.992280999773357
19.532924000486673
21.699199000067892
27.80271499977971
24.804063999908976
21.95546699931583
30.58561899979395
21.165823000046657
26.46883000033995
22.711215000526863
22.277177000432857
27.195785999538202
23.02726900052221
27.488274999996065
29.270629000166082
22.348208999574126
34.027993999188766
26.74429200033046
34.88311999990401
26.339292999182362
27.609288999883574
36.79506800017407
29.798086000482726
35.79897800045728
26.888187000622565
37.711775000389025
24.288171000080183
27.17730499989557
29.433873999550997
30.11137500016048
25.208734999978333
38.39420500025881
26.177335000284074
34.68773399981728
30.028582999875653
26.558577000287187
30.778934999943885
36.02683400004025
32.853998000064166
35.80277799937903
24.616418000732665
31.24996899987309
26.973320000251988
30.185517000063555
27.551107000363118
31.302841000069748
31.601519999640004
34.919900999739184
25.032029999238148
30.45640500022273
36.32634399946255
26.570736999929068
33.56157899997925
23.651438999877428
24.841174999892246
30.463570000392792
31.767520000357763
29.321100000743172
26.707390999945346
29.597838999507076
32.822346999637375
27.402292999795463
29.98181100065267
26.361670999904163
26.317778999327857
32.09607499957201
29.45678499963833
34.48020700034249
28.99452099973132
27.494165999996767
38.41046700017614
31.383194000227377
35.41487600068649
25.916747999872314
29.493117000129132
34.826867999981914
20.47872200000711
25.24487700065947
27.765732999796455
21.909816000516003
20.232707999639388
23.80564399936702
26.011021000158507
23.218606000227737
27.368971999749192
21.01499899981718
26.09673200004181
23.876424000263796
20.733880000079807
27.99911100009922
24.265279000246665
20.96973799962143
27.88594799949351
36.117605999606894
23.19754699965415
43.722069000068586
24.060011999608832
21.14757199979067
26.233527999465878
28.65789899988158
21.669968000423978
28.707258000395086
22.707455000272603
24.291088000609307
27.000900000530237
26.379111999631277
27.523325999936787
19.386415000553825
19.719324000107008
20.91675599967857
25.58128599957854
23.040409999339317
30.18283799974597
18.096380999850226
25.365591000081622
28.00357999967673
19.219673999941733
22.103192000031413
35.6827229998089
24.739182999837794
29.41919900058565
23.403020999467117
32.5153780004257
22.329147999698762
26.52910199958569
29.15596499951789
30.624820000412
31.89394400033052
24.44391000062751
36.000044000502385
26.749981999273587
28.28679899994313
27.016674000151397
28.552738000144018
27.491627000017616
20.643607000238262
22.514004000186105
31.070263999936287
27.42837799996778
24.924628000007942
26.006250000136788
32.290211000145064
41.26173899931018
36.95385500031989
40.42595900045853
28.848375999587006
41.40418900078657
21.999599000082526
27.930557999752637
29.40821300035168
35.944573000051605
27.96587000011641
28.93627900084539
30.87950900044234
38.28914299992903
29.39031400001113
31.822936000025948
28.375222000249778
26.80864499961899
20.742089999657765
27.876436000042304
22.46978300081537
28.385893000631768
20.458511000470025
30.020922999938193
25.216525999894657
25.494575000266195
30.15047600001708
28.435404000447306
25.808055000197783
28.25359100006608
20.500583000284678
21.161383000617207
28.33926099992823
22.282515999904717
22.300367999378068
29.17158600030234
27.735961999496794
30.115205000583956
34.153526999944006
27.19710600013059
29.185205999965547
18.06679899982555
24.665169000400056
27.728951999961282
24.52317499955825
27.35696099989582
19.671027999720536
29.775963999782107
31.643231000089145
37.61926199968002
27.407532000324863
38.641613999971014
28.81233500011149
46.94726600064314
28.278027999476762
29.98903200023051
28.859316000307444
40.900975999647926
31.78988599938748
37.3781059997782
33.87737899993226
34.94341199984774
33.09789000013552
36.014635000356066
26.845524999771442
25.930256999345147
31.48039699954097
35.86010900016845
27.370071000405005
25.378352000188897
26.768783999614243
25.35953100050392
24.32124900042254
26.757091999570548
24.93567700003041
29.043151999758265
29.635361000146077
30.871769000441418
35.221991000071284
34.90221099946211
27.062353000474104
35.672664000230725
26.551596999524918
36.71631600082037
27.555245999792533
33.07212799973058
25.707981999403273
34.549959000287345
25.611788000787783
29.911278000327002
32.385504000558285
31.140767000579217
29.24406799957069
25.881566999487404
30.66756499993062
35.22720000000845
32.83288900001935
36.338614999294805
26.757912999528344
29.170677000365686
37.97218299951055
26.739832000203023
19.684658000187483
26.103893000254175
20.487852999394818
27.216106999730982
22.59323599992058
27.27117799986445
25.825075000284414
36.563571999977285
29.290899999978137
20.006688000648865
24.6218640004372
23.40822099995421
28.478834999987157
23.620617000233324
28.44502499920054
22.44604200041067
25.043315999937477
34.59551700052543
18.964376000440097
22.871073999340297
25.696782000522944
21.29844699993555
27.044421999562474
22.1990440004447
26.53853599986178
21.80716300063068
26.591888000439212
23.71166099965194
23.036770000544493
26.395361000140838
22.62676800000918
22.333629000058863
19.79926100011653
22.716569999829517
27.16048500042234
28.853725999397284
26.583237000522786
23.27787700050976
24.63054799954989
24.60364699982165
28.766733999873395
24.146104999999807
21.45992199984903
27.134039999509696
23.29232700049033
27.73930199964525
34.10788600012893
26.520714999605843
24.198516000069503
20.16501199977938
25.321299000097497
28.7120019993381
23.908596000183024
29.31794500000251
23.030358999676537
28.125244999500865
22.105756999735604
22.89641599963943
29.533916999753274
25.1192430005176
23.385550000057265
27.65776999967784
22.090092000325967
20.37535899944487
26.416711999445397
21.609946000353375
25.12704400032817
34.611871000379324
32.72703400034516
34.56142000050022
27.863506999892707
32.122405000336585
31.464526000490878
33.38437399997929
37.83900999951584
24.162184000488196
22.193302999767184
27.624718999504694
19.504112000504392
20.721310000226367
21.65495799999917
25.836054000137665
24.35959900049056
20.1913129994864
26.74069199929363
20.87572500022361
22.845915000289096
28.90168799967796
20.669427999564505
28.37975300008111
20.34277800066775
25.908117000653874
22.178813999744307
27.233167000304093
24.97026899982302
19.55167399955826
21.197742999902403
27.49999600018782
19.714881000254536
21.859450999727414
25.175056000080076
25.322919000245747
24.501834999682615
22.788692999711202
20.56572500077891
31.509327000094345
23.117091999665718
25.844195000900072
30.834117000267725
19.102271000519977
18.750790000012785
20.133871999860276
28.10245499949815
18.238034000205516
28.909447999467375
27.369663000172295
22.243505999540503
29.843297000297753
25.43438300017442
20.314688999860664
20.82083299956139
29.089176000525185
23.64584799943259
26.830515000256128
33.613200999752735
25.265377999858174
19.246925000516057
25.958713999898464
20.300676000260864
26.81821399983164
28.530632000183687
23.179933999927016
27.317631000187248
26.875896999627003
26.282918000106292
20.561854999868956
28.287049000027764
20.61106600012863
24.683419999746548
28.112513999985822
19.110950000140292
22.933577000003424
28.48278500005108
21.559095000156958
28.269628000089142
19.3160570006512
28.42919399972743
20.97500900072191
29.535906999626604
20.40073999978631
25.67055999952572
26.157965000493277
19.74911300021631
24.914340000577795
28.280253999582783
21.96894799999427
19.552445000044827
21.97386700026982
30.04619300008926
23.890815999948245
21.405980000054114
24.681849999979022
28.977061000659887
21.292457000527065
27.276628000436176
25.387951000084286
28.244308000466845
24.693229999684263
22.8321730000971
26.031479999801377
21.383569999670726
24.89809899998363
21.716550000746793
23.457371999938914
27.859515999807627
24.92335299939441
21.12877200033836
28.405045999534195
21.28956599972298
28.00470999954996
21.591706000435806
25.77298400046857
24.981927999760956
26.510534999943047
23.012033999293635
17.998806999457884
23.874904999502178
26.383141999758664
26.907108000159496
23.964261000401166
22.810633000517555
20.567935000144644
27.147054999659304
19.86660300008225
29.612928999995347
20.673527999861108
28.514249000181735
25.341259999549948
26.76169300048059
20.077969999874767
29.405633000351372
26.37994199994864
24.24301100018056
22.67826800016337
27.424722999967344
21.87565399981395
26.677899999413057
28.480214000410342
24.102634999508155
28.0130500004816
23.920937000184495
23.879895000391116
27.181626000128745
23.25668699995731
22.174704000462953
28.565758000695496
25.33847999984573
25.319389999822306
33.657941999990726
22.17190400006075
25.685589999739022
21.56671600005211
25.60898800038558
25.30061899960856
20.428970000466506
29.17721599987999
24.308969000230718
26.97023899963824
22.59079599934921
26.752952000606456
23.697900000115624
28.04076200027339
20.041350999235874
28.125464000368083
20.00111699999252
21.706439999434224
26.801003999935347
23.112941999897885
28.23694800008525
19.179117999556183
27.60777900039102
32.71912400032306
25.559165999766265
18.513132999942172
24.018950000026962
19.604326000262517
27.523245999873325
19.78268999937427
20.726939999804017
21.451581000292208
26.742252000076405
21.906775000388734
22.557426000275882
27.27307799978007
24.00028900046891
22.329044999423786
23.85960499941575
27.554371999940486
23.382190999654995
27.981369999906747
20.956596999894828
17.570523000358662
26.074092999806453
25.030969999534136
20.84772400030488
20.268676000341657
25.75508300014917
24.570626999775413
22.374547000254097
26.818844999979774
28.659730999606836
36.079176000384905
38.01970400036225
32.994352000059735
22.800352000558632
23.938466999425145
33.749764999811305
34.79255700040085
30.474025999865262
32.88145100032125
33.612569000069925
26.55162599967298
36.1536980008168
27.330769999935
34.064108000166016
24.54170399960276
32.33414099941001
22.96000800015463
27.672811000229558
19.820390999484516
28.031642000314605
19.3930690002162
26.619709000442526
28.03635199961718
20.263825000256475
27.970850000201608
23.293377999834775
23.415382000166574
23.288220000722504
22.33430900014355
28.266428999813797
23.891175000244402
26.158435000070313
29.15932599989901
23.53645499988488
29.615929999636137
22.834503000012774
28.894617999867478
22.895015999893076
26.070652000271366
25.79363399945578
23.384299999634095
27.76133200040931
24.428381999314297
24.854174999745737
35.67072299938445
29.94836000016221
35.36024500044732
25.68280000014056
35.41856499941787
31.032013000185543
37.06656600024871
25.42448200074432
30.826567000076466
27.987750999272976
33.65652299999056
22.580415999982506
25.908736999554094
28.447156999391154
34.792786999787495
29.101054999955522
30.362082000465307
25.641279000410577
28.144124999926134
23.623908000445226
20.581116000357724
27.178426000318723
34.6329069998319
27.824056000099517
38.58165299971006
25.67293999982212
29.26145999936125
28.77241399983177
30.33150199917145
27.79022399954556
23.084442000254057
28.061732999958622
21.06941000056395
30.585258999963116
17.511402999843995
19.169635000253038
29.011882000304468
41.39840800053207
29.79772100025002
36.0283639993213
26.49388500049099
35.44117599994934
39.523380999526125
28.399681000337296
29.913078999925347
34.05906499938283
26.114014000086172
29.966400999910547
27.695621999555442
24.89647699985653
23.134183000365738
22.993608000433596
27.773583000453073
22.826599999461905
34.77635099989129
23.71459000005416
29.74977400026546
20.925746000102663
30.518388000018604
21.558544999606966
22.376572000212036
27.39580199977354
23.757552000461146
25.780173999919498
25.92587800063484
24.415061999206955
27.543195999896852
20.16241199999058
21.896485000070243
26.741843000309018
32.34739300023648
20.965207000699593
28.836575000241282
18.5960349999732
24.778203000096255
23.530829999799607
39.63801399913791
42.42710799917404
33.78174299996317
42.63984499993967
31.049793999955
25.014998000187916
32.50092700000096
30.897808999725385
31.731039000078454
24.028240000006917
31.498606999775802
29.152520999559783
23.777518000315467
30.02195200042479
24.126702999637928
28.9901309997731
37.148929000068165
25.90373200018803
42.73706799995125
30.945489999794518
29.030082000645052
35.18546800023614
26.471905000107654
20.60390600036044
25.291208999988157
32.12997599985101
21.36820899977465
26.16664499964827
22.509073999572138
21.384159000263026
22.42617199954111
25.78064300087135
20.313436999458645
26.33564000007027
21.50423800048884
24.28226700067171
24.648388999594317
28.00865100016381
28.85112600051798
25.638459000219882
31.509977000496292
32.642461999785155
41.96227499960514
27.76843399988138
27.435113999672467
30.190386999493057
33.07504400072503
22.383829999853333
35.36010400057421
42.736647999845445
26.80649500052823
27.742818000660918
30.581705000258808
28.754572999787342
30.30148099969665
29.416264000246883
23.795602999598486
23.911266999675718
25.94831099941075
29.941360000520945
26.038870999400388
30.960760999732884
25.318668000181788
31.955581000147504
27.525606999915908
27.50711600037903
25.569346999873233
30.060912999942957
36.997774000155914
26.74864299933688
36.1937890002082
37.161788000048546
27.90499799993995
28.918347999933758
37.40047499923094
27.82341500005714
27.56357699945511
35.53409999949508
34.60293099942646
34.880449999945995
36.46859800028324
34.0472640000371
35.96755299986398
34.10499700021319
36.50333800032968
29.845615999875008
38.90536200015049
30.062742999689362
43.77647899946169
34.62696199949278
42.28033399976994
31.208557999889308
33.02143299970339
35.42715599996882
27.062772000135737
37.51018999992084
39.13797200038971
28.341274000013073
44.78690100040694
29.63190999980725
37.444518000484095
39.3096540001352
31.83708699998533
32.48454699951253
19.443371000306797
20.49412299948017
30.038073000469012
25.731467000696284
25.7622729996001
