Messages/sec=78.59
duration_sec=60.007
payload_size_bytes=1048576
total_messages=4716
payload_throughput_MiB_sec=78.59
mean_rtt_ms=10.665
median_rtt_ms=9.168
stddev_ms=4.212
min_ms=7.322
max_ms=222.221
---raw_latencies_ms---
11.014523999619996
9.222370000316005
12.776198999745247
11.273232000348798
15.464470000097208
10.289732000273943
12.24062099981893
10.348178999720403
10.559660000126314
8.770062000166945
8.62689199993838
8.255760999873019
8.779225999660412
8.500798000113718
8.493072999954165
8.33726300015769
8.660523000344256
8.293927000067924
8.624146999864024
9.359384000163118
8.684793999691465
8.8106670000343
8.429175999935978
8.562769000036496
9.002193000014813
8.760205999806203
8.529069999895
8.394204000069294
8.81051699980162
8.691214000009495
8.431266000116011
8.547960999749193
8.847164000144403
8.293117999983224
8.63848200015127
8.979147999980341
9.4696969999859
8.303142000386288
8.29758200006836
8.646367999972426
8.466017000046122
8.489177999763342
8.432325999820023
9.100727000259212
9.108912000101554
9.203523999985919
8.456131000002642
8.581005999985791
8.864054999776272
8.546134999960486
8.767737000198395
8.950261999871145
13.67791099983151
16.53879200011943
18.265705999965576
15.645454999685171
16.447849000087444
16.31846800000858
15.95887399980711
15.96018499958518
16.064547000041784
16.651785999783897
16.031747999932122
15.812031999757892
15.798391999851447
16.246282999873074
16.522192000138602
15.784918999997899
16.352886999811744
15.888933000042016
16.642936000152986
21.67972799998097
16.122629000165034
15.889462999894022
15.626163999968412
15.532591999999568
15.490602999761904
15.618993999851227
15.967248000379186
12.238749000061944
8.358895999663218
8.919191000131832
9.224290000020119
9.263610999823868
9.228020000136894
9.587116000147944
8.532219999779045
9.49849800008451
15.294906999770319
17.788939999718423
15.923173000373936
15.591633999974874
13.190860000122484
9.084827000151563
9.09780599977239
9.186920000047394
9.004014000311145
9.331184000075154
8.426146000147128
8.466558000236546
9.247439999853668
10.069315999771788
9.481898000103683
9.304012000029616
9.538750000047003
9.28046400031235
9.077294999769947
9.218709999913699
9.522469000330602
9.280842000407574
9.042785000019649
8.953583000220533
9.836169999744016
9.942910999598098
9.896010999909777
9.169418000055884
9.754244999840012
9.016213999984757
9.546535000026779
9.318682999946759
8.908651000183454
9.435417000076995
8.891650000350637
9.213399999680405
8.938640999986092
8.926371000143263
8.840647999932116
9.144796999862592
9.485177999977168
11.07610700000805
8.952801999839721
8.677406000060728
20.594596000137244
16.33321100007379
15.734887000235176
16.743599000164977
9.560120000060124
13.264382999750524
9.790458000225044
10.202129999925091
8.84271799986891
10.504599999876518
9.4600120000905
8.949282000230596
8.64921200036406
8.896101000118506
9.063994999905844
9.239932000127737
9.3884650000291
8.949950999976863
9.581661000083841
10.013334999712242
10.571610999704717
9.584971999629488
9.888390000014624
9.754336000241892
9.274841999740602
9.704174000034982
9.386725000240403
8.87365900007353
9.181298999919818
9.596040999895195
9.540840000227035
9.071415000107663
9.84989000016867
8.899540000129491
10.520718999941892
15.259833000072831
10.135277999779646
9.055745999830833
9.96405199975925
10.744335999788746
8.856259000367572
8.288022000215278
9.53244199990877
9.502037999936874
9.225060000062513
8.785005999925488
9.075315999780287
8.812338000097952
8.923441000206367
9.040964999712742
9.217759999955888
9.11462699968979
8.778335999977571
8.642512999813334
9.604411000054824
10.569131000011112
11.251832000198192
8.774519000326109
8.947942000304465
10.019373999966774
9.90660100023888
9.120587000325031
8.781819000432733
9.16668900026707
9.063315999810584
10.07483500006856
10.393597000074806
11.712726000041584
15.35568700001022
15.287205000277027
15.959235000082117
16.048617999786075
16.277824000098917
15.570569000374235
15.297205000024405
15.559011999812355
16.475349999836908
15.464108999822201
15.909742999610899
15.438687999903777
15.501601999858394
16.46550000032221
15.798338999957195
15.817130999948859
15.402947999973549
15.643625000393513
15.24737699992329
15.532391999840911
15.286585000012565
15.324886000144033
15.588115999889851
16.059398000379588
15.344605999871419
12.668698000197764
10.844658999758394
9.189270000206307
8.96262200012643
9.196788999815908
9.061885999926744
9.444176999750198
9.000352999919414
9.094395999909466
9.399935999681475
8.625962000223808
10.021905000030529
9.935561000020243
10.441327000080491
9.205509999901551
9.112247000302887
9.45921599986832
9.01043399971968
10.124617000201397
9.578410999893094
9.520350000002509
8.496078000007401
9.633653000037157
8.767286999955104
9.810818000005384
8.750229000270338
9.98211399974025
9.50254400004269
8.898050999960105
9.23973599992678
8.828108000216162
8.197909000045911
8.695862999957171
9.02737900014472
8.512857999903645
8.751965000101336
8.503074000145716
8.365974000298593
8.948522000082448
8.88810000014928
8.748354999625008
9.01449799994225
8.781979000104911
8.954786999765929
8.658765999825846
9.331439000106911
9.242285999789601
8.83833100033371
8.57316300016464
8.47090700017361
8.805746999769326
8.261911000317923
8.567689999836148
9.30035700002918
8.839648000048328
9.616762000405288
8.503468000071734
10.383535000073607
9.387126000092394
9.096507000322163
9.852579999915179
10.152199000003748
9.870049999790353
9.585311000137153
9.80744800017419
9.015734000058728
9.260681999876397
10.161667999909696
9.264680999876873
8.905160000267642
9.547889999794279
9.85787999979948
9.452348000195343
10.310813000160124
9.406515999671683
9.03263500003959
9.143608000158565
9.344784000404616
9.331384000233811
8.836028999667178
9.519999000076496
8.739715999581676
8.551098999760143
8.849898999869765
8.955541999966954
9.359493999909319
9.34801299990795
9.580860999903962
8.814818000246305
9.074506000160909
8.899899999960326
9.891060999962065
8.360598999843205
8.518873999946663
9.606233999875258
8.501168000293546
8.653927000068506
8.764460999827861
9.414266000021598
8.561058999930538
8.960314999967522
8.699974000137445
8.783276000031037
8.912290999887773
8.702543999788759
10.848540000097273
8.692923999660707
10.48703900005421
11.798658999850886
9.722385999793914
12.14973900005134
15.647807999812358
16.050317999997787
15.440121000210638
15.767738000249665
15.642057999684766
19.278146000033303
17.905874000007316
15.551692000371986
15.506396000091627
15.552931999991415
15.58820399986871
9.655862999807141
9.108468999784236
8.457077000002755
8.723689999897033
8.072080000147253
8.413766000103351
8.423394999681477
8.359764000033465
8.980904999589256
8.270044999790116
8.246955000231537
10.147742999834009
9.342939999896771
8.28247699973872
8.393268999952852
9.47059000009176
8.565369000280043
8.100916000330471
9.167963999971107
11.72928599999068
9.393817999807652
11.565961000087555
15.814145000149438
8.351346000381454
8.550460999686038
8.602065999639308
8.516028000030929
8.302182000079483
8.590310000272439
9.467447000133689
9.092536000025575
9.009293999952206
9.212203000060981
8.966251999936503
17.98195699984717
9.140617999946699
9.772296999926766
8.986463000383083
9.515148999980738
8.920670999941649
10.03280699978859
9.424327000033372
13.361810999867885
10.381606000009924
9.514671000033559
10.409250000066095
8.307291999699373
8.797438000328839
8.465007999802765
8.665878000101657
8.416515000135405
8.91728599981434
8.930455999689002
8.72717999982342
8.507083000040438
9.066789999906177
8.544458999949711
11.490374999993946
9.421655999631184
8.970012000190764
8.478251999804343
9.764149000147881
9.176810999633744
8.999499000310607
8.32921700020961
8.82192800008852
8.773400999871228
8.942000999923039
8.79223699985232
9.66878799999904
8.952504000262707
10.898099000314687
10.439527000016824
9.084536000045773
9.040117000040482
9.078155000224797
8.834548000322684
8.857088999775442
9.013494000100764
9.625951999623794
9.750245999839535
8.746576000248751
9.527038999749493
9.983123999973031
9.877669999696082
9.032014999775129
9.30797299997721
10.292512999967585
9.134787000220967
9.507132999715395
8.59023300017725
8.374765999633382
8.471853000173724
8.3451939999577
9.086666000257537
10.566341999947326
10.064675000194256
8.594613000241225
8.596490999934758
8.58139999991181
8.682843999849865
8.716858999832766
8.725135000076989
8.152121999955853
9.000317999834806
10.916430999714066
9.910095000122965
8.898178999970696
8.816149999802292
8.95334400001957
8.914200999697641
9.499157999925956
8.534411999789882
8.437150999725418
9.167652999622078
8.825091999824508
8.352345999810495
9.326834999683342
9.331873000064661
8.494138000060047
8.657167000365007
8.192898999823228
8.854837999933807
10.086841999964236
9.096646000216424
8.773385000040435
8.405859000049531
9.584276000168757
8.519477999925584
8.32541299996592
8.401130000038393
9.088596999845322
8.435016000021278
8.055880000028992
8.643466000194167
10.28823700016801
8.86517199978698
9.684649000064383
8.410787000229902
10.189219000039884
16.19390099995144
16.29583999965689
15.635798999937833
15.584115000365273
15.74104300016188
15.378598000097554
15.558477000013227
15.689697000198066
15.92733400002544
15.451741999640944
15.62050399979853
15.429772999596025
15.614269000252534
15.705506000358582
15.278665000096225
15.691956999944523
15.44015399986165
16.01350700002513
15.506320999975287
15.23612300024979
15.159930999743665
15.829990999918664
15.441143999851192
15.651116000299226
15.65913600006752
14.205640999989555
8.734750000257918
8.889152999927319
8.259060000000318
8.349764000286086
8.38854999983596
8.543502000065928
8.077808000052755
8.670918999996502
8.466276000035577
8.917060999920068
8.70131700003185
8.812857000066288
9.752996000315761
11.610031000145682
9.004857000036282
9.987890000047628
10.291145000337565
8.359438000297814
8.703537000201322
9.589241999947262
8.481079999910435
8.378767000067455
8.832468000036897
8.801436999874568
8.30447299995285
8.412215000134893
8.60363599986158
8.895663999737735
8.31171199979508
8.73420800007807
8.081049999873358
8.275890999811963
8.437506000063877
9.082740999929229
8.783987000242632
8.514473000104772
8.528239000042959
7.9976629999691795
8.176800999990519
8.494693000102416
8.682275999944977
9.038947000135522
8.363579000160826
8.209439999973256
8.522530999925948
8.195494000119652
8.662784000080137
8.321432000229834
8.378154000183713
8.205663999888202
8.420934999776364
8.955891999903542
8.504481999807467
8.392044000174792
8.70462500006397
8.560203999877558
8.56404099977226
8.462106000024505
8.71044699988488
8.420100000421371
8.491522999975132
8.196397999654437
8.696817999862105
8.325990000230377
9.216069000103744
10.459143999923981
10.23777299997164
8.41666999986046
8.575866000228416
8.226058000218472
8.613853000042582
8.626096000170946
8.733388000109699
8.389626999814936
8.218124999984866
8.605105000242474
8.677645999796368
8.31524300019737
8.380555999792705
8.142149999912363
8.568276000005426
9.382206999816844
8.309617000122671
8.312287000080687
8.709499000360665
8.33058299986078
8.246531999702711
8.305844999995315
8.624916999906418
8.343488000264188
8.723848000045109
9.483477000230778
8.442311999715457
8.978806999948574
8.039066000037565
8.30699200014351
8.376933999898029
8.713868000086222
8.519169999999576
8.29509400000461
9.15050000003248
8.420138000019506
8.836078000058478
9.101882000322803
8.636521999960678
8.507370999723207
8.27382099987517
8.500743999775295
8.391924999614275
8.241064999765513
8.460980999643652
8.777650999945763
8.73400499995114
8.776464999755262
8.5383189998538
8.023233000130858
8.7656120003885
8.30900799974188
8.362294000107795
8.226322999689728
9.070346000044083
13.152709999758372
8.8903810001284
11.82269900027677
16.03854199993293
15.437163000115106
15.346569000030286
15.492790999815043
15.781335000156105
15.37396699995952
15.71701300008499
15.661304999866843
15.970285000094009
16.08847900024557
15.488350999930844
16.183941999770468
15.829019999728189
15.389959999993152
15.70556700016823
15.515760999733175
15.802779000296141
15.80571999966196
15.565352000066923
15.689406000092276
15.731608000351116
15.549511999779497
15.695656000389135
15.461859999959415
15.601693999997224
15.445942000042123
15.651875000003201
15.596096000081161
15.383397999812587
15.653477999876486
16.134279999732826
15.467382999759138
15.470389999791223
9.103736000270146
8.613411999704113
8.783266999671469
8.70743500036042
8.814748000077088
9.931631999734236
9.022274999551883
8.61741200014876
8.83920800015403
9.965723000277649
10.804537999774766
10.253220999857149
10.284932000104163
9.078474999569153
9.255702000245947
9.378766000281757
9.98021300028995
8.535019000191824
9.098175999952218
9.779306999917026
9.8578889997043
8.97739600031855
9.395135999966442
8.970952000254329
9.223981000104686
9.087695999824064
10.32602399982352
8.803806999821973
8.711084999958985
8.91199100033191
9.269041999687033
9.494068000094558
9.163407999949413
9.098066999740695
8.875079000063124
9.62399300033212
8.739264999803709
9.518450000086887
8.776206999755232
8.756525000080728
9.676424000190309
8.781866999925114
8.9671829996405
9.104207000291353
8.80125699995915
9.806068000216328
8.962273000179266
9.036535000177537
8.704054000190808
9.55448000013348
9.35825400028989
9.375225000439968
9.622311999919475
9.228863000316778
8.805167999980767
8.742954999888752
9.897259999888774
10.278852000283223
9.343814000203565
9.920960999806994
8.869839999988471
8.913452999877336
9.212500000103319
9.628222000173992
9.60315200018158
9.17977900007827
9.58493100006308
8.822497999972256
8.187189000182116
9.084727000299608
9.212770000431192
8.661943999868527
9.541638999962743
9.09863700007918
9.184288999676937
9.646593000070425
9.855500000412576
9.736304999933054
9.706125000320753
9.982254000078683
8.974391999799991
9.301422000135062
8.944521000103123
9.567410000272503
9.32775399996899
9.137376999660773
9.928822000347282
10.712634999890724
9.401826000157598
9.03923499981829
9.32269599979918
9.456317000058334
9.69763500006593
9.09174600019469
9.608471999854373
9.822673000144277
11.894917000063288
9.620798000014474
14.530300999922474
15.660415000184003
16.096778999781236
15.614364000157366
15.889133000200673
10.37431499980812
9.43855600007737
9.46414800000639
9.16324399986479
8.5051679998287
8.900414999970963
9.385199999996985
8.793055999831267
8.97887700011779
8.60903100010546
9.14565799985212
9.041554999839718
10.834018999958062
8.894824999970297
8.40168500008076
8.983953000097245
8.62543299990648
8.442246999948111
9.206055000049673
8.69930499993643
8.773265999934665
8.120122000036645
8.560660000057396
8.721669999886217
9.022224000091228
9.30310300009296
8.651611999994202
8.873081000274397
8.798873000159801
8.583675999943807
9.106140999847412
8.64972299996225
8.665878000101657
8.732656000120187
8.772386999680748
8.386750000227039
8.79792300020199
8.557364999887795
8.423746000062238
8.758355999816558
10.132058000181132
9.175668000352744
9.62698300008924
9.435606999886659
9.08718599976055
9.262971999760339
8.75497600009112
10.091886000282102
9.479881000061141
10.559650000232068
11.378566000075807
9.323264000158815
9.108227000069746
10.38121500005218
9.339118999832863
8.568509999804519
9.568746000240935
8.891604999917035
8.299566999994568
9.498949000317225
10.212630999831163
8.683895000103803
8.431665999978577
8.771511999839277
8.54393000008713
8.641313000225637
8.471902000110276
8.39439500032313
8.763226000155555
8.50725300006161
8.30459200005862
8.396636000270519
8.754510000017035
8.346434000031877
8.88561000010668
8.29161199999362
9.04476000005161
8.808628000224417
9.967567000330746
8.894253999642387
11.449752999851626
8.319332999690232
9.026399000049423
12.342969999735942
8.555670000077953
8.767356000134896
8.680324000124529
8.59285499973339
8.483191999857809
13.193655000122817
15.279914000075223
15.347086000019772
15.726268999969761
15.628364000349393
15.60030500013454
15.785779999987426
15.623023999978614
16.947673999766266
15.511712000261468
15.614563999861275
15.283454999917012
9.402956000030827
8.943330999954924
8.37719500032108
8.844839000175853
8.846659000028012
8.975752999958786
8.190044000002672
8.738014999835286
8.713138999610237
8.470785999634245
8.883709999736311
8.333203999882244
8.880065000084869
9.61053199989692
11.989158999767824
9.515649000150006
8.691523999914352
11.279206999915914
8.582469999964815
8.777560999988054
9.276866999698541
9.298091999880853
8.270272000117984
8.565954999994574
9.07903699999224
8.429996999893774
8.507298000040464
8.610250999936397
8.417111000198929
9.48569700040025
8.690689000104612
9.05122099993605
8.861368999987462
8.084475000032398
8.498669000346126
8.7034240000321
8.849088000260963
8.80511800005479
8.885301000191248
8.653172999856906
9.650402000261238
9.30491200006145
9.72974600017551
9.336063000318973
8.75790500003859
8.502067999870633
8.708204999948066
8.803066999917064
9.045315000093979
8.84709899992231
8.247559999745135
8.819316999961302
8.267181000064738
9.081996000077197
8.638723000331083
8.30266799994206
8.5525399999824
8.466682000289438
8.689769000284286
8.451047000107792
8.42220599997745
8.505377999881603
13.590413000201806
15.726408999853447
15.552391999790416
15.718127999662102
15.614643999924738
15.61232399990331
15.50338200013357
15.567913000268163
15.70392699977674
15.73454400022456
15.55299300025581
15.480269999898155
15.277926000180742
15.723508000064612
16.325714999766205
16.054667999924277
15.84704100014278
15.859530999932758
15.75717000014265
15.498261000175262
15.292724999653728
15.623374999904627
15.968874000009237
16.351087000202824
15.34055599995554
15.798101000200404
16.177303999938886
15.891503000148077
15.286525000192341
15.996417999758705
15.83853200008889
16.726138000194624
15.261583999745199
15.846151999994618
15.435418999913963
15.720888000032573
15.531476999967708
15.92789400001493
15.867121000155748
15.99672600013946
15.922974000204704
15.022876000330143
9.286548000090988
9.213650000219786
8.835289000217017
12.398157000006904
9.260266000183037
9.089405999930023
8.427876000041579
8.320862999880774
9.000743999877159
8.665762999953586
8.665973000006488
8.559524999782298
9.28718100021797
10.292063999713719
9.212109999680251
10.341853999761952
9.309343000040826
9.54204999970898
9.529489999749785
8.928301999731048
9.09618599962414
9.39353800004028
9.40603499975623
9.442432000014378
8.494497000356205
8.870079999724112
9.458298000026844
10.280781999881583
17.077958000299986
9.786647000055382
8.573590000196418
9.039389999998093
8.637041999918438
9.066935000191734
8.841208999911032
8.620736000011675
8.415114999934303
8.985674000086874
8.348702999683155
8.922831999825576
8.57545899998513
9.035024999775487
8.943281000028946
8.95919699996739
8.845954000207712
8.36574400000245
8.586835999722098
8.526784999958181
9.98490199981461
9.487508999882266
11.225741000089329
8.72426500018264
9.500988999661786
10.726426000019273
9.475636999923154
10.121538000021246
9.406284999840864
9.063694999895233
9.511502000350447
9.328654000000824
8.572849999836762
9.1797680001946
9.069615000043996
8.73562500009939
9.540189999825088
8.890393000001495
9.066635000181122
8.714305000012246
9.303442000145878
9.09295800011023
8.873559000221576
9.336764000181574
8.742616000290582
9.101875999931508
9.303263000219886
9.333584000160045
8.8748600001054
8.916703000068082
9.039614999892365
8.78695700021126
8.923672000037186
9.70731400002478
8.909200999823952
8.909390000098938
9.034113999859983
9.22809000030611
11.379984999621229
11.750646999644232
8.792847999757214
9.174441000141087
9.030595000240282
8.992043000034755
9.201529999700142
8.737736000057339
9.091466000427317
8.318622999922809
8.408459999827755
8.348003999799403
8.573211000111769
8.332733000315784
8.545468000193068
8.054514999912499
8.746285999677639
8.714345000043977
8.915752000120847
9.088401000099111
8.70782899983169
9.221809999871766
8.629847000065638
8.709074999842414
8.999123999728909
8.594071000061376
8.38798399990992
8.448296000096889
9.230860999650758
8.412295000198355
9.47396799983835
8.910494999781804
8.629511999970418
8.211244999984046
8.636887000193383
8.224488999985624
8.283981999738899
8.75644600000669
8.858809000230394
8.101424999949813
9.01212899998427
8.469367000088823
8.37528400006704
8.943140999690513
8.396225000069535
8.632541000224592
8.389975000227423
8.29607700006818
8.73844999978246
8.859568999923795
8.73417499997231
8.77845700006219
8.940001000155462
8.663713999794709
8.751040999868565
8.798603000286676
8.56585100018492
8.62454100024479
8.418226000230788
8.525207999809936
8.337993000168353
8.813368000119226
8.8764329998412
8.491328000218346
8.457556999928784
8.333752999988064
8.994234000056167
8.753579999847716
8.59333600010359
8.352683999873989
8.345502999873133
8.775607000188757
8.642507999866211
8.421141999860993
9.107012000185932
8.898665999822697
9.234753999862733
8.46440600025744
8.999892999781878
8.46964799984562
8.077560999936395
8.647982999718806
8.539898999970319
8.338304000062635
8.599541999956273
8.197018999908323
8.088986000075238
8.760952000102407
8.611811000264424
8.384298999772
8.613297000010789
8.70187900000019
8.514458000263403
8.982242999991286
8.370702999854984
8.905991000119684
8.420064999882015
8.521120000295923
8.403204999922309
8.552808999866102
8.823218000088673
8.099426999706338
9.448436999718979
8.699980000073992
8.764230999986466
8.45885700027793
8.46080700011953
8.73626000020522
8.85206900011326
8.428605000062817
8.60192200025267
8.913151000342623
8.406028000081278
8.788361999904737
8.8805959999263
8.321645999785687
9.027388000049541
8.2106989998465
8.832900000015798
8.967742000095313
8.192181000140408
8.299666000311845
8.355845000096451
8.522938000169233
9.051540000200475
8.6630879995937
8.658369999920978
8.291583999834984
8.327874000315205
8.75979800002824
8.57803500002774
8.869909000168263
8.7117500002023
8.912295999834896
8.48892199974216
8.125262000248767
8.942539999679866
9.093926999867108
8.951304000220262
8.734385000025213
8.730385000035312
11.465367999790033
8.554660000299918
9.042009000040707
8.632696999939071
8.277913000256376
8.656353000333183
9.359297000173683
9.892695999951684
8.867568999903597
8.416817000124865
8.607262000168703
8.191524000267236
8.743229999709001
8.383752000099776
8.865463999882195
8.879638000053092
8.492673999626277
8.713633999832382
9.269896000205335
8.466068999950949
8.567232000132208
9.056659000179934
8.923519999825658
8.539369000118313
8.708719999958703
8.383783999761363
8.496108000144886
8.235622000029252
8.790476999820385
8.48752299998523
8.489079999890237
8.467992000078084
9.050419000232068
8.368384999812406
9.027679999690008
8.740443000078812
8.4422100003394
8.43020999991495
8.614014000158932
8.397320000312902
8.521322999968106
8.603273000062472
8.360996999726922
8.777001999987988
8.940423000240116
8.617131999926642
8.420480000040698
8.674037999753637
8.57287600001655
8.667290000175853
8.997868999813363
8.474747000036587
9.04156399974454
8.327845000167144
11.016544999620237
8.67652699980681
8.479430000079446
8.52154399990468
8.627150999927835
8.862439000040467
8.140790999732417
9.087653999813483
8.39266899993163
8.362984000086726
8.295256000110385
8.302511000238155
8.803132000139158
8.401887000218267
8.900573000119039
8.31738300030338
8.839652000006026
8.64195500025744
8.836120999603736
8.794088999820815
9.031509999658738
8.389153000280203
8.277031000034185
8.831268999983877
8.315215000038734
8.592419999786216
8.902304999992339
8.60751700020046
8.848781999859057
8.236305999616889
8.958806000009645
9.124413000336062
9.445157000300242
10.293602999809082
9.540770000057819
9.712385000057111
9.843939000347746
9.58026099988274
8.656973000142898
9.502438999788865
8.635451999907673
8.984553000118467
9.417875000053755
10.17717900003845
9.467998999753036
9.53497000000425
9.697125000002416
9.117447000335233
9.091547000025457
8.859039000071789
9.16558900007658
9.315213000263611
8.760667999922589
9.429115999864734
8.586259999901813
8.80160699989574
10.147888000119565
9.134497000104602
9.0326660001665
8.951811999850179
8.96390199977759
7.669043000078091
9.768666000127268
9.19887000009112
8.718394999959855
9.58754199973555
9.342823999759275
8.881750000000466
9.554960999594186
8.681523000177549
8.772289999797067
8.452627000224311
8.704074999968725
8.687027000178205
9.474186999796075
9.419646999958786
9.332003000054101
8.873769999809156
9.153257999969355
9.437926999908086
10.791508000238537
9.596821999821259
9.308133000104135
7.322165000005043
8.887720000075205
8.536969000033423
8.866048999607301
8.75410600019677
9.797207999781676
9.41973599992707
9.98963400024877
9.352303000014217
8.776796000347531
9.369643999889377
9.057565000148315
9.914791000028345
9.413045999735914
10.327624000183278
9.370763999868359
8.98126299989599
9.249080999779835
8.505938000325841
8.750445999794465
8.610782000232575
9.541378999983863
9.780600999874878
8.63563199982309
10.272192000229552
10.750695999831805
9.356074000152148
11.31380300012097
9.643383000366157
9.175958000014361
8.977212999980111
8.595651000177895
9.556940000038594
9.969144000024244
9.225121000326908
9.162837999610929
9.112808000281802
9.224180000273918
9.930901000188896
9.603911999874981
9.178920000067592
9.960211999896273
9.870911000234628
9.355334999781917
8.438206999926479
9.187909000047512
9.481146999860357
9.153687999969407
8.897860999695695
10.891913000250497
15.78578099997685
15.836982999644533
15.857922000122926
15.793840000242199
15.457978000085859
15.877204999924288
15.512284000124055
15.444251000189979
16.053906999786705
16.03358800002752
10.062224999728642
11.027044999991631
9.908290000112174
8.88775999965219
9.708226999919134
8.914049999930285
9.19305199977316
8.536717999959365
9.149801000148727
8.385793999877933
8.539342999938526
8.155991999956314
9.010727999793744
8.780040000146982
9.118166999996902
222.2206719998212
9.25494000011895
10.372435999670415
9.329903999969247
8.921561000079237
10.28276300030484
9.298411999679956
8.743594999941706
9.501439000359824
9.30304299981799
9.289682999678917
9.55405000013343
9.48466699992423
9.078695999960473
9.588420999989467
9.608361000118748
8.759317000112787
9.48846199980835
9.191292000195972
8.839378000175202
9.658463000050688
9.399095999924612
10.435597999730817
8.539980000023206
14.497140000003128
10.315869000351086
15.892893000000186
10.802289000366727
8.917301000110456
9.567449999849487
8.7401960004172
9.351993999644037
8.975491999990481
20.427971000117395
8.365692999632302
8.209403999899223
8.62961200027712
9.152920999895287
8.438981999915995
8.547143999749096
8.36435299970617
8.751721999942674
8.194939000077284
8.200512999792409
8.996094999929483
8.613480999883905
8.968825000010838
10.078946000248834
9.95429599970521
10.997296999903483
10.881141000027128
10.247347000131413
10.44399100010196
9.131677000368654
10.333986000205186
8.069314999829658
8.566461999635067
8.264321000297059
8.693614000094385
8.388570000079199
9.046079000199825
8.54277500002354
8.466162000331678
8.90038600027765
9.247010999843042
8.729174000109197
8.651667999856727
9.311891000379546
8.92738599986842
8.502372999828367
9.976852999898256
8.7649719998808
8.875438999893959
8.511444000305346
9.744719000082114
11.229621000438783
16.27877900000385
16.07718900004329
16.162644999894837
15.45935100011775
15.700555999956123
15.470781999738392
15.73644800009788
15.546611999980087
15.958284999669559
15.716278000127204
15.950124000028154
15.531131999978243
15.861882000081096
9.099136000259023
10.02175499979785
9.459497000079864
9.55763100000695
9.119607000229735
9.361343999898963
9.211520000008022
8.792178000021522
8.87840099994719
8.96979300023304
9.06824499998038
9.160903000065446
9.01484599989999
8.707756000148947
9.682885000074748
9.834900999976526
8.504281000114133
9.114272999795503
9.77342399983172
8.678023999891593
8.924070999910327
9.676866000063455
8.953244000167615
9.003846000268823
8.87362999992547
11.090167000020301
9.35771400008889
9.072095999727026
8.948416999828623
11.041418999866437
8.862377999776072
9.0472150000096
8.584090000113065
8.871188999819424
9.53428000002532
8.959917000083806
8.96950200012725
8.44313500010685
8.771360999617173
8.415746000082436
8.736727999803406
8.50007100007133
10.85219100014001
8.833361000142759
8.300027999666781
8.566584999698534
8.935729999848263
8.933563000027789
10.390156000084971
9.59068100019067
10.511981999570708
9.871541999928013
9.022225000080653
8.459849999781
8.876799000063329
8.72942600017268
8.665263999773742
9.107176000270556
8.480987999973877
8.961551999618678
9.118567000314215
9.293901999626542
9.65737300020919
9.02238499975283
8.980602000065119
8.909721000236459
9.582032000253093
9.887269999580894
9.449747999951796
10.417477000373765
9.31123199961803
9.419587000138563
8.776388000114821
11.237781000090763
15.784310000071855
15.616175000104704
15.338296000209084
15.689146000113396
15.37033899967355
15.555782999854273
16.85530100030519
15.231342999868502
16.46132999985639
9.046615999977803
9.197018999657303
9.577035999882355
8.30069999983607
9.984232999613596
9.945372999936808
9.6101950002776
10.193468999659672
8.79608700006429
9.18413799990958
9.40792599976703
9.179610000046523
8.805726999980834
9.18203800029005
9.232390000306623
9.296863000145095
9.064896999916527
9.654454000155965
9.411076000105822
9.29258199994365
9.087866000299982
8.997074000035354
9.468687999742542
10.68212499967558
9.690024000065023
9.292102000017621
10.651123999650736
10.217464999641379
8.840908999900421
8.843827999953646
8.79207200023302
8.885969999937515
8.22745000004943
8.49559300013425
8.295183999962319
10.55970100014747
13.9796460002799
19.10401199984335
10.30475600009595
9.274934000131907
9.424128999853565
8.475019999877986
9.329769000032684
9.007313000438444
9.057024999947316
10.940763000235165
11.816923999958817
15.334906000134652
15.37230699977954
15.904743000191957
15.894048000063776
15.847535999910178
15.779981999912707
15.339004999987083
15.5192160000297
15.586911999889708
15.60124400020868
15.74264199962272
15.295664999939618
15.375856999980897
16.335325999989436
15.72885799987489
15.712158000042109
15.27200400005313
15.474750000066706
15.326742000070226
15.685290999954304
16.091574000256514
15.526061999935337
15.416889000334777
15.658106999580923
15.634744999715622
15.515002000029199
15.377936999811936
15.47832100004598
15.89204299989433
15.483430000131193
15.233892999731324
15.538921999905142
15.333044999806589
15.705989000252885
15.628025000296475
15.687966999848868
15.67411699988952
15.494830000079673
15.90916199984349
15.47289100017224
15.159880999817688
15.802619000169216
15.682616999583843
15.624124999703781
16.271215999950073
15.719226999863167
15.928704000089056
16.16171999967264
15.763609999794426
15.622093999809294
16.008389000035095
15.709919999608246
15.768880999985413
15.412577000006422
15.459630999885121
15.294576000087545
15.5741640000997
15.6991469998502
15.651855999749387
15.634187000159727
15.660297000067658
16.13364900003944
15.702867000072729
15.611246000389656
15.27957400003288
15.468000000055326
15.542923999873892
15.475400000013906
15.682117999858747
15.233374999752414
16.51117100027477
15.449039000031917
15.821770999991713
15.835620999951061
16.08908700018219
15.886613000020589
15.616984000189404
15.636873999937961
15.869712000039726
15.986136000265105
15.697917000125017
15.2814269999908
8.892790000118111
9.1121169998587
8.826268000120763
9.899490999941918
10.076765000121668
9.041578000051231
8.915371000057348
9.384015000250656
8.888410000054137
9.139258000232076
9.270841000216024
8.959395000147197
8.857781999722647
8.909580999898026
8.827300000120886
10.053237999727571
9.401875999628828
9.176809000109643
8.953592000125354
9.344873999907577
9.144439000010607
9.668833999967319
9.927002000040375
8.894048999991355
8.5200389999045
9.229050000158168
8.97337200012771
9.063726000022143
9.462517000429216
9.619212000416155
9.325112999704288
8.888820000265696
9.067814999980328
9.181449000152497
10.177098999974987
9.18812899999466
8.944461999817577
8.862820000103966
8.87230099988301
8.939402000123664
8.977723000043625
9.384575000240147
9.340063000308874
9.014773999751924
10.058825999749388
9.715505000258418
16.521067000212497
15.714522000052966
15.719558999990113
16.085889000351017
16.0006460000659
16.142569999828993
15.745658000014373
15.522432000125264
15.60639400031505
15.268299000126717
15.360775999852194
15.125030000035622
15.524980999998661
15.91367299988633
15.851193999878888
16.03034799973102
15.835701000014524
17.560083999796916
15.666415999930905
15.730032999726973
15.524454000114929
15.650786000151129
15.271135999682883
15.418817999943712
15.830532000109088
15.853595999942627
16.112784999677388
15.599583000039274
15.840552000099706
16.023327000311838
15.780408999944484
16.178350999780378
15.894622999894636
15.710580999893864
15.497895999942557
17.03165099979742
17.598663000171655
16.44451599986496
16.01146599978165
16.023027000301227
16.92402399976345
16.147420000379498
15.649825000309647
15.503190999879735
15.489001000332792
16.27168499999243
15.256765999765776
15.411910999773681
15.696256999945035
15.694336000251496
15.758358999846678
15.46077900002274
16.840881999996782
16.470923000269977
15.874885999892285
15.469719999600784
15.67744700014373
15.853151999635884
16.169461000117735
16.540262000035
15.882584999872051
16.12922999993316
15.567601999919134
15.794589000051928
16.094989000066562
16.41525900004126
15.660716000184038
16.095528000278136
15.948300000218296
16.312819000177115
15.875832000347145
15.995626000403718
15.89587800026493
15.630511999916052
15.611880000051315
15.682795999964583
15.789710999797535
15.704396999808523
15.743798000130482
16.33349800022188
15.755293999973219
15.877062000072328
16.231533999871317
15.389483000035398
15.519445999871095
15.968334999797662
15.721456999926886
15.89126299995769
15.495700999963447
15.645085999949515
15.479730000151903
8.16453899960834
8.79755699997986
8.463355999992928
8.387760000005073
8.541244999832998
8.695572999840806
8.451035999769374
8.65624400012166
8.368409000013344
8.721675999822764
8.287606000067171
9.026963999986037
8.107215999643813
8.434106000095198
8.124737000343885
8.524188999672333
8.989873000246007
8.522219000042242
8.11333100000411
8.539415000086592
8.683237999775884
8.328563000304712
8.806551999896328
8.480057999804558
10.306267000032676
8.290771000247332
8.757121000144252
8.735980999972526
12.554826999803481
8.740280999973038
12.482894000186207
8.373514999675535
11.435161999997945
9.076266000192845
8.259725999778311
8.588660999976128
8.439592999820889
8.345428000211541
8.70551499974681
11.39423499989789
8.575940000355331
14.7177969997756
15.837121999993542
15.87845699987156
16.205141999762418
15.833713000120042
16.12659900001745
16.201742999783164
15.863241999795719
15.698247000273113
15.597144999901502
15.771140000197192
15.924253999855864
15.90097300004345
15.1946220003083
15.78036399996563
16.6292760000033
15.769260000070062
17.20936200035794
15.791830000125628
15.58151299968813
15.6471150003199
15.317635999963386
15.761689000100887
15.70501800006241
15.456539999831875
15.66881500002637
15.920404000098642
15.129030000025523
15.701177999744687
15.443859999777487
15.581633000238071
15.6632369998988
16.71184799988623
15.727847000107431
16.037257000334648
15.364499000042997
15.496591000101034
15.692877000219596
15.98046599974623
15.979786000116292
15.720157000032486
15.909386000203085
16.78580099996907
15.875112999765406
18.478581000181293
15.832981999665208
15.17884300028527
17.225943000084953
16.700356999990618
16.997685999740497
17.577283999798965
9.535538999898563
10.564121999777853
9.203469999647496
8.863658999871404
9.86787000010736
10.230513000351493
12.25964200011731
8.666129000175715
11.461797999800183
9.175303999654716
8.493762999933097
9.5703360002517
10.203919000105088
12.435096999979578
9.077306000108365
8.588041000166413
10.902372000145988
9.20304400005989
9.07091799990667
12.001885999779915
8.929658999932144
10.984595000081754
8.879089999936696
10.010684000008041
11.218351000024995
8.898250999664015
9.3831100002717
13.043657000253006
8.590050999828236
9.130517999892618
8.675774000039382
9.796240000014222
9.415416000138066
9.246920999885333
8.931536000091
9.223702999861416
9.20540000015535
9.766419000243332
9.599848999641836
10.167689999889262
9.366894000322645
10.908051000114938
10.303802999715117
8.521174000179599
8.429881000211026
8.683818999998039
8.485681999900407
8.123582000280294
8.381480000025476
8.07068900030572
8.810022000034223
8.181874000001699
8.235589999912918
8.385364999867306
8.437026999672526
9.1043760003231
9.07493600016096
8.435016000021278
8.405265000419604
8.993207999992592
8.545388999664283
8.717594000245299
9.24089600039224
8.742460000121355
8.931272000154422
8.566770000015822
8.564539999952103
8.89240600008634
8.336051999776828
9.42474100020263
8.650961999592255
9.02854900004968
8.848232999753236
9.66179299985015
8.447312000043894
12.257617000159371
16.196592000142118
8.743716000026325
8.23437000008198
8.318461999806459
8.542660000330216
9.246432000054483
9.630907999962801
8.956221000062214
15.375951999885729
10.550750000220432
10.09150599975328
8.750874999805092
8.64930900024774
8.62317199971585
11.13761299984617
9.765991999756807
9.24961999999141
9.06207500020173
11.544940000021597
8.826581999983318
8.30621200020687
8.852988999933586
8.258780999767623
9.13518799961821
8.430186999703437
8.451286999843433
8.512377999977616
8.784097999978258
8.68036400015626
8.84115799999563
8.513133000178641
9.148457000264898
8.452676000160864
8.611899999777961
8.34450399997877
8.925321999868174
8.15449300034743
8.590561000346497
8.85218800021903
8.77364200005104
8.525459000338742
8.24493900017842
8.177420000265556
8.47931799989965
8.444486999906076
9.247161000075721
8.8132669998231
8.60037700022076
8.981291999589303
8.619560999704845
9.141858000020875
8.178443000360858
8.673588999954518
8.658337999804644
11.525959000209696
15.650666000055935
15.559202000076766
15.31599500003722
17.337165999833815
16.11435899985736
15.949954999996407
15.378067000256124
16.62121000026673
9.42434599983244
8.542868999938946
8.567825000227458
8.201693000046362
8.839383000122325
8.688893999988068
8.666743000048882
8.241791999807901
8.640817000014067
8.293984999909298
8.614112000032037
10.394945999905758
8.826199999930395
8.256133000031696
8.848053999827243
8.319213000049785
8.365765999769792
8.438075999947614
9.100089000185108
8.140707000166003
8.730639000077645
8.18469300020297
9.18379399990954
8.098405999589886
8.615954000106285
9.915870999975596
9.731385000122827
9.214614000029542
8.419427999797335
8.37791499998275
8.616543999778514
8.201594000183832
9.051191000253311
8.741695000026084
8.662273000027199
8.197073999781423
8.125132000259327
8.71719699989626
8.11384899998302
8.537158999843086
8.420680999734032
8.52567900028589
8.581965999837848
8.011465999970824
8.997552999971958
8.274323000023287
8.900195000023814
8.752348000143684
8.374809000088135
8.29434700017373
8.220789000006334
8.513292999850819
8.405760999721679
8.63383200021417
8.267134000107035
8.61236100035967
8.832307999909972
8.737608000046748
8.665058000133286
8.630482000171469
8.626246999938303
8.60062400033712
8.335625999734475
8.66500200027076
9.246726000128547
8.229932000176632
11.374847999832127
8.352364000074886
9.001797000109946
8.402079999996204
8.80496799982211
8.378303999961645
8.47235700030069
8.12917200028096
8.768786000018736
8.119671000258677
8.401440999932674
8.147767999616917
8.213711999815132
9.215789999871049
8.693642000253021
8.674734000123863
8.131026000228303
8.681972999966092
9.768677000010939
8.601894000094035
8.48476800001663
8.261965999736276
8.822265000162588
8.719073999600369
8.360283999991225
8.40495500006
8.773541999744339
8.935026000017388
8.606581000094593
9.208812999986549
8.665332999953534
8.199462999982643
8.622077999916655
9.127906000230723
9.679223999683018
9.818608999921707
8.752458000344632
9.349204000045575
7.398784000088199
9.928711000156909
9.118107000176678
9.5242090001193
9.23635099979947
9.769116999905236
9.342233000097622
9.125146999849676
8.495108999795775
8.60177399999884
8.20084399992993
8.5119800000939
8.33476400021027
8.768136000071536
8.378766999612708
8.624207000138995
8.285102000172628
8.369712000330765
9.009075999983907
8.761948000028497
8.282404000055976
8.377502999792341
8.845401000144193
8.33848799993575
8.746565999899758
8.123811999666941
8.440421999694081
8.799761999853217
9.167468000214285
8.481050999762374
15.821646999938821
16.068427999925916
15.633444000286545
15.605603999574669
8.282030000373197
8.467628000289551
8.294501999898785
8.32156299975395
8.362776000012673
8.241194000220275
9.062709999852814
8.334213000125601
10.141337999812094
8.55325200018342
8.349859000190918
9.533640000427113
8.410988000377984
9.120776999679947
9.174614000130532
8.721137000065937
8.60149599975557
8.642882000003738
9.591519999958109
8.679688000029273
8.371658999749343
8.307797000270511
8.521839000422915
8.45350999998118
8.737937999740097
8.711319999747502
8.274794000044494
9.074224999949365
8.845391000249947
8.326014999965992
8.754784999837284
8.783278999999311
9.238139999979467
8.502863000103389
9.279966999656608
8.832867999899463
10.071999000047072
11.124197999833996
10.221870999885141
11.447867999777372
9.21186999994461
8.345793999978923
8.925599999656697
10.695765000036772
9.973614000045927
8.900022000034369
9.154607999789732
9.127647000241268
9.635403000174847
9.286332000101538
9.877140000298823
8.833649000280275
10.349904000122478
10.704024999995454
9.002673999930266
9.281422000185557
9.034564000103273
15.491699999984121
10.202429999935703
12.194500000077824
9.028334000049654
9.539950000089448
9.285792000355286
8.70310399977825
9.450947000004817
9.152868000001035
8.970101999693725
11.263041999882262
10.03022399982001
9.3842470000709
8.28807300013068
8.57787199993254
8.284324999749515
8.34665499996845
8.660723000048165
9.055058999820176
8.958918000189442
8.572562000153994
9.106380999583052
8.454680000340886
9.541863000322337
8.776745999966806
8.421106999776384
8.46313200008808
8.391894999931537
8.629223999832902
8.888350000233913
10.260701999868616
8.683443999871088
9.349744000246574
8.808349999981147
8.97217300007469
9.026057000028231
9.05951599997934
9.14884699977847
9.07874599988645
8.947541999987152
9.067015999789874
9.009574000174325
9.573840000030032
8.87473000011596
8.409484999901906
8.912570999655145
9.227810000083991
8.893762000298011
9.21297200011395
8.420471000135876
8.48644300003798
8.655022999846551
10.672417000023415
8.399729999837291
8.549034999759897
8.361703999980818
11.478799000087747
8.558925000215822
8.976534999874275
8.375494000119943
8.76323099964793
8.51149100026305
8.854942000198207
8.586400000240246
8.874148999893805
8.599650999713049
8.899050999843894
8.398097000281268
8.37359400020432
8.471468000152527
10.556890000316344
13.09350799965614
9.123987999828387
8.716889999959676
9.437761999834038
8.4081459999652
8.819530999971903
9.437689000151295
8.913290999771561
8.508763000008912
8.237109000219789
10.653749000084645
10.04073400008565
9.984053000152926
9.287926000070001
9.173293999992893
9.444695999718533
10.040934999778983
9.206933999848843
8.272116000171081
8.375599999908445
9.37870000007024
8.910723000099097
8.499397999912617
9.312936999776866
8.782884999618545
9.184908999941399
9.588804000031814
8.662083999752213
8.197010999992926
8.575989999826561
9.222359999967011
9.906670999953349
8.822558000247227
9.19052900007955
9.385124999880645
8.876329000031546
8.49008800014417
9.332436000022426
9.393025999997917
9.282782000354928
9.733345999848098
9.513099999821861
9.071487999790406
9.905372000048374
9.527329999855283
14.331201000004512
8.77085599995553
16.185840999696666
13.30982400031644
15.971924000041327
15.99663699971643
15.795724999861704
15.886602999671595
16.118711000217445
15.519450999818218
13.062547000117775
14.194631999998819
15.631894999842189
15.716687000349339
15.615823999723943
15.683479000017542
15.201875999991898
15.774603999943793
17.75420900003155
15.793759999723989
15.647725000235368
15.578703000301175
15.727340000012191
10.93476500000179
9.978503000183991
15.451059000042733
10.498180000013235
10.580170000139333
8.82936800007883
10.035155999958079
9.39385499987111
8.959684000274137
8.361158999832696
8.437007999873458
8.6800129997755
8.26596300021265
8.445738999853347
8.788987000116322
8.361803999832773
8.628266999949119
8.618081999884453
8.81216299967491
8.299866000015754
8.981811000012385
8.60515199974543
8.720684999843797
8.920571000089694
8.807323000382894
9.575454000241734
9.258053999928961
9.78767099968536
8.659793000333593
10.320062000118924
10.565150999809703
9.767987000032008
8.847737999985839
9.678534000158834
8.761525999943842
8.859882000251673
9.843118999924627
9.718045000226994
9.397335999892675
9.166387999812287
9.748735999892233
9.26911199985625
9.032324000145309
8.8911900002131
8.707003999916196
8.735204999993584
9.388864999891666
9.35119499990833
8.755865000239282
9.024964999753138
10.707496000122774
8.86407899997721
9.338762999959727
9.186499000406911
9.858468999937031
9.55061000013302
8.96342200030631
9.894140000142215
9.353603999898041
9.631743000227289
9.123257000283047
8.953261999977258
8.895669999674283
8.527339000011125
8.770926999659423
9.780556999885448
8.664693000355328
9.108387000196672
9.485638000114704
8.603232000041316
9.117667000282381
8.758286000102089
9.262042000045767
10.911061999649974
11.088367999946058
9.595041000011406
8.73283500004618
8.689423999840074
8.749998999974196
9.185261999846261
9.697885000150563
9.339663999980985
9.081045999664639
8.697674000359257
8.680404000187991
10.113868000189541
8.659182999963377
9.108439000101498
10.490599000149814
9.865799999715819
9.351923999929568
9.327533000032417
8.32675299989205
8.826637999845843
11.415097999815771
10.167738999825815
16.866312999809452
9.15202899977885
10.846890000266285
15.624504000243178
8.714494999821909
8.515602999978
8.954523000284098
8.652987000004941
8.85309800014511
8.640887000183284
8.955766999861225
8.995405999939976
8.632020999812084
8.254250999925716
10.513411999909295
15.986405999683484
15.471350000098028
15.417412999795488
15.557463000277494
16.248488000201178
15.877712000019528
15.835750999940501
15.406912999878841
15.850769999815384
15.24563400016632
15.36904600015987
15.52891700021064
15.513199999986682
15.380087999801617
15.65394599992942
15.466741000182083
15.805539999746543
15.298569999686151
15.68503700036672
15.74748900020495
16.03432599995358
16.92676400034543
10.671567999906983
9.29731200039896
8.360283999991225
8.874013999957242
8.209215000078984
11.998884000149701
9.205329999986134
12.898911999855045
8.571169999868289
8.630491999610967
8.74513000007937
8.966878000137513
8.359552999991138
8.88766999969448
9.105867000016588
8.834993999698781
8.988858000066102
8.701355000084732
8.904915000130131
8.843029000217939
8.936970999911864
8.853238000028796
8.89791100007642
8.496307999848796
8.464791999813315
8.637247000024217
8.670689000155107
9.225405000051978
8.735634999993636
8.600622000358271
8.66917800021838
8.786321999650681
8.508658000209834
8.404649999647518
8.592315999976563
9.574039999733941
8.069766000062373
9.883979999813164
13.660504999734258
9.237090000169701
9.125747000325646
8.586690999891289
8.915180999792938
9.809517999656236
9.556251000049087
9.701795000182756
9.864200000265555
9.244061000117654
9.6647129998928
9.691014000054565
9.358945000258245
9.124846999839065
9.890759999962029
10.308912999789754
8.99506299992936
8.941122000123869
9.259242000098311
8.519369000168808
8.952861999659945
8.709064999948168
9.088635999887629
11.170579000008729
8.999613000014506
8.954972000083217
8.959943000263593
9.126417000061338
9.199720000196976
9.197759000016958
10.074486000121397
9.858689999873604
8.962953000263951
9.854790000190405
9.321802999693318
8.960593000210793
9.309813000072609
10.526909999953205
9.727305000069464
8.934974000112561
9.673303999989002
8.968683000148303
9.035184000367735
9.598383999673388
9.488699000030465
8.55105199980244
9.702543999992486
8.748425999783649
10.467886999776965
9.983743000248069
9.531740000056743
8.79355699998996
8.770419000029506
8.56484999985696
9.171419000267633
10.597731999951066
8.755326000027708
10.016134000125021
9.163797999917733
8.978233000107139
9.420059000149195
9.042945000146574
9.181979000004503
9.120576999976038
10.424606000015046
9.410946000116382
9.35557399998288
8.901571000023978
8.709867000106897
8.816939999633178
9.419086999969295
9.32824299979984
8.95193200040012
9.066565000011906
9.048308000274119
9.255671000119037
9.068220999779442
8.7112689998321
8.483197999794356
8.647526999993715
9.339427999748295
8.852059000219015
8.51950800006307
9.770356999979413
8.623921999969753
8.768496999891795
8.383499000046868
8.737680999729491
8.865153999977338
9.210991000145441
8.485887000006187
9.379625000292435
8.976702999916597
9.208910000324977
9.672614000010071
9.70906400016247
9.542830000100366
8.543731999907322
9.182738999697904
9.796627000014269
9.884240000246791
8.90840100009882
9.18345899981432
10.595261999696959
9.65338400010296
8.839398999953119
9.27865199992084
10.496438999780366
9.65361299995493
9.623592000025383
9.94310200030668
11.299143000087497
10.159870000279625
10.50249799982339
13.806868999836297
8.835410999836313
9.322580000116432
9.315512999819475
8.62196199977916
9.088016000077914
12.069596000401361
17.136340999968525
15.633864999927027
15.436559000136185
16.571192999890627
15.58634399998482
15.66020700010995
15.7115869997142
15.684547000091698
15.68579700006012
15.230033000079857
15.359509000063554
17.197613999996975
15.9071429998221
15.901774000212754
15.510460999848874
15.464438999970298
15.336626000134856
15.389157999834424
15.345606000209955
9.004777999962243
8.276141999886022
8.226190000186762
8.717279999927996
9.021854999900825
9.054074999767181
8.85312900027202
8.515679000083765
8.99119400037307
9.802337999644806
9.18275399999402
8.365384000171616
8.604195999851072
8.221265000429412
8.917880999888439
8.879199000148219
8.813388999897143
8.56320599996252
8.454566999716917
9.23147000003155
8.570446000248921
8.88875000009648
9.078861000034522
8.644472000014503
8.728619999601506
8.453257999917696
8.936555999753182
9.071340999980748
9.039134999966336
8.505598999818176
8.204654000110168
8.61049200011621
8.537639000223862
8.528408999609383
8.784417000242684
8.646002999739721
8.83165800041752
8.603210999808653
8.439675999852625
9.042655000030209
8.862844000304904
8.67451300018729
8.748880999974062
9.20461499981684
9.786633000203437
12.50914999991437
15.77619899990168
15.340696000293974
15.750208999634197
15.63047399986317
15.42513799995504
15.441878999808978
15.710347000094771
15.671015999942028
15.916527999706886
15.902842999821587
15.318535000005795
15.176501000041753
8.101269999770011
8.642906999739353
8.569910999995045
8.389454999814916
8.938631000091846
10.049446000266471
11.729406000085874
9.692885000276874
10.458937999828777
9.184339000057662
10.931050999715808
9.190319000026648
8.596441000008781
11.1511690001862
8.895859999938693
8.631121999769675
8.78044699993552
8.608416000242869
8.754896000027657
9.310413000093831
9.192888999677962
9.036629000092944
9.14227800012668
9.28984300026059
8.818297999823699
8.757047000017337
9.262141000363044
8.535079000012047
9.523369000362436
9.207624999817199
9.111066000059509
8.836569000322925
8.903969999664696
8.599602000231243
9.016233999773249
8.250101000157883
9.038023000357498
8.686977999786905
9.266641000067466
9.637763000228006
8.7975770002231
8.424531000400748
8.921020999878237
9.01415399994221
8.747594999931607
8.881049000137864
8.634106000044994
9.235190999788756
8.635037000203738
8.943211999849154
8.674317999975756
9.331928999927186
8.58810599993376
9.651532000134466
8.4588720001193
8.769806000145763
8.413745999860112
8.736089999729302
9.083937000013975
8.917447000385437
8.562269999856653
8.65933299974131
8.770751000156451
8.755090999784443
8.965552000063326
8.800342000085948
8.800318000339757
9.008872999856976
12.562631000037072
8.876719999989291
11.676816000090184
8.860573999754706
8.764916000018275
9.675099000105547
8.42919599972447
8.918300999994244
9.23323100005291
8.695244000136881
8.490048000112438
8.30438699995284
8.67413400010264
8.908420000352635
8.7832519998301
8.7988220002444
8.714445000350679
11.05244100017444
8.65731300018524
11.097051999968244
8.534659000360989
10.615291999783949
15.75284799992005
15.596213000208081
15.933843000311754
16.819400999793288
15.580668999973568
15.374427000097057
16.541253000013967
18.75413900006606
17.978825000227516
17.679305000001477
15.398157000163337
15.763060000153928
18.02989699990576
15.64946600001349
15.952615000060177
14.736837999862473
10.525595000217436
15.881507000358397
15.259878000051685
15.420457999880455
15.482469999824389
15.646684999865101
15.444809000200621
15.612433000114834
15.773509000155173
15.731487999801175
15.84288200001538
8.885115000339283
8.377613999982714
9.333368999705272
9.110746999795083
8.706538999831537
9.086516000024858
8.80479799980094
8.35012400011692
8.803157999864197
8.839658999931999
9.129316999860748
9.161239999684767
9.602611999980581
9.674504000031448
9.018334000302275
9.165809000023728
9.529038999971817
9.547329999804788
8.417825000378798
9.422965999874577
9.064428000328917
8.708384999863483
9.420565999789687
8.986443000139843
9.171068999876297
9.037724999870989
9.223190999819053
10.108387000400398
9.202389999700245
9.278382000047714
9.679623000010906
9.131278000040766
9.490271000231587
8.730935000130557
9.277931000269746
9.515458999885595
8.841468999889912
8.572961000027135
8.355663999736862
9.131327999966743
10.166508999645885
8.797671999673184
9.002943999803392
8.88593999980003
8.911701000215544
8.573905000048399
8.372874000087904
8.408754999891244
8.979548000297655
8.89817999996012
8.463523000045825
8.748005999677844
8.503449000272667
8.858824000071763
8.59712600004059
9.05071399984081
8.706034000169893
8.2945210001526
8.336134000273887
8.686944000146468
10.697899999740912
9.072604999801115
12.089272000139317
8.663463000175398
8.780330999798025
8.178323999800341
8.746954999878653
8.75282100014374
8.372588999918662
8.871988999999303
8.435206000285689
8.189293000214093
8.724145000087447
9.975284000120155
8.79155799975706
9.15333200009627
9.117412000250624
8.654378000301222
8.716033999917272
8.21679899991068
8.991053000045213
8.62335100009659
8.461012999759987
9.734535999996297
8.303230999899824
8.115376999739965
8.766090999870357
8.624517000043852
9.418740999990405
8.465556999908586
8.593165000092995
8.751458000006096
9.182541999962268
8.87213200030601
9.862966000127926
8.595753999998124
9.612215999823093
8.302744000047824
8.76013500010231
8.376194999982545
8.62326700007543
8.55109199983417
8.667366000281618
9.771710999757488
8.791098999608948
8.446876000107295
8.683822999955737
8.695970000189845
8.598047999839764
8.980867999980546
8.471744999951625
8.990458999960538
8.902049999960582
9.041274000082922
8.943485999679979
8.943456999986665
8.112955999877158
8.63557699994999
8.521263000147883
8.20008799973948
11.227871000301093
8.749230000375974
8.836912999868218
10.720364000007976
9.792551999908028
8.29336400011016
8.405577999837988
8.83744900011152
10.378665000189358
16.05254199967021
15.484921000279428
15.349621000041225
15.72433799992723
15.595002999816643
15.705446999618289
16.829880999921443
15.398267999898962
15.591933999985486
15.608814000188431
15.906312999959482
16.16811100029736
15.783688999817969
10.662933999810775
9.872470000118483
9.700645000066288
14.187029999902734
9.541110000100161
9.304173999680643
8.449145999747998
8.079474999703962
13.130293999893183
15.620196999861946
8.57191100021737
8.556339999813645
8.467857000141521
10.13740999997026
11.729945999832125
9.19407899982616
9.598462000212749
8.817687000373553
8.768216999669676
9.569860999818047
9.012244000132341
8.533621999958996
8.76017700011289
10.26413199997478
9.664762999818777
9.33160400018096
9.181979000004503
9.466096999858564
8.853539000028832
8.912651000173355
9.094816000015271
10.06148500027848
8.48025699997379
8.782296999925165
9.085645999675762
8.95276199980799
10.170908999953099
9.313713000210555
9.968983999897318
8.868860000347922
9.217740000167396
8.676782999827992
11.010104999968462
9.26034099984463
9.03019499992297
8.669003000250086
9.600271000181237
9.296891999838408
8.997583999644121
8.493806999922526
9.104146000026958
9.777938000297581
9.175927999876876
9.172778999982256
8.921390999603318
9.268810999856214
9.116536999954405
9.94317200002115
9.447596999962116
9.182848999898852
9.508219000053941
8.964652000031492
9.161907999896357
8.877880000000005
8.82151799987696
9.412066000095365
8.722123999632458
9.154338999906031
9.277440999994724
8.547152999653918
8.724853999865445
8.483410000280855
8.689796999988175
8.404727999732131
8.447720999811281
9.168103999854793
8.51897300026394
8.427590999872336
8.656845000132307
8.33370299960734
8.510294000188878
8.949626999765314
8.792972999799531
8.957601000020077
9.375905000069906
8.128391999889573
8.61583599998994
8.595460999913485
8.500068000103056
9.761657000126434
8.902214000045205
8.515997999893443
8.935991000271315
9.438851000140858
11.254533000283118
11.658525000257214
10.805308000271907
9.414816000116843
9.24130100020193
9.513238999716123
9.743885999796476
9.002903000236984
9.215860000040266
9.673533999830397
9.638293000080012
9.223909999946045
10.765476999949897
8.8138579999395
8.983123999769305
9.492538000358763
8.904720999908022
9.008554000047297
7.482278999759728
8.322531999965577
9.349064000161889
8.946112000103312
8.816078000108973
8.817937999992864
9.19630899988988
9.196189000249433
8.64813399994091
8.63764199993966
9.416546000011294
9.307082999839622
7.848207999813894
8.838157999889518
9.129046999987622
11.032716000045184
15.988425000159623
15.370847999747639
15.44578899984117
15.572063000035996
15.352759000052174
15.286327000012534
16.07436799986317
15.478749000067182
15.716307999809942
15.684516999954212
15.866072999870084
16.763972000262584
15.85362100013299
15.710587000285159
16.230232999987493
15.692435999881127
15.888344999893889
15.38480699991851
15.522900999712874
15.420990000166057
15.453758999683487
13.581992000126775
10.79389300002731
12.51024499970299
9.894054999676882
8.715467000001809
8.66478800026016
8.862872000008792
9.3881370003146
8.636255000055826
8.488819999911357
8.504629000071873
9.81804999992164
8.31949799976428
8.753930000239052
8.578564999879745
8.571831000153907
8.73748499998328
8.564819000184798
8.736294999835081
9.550562999720569
8.87687200020082
8.27932599986525
8.450208000340353
8.16573799966136
8.481008000217116
8.271714999864344
11.028354999780277
15.271332999873266
16.024986999582325
15.815400000064983
15.663705999941158
15.859941999678995
15.703261999988172
15.479504999802884
16.039276999890717
18.424173000312294
16.20935199980522
15.38467699992907
15.58337799997389
15.283547000308317
17.476989999977377
15.760084000248753
15.536050999799045
15.445223999904556
15.280573999916669
15.56478300017261
15.10109899982126
14.928822999991098
15.453675000117073
15.157670999997208
15.427517999796692
15.710406999914994
15.762642000026972
15.830305000235967
15.402359999825421
15.421753999817156
15.293254000425804
15.905287999885331
8.641613000236248
8.250518999830092
9.02391899990107
8.586955999817292
8.473890000004758
11.47255799969571
11.77864999999656
8.650403000046936
8.27126199965278
8.734485000331915
9.73876600028234
8.096421000118426
9.397907000220584
9.610991000045033
8.106576000045607
8.679053999912867
9.076544999970793
13.480318999882002
9.693135999896185
8.75351500008037
11.660784000014246
9.199050000006537
9.372303999953147
9.437736000108998
9.349438999834092
9.024563999901147
8.480512000005547
8.960023999861733
8.594664999691304
8.736624999983178
8.629356999790616
9.804768000321928
9.880718999738747
8.521033000306488
8.703639000032126
8.922521000386041
8.78940100028558
8.776949000093737
8.648403000279359
9.0564639999684
8.51736799995706
8.523393999894324
8.598496000104205
8.509498999956122
8.785552000063035
8.890854000128456
8.78742599979887
11.055746000238287
9.44403700032126
10.379065000051924
8.940222000092035
9.334224000212998
8.589851000124327
8.983022999927925
9.939451000263944
9.162411000033899
8.85337099998651
8.330588000262651
8.498960999986593
8.995874999982334
8.580152999911661
8.687379000093642
8.578155000122933
8.437345999936952
8.38338699986707
8.550489999834099
8.580849999816564
9.519855000235111
9.544809000090027
8.890172000064922
9.876519000044937
8.49582199998622
9.056145000158722
9.407454999745823
10.629972000060661
9.694555000351102
8.528730999842082
8.669155000006867
8.362166000097204
9.00542800036419
8.285031000013987
8.771828000135429
8.950412000103825
9.270460999687202
9.111255999869172
10.189381999680336
8.933165000144072
9.339667999938683
9.605964999991556
9.946007000053214
9.42958899986479
8.638945000257081
8.947381999860227
9.284602000207087
15.65515599986611
15.663970000332483
15.694425999754458
15.55364300020301
15.11866100008774
15.324440999847866
15.576442000110546
15.994381999917096
15.561971999886737
15.3643319999901
15.284058999895933
15.518454999892128
15.385026999865659
15.40439200016408
15.294643999823165
15.304120000109833
15.351145999829896
15.724642000350286
15.639663999991171
15.48540999965553
15.34521500025221
15.440343000136636
15.316030000121827
15.708161000020482
15.545511999789596
15.581383000153437
16.350627000065288
16.756179999902088
15.615643999808526
15.285516999938409
15.300975999707589
15.283794999959355
15.477152000130445
15.371706999758317
15.473290000045381
15.72144700003264
9.060804999990069
8.540118999917468
9.919217000060598
10.391209999852435
9.588271000211535
14.34997599972121
10.531016999721032
9.935428999597207
11.138037999899097
9.537722000004578
8.654419999857055
9.185458999581897
8.90149900033066
9.197544000016933
9.172043000035046
8.826903000226594
8.572540000386653
8.683822999955737
9.787928000150714
8.668084999953862
9.138106999671436
9.141396999893914
9.004754000216053
9.54081000008955
9.055416000137484
12.62710299988612
8.832188000269525
8.816007999939757
9.512878999885288
10.280322000198794
13.259052999728738
9.262990999559406
9.373524999773508
9.137526999893453
9.277672999814968
8.780496999861498
9.401264999723935
10.179868999784958
8.914112000184105
8.695613999861962
9.691244999885384
9.037763999913295
10.948257000109152
13.928383000347822
10.312383999917074
9.180868999919767
8.77591600010419
8.793136999884155
9.17562899985569
8.763116999944032
9.659992999786482
9.097286000269378
9.134836999692197
9.391345000040019
8.615222000116773
9.090285999718617
9.087616000215348
8.789187000274978
9.12977799998771
8.918950999941444
9.4046359999993
9.352183999908448
9.407196999745793
12.149899000178266
13.201271000070847
9.962473000086902
9.727596000175254
9.727246000238665
8.80067699972642
10.345794999921054
8.956507000220881
8.839973999783979
8.322254999711731
8.518833999914932
9.030028999859496
9.960158000012598
8.646851999856153
9.021974000006594
8.678344000145444
9.413755999958084
8.668843000123161
8.911140999771305
8.779286999924807
8.816047999971488
8.972871999958443
8.61774199984211
8.248215999628883
10.88580500027092
8.44030100006421
8.867754000220884
8.481032999952731
8.68213800004014
8.42213600026298
8.534373999737
8.58160100005989
8.381824000025517
8.770821000325668
8.824552999612933
8.676974000081827
8.754145999773755
8.625656999811326
8.892209999885381
8.493211999848427
8.832338000047457
9.09991699973034
8.551609999813081
8.593475999987277
8.726289999685832
8.748925999952917
9.051925000221672
8.62909200031936
9.063347999926918
8.86473799982923
8.693915000094421
8.607120999840845
9.004653999909351
9.22653999987233
8.985463000044547
9.32187399985196
9.380565000356
9.277882000333193
9.438885999770719
9.757737000199995
8.924911000121938
9.319641999809392
9.151008000117145
9.590530999957991
9.067084999969666
9.66500399999859
8.875959999841143
8.691334999639366
8.126876000005723
9.049955000136833
8.601300999998784
8.524208999915572
9.052245000020775
8.633992000341095
9.108415999889985
8.989464000023872
8.7717859996701
8.987903000161168
9.46223699975235
9.0100639999946
9.373934999985067
9.685284000170213
9.155287999874417
8.523578999756865
9.839319000093383
8.862569000029907
10.309153999969567
8.917171000121016
8.196108999982243
9.062914999958593
9.434615999907692
9.255721000045014
9.916220999912184
9.273342000142293
8.516967999639746
8.228789999975561
9.173942999950668
9.216568999818264
9.941391999745974
8.820187999845075
8.96659299996827
8.963642000253458
9.031605000018317
9.648593000292749
8.743956000216713
9.061435999683454
9.066755000276316
9.080205999907776
8.614411000053224
9.722505000354431
8.588443999997253
9.32483399992634
9.384664000208431
9.063246000096115
9.469050999996398
9.004234000258293
9.19630899988988
8.864229000209889
9.06318499983172
9.521539000161283
9.26014100014072
9.279542000058427
9.679983999831165
9.88111900005606
9.244510999906197
9.018992999699549
9.36418399987815
8.80229699987467
8.631321999928332
8.773616999860678
9.249880999959714
9.583621000274434
9.622351999951206
9.200479999890376
8.875450000232377
9.152608000022155
9.088946000247233
9.248520999790344
9.19690000000628
10.09799599978578
8.73492599976089
8.366863999981433
8.488777000366099
8.471937999729562
8.690209000178584
9.59662200011735
8.656198000153381
8.652841999719385
9.483417999945232
8.770447000188142
8.69081400014693
8.814988000267476
8.171362999746634
8.657912999751716
8.968651000031969
8.817148000161978
8.92822099967816
9.135958000115352
9.112066999932722
9.039130000019213
12.037765000059153
16.200436999952217
15.658125999834738
15.994334999959392
16.134219999912602
16.2544469999375
15.955695000229753
15.521902000273258
15.771038000366389
15.42742099991301
15.616602999671159
15.415850999943359
15.708676000031119
15.526055000009364
15.82126400035122
15.683205999721395
15.669206000438862
15.591503999985434
15.560353000182658
15.373285999885411
15.715988000010839
15.295997000066563
15.753309000047011
15.824879999854602
15.599502999975812
15.511922999849048
15.830651000214857
15.328124999996362
15.775559999838151
15.47175999985484
15.520272000230761
15.320295000037731
15.7700989998375
15.332895000028657
15.821341999981087
15.783400000145775
15.333239000028698
16.211741999995866
15.697017000093183
15.487181000025885
15.985315999841987
15.795079999861628
15.797350999946502
15.480490000300051
15.764664000016637
16.15053999967131
15.859204000207683
16.784499999630498
16.675067000051058
15.765828999974474
16.688896999767167
15.460008999980346
15.63621500008594
15.910612999959994
15.984736000064004
15.644215000065742
15.596564999668772
15.679565000027651
15.215127999908873
15.216771999803314
15.441738999925292
15.384946999802196
15.516896999997698
15.49173100011103
12.35269500011782
8.892791000107536
8.355334000043513
8.298841999931028
8.267581000382052
8.455438000055437
8.29747200032216
8.813934000045265
9.496837999904528
8.842308000112098
8.582174999901326
10.980882999774622
8.540743999674305
8.673943000303552
8.38438499977201
9.243599999990693
8.61917199972595
10.329502999866236
8.483527999942453
9.427897000023222
9.043354999903386
8.825596999940899
8.54694899999231
9.337304000382574
8.616230999905383
11.030175000087183
9.465738000017154
8.188873000108288
9.441062999940186
12.076076000084868
15.933144999962678
16.36679599960189
15.510091000123793
15.516112000113935
15.208352999707131
15.670105000026524
15.458300000318559
15.548061000117741
15.521091999744385
15.639875000033499
15.725438999652397
15.485780000290106
15.54349199977878
15.51598100013507
15.338195999902382
15.011035000043194
15.570862999993551
15.588654000112001
15.340456000103586
15.484120999644801
15.49308000039673
16.046797999933915
15.71692700008498
15.891441999883682
15.759068000079424
16.36474699989776
15.832041000066965
15.818275999663456
16.0969590001514
15.607423999881576
15.563613000267651
15.822739999748592
16.085435000150028
16.094329000225116
16.012646000035602
16.104284999983065
15.923353000289353
17.714428000090265
15.847245999793813
15.712116000031529
16.436769999927492
15.63120600030743
15.408866999678139
15.898362999905657
15.792588999829604
15.623305000190157
15.153955000187125
16.909102000226994
15.849244000037288
15.449529999841616
15.566881999802717
15.517290999923716
15.52693099984026
15.832121000130428
15.288644000065688
15.488971000195306
15.367021999736608
15.562781999960862
15.295276999950147
15.885291999893525
15.319346000069345
16.02902600006928
15.398139000353694
15.563352000299346
15.309845000047062
15.595843000028253
15.898034000201733
15.420260999690072
15.434029000061855
15.276205000191112
15.830410000035045
15.752129000247805
15.706677000252967
16.22720399973332
15.784720000283414
19.01840800019272
16.051816000071994
16.513362000296183
15.523813999607228
15.302795000025071
15.679026999805501
15.373749999980646
15.504383000006783
15.259864000199741
15.531672000179242
15.230137000344257
15.558533000330499
15.679225999974733
15.580253999814886
15.464410000276985
15.568013000120118
15.578337000079046
11.994145000244316
9.34411399975943
8.808377999685035
8.720653999716887
8.723044999896956
9.051335000094696
8.821337999961543
9.525568999833922
8.99801400009892
8.897239999896556
9.589401000084763
10.051924999970652
8.375915000215173
9.438706999844726
9.904650999942533
9.166388999801711
8.980373000213149
15.192490000117687
9.126477000336308
9.852408999904583
9.707664999950794
9.34081299965328
9.057825999661873
9.579161000146996
8.942452000155754
8.611832000042341
8.996392999961245
8.672034000028361
8.727294999971491
8.577960999900824
9.230500999819924
8.849919000113005
9.38260100019761
8.709523999641533
10.921070999756921
11.959413000113273
9.227989999999409
8.468677000109892
8.622200999980123
8.597942000051262
8.966641999904823
8.720665000055305
10.857819999728235
9.287973000027705
9.625757000321755
9.555080000154703
10.837794000053691
9.600941999906354
12.475498000185326
8.74569600000541
9.618675999718107
9.394256000177847
10.293123999872478
9.376343999974779
10.31401399995957
9.9085599999853
9.989463999772852
9.027464000155305
9.454947999984142
8.919211000375071
9.125077000135207
9.242481000001135
9.379793999869435
9.718365000026097
8.660858999974153
8.824488999835012
8.782855999925232
9.093695999581541
9.276411999962875
8.796437000000878
8.885109999937413
9.462826999879326
9.499679999862565
8.764375999817275
15.070136999838724
9.920520999912696
8.84676199984824
9.677414000179851
9.050184999978228
8.882170000106271
9.829769000134547
9.043155999734154
9.5412989999204
9.817809000196576
10.518300000057934
9.804986999824905
9.093945999666175
9.371825000016543
8.68884400006209
8.896600999833026
8.837629000026936
8.912580000014714
9.12004599967986
8.81736799965438
9.486368999660044
8.895766000023286
9.088913000141474
10.243771000205015
9.390984999754437
8.879819999947358
10.590560999844456
9.691453999948862
9.141468000052555
8.805166999991343
10.852750000140077
8.789646999957768
9.89700099989932
9.15272800011735
10.24872099969798
9.302402999765036
7.5425790000736015
9.120207000250957
9.209849000399117
9.222000000136177
9.161829000277066
8.921781000026385
9.375025000281312
8.601512000041112
9.415025000180322
13.233092000064062
8.705903999725706
9.08616600008827
9.261801000320702
10.092967000218778
11.460428000191314
10.767577000024176
11.869312000271748
10.556160999840358
12.412926999786578
11.246100999869668
11.0891989997981
11.08402899990324
11.75174700028947
11.982437000369828
11.55042099981074
12.016046000098868
8.994090000214783
9.537669000110327
9.967708000203856
9.601761000340048
8.848959000260948
8.41356499995527
9.168130999569257
10.041428000022279
8.983921999970335
10.47099800007345
9.232620999682695
9.051215999988926
10.123447000296437
9.248411000044143
12.837069999932282
11.461199000223132
11.577240999940841
12.692538000010245
10.92319100007444
11.397276000025158
11.284852999779105
11.227610999867466
11.542889999873296
12.547121999887167
10.509769000236702
11.697415999606164
8.945022000261815
9.030464000261418
9.672393000073498
9.221540999988065
9.000074000141467
9.05544600027497
9.368343999994977
9.554760999890277
8.743504999983998
8.698894000190194
9.086496000236366
9.226540000327077
9.929800999998406
9.000451999781944
8.469627000067703
9.43741700029932
9.23332100001062
10.38093499983006
9.019114999773592
8.596371999828989
9.107576000133122
9.442300000046089
12.205931000153214
12.410127000293869
10.987199000282999
12.524267000117106
12.072510000052716
13.238911999906122
11.520324000230175
11.456298000211973
12.26510300011796
10.445687999890652
11.07358600029329
8.027323000078468
8.512689000326645
8.847657999922376
8.965572999841243
9.213439999712136
9.36883799977295
8.998223000162398
9.556030999647191
8.67277399993327
8.982801999991352
8.963041999777488
8.66147299984732
9.139568000136933
8.749226000418275
8.837778000270191
9.229140000115876
9.118227000271872
9.178477999739698
9.162740999727248
9.634892000121908
9.300552000240714
10.405536999769538
9.326872000201547
8.768198999860033
9.6069510000234
9.052004999830388
8.5396189997482
9.093837000364147
9.51537900027688
8.881119999841758
9.109947000069951
8.726815000045463
8.650593000311346
9.538958999655733
9.42022100025497
8.457765999992262
8.910061000278802
10.304020999683416
10.50615900021512
11.613695000050939
13.182020999920496
16.8437110000923
17.454110000016954
17.09221000010075
17.426478999823303
18.412307999824407
18.083212000419735
16.211620999911247
15.677306999805296
16.08882900018216
15.170542999840109
16.59291399982976
15.850897000291297
16.11174099980417
15.841688999898906
15.293096999812406
16.081679000308213
15.532631000041874
15.759418000016012
15.340406000177609
15.4312839999875
15.478540000003704
15.437169000051654
15.301934999570221
15.532106000136991
15.157129999806784
15.509272000144847
15.628534999905241
15.47093399994992
15.81200499958868
15.499680000175431
15.303415000289533
15.380928000013228
15.87257299979683
15.209432000119705
11.203138999917428
10.951522000141267
11.010435000116559
9.681618999820785
9.286813000016991
10.946157000034873
10.385580999809463
10.107247000178177
11.081709999871237
10.656632000063837
11.210261999622162
10.682946000088123
10.12475000015911
8.958293999967282
8.267760999842722
8.461256999908073
8.985449000192602
8.621172999937698
8.604380999713612
8.359334000033414
8.257405999756884
8.595517000230757
11.502053000185697
8.26397300033932
8.569175000047835
8.840356999826327
8.687473999998474
8.997642999929667
9.007853000184696
8.386544999666512
8.595210000294173
8.695774999978312
8.799178000117536
9.24476299996968
9.116856999753509
8.444270999916625
8.459851000225171
9.050319999914791
8.557925000332034
8.691885999724036
8.979932999864104
8.63160600010815
8.578591000059532
8.436049000010826
8.971357000064017
9.309617999861075
8.670056000028126
8.666958000048908
9.082511000087834
9.988301999783289
8.00046399990606
9.063595000043279
9.201732000292395
8.393204000185506
9.095776000322076
8.555892999993375
8.515863999946305
8.808017000319524
8.484702999794536
8.524829000180034
8.949486999881628
8.949852000114333
8.54149899987533
8.746580999741127
8.773337000093306
8.889913000075467
9.65468200001851
8.772456999849965
8.904391000214673
8.44304700012799
9.134646999882534
8.6291729999175
8.868200999586406
11.767406000217306
9.88090100008776
10.42408900002556
10.166164000111166
10.369240999807516
10.363636999954906
10.87326100014252
10.003427999890846
10.742141000264382
12.258392000148888
12.19037299961201
11.529120999966835
9.170847999939724
11.21241100008774
9.602461000213225
8.855401999880996
9.109806999731518
9.273192999899038
8.507838000241463
8.788567000010516
9.883850000278471
9.53211999967607
9.033184000145411
9.013383999899816
9.248981999917305
9.127756999987469
8.812837999812473
9.27947199988921
10.391635999894788
10.918942999978754
11.62223300025289
10.704672999963805
11.16239399971164
10.818874000051437
10.136143000181619
11.247750999700656
14.423205999719357
12.788293000085105
14.033741000275768
16.469052000047668
16.05245200016725
15.459800999906292
15.989885000180948
15.70518800008358
15.683555999657983
15.086244000031002
15.389357000003656
15.561063999939506
15.78593899967018
15.571454000109952
15.341260000241164
15.571446999729233
15.692185999796493
15.515370000230178
16.169221999916772
15.745437999612477
15.489533999698324
15.631738000138284
16.10632899974007
16.824940999867977
16.67631599957531
16.604286000074353
16.710982999939006
16.786343000148918
16.840832000070804
16.88833199978035
17.039645000295423
16.59993699968254
15.805324999746517
15.770929000154865
15.73798999970677
15.431576999617391
15.615606000210391
15.646920000108366
15.851540999847202
15.678916000069876
15.654690999781451
15.411689999837108
16.50930200003131
15.79355800004123
15.810585000053834
16.237545999956637
15.32662599993273
15.395744000215927
9.718467000311648
9.252063000076305
9.322148000137531
10.669333999885566
9.713304999877437
9.998322999763332
14.18483199995535
15.805341000032058
18.276045999755297
16.7291100001421
16.183512000225164
17.43610199991963
17.100196999763284
17.080523999993602
16.981161000330758
16.86320299995714
16.62781499999255
15.572599000279297
15.576032999888412
15.42886900006124
15.262654999787628
8.370358999854943
9.686473999863665
8.838129999730882
9.963171999970655
9.475098000166327
10.388874999989639
15.650285999981861
12.177349000012327
10.647125000105007
9.665193999808253
9.267310999803158
8.681422999870847
10.199140000167972
14.389707000191265
8.82832800016331
9.974072000204615
9.083905999887065
9.836999000071955
9.176169000056689
9.710584999993443
9.09203700030048
9.05633599995781
9.404985000401211
9.336374000213254
8.505160999902728
11.002963999999338
9.153947999948286
8.771455999976752
8.96289299998898
8.810018000076525
9.538303000226733
8.638982000320539
9.440487000119901
8.826888000385225
8.830348000174126
10.460677999617474
9.330553999916447
9.30083299999751
9.1604079998433
9.659913000177767
9.078188000330556
8.892759999980626
9.07508600039364
11.680253999656998
13.610405999770592
11.329090999879554
12.873747999947227
11.095352000211278
9.215236000272853
16.076588000032643
9.505811000053654
9.9286210001992
10.212270000010903
9.055135999915365
9.096585999941453
10.363147999669309
9.257851999791455
9.438246000172512
9.686834999683924
8.569570999952703
9.109876999900735
10.892011000123603
8.857259999786038
8.90854399995078
9.778387999631377
8.631686000171612
13.794189999771334
15.888803000052576
15.62791499964078
15.705767999861564
15.911603000404284
15.457551000054082
15.802879999682773
15.56661799986614
15.669590000015887
15.807179000148608
15.53829400018003
15.799309999692923
15.604723999786074
16.196531999867148
15.538031999767554
15.745878000416269
16.75029900025038
16.061778999755916
16.079872000318574
15.511261000028753
15.802800000074058
15.800889999809442
16.425687999799266
15.784798999902705
15.707889000168507
15.728127999864228
15.681125999890355
16.094349000013608
15.66300600006798
15.800989999661397
15.827861000161647
15.43565000019953
16.013237000152003
15.906267999980628
15.598488999785332
15.366275999895151
15.370737000012014
15.72027199972581
16.159755999979097
15.648913999939396
15.334696000081749
15.606142999786243
15.647114999865153
16.408589000093343
15.590613999847847
15.389149999919027
15.758770000047662
17.93119400008436
17.66159599992534
15.785882000272977
16.014687000279082
15.718527999979415
15.730728000107774
15.475301000151376
15.62160599996787
16.43428399984259
8.410455000102957
9.127630999955727
10.957493000205432
16.735983000216947
8.77542700027334
8.901169000182563
8.85989000016707
9.105736000037723
9.23263999993651
9.186150000005
9.046674999808602
10.796647999995912
15.585883999847283
11.251022000124067
9.460796999974264
11.468818000139436
12.201711000216164
10.378044999924896
9.851539999999659
8.532358999673306
9.455747000174597
9.405515999787895
9.639243000037823
7.85901900007957
9.243981000054191
9.48223900013545
9.037723999881564
8.682435000082478
8.74000400017394
8.74500000008993
8.46323099995061
8.584104999954434
8.527168999989954
9.574230999987776
9.790386999611655
9.222935999787296
9.66049299995575
8.979302000170719
8.426270999734697
8.898069999759173
8.833008000237896
8.237031000135175
9.668922999935603
9.233279999989463
8.395573999678163
8.321514000272145
8.805337000012514
8.829013999729796
8.784834999914892
8.989678000034473
9.266389999993407
8.966031999989355
8.543110000118759
8.452265999949304
8.437325000159035
8.461372000056144
9.130398000252171
8.319446999848878
8.501118999902246
8.693903000221326
8.414895000441902
9.017123999910837
8.393120000164345
8.718635000150243
9.172797999781324
9.738545999880444
8.502667999891855
8.720950000224548
8.253696000338095
8.466867000151979
8.593086000018957
8.518858999650547
8.617641999990155
8.716939999885653
8.418465999966429
8.324574000198481
8.364583000002312
8.498057999986486
8.824988000014855
8.501073999923392
9.31517300023188
9.34997000013027
11.804818000200612
11.362956000084523
9.729754999625584
10.97624200019709
14.349635999678867
10.968372999741405
11.502248999931908
17.463730000145006
18.804302000262396
20.465180999963195
16.110045000004902
18.278434999956517
16.054468000220368
15.792860000146902
15.75893500012171
17.55640300007144
9.770992000085243
9.00868899998386
9.784657000182051
9.083502000066801
8.97534200021255
8.71031499991659
9.343384000203514
9.024828000292473
9.264311000151793
8.91999500026941
8.892869999726827
8.5310690001279
8.926986999995279
9.325432999958139
8.575791000112076
8.313792000080866
8.327382999596011
8.89732899986484
9.217730999807827
8.798317000128009
8.828928000184533
8.783851000316645
8.849238000038895
8.726909999950294
10.174389999974665
9.477907000018604
8.856728999944607
9.118312999817135
8.692017999692325
9.048585000073217
8.625581999694987
9.63117199989938
8.899865000330465
8.724335000351857
8.651296999687474
8.748199999899953
8.27569000011863
8.773706999818387
8.357179000086035
8.68053800013513
8.9366219999647
8.78647199988336
9.414906000074552
8.898850999685237
8.846324999922217
9.262401999876602
10.315803000139567
9.022423999795137
8.592991000114125
8.59450600000855
8.686373999807984
9.25069999993866
8.695839999745658
10.73266599996714
10.147899000003235
8.577521000006527
8.131997000418778
8.680539000124554
8.095601000150054
8.531969000159734
10.143974000129674
8.517663000020548
8.719824999843695
8.50639800000863
8.223428999826865
8.600020999892877
8.369850000235601
8.569670999804657
8.370794999791542
8.549089999632997
10.524669000005815
9.252561000266724
8.67882800002917
8.701054000084696
8.920311000110814
9.635002999857534
8.734976000141614
9.053980000317097
8.958851999977924
8.747365000090213
8.696300000337942
9.209409000050073
8.559049999803392
8.926410999720247
8.744595000280242
8.444213000075251
8.944146999965596
9.058415000254172
8.939000999816926
10.936030999801005
8.96241700002065
8.604942000147275
8.708594999916386
8.861130000241246
8.343634000084421
8.567139999740903
8.898440999928425
8.952915999998368
8.912890999908996
8.319822999965254
9.317582999756269
8.619835999979841
9.02795399997558
9.040885000104026
8.727695000288804
8.32546799983902
9.193569000217394
9.837263999997958
8.875125000031403
8.889705000001413
9.319377999872813
8.501408000029187
9.320623999883537
8.680013999764924
8.811112999865145
8.806726999864622
8.674363999944035
8.746974999667145
8.72228600019298
9.171898999738914
8.908695999707561
8.448150999811332
8.621453000159818
8.620270999927016
9.0931320000891
8.531083999969269
8.251620000010007
9.367624999867985
8.291977000226325
8.687214000019594
8.719651000319573
8.750190999762708
8.140431999891007
8.563334999962535
8.384380000279634
8.864799000093626
8.268211000086012
8.732571000109601
9.330049000254803
8.50049799964836
8.668544000101974
8.36297400019248
8.948902000156522
8.41781600001923
8.336213000347925
8.556400000088615
8.910141000342264
9.52374400003464
8.706764000180556
8.702619999894523
8.445715999641834
8.528608000233362
8.909751999908622
8.822907999729068
8.260080000127346
8.900299999822892
9.058405999894603
10.090726000271388
16.264782999769523
15.373931999874912
15.336826000293513
15.408098000079917
15.600203999838413
15.562673000204086
15.999435000139783
15.859186999932717
15.409499000270444
15.54020200001105
15.832440999929531
15.251813999839214
15.80762000003233
15.408252999804972
16.248574000201188
15.189201999874058
10.44654699990133
9.635136000269995
13.345735000257264
8.964482999999746
9.082015999865689
9.252140999706171
8.84400299992194
9.453722000216658
8.418756000082794
8.417704999828857
9.055425000042305
8.75338500009093
9.209728999849176
9.190768999815191
9.473668000282487
9.660192999945139
9.587860999999975
8.645732000331918
8.630611999706161
9.06532499993773
9.660523000093235
9.359933999803616
8.992083000066486
9.121439999944414
9.734385999763617
9.261781000077463
9.473778000028688
9.718955000153073
9.329563999926904
8.79375699969387
9.147958000085055
10.154248000162625
8.926981000058731
9.71617499999411
8.872629000052257
8.302112999899691
9.2595920000349
9.064716000011686
8.615742000074533
9.020083999985218
8.815917999982048
9.20785900007104
10.199800999998843
10.003383999901416
10.654543999862653
9.133267999914096
12.134681000134151
12.95749299970339
17.58454399987386
15.681056000175886
15.665416000047117
15.607925000040268
15.700525999818638
15.500811000038084
15.813151000202197
15.491181000015786
16.052727999976923
15.354566000041814
15.682101000038529
15.398166999602836
15.742047999992792
15.796978999787825
16.392007999911584
21.013938000123744
16.0839830000441
15.789020000283926
15.777848000197991
10.406865999811998
11.398861999623477
8.672454000134167
8.248825000009674
8.431105999989086
8.550914999887027
8.557619999919552
8.327283000198804
8.767237000029127
12.86211100023138
8.751385000323353
9.0094689999205
9.266620999824227
