Messages/sec=82.83
duration_sec=60.002
payload_size_bytes=1048576
total_messages=4970
payload_throughput_MiB_sec=82.83
mean_rtt_ms=10.037
median_rtt_ms=8.925
stddev_ms=2.638
min_ms=7.545
max_ms=34.436
---raw_latencies_ms---
14.17262099994332
16.340625999873737
13.734972000293055
8.603610999671218
9.84111900015705
8.88643400003275
13.17187999984526
15.250503000061144
15.047936999962985
15.574312999888207
15.24450800025079
8.781706999798189
9.340909000002284
8.190463000119053
8.688239000093745
8.47161599995161
8.217709999826184
8.501088000230084
8.332512999913888
8.593381000082445
8.69464000015796
8.45018700010769
8.731626000098913
8.36732400011897
8.6993690001691
11.021524999705434
8.35532399969452
8.236910000050557
10.694090000015422
9.109646000069915
8.812407999812422
8.813210999960575
8.732770000278833
10.749777000000904
8.792827000434045
12.019400000099267
8.861253999839391
11.484187999940332
15.644463999706204
15.4664300002878
16.082128000107332
15.600615000039397
15.543653000349877
17.35070699987773
15.509630999986257
15.66052500038495
9.761057000105211
8.422935999988113
8.862549000241415
8.42611100006252
8.955342999797722
9.803897999972833
9.225248999882751
9.325302999968699
9.31029799994576
12.670398999944155
9.129707999818493
8.681223000166938
9.082002000013745
12.99771399999372
15.863597000134178
16.336251000211632
15.988255000138452
15.31141600025876
15.864102000250568
15.451029999894672
16.284643999824766
16.316056000050594
16.133910000007745
15.89721299978919
16.443258999970567
15.570038999612734
16.33241999979873
16.270213999632688
15.9395300001961
15.686980999817024
15.793835000295076
15.607134000219958
15.145450000090932
15.389697000045999
16.575204000218946
15.861722000408918
15.89383300006375
16.032967000228382
9.885020999718108
15.830864000236033
15.382936999685626
15.46434900001259
15.693026999997528
9.621251999760716
9.902221000174904
9.00686399972983
9.399985999607452
10.540899999796238
9.472218999690085
9.181187999729445
9.270892000131425
9.441765999781637
9.694194000076095
8.929121000164741
9.69816399992851
9.319462999883399
10.562450000179524
9.168128999590408
9.275560999867594
9.44678699988799
9.073285999875225
9.157028000117862
9.272891999899002
10.357725000176288
8.950542000093265
9.445607000088785
9.42570600000181
9.838898999987578
9.324233000370441
10.03365400038092
9.729785999752494
10.102910000114207
9.3481740000243
8.293771999888122
9.511429000212956
9.285393000027398
8.87148999981946
9.245340999768814
8.858128999690962
9.223259999998845
9.35369399985575
9.94464199993672
9.265972000321199
10.46327799986102
9.440756999993027
8.99744299977101
11.590233000333683
9.015712999826064
9.289621999869269
16.216221999911795
16.94512499989287
16.5190109996729
15.932384000279853
15.69615700009308
17.413038999620767
16.258464000202366
16.1697609996736
16.215693000049214
14.738018000116426
9.686483999757911
14.24267200036411
16.324975000316044
15.691275999870413
16.522922000149265
16.080918999705318
16.13542299992332
15.655056000014156
15.655616000003647
16.315366000071663
15.754948999983753
15.924184000141395
15.829279999707069
15.857872000196949
15.35626599979878
16.472560000238445
16.546225000183767
16.16212099997938
16.054049000103987
15.782310000304278
15.700236999691697
16.06981800023277
16.521252000075037
17.22035299962954
16.506860999925266
16.766952000125457
15.505460999975185
15.403567000248586
15.437638999628689
16.19499199978236
16.598064000390877
15.902223000011873
15.754718999687611
16.284824999729608
15.437199999723816
16.395178000038868
15.907714000150008
15.820490999885806
16.05659699998796
15.64920600003461
15.728088000287244
16.24183300009463
15.974284999629162
8.976095999969402
9.00505100025839
10.083445999953256
9.30177200007165
8.97132199997941
8.936890999848401
11.247570999785239
15.886903000136954
15.91315299992857
16.230353000082687
16.06495799978802
16.09451900003478
16.029197000079876
15.753838999899017
16.32544600033725
15.937775000111287
10.043785000107164
10.04561499985357
9.521428999960335
9.572100999776012
9.920781000346324
10.630632999891532
9.544109999751527
8.9514930000405
9.220710000136023
8.96499300006326
9.330595999927027
10.201730000062526
9.218149999924208
9.612721999928908
9.87609000003431
9.219320000283915
10.215021000021807
9.975642999961565
10.048155000276893
10.673015000065789
9.546739999677811
8.795097999609425
9.061204999852635
10.036985000169807
9.817668999858142
9.50092900029631
10.730365000199527
8.73774499996216
10.015994999776012
9.587222000391193
9.866190000138886
9.108657000069798
10.362595000060537
9.807277999698272
9.249320999970223
9.427636000054918
9.717814999930852
9.727425999699335
8.773216000008688
9.088375999908749
9.469218000049295
10.013165000145818
9.342624000055366
10.235961000034877
9.570811000230606
9.687193999980082
9.67988399997921
9.565780000230006
8.841259000291757
10.315403000277001
8.863041000040539
9.979265999845666
10.088736999932735
9.645782000006875
10.110276999967027
9.388994999881106
9.727244999794493
10.115597000094567
10.191159999976662
9.846979000030842
8.966762999989442
9.031694000441348
9.27884200018525
9.587430999999924
9.249701000044297
9.959753000202909
10.70370500019635
10.49086900002294
9.691274000033445
9.35447399979239
10.63119300033577
10.84588999992775
9.560719999626599
8.838278999974136
9.015134000037506
10.378643999956694
9.806667999782803
10.06593600004635
9.632903000238002
9.999213999890344
10.512299999845709
10.773917000278743
9.956072000022687
10.142008000002534
10.275131999605946
9.008873000311723
9.213570000156324
9.751865999987785
9.681954999905429
9.791667999706988
8.977045999927213
8.95860199989329
9.765177000190306
9.226449999914621
9.81958800002758
11.169542000061483
8.82362699985606
8.75852900026075
8.541034000245418
9.878710000066349
9.780736999800865
9.169117999590526
9.85579999996844
13.307944999723986
16.98635499997181
22.73162100027548
9.605084000213537
8.837767999921198
8.991477000108716
8.445151000159967
9.14645200009545
9.043007000400394
8.290405000025203
8.241324999744393
9.170966000056069
8.616842000265024
8.509763999882125
8.67742399987037
9.334704999673704
8.251755999935995
8.843161000186228
8.862798999871302
8.554463999644213
9.045099000104528
8.940870000060386
9.128438999596256
8.892013000149745
8.636078000108682
8.76930899994477
8.742924999751267
8.540251999875181
9.217663000072207
8.533329000329104
8.791053000095417
8.500967000145465
8.61583599998994
8.782065999639599
11.45187799966152
8.455827000034333
9.767206000105944
10.276922000230115
9.464926999953605
10.750307000307657
10.682546999760234
10.009877000356937
10.699709999698825
15.94419499997457
15.43633899973429
15.747033000025112
15.426508000018657
15.593294000154856
15.670186000079411
17.78456100009862
16.057756999998674
15.549792000001617
15.707407000263629
15.926333999686904
15.623946000232536
15.539191999778268
15.714877999926102
15.73378800003411
15.88878200027466
15.898762999768223
15.538651000042591
15.842089999750897
15.50497100015491
15.854062000016711
15.639664999980596
15.682607000144344
15.880832000220835
16.125610000017332
15.840711999771884
15.866493999965314
15.61923500003104
15.467520000129298
16.24034299993582
16.373516999919957
15.889542999957484
15.686595999795827
15.414788000271074
15.608164000241231
15.257774000019708
15.505180999753065
15.284694000001764
15.967414999977336
9.65575300006094
9.586651000063284
8.47019699995144
9.31822300026397
9.150607999799831
8.957843000189314
9.004568999898765
9.068555999874661
8.441181000307552
8.86603400022068
8.243791000040801
9.45837000017491
14.283636000072875
10.62717300010263
8.555098999750044
9.176958999887574
10.181639000165887
11.205666000023484
8.572321999963606
15.981546000148228
11.127208999823779
15.321266000228206
15.711955999904603
34.43639599981907
18.464580999989266
13.355076000152621
9.303837000061321
9.28888199996436
8.362003000002005
8.567225000206236
8.477652000237867
8.691574000295077
9.634452999762289
9.469308000007004
10.469753000052151
8.395644999836804
9.274620999804029
9.944736999841552
11.829413000214117
9.119178000219108
9.072002999801043
8.788437000021077
8.719478999864805
9.504291000212106
8.454596999854402
9.128732000135642
10.635552000167081
9.575763000157167
8.461385999908089
8.722209000097791
9.083586000087962
8.412719999796536
8.806206999906863
8.228351000070688
8.666022999932466
8.689608999702614
8.752120999815816
8.76202800009196
8.479952000016056
9.022906000154762
9.014594000291254
8.578315999784536
9.04053499971269
9.071167999991303
9.791226999823266
9.610092000002624
9.01003299986769
9.185788999729994
8.602311000231566
9.813126000153716
9.013162999963242
8.832731999973475
9.146903999862843
8.859908999966137
8.304522999878827
8.725444999981846
8.471646000089095
9.023298000101931
8.772202000272955
9.24160300019139
8.427810000284808
8.784353999999439
8.935702000144374
9.347746000003099
8.50465300027281
8.426820999829943
8.780809000199952
8.769585999743867
9.121926000261737
9.967587000119238
8.507839000230888
8.773435999955836
10.479328000201349
9.418155999810551
9.215030000177649
8.999074000257679
12.35822599983294
15.430410000135453
15.506282999922405
31.150855999840132
15.367666000202007
15.772208999806026
15.53146200012634
15.886981999756244
16.00173699989682
15.898262000064278
16.42321899998933
16.82056100025875
15.837950999866734
15.595314000165672
18.01220800007286
17.111268999997264
15.72820799992769
15.439659000094252
16.845961999933934
15.859201999774086
15.467782000087027
15.80781000029674
15.413177999562322
15.548102000138897
15.567843000098947
16.774238999914814
15.717491000032169
15.357526999650872
15.622333000010258
15.588026999921567
15.647340999748849
15.440330999808793
15.804279999883875
15.478958999665338
15.491299999666808
15.927880999697663
15.619323999999324
15.859411999826989
15.584779000164417
15.65718600022592
15.319211000132782
15.65768799991929
15.503105000334472
15.371242000128404
15.497394999783864
15.412136999657378
15.63815000008617
15.522231999966607
15.280735000033019
15.30834599998343
15.44260899981964
15.467520000129298
15.954969000176789
15.810275000148977
15.390851000120165
15.583048999815219
15.181150999978854
15.299225000035221
15.43790000005174
15.714907000074163
15.526192999914201
15.080886999840004
15.56635799988726
15.19952300031946
15.8162299999276
15.58021299979373
15.43844799971339
8.556910999686806
8.873182000115776
8.594235000146
8.275046000107977
8.820637000098941
9.28485099984755
8.48492199975226
9.012285999688174
8.857860999796685
9.614041000077123
9.31755300007353
9.752686000410904
9.057765000306972
8.8684289999037
8.923212999889074
10.17708000017592
10.034814999926311
8.826488000067911
8.800857000096585
9.279685000365134
8.584183000039047
8.852713000123913
9.16877800000293
9.110807000070054
8.31847299969013
10.464050999871688
8.877061000021058
8.794091999789089
9.120088000145188
8.864504000030138
8.615380999799527
8.403400000133843
9.236781000254268
8.735274999708054
9.008973000163678
8.906745999865961
8.901300000161427
8.67931899983887
8.569026000259328
9.047738999925059
8.975523000117391
8.701519999704033
9.207478999996965
8.55273400020451
8.93188200006989
9.059738999894762
8.953112000199326
8.960072000263608
8.41973600017809
8.601530999840179
8.709068999905867
8.519719000105397
8.712844000001496
8.829057999719225
8.930167000016809
8.623142000033113
8.385399999951915
8.775051999691641
9.75734099984038
8.564650999687728
8.848097999816673
8.657473999846843
8.4971639998912
8.460112000193476
9.369049999804702
8.302576999994926
8.66684799984796
8.445520999885048
8.889199999885022
8.319692999975814
9.470417000102316
8.791566000127204
8.844257999953697
8.612401999926078
8.446115999959147
8.717355000044336
9.347823000098288
16.48693099969023
11.374626000360877
24.276256999655743
8.681739000167
9.342738000214013
10.369163999712327
8.51574399985111
11.204035999980988
9.69864399985454
8.496539000134362
8.513939000295068
8.49711999990177
8.829159000015352
8.401375000175904
8.486402000016824
8.440391000021918
8.997564000310376
8.468656999866653
8.500288000050205
9.14011200029563
8.696658999724605
8.433650999904785
8.907120999992912
8.525005000137753
8.507678000114538
8.434040999873105
8.40887100002874
8.349118000296585
8.89406600026632
8.966132000296057
8.612009999978909
9.274662000279932
8.584526000049664
8.728434999738965
8.925325999825873
12.420826999914425
9.431497000150557
8.394319999752042
8.964263000052597
8.542453999780264
9.208594000028825
8.838933999868459
9.566870000071503
8.661843000027147
9.068915000170819
8.573940000133007
8.56098500025837
8.761206999679416
8.506147999923996
8.421856000040862
8.559024000078352
8.681409000018903
8.595720999892364
8.528548999947816
9.069835999980569
8.988774000044941
8.252290999735123
8.465932000035536
8.471628000279452
8.723336000002746
8.809522000319703
8.707635000064329
8.522707999873091
8.662192999963736
8.561130000089179
8.470283000406198
8.50389900006121
8.612631000232795
8.320608000303764
8.081631000095513
8.520468999904551
9.016413000153989
8.068291000199679
8.678402999976242
7.993981999788957
8.564530999592534
13.038896000125533
8.740064999983588
8.640031999675557
8.518213000115793
8.231158999933541
8.447891999821877
8.753916000387107
8.45738199996049
8.230784999796015
8.565951000036875
9.454086999994615
10.296162000031472
8.404629999859026
8.515468000041437
8.760985000208166
8.51739900008397
8.501997999701416
8.292933000120684
8.63433199992869
8.458816999791452
8.913401999961934
8.597072000156913
9.380885000155104
8.833817999857274
8.638472000257025
8.789027000148053
9.071520999896165
8.534093999969627
8.551314999749593
8.569245000217052
8.562868999888451
8.78669700023238
8.332123999934993
8.757771000091452
8.675604000018211
8.748386000206665
8.87300900012633
8.901181000055658
8.879094000349141
8.718434999991587
8.630051000181993
8.691998999893258
8.703509000042686
8.923935999973764
8.244421000199509
8.543975000065984
8.672733999901538
8.502962999955344
8.35501400024441
8.715424999991228
8.443985999747383
10.082116999910795
9.579439999924944
8.655842999814922
9.108187000038015
8.280401000320126
9.832599000219489
9.158488999673864
8.36198900015006
8.513100000072882
8.209108999835735
8.654978999857121
8.706855000127689
8.49882800002888
9.067915999821707
8.503669000219816
8.522368999820173
8.36953399993945
8.680168999944726
8.52970899995853
8.87081400014722
8.372144000077242
8.741510000163544
8.603906000189454
10.500273999696219
8.81197799981237
8.556423999834806
8.604231999925105
8.447266000075615
9.372674999667652
9.860598999694048
9.51029899988498
9.493068999745446
8.380947000205197
9.907982000186166
8.83388800002649
8.897610000076384
9.261930999855394
8.72697499971764
10.938962000182073
8.699095000338275
9.082435999971494
9.34579400018265
10.20825999967201
8.612772000105906
8.482727000227896
10.00364499986972
9.216099999775906
9.070366000287322
9.002923000025476
10.931392000202322
9.8883300001944
8.73793900018427
8.587699999679899
8.287586999813357
8.879835000243474
8.101736000298843
9.220259999892733
8.549899999707122
8.521878999999899
8.970772000338911
8.283931999812921
9.141372999692976
8.8060170000972
8.402104999731819
8.715275000213296
9.35638300006758
9.984132999761641
8.614675999979227
8.706308999990142
10.534023999753117
9.714674999941053
8.97506199999043
9.230230999946798
9.79011699973853
10.670443999970303
8.98532300016086
11.119623000013235
8.93659600023966
10.06395500007784
17.816865999975562
16.232042999945406
15.835042000162503
15.734929000245756
15.570343000035791
15.432748999955948
15.479510000204755
15.499691000059101
15.472890000182815
15.854681999826425
15.46557900019252
15.844021000248176
15.57735300002605
15.58391299977302
15.638535000107368
15.756510999835882
16.21966299990163
15.383750000182772
15.71383699956641
15.503750999869226
15.479489999961515
15.365279999969061
15.65988499987725
16.148001000146905
11.617863000083162
9.729196000080265
8.822088000215444
8.701893999841559
9.11909700016622
9.229250999851502
8.636196999759704
8.528009000201564
8.37167400004546
8.446327000001475
8.460427000045456
8.690893999755644
8.612401999926078
8.570864999910555
8.393969999815454
8.452548000150273
8.633856999949785
8.241120999628038
8.50605400000859
8.558689999972557
10.169990000122198
15.444749999915075
15.539062999778253
15.25630399964939
15.520792000188521
15.838891000385047
15.236982999795146
15.566573000342032
15.094969000074343
15.827766000256815
15.675456000280974
15.48098100010975
15.587234000122407
15.499830999942787
15.09297400025389
15.891678000116372
15.60587400035729
15.48189100003583
15.401317999931052
15.529471999798261
15.239843000017572
15.583653000248887
15.169810999850597
15.453829999842128
15.394657999877381
15.490240000417543
15.455348999694252
15.437149000263162
15.529851999872335
15.194411000265973
15.919243000098504
15.790620000188937
15.34208100019896
15.170969999871886
15.539601000000403
15.583358999720076
15.44915000022229
15.31691399986812
15.455770000244229
15.594192999742518
15.517349999754515
15.668184999867663
15.523630999723537
8.716914999695291
9.96914300003482
9.321302999978798
9.250424000128987
9.514338999906613
8.887510000022303
9.545180000259279
9.192234000238386
9.51315899965266
8.26435599992692
9.024629000123241
12.169698999969114
15.210212000056345
15.279454999927111
15.669505999994726
16.201127999920573
15.762309000365349
15.635983999800374
15.77167899995402
15.886042000147427
15.794913000263477
15.875173000040377
15.857412000059412
15.555300999949395
15.72666800029765
15.8135809997475
15.452771000127541
15.954244000113249
15.876142000252003
15.949703999922349
15.793408999797975
11.914737000097375
8.593941000071936
9.154187999683927
8.676454000124068
8.625532000223757
9.227960999851348
8.693458999914583
8.95172199989247
8.87949900015883
9.037745000114228
8.346653999979026
8.636996999939583
8.337923999988561
8.518617999925482
8.928917000048386
8.51191799984008
8.160927000062657
8.744171000216738
8.059960000082356
8.695213999999396
8.661823000238655
8.75995199976387
8.421081000051345
8.706628999789245
8.477341999878263
8.682778999627772
9.03386900017722
8.34226300003138
8.102041999791254
8.98925399997097
8.282471999791596
8.69637400001011
8.619012000053772
9.255260999907478
8.658152999942104
8.856489999743644
8.552899999813235
9.036178999849653
9.344352999960392
8.726299999580078
8.616312000413018
8.518344000094658
9.19494899972051
9.201780000239523
8.574944999963918
8.322042000145302
8.59444599973358
8.588360999965516
12.8189150000253
15.510351000102673
16.980941999918286
15.406267999878764
15.423048000229755
15.633170000000973
15.562582000256953
15.355927999735286
16.23300300025221
15.522952000083023
15.717926999968768
15.60189400015588
15.532192000137002
15.220221000163292
15.089149000232283
15.332225999827642
15.519131000019115
15.366447000360495
15.442638999957126
15.430719000050885
15.339950999987195
15.39974000024813
15.481550999993487
15.659866000078182
15.787913999702141
15.638885000043956
15.896008000254369
16.007204999823443
15.890272999968147
16.162950999841996
15.822462999949494
15.64308000024539
15.478000000257452
16.2933849996989
15.62818000002153
15.768823000144039
16.201524999814865
15.795508999872254
15.699826999934885
15.789899999617774
15.592845999890415
15.796030000274186
15.79352899989317
15.892933000031917
15.727482000329474
15.360515999873314
16.81962000020576
15.666091000184679
15.263982999840664
15.442633000020578
15.970139000273775
8.623020999948494
8.347687999957998
8.944201999838697
8.169910000106029
8.003597999959311
8.474019999994198
8.453601999917737
8.552422000320803
8.020183000098768
8.054604999870207
8.8386279999213
8.135212000070169
8.315033000144467
8.05708699999741
8.387124999899243
9.336795999843162
8.69748900004197
8.624263999990944
8.158352999998897
8.584194999912143
8.646636999856128
8.36344299978009
8.261361000222678
9.706736000225646
8.90291999985493
10.06336500040561
8.723975000066275
9.035864999987098
8.924824000132503
8.961893000105192
10.107906000030198
9.09418600031131
9.765046000211441
8.932620999985375
9.166529000140144
9.323352999672352
9.988273000089976
8.467546999781916
9.136046999628888
8.63830299977053
9.662903000389633
9.673584000211122
9.69855399989683
12.00248500026646
16.775228999904357
8.98715799985439
9.051730999999563
8.440547999725823
8.658456999910413
11.73051099976874
10.265932000038447
9.516097999949125
7.999668000138627
8.61962399994809
8.02293600008852
8.452878999833047
8.490100000017264
8.488772999953653
8.235740999680274
8.046289000049
8.550895000098535
8.18858899992847
8.337485000083689
8.033956999952352
8.110088000194082
8.248510000157694
8.681379000336165
7.971023000209243
8.793186999810132
8.47086199974001
8.534753000276396
8.787896999820077
8.907512999940081
8.929344000080164
8.467343000120309
8.187974000065878
8.627647999674082
8.341339000253356
8.260890999736148
8.634445000097912
8.979976999853534
8.583575000102428
9.108567000112089
8.43721799992636
8.690719000242098
8.42607999993561
11.854458000016166
8.821306999834633
8.83096799998384
9.294293000039033
9.277912000015931
8.3381679996819
8.30749199985803
8.836990999952832
8.593633000145928
9.608534000108193
8.445237999694655
8.526850999714952
8.656574999804434
8.942913000282715
8.411119999891525
9.962652000012895
8.326179000050615
9.83083400024043
10.715963999700762
11.057358000016393
8.383774000321864
9.486028000083024
8.671337999658135
8.248189999903843
8.27539700003399
8.268904000033217
8.356596000339778
8.546314999875904
8.549339000182954
8.3209640001769
8.56651599997349
8.295836999877793
8.569319999878644
8.255256000211375
8.9562569996815
8.737988000120822
8.265295999990485
8.547735000320245
8.639897999728419
8.561055000427586
8.484404999762774
8.766498000113643
8.682334000241099
8.447438000075636
8.20172800013097
8.304416999635578
8.578996000323968
8.23133299991241
8.580104999964533
8.274701999653189
8.818126999813103
9.235789999820554
12.266630999874906
9.300818000156141
8.594002000336332
8.488450000186276
8.823011000004044
8.343555999999808
8.366139999907318
8.456221999949776
8.623340999747597
9.156103000350413
8.620512000106828
8.277323999664077
8.473341999888362
8.77226900001915
8.265135000328883
8.234349999838741
8.605294000062713
8.91700000011042
8.638776999760012
8.722497000235307
8.369673999823135
8.389968000301451
8.850793999954476
8.675206000134494
9.020997999868996
8.58687900017685
8.321036999859643
8.287214000120002
8.795157999884395
8.686533999934909
8.366554000076576
8.3990600001016
8.691903999988426
8.040314000027138
8.226078999996389
8.817349999844737
9.385137000208488
8.824058000300283
8.925063999868144
8.59813600027337
8.45333600000231
8.604185999956826
8.295014999930572
11.82341899993844
8.357488999990892
8.937690999573533
8.385814000121172
8.645211999919411
8.473157000025822
8.79924699984258
8.591112999965844
8.26219000009587
8.87945199974638
9.527373999844713
11.407910999878368
10.798970999985613
9.462817999974504
9.294081999996706
9.483467999871209
10.064975999739545
8.479293000164034
9.891659999993863
9.565029999976105
8.785835999788105
8.97903299983227
8.705453999937163
8.293131999835168
9.068174999811163
8.693345999745361
8.78068899965001
8.781917000305839
9.224530000210507
8.603401000073063
8.368919000076858
8.803142000033404
8.750911000333872
8.550404999823513
8.843764000175725
8.583460999943782
8.21050100012144
8.515132999946218
8.428596000157995
8.896220999758953
8.18552800001271
8.727715000077296
9.055084999999963
8.315432000017609
8.393396999963443
8.502181000039855
8.97196799996891
8.505119999881572
9.136709999893355
8.439687000191043
8.722544000193011
8.947404000082315
8.562744000300881
8.803439999610418
8.437166000021534
8.51031399997737
8.32383499982825
8.879982000053133
8.355252000001201
8.34084600001006
8.710517000054097
8.222449000186316
8.146967999891785
8.265105999726075
8.876081000380509
8.353837999948155
8.388687000206119
8.404344000155106
8.780476000083581
8.84058100018592
9.360037000078592
9.17033400037326
8.931434000260197
8.856447999733064
8.07331600026373
8.641387000352552
8.211248999941745
8.756701000038447
9.002412999961962
8.719469999959983
8.295273999920028
8.301492000100552
8.769544999722712
8.673099000134243
8.58268499996484
8.281694000288553
8.208441000078892
8.633028000076592
8.762741000282404
8.51635900016845
8.251552999809064
8.27337600003375
8.125627000026725
8.157257000220852
9.27252600013162
8.927431999836699
8.377415000268229
8.503223999923648
8.767366000029142
8.942877000208682
8.33554400014691
8.46362099991893
7.91496100009681
8.155409999744734
8.444244999736839
8.763131000250723
8.443931999863707
10.056659999918338
9.338292999927944
8.344006000243098
8.700834000137547
8.765456000219274
9.640197999942757
8.714904000044044
8.850244000313978
9.218830000008893
8.50925799977631
8.859338000092976
7.924151999759488
8.992898000087735
8.95902299998852
8.467780000046332
8.52681800006394
8.674639000219031
8.490620000429772
8.068914000432414
8.097096000255988
8.183769999959623
8.644197000194254
8.337333000326907
9.020318999773735
8.20413900009953
8.18460300024526
8.286241999940103
8.460922000267601
8.756095999615354
8.357665999938035
8.565441999962786
8.111865999580914
8.700010000211478
8.36190300015005
8.702366999841615
8.47628099973008
8.766177999859792
8.856830999775411
8.219378999910987
8.016844999929162
8.426104999671225
8.414816000367864
8.939534000091953
8.413937000113947
8.309594999900582
8.909270000003744
10.000413000398112
8.205653999993956
8.416215000124794
8.169027999883838
8.512447000157408
8.517463999851316
8.362209999631887
10.394444999747066
9.312546999808546
8.220968999921752
8.46973199986678
8.419114999924204
8.492167999975209
8.600884000316
8.605157000147301
8.693619000041508
8.456226999896899
8.30245199995261
8.278622000034375
8.127643000079843
8.731664999686473
8.235081999828253
9.043869999914023
8.503947999997763
8.468040000025212
7.9864219997034525
8.45426999967458
7.990303000042331
8.360146000086388
8.015834000161703
8.281371000066429
8.513280999977724
9.091871000237006
8.403468999858887
8.1202219998886
8.184280000023136
8.441201000096044
8.925180999995064
8.852189000208455
8.688234000146622
9.034448999955202
8.919056000195269
8.554246999665338
8.642087999760406
8.639196999865817
8.434479999777977
8.930221999889909
8.744655000100465
9.01121900005819
8.787551999830612
8.707414000127756
8.855361999849265
8.908726000299794
8.705747000021802
8.564230000047246
8.5145210000519
8.244905000083236
8.318955000049755
8.165947000179585
8.627091000107612
8.928115999879083
8.98783699994965
8.975362999990466
8.257959999809827
9.062005000032514
8.548312000129954
8.233975000166538
8.782721999978094
8.559774999866931
8.429628000158118
8.882019000338914
9.18481899998369
8.388193999962823
8.903251999981876
8.524578000105976
9.0882659997078
9.59828099985316
8.900500999970973
7.999613000265526
7.711087000188854
8.686044000114634
8.809030000065832
9.530079999876762
9.71393600002557
9.360993999962375
9.119346999796107
8.896939999885944
9.76263900020058
8.619451999948069
9.613272000024153
8.701303999714582
9.091789000194694
9.342373999970732
9.360255000046891
10.503743999834114
8.54374500022459
13.845199999650504
9.315552999851207
8.93750600016574
8.722433000002638
8.066596000389836
8.279902000140282
8.403325000017503
8.883624999725726
8.161206999830029
8.825132999845664
8.300391999910062
8.492448000197328
8.821998000257736
9.088625999993383
8.551469999929395
8.576015000016923
8.418935000008787
8.503137999923638
8.169738000106008
8.94925200009311
8.609071000137192
9.022328999890306
8.860058000209392
8.64270200008832
8.613941000021441
8.972047000042949
8.553759999813337
8.857173999786028
9.497739000380534
8.642116999908467
8.312827999816363
8.468306999930064
8.957632000146987
8.345998999629956
8.685134000188555
8.414499999616964
8.78291699973488
8.585931000197888
9.97282800017274
8.497043000261328
8.66184799997427
8.716989000276953
8.626313000149821
8.28041700015092
8.939267000187101
8.449546000065311
8.380340000258002
8.079190999978891
8.80446800010759
8.847459000207891
8.909255000162375
8.491877999858843
8.786086999862164
8.519797999724688
8.790436999788653
9.06006500008516
8.636803000172222
8.605226000327093
8.108230999823718
8.490771999731805
9.228065000115748
8.869709000009607
8.738685000025725
9.48430800008282
9.637943000143423
8.666912999615306
10.159408999697916
9.308792999945581
7.993732999693748
9.09178600022642
9.014373999889358
9.573960999659903
9.666512999956467
7.770346999677713
9.034063999934006
8.669056000144337
9.419435999916459
9.399956000379461
9.02166399964699
8.919731000332831
9.135407000030682
9.338072999980795
9.490978000030736
9.038354000040272
9.56984200001898
8.993023000130052
9.702365000066493
9.289752999848133
7.545269000274857
8.277831000214064
8.657172999846807
8.978713000033167
9.023093999985576
9.385195000049862
8.657613000195852
9.000573999855987
9.290712000165513
9.04733999959717
9.938592000253266
8.938241000123526
8.903230999749212
7.901839000169275
9.15482799973688
9.223370000199793
10.133068999948591
8.621830999800295
8.378094999898167
9.66208399995594
9.181648999856407
8.770916999765177
7.966972999838617
10.069075000046723
8.955781999702594
9.602361999895948
9.314033000009658
8.884519999810436
9.428416999980982
9.18217900016316
9.835629000008339
8.902799999759736
9.524770000098215
8.024623999972391
10.859940000045754
9.421686000223417
9.152008999990358
8.612891000211675
8.560060000036174
10.22088200033977
9.528369000236125
9.683705000043119
9.428978999949322
9.297422000145161
8.984712999790645
9.116998000081367
8.288802000151918
8.682173999659426
9.310543000083271
9.095826000248053
9.599201000128232
9.041203999913705
8.62295200022345
10.24118199984514
8.532717999969464
9.298353000303905
9.063726000022143
9.960342999875138
8.678603999669576
9.158018000107404
9.304643000177748
9.354004000215355
9.481146999860357
8.636071999717387
9.467072999996162
10.19569899972339
8.920521000163717
9.282861999963643
9.59230300031777
8.792016999905172
8.621821999895474
8.811366999907477
9.432571999695938
8.436247000190633
8.217238999804977
8.798157999990508
8.867955000368966
9.060106000106316
8.25634100010575
8.564190000015515
8.569749999878695
8.790052000222204
8.792501000243647
8.742015999814612
8.403581000038685
8.589389999997366
8.637368000108836
9.516899000118428
13.651979999849573
9.104181999646244
8.594701000220084
9.470137999869621
9.501469000042562
8.67327900004966
8.911015000194311
8.527359000254364
8.41956099975505
8.74991599994246
9.000052999908803
10.772317000373732
18.13874199979182
11.293568999917625
10.826493999957165
15.887388000010105
15.28496399987489
8.639601999675506
8.704015000148502
8.419446000061725
8.389144999910059
8.64327699991918
8.267190999958984
8.800207000149385
8.424055999967095
8.5764460000064
9.246816000086255
8.445151000159967
10.631442999965657
8.304692000365321
8.91403600007834
8.614622000095551
8.56474000011076
8.658048000143026
8.585201000187226
8.359823999853688
8.977752000191686
8.444792000318557
8.561834999909479
8.803062000424688
8.782567000253039
10.173488999953406
8.78169199995682
9.24825999982204
8.985123000002204
8.636026000203856
8.77905200013629
8.394325000153913
12.312744000155362
9.017314000175247
8.618167000349786
9.410825000031764
8.62590699989596
8.770995999839215
8.672597999975551
8.718673999737803
8.90213999991829
8.594776000336424
9.031550000145216
8.70236999980989
8.563459000015428
8.627673000319191
8.26069999993706
8.409754999775032
8.684183000241319
8.854237999912584
8.815057999981946
9.001912999792694
8.593861000008474
8.264651999979833
8.62309100011771
8.486613000059151
8.60614200018972
8.70039400024325
8.524088999820378
8.434495000074094
8.627522999631765
9.408560999872861
8.642772000257537
8.886809000159701
8.333287999903405
8.845739000207686
9.081956000045466
8.777101000305265
8.792887000254268
8.731813999929727
8.830518000195298
8.506533999934618
8.758885000133887
9.06082499977856
8.898220999981277
8.94999199999802
8.626857999843196
8.925945999635587
9.05039500003113
8.51792799994655
9.24551199977941
9.693002999938471
10.058954999749403
9.144338000169228
8.98672199991779
8.510197999839875
8.926952000365418
9.504899000148725
9.588530999735667
9.189649000290956
9.282281999730913
9.091797000110091
10.143827999854693
8.900610000182496
9.4390869999188
9.580651000305807
9.1211970002405
8.931300999847736
9.791607999886764
9.428725999896415
10.133978000339994
8.587070999965363
9.03444400000808
8.994812999844726
8.200658000077965
9.309822999966855
9.150227999725757
9.1889089999313
9.03887599997688
9.143816999767296
9.273921999920276
8.690694000051735
10.235140000077081
9.936413000104949
10.937741999896389
9.361145000184479
9.163462000287836
9.2163240001355
8.413890000156243
8.828112999708537
8.587576000081754
8.922872000312054
8.975402000032773
8.858389000124589
8.732333999887487
9.367475000090053
9.41362499997922
9.503749000032258
8.464176999950723
11.083908000273368
9.495968999999604
10.58795100016141
9.37783400013359
10.150349000014103
8.47609700031171
8.931740000207355
9.243550000064715
8.615811000254325
9.202369000377075
8.796057000381552
8.72039500018218
9.74138599985963
9.4781879997754
9.543110000322486
9.152906999588595
9.621491999951104
10.181919999922684
11.558991999663704
10.434556999825872
9.906070999932126
11.15884000000733
9.279921000143077
8.894380000128876
8.826191000025574
9.649611999975605
10.354313999869191
9.812401000090176
9.375204999741982
8.92188099987834
8.824577999803296
9.497151000232407
11.54817099995853
9.616800999992847
9.723285999825748
10.262062000037986
9.236491000137903
7.777815000281407
9.608921999642916
10.471347000020614
9.923092000008182
9.007603000100062
9.731424999699811
9.704464999686024
9.37437399988994
8.9457020003465
8.737265999570809
8.507737999934761
8.552163999866025
8.828822999930708
8.32869199984998
8.009708000372484
8.877834000031726
8.449062000181584
8.788107000327727
8.43712100004268
8.58915100025115
8.897369999885996
8.506357999976899
8.86559499986106
8.802801000001637
8.630637999885948
8.413251000092714
8.62653300009697
8.923401999709313
8.607532000041829
8.324472000367678
9.670073999586748
9.324757999820577
8.437396999852353
9.310791999723733
8.689713999956439
8.656714000153443
8.422074999998586
8.485499000016716
9.365834000163886
8.984333000171318
8.768104999944626
8.698495000317052
9.278451999762183
8.899981000013213
8.572339000238571
8.544055000129447
9.004342000025645
8.81043800018233
8.8521990001027
8.377744999961578
8.791277999989688
8.402451000165456
8.867608999935328
9.525984999982029
8.760455999890837
8.427235999988625
8.56510999983584
8.398963999752596
8.282411999971373
8.601761000136321
9.31118400012565
9.014093000132561
8.5700600002383
8.610020999640255
8.978583000043727
8.453875999748561
8.886071000233642
8.948500999849784
8.530879999852914
8.645771999908902
8.428206999724352
8.793417000106274
9.324192000349285
8.655288000227301
8.45615700018243
8.752775999710138
8.462252999834163
8.604669999840553
8.733315999961633
8.4751529998357
8.776061999924423
8.573310999963724
8.246314999723836
8.612610999989556
8.293107000099553
8.539848000054917
8.805858000414446
8.975941000244347
8.98886400000265
8.747099999709462
8.852053999817144
9.17547899962301
10.608943000079307
9.198185000059311
9.271011000237195
9.790557000087574
8.511679000093864
9.001374000035867
9.033654000177194
8.359494000160339
8.217659999900206
9.159479000118154
9.042984999723558
8.495872999901621
8.552265000162151
9.303026999987196
8.857749000071635
8.701220000148169
9.276862000206165
8.585840999785432
8.908201999929588
8.691147999797977
9.45510200017452
8.53223900003286
9.076027999981306
8.37864899995111
8.741325000301003
9.385415999986435
9.540899000057834
10.574155999620416
9.653362999870296
9.447370000088995
8.809476999886101
7.83830799991847
9.177008000278875
9.076985000319837
8.894971000245278
9.206510000240087
9.018483000090782
9.27884200018525
9.32507200013788
8.859059000315028
8.894349000001966
8.494141000028321
8.539719999589579
8.619205999821133
8.609633000105532
8.55851200003599
8.525712999926327
8.696612999756326
8.385326999814424
8.529001000169956
8.297702000163554
8.58419300038804
8.414186999743833
8.236814999690978
8.484483000302134
8.601353000358358
8.851404000324692
8.986275000097521
9.08075600000302
8.74420900026962
9.008168000036676
8.370900000045367
8.394735000365472
8.396979000281135
8.871404000274197
8.434939000380837
8.670711999911873
9.125352000410203
8.464728000035393
8.856902999923477
8.607736000158184
8.558695999909105
8.209014999920328
8.908323000014207
10.486809000212816
8.53540400021302
8.584530999996787
8.521858000221982
9.665638000114996
9.64296199981618
10.091717000250355
8.904792000066664
9.394485000029817
9.639392000281077
8.996333000141021
9.653553000134707
9.887300999707804
8.981191999737348
9.03343500021947
10.168898000301851
9.660734000135562
9.398675000284129
9.97179399973902
9.213818999796786
8.416205000230548
9.841277999839804
9.23602100010612
9.562319999986357
9.191318999910436
8.541491999949358
8.558869000353297
8.604201000252942
8.569312999952672
8.70433599993703
11.568951000299421
10.01296899994486
8.739370000057534
8.970931000021665
8.629926999674353
8.37448599986601
8.512332999998762
8.45255600006567
9.285653000006278
9.355514999697334
9.119906999785599
9.221599999818864
9.367054999984248
9.016674000122293
11.448207999819715
8.907891000035306
9.238050000021758
12.886291000086203
9.248210999885487
8.963891000348667
8.836307999899873
10.902709999754734
11.725820999799907
9.8673500001496
8.647107999877335
9.141369999724702
18.366727999818977
9.373065000090719
8.847544000218477
8.77407600000879
10.720088000198302
10.456517999955395
8.803478000118048
8.63002099958976
8.35791400004382
8.633966999695986
9.290604999932839
8.521619000021019
8.706367000286264
9.384233999753633
8.763971000007587
8.477431000301294
8.982517000276857
8.67153800027154
9.199079000154597
8.859997999934421
8.292774999972607
8.35718899998028
8.242243000040617
8.747325000058481
8.659819000058633
8.485136999752285
8.75372599966795
9.415516999979445
8.329443000093306
8.254175999809377
8.818474999770842
9.965764999833482
8.972176000042964
9.221672000421677
9.075270000266755
8.936469999753172
8.501692999743682
8.279611000034492
8.942316999764444
8.669655999710812
8.253844000137178
8.604074000231776
8.695858999999473
8.85386300024038
8.613971999693604
8.864351000283932
8.533888999863848
8.4862929998053
9.075253999981214
9.482923000177834
8.818700000119861
8.357719999821711
9.654335000050196
8.939534000091953
8.790487000169378
8.25148400008402
8.505958000114333
8.615942999767867
8.590205000018614
8.49581299962665
8.905645000140794
8.620823999990535
8.272901000054844
8.921426000142674
8.628913000393368
8.642703000077745
8.653572000184795
8.530241000244132
8.614411000053224
8.215794000079768
8.90764100040542
8.664494999720773
8.900925000034476
9.746670999902562
8.809791999738081
9.420765999948344
8.646589999898424
9.1010810001535
8.855892000156018
8.551389999865933
8.64395799999329
8.813992999876064
8.431051000115986
8.95138699979725
9.341691999907198
8.64348400000381
9.01803699980519
8.397186999900441
8.71567900003356
9.307952000199293
8.626214000287291
8.762191000187158
9.432940999886341
8.832908999920619
8.932351000112249
8.296972000152891
8.32694500013531
8.604655999988609
9.406101999957173
8.68868299994574
9.039417000167305
8.689717999914137
8.855283000229974
8.496053000271786
8.430046999819751
8.859722000124748
8.549840999876324
8.658778000153688
8.718205000150192
8.464441999876726
8.5030039999765
8.572581999942486
9.208262000356626
9.093345999644953
8.521470000232512
8.599120999861043
8.482653000100981
9.204004999901372
8.23000900027182
9.017743999720551
8.132887000101618
8.887242999662703
8.36133000029804
8.47161900037463
8.281504000024142
8.08729799973662
8.14157000013438
8.18158099991706
9.052335999967909
8.470918000057281
8.776177000072494
8.875461000116047
8.899600999939139
8.522723999703885
8.956145999945875
8.77400800027317
8.470892000332242
8.892495000054623
8.928955999635946
8.704424000370636
8.425681000062468
8.48995800015473
8.642251000310353
8.78437200026383
8.672183000271616
8.747021000090172
8.682828000019072
9.185712000089552
8.878703999926074
8.734641000046395
8.65092399999412
8.775021000019478
8.846810999784793
9.01973400004863
8.613281000179995
9.172385000056238
8.83293800006868
8.751388000291627
8.489120999911393
8.388907000153267
8.372564000183047
8.683280000241211
8.850354000060179
8.765719000166428
8.651673999793275
8.506198000304721
8.981615999800852
9.731345000091096
8.657823999783432
8.987615000023652
9.439306999865948
9.550799999942683
9.285870999974577
10.258523999709723
16.53347199999189
22.238554999603366
9.23349100003179
9.602513000118051
8.760380999774497
9.833228000388772
8.956500999829586
13.025867999658658
15.838787000120647
9.598601999641687
8.637626000108867
8.565008999994461
8.3676369999921
8.037023000269983
8.852072999616212
8.555862000321213
8.184300999801053
8.490020999943226
8.837499000037496
8.991008000066358
8.600857000146789
8.69928899965089
8.347168000000238
8.224970999890502
8.449740999822097
8.398296999985178
8.322585999849252
8.2649439996203
8.397327000238874
8.527404000233219
9.038685000177793
9.004016999824671
8.134002000133478
7.992952999757108
8.501018000060867
8.014173999981722
8.678812999733054
8.315498000229127
8.899670000118931
8.537048000107461
8.107870000003459
8.17380900025455
9.570949000135442
10.739697000190063
8.83687799978361
9.276772000248457
9.331293000286678
9.87998000027801
8.693853999830026
10.172869000143692
10.149148999971658
9.821259000091231
8.806437000203005
9.459556999900087
9.437738000087847
9.241880999979912
8.794956999736314
9.419156000149087
9.083395999823551
9.44999800003643
9.172497999770712
8.864198999617656
9.20570999960546
9.13497700003063
9.871520000160672
9.290722000059759
9.19396900007996
8.474597000258655
8.789106999756768
8.822449000035704
9.411694999926112
9.7843369999282
9.10623600020699
10.505659000045853
9.144336999725056
8.924290999857476
9.1654880002352
9.382834999996703
9.09319599986702
10.514369999782502
9.10338599987881
9.502309000254172
12.084849000075337
10.104197000146087
9.293432000049506
9.018224000101327
8.979632000318816
9.13981000030617
8.959911999681935
9.302242000103433
8.930321000207186
8.79913700009638
9.103165999931662
9.734206000302947
9.133497999755491
9.240759999556758
7.723667999925965
8.71221500028696
13.069356999949377
8.548589999918477
10.92742199989516
10.835549000148603
9.197629000027518
10.895950999838533
9.738608000134263
9.462067000185925
9.12234699990222
9.739284999795927
9.670913999798358
8.81848800008811
10.1181780000843
8.742656000322313
9.242211000128009
9.62670299986712
9.184057999846118
10.321514000224852
10.120467999968241
9.406426000168722
9.519669000383146
9.461797999847477
9.329052999873966
10.837880000053701
10.534460000144463
11.5144300002612
10.05259500016109
9.76527700004226
9.219690000008995
9.07010499986427
9.457017000386259
9.093435999602661
10.31573299997035
10.001192999880004
9.993904000111797
10.191820000272855
9.493378000115626
13.12097200025164
16.12293200014392
15.61464500036891
21.032808999734698
15.809759999683592
15.560522000214405
15.512666999711655
15.775728999869898
15.882172999681643
15.995686000223941
15.90116300030786
15.596543999890855
15.5756230001316
15.501831000165112
15.407964000132779
15.571597999951337
15.469330000087211
15.280124000128126
15.16586100024142
15.544361000138451
15.702345999670797
15.69120500016652
15.54188799991607
15.535697000359505
15.531791999819688
15.646555999865086
15.487183000004734
15.482725000310893
8.355472999937774
8.477437999772519
9.232644999883632
8.645533000162686
9.0793979998125
9.164230999886058
8.298685000227124
8.8775090002855
9.335192999969877
9.010134000163816
9.467936999953963
9.12967700014633
8.907479999834322
9.564970000155881
10.230089999822667
9.252599999854283
9.651583000049868
9.663324000030116
10.738755999682326
8.874058999936096
9.005463999983476
8.919712000079016
9.409034999862342
7.985653000105231
8.731814999919152
9.54610999997385
8.993313999781094
9.011374000237993
9.04733400011537
8.834339000259206
8.973613000307523
9.63146300000517
9.513278999747854
9.102566999899864
9.665924000273662
9.651783000208525
9.249424999779876
8.95688299988251
8.564149999983783
8.645661999707954
9.082616999876336
8.564109999952052
8.290462999866577
8.552090999728534
8.54386999981216
8.595161999892298
8.56624500011094
8.460881999781122
8.832424000047467
8.574160000080155
9.3826799998169
8.645762000014656
8.453626000118675
8.482048000132636
9.74362100032522
8.02726400024767
8.831858000121429
8.443065999927057
8.562584999708633
8.433211999999912
8.264295000117272
9.684199999810517
8.562733999951888
8.949546999701852
8.98636300007638
8.575045999805297
8.757524999964517
8.137138000165578
8.488362999742094
8.53734899965275
9.128982000220276
8.544063999579521
8.747887000026822
8.439786000053573
8.622121999906085
8.424775999628764
8.62026100003277
8.643172000120103
9.111237000070105
8.429376000094635
8.415929999955551
8.9169870002479
9.040969999659865
8.913860000120621
10.304552999969019
8.49668799992287
8.494548999806284
8.902054999907705
8.60217699982968
8.190589000150794
8.361382999737543
8.581206000144448
8.572469999762689
8.674213999711355
8.412561000113783
9.111703000144189
8.85851700013518
9.487178000199492
9.096576000047207
9.64695299990126
9.054568000010477
8.29249099979279
8.977743000286864
8.856929000103264
9.395404999850143
8.920421000311762
8.250950999808992
9.536799999750656
9.458547000122053
8.874198999819782
9.134306999840192
9.885730999940279
9.317142999861971
9.166558999822882
8.099857000161137
8.701354000095307
8.943460999944364
9.400326000104542
8.352043999821035
8.921840999846609
9.113324999816541
9.141142999851581
8.610502000010456
8.919927000079042
8.341988000211131
9.207915999922989
8.40364000032423
8.749100999921211
8.744444999592815
9.021689999826776
8.616480999990017
8.751561000281072
8.60625599989362
8.881110999936936
9.27310099996248
8.632753000256344
8.826567999676627
8.75751199964725
9.343249000266951
8.213510000132374
8.563438999772188
9.011568000005354
8.743940999920596
8.74796600010086
8.764676999817311
8.840493000207061
9.072486000150093
8.596329999818408
8.623846999853413
9.33391299986397
8.606010999756109
8.524025000042457
9.061510999799793
8.594540999638411
9.137953000390553
9.276046000195493
8.543669000118825
9.038793999934569
8.572816000196326
8.681283999976586
8.47903200019573
8.33791300010489
8.554899000046134
8.745906000058312
8.474317000036535
8.477806999962922
8.42818699993586
8.247850999850925
9.027743999922677
8.324881999669742
8.427634999861766
8.396981000259984
8.410700999775145
8.716469000319194
8.370325000214507
8.943671999986691
8.554949999961536
8.385414000258606
8.81943800004592
8.756665999953839
8.67777399980696
8.65907299976243
8.283217000098375
9.02942399989115
8.847038000112661
8.512093999797798
8.519287000126496
8.193033999759791
9.134028000062244
8.993679000013799
8.679474000018672
8.606101000168564
8.473327000046993
8.577310999953625
8.750636000058876
8.823549000226194
8.249739999882877
8.27318199981164
8.659062999868183
8.951481000167405
8.43587600002138
8.741363999888563
8.241519999955926
9.0692260000651
8.803342999726738
8.998254000289307
8.783966999999393
8.770316000209277
9.031483999933698
8.284411000204273
9.031123999648116
8.730065999770886
8.966488000169193
8.611421999830782
8.912909999708063
8.242720999987796
8.332252999935008
8.470537999983208
8.427805999872362
8.380159999887837
8.778561999861267
9.217413999976998
8.67674299979626
8.459083000161627
8.514667999861558
9.061434999694029
9.26157100002456
8.44154600008551
8.486416999858193
8.41529499984972
8.453247000034025
8.751115999984904
8.986261999780254
8.663583999805269
8.876229000179592
8.852684999965277
9.225065000009636
8.56919999978345
8.504527999775746
9.218029999829014
9.19751899982657
8.533558999715751
8.274701000118512
9.010054000100354
9.225696000157768
8.30438699995284
9.054804999777843
8.346134000021266
8.740551000300911
8.612782000000152
8.495813000081398
8.95423599968126
8.817728000394709
8.574049999879207
8.57581999980539
8.919915000205947
8.701248999841482
9.640757999932248
10.263355999995838
12.017960999855859
11.230232999878353
12.090074999832723
11.440216999744734
10.87145099972986
12.251831999947171
11.639393999757885
11.694597999849066
11.135089000163134
11.492590000216296
9.181909000290034
8.413364999796613
8.979212999747688
9.185377999983757
9.205049000229337
8.841534000112006
8.803783000075782
10.350013999868679
11.587853000037285
10.96561299982568
10.951395999654778
11.076916000092751
11.092887000359042
14.569535999726213
16.734625000026426
17.386978000104136
17.040717000327277
17.65854599989325
16.263334000086616
16.217153999605216
15.84980200004793
15.641075000075944
16.33602600031736
15.958415999648423
15.676026999699388
16.054937999797403
15.690617000018392
15.385186999992584
15.250565999849641
15.658896999866556
15.548011999726441
15.416297999763628
16.682805999607808
17.041116999735095
16.24714400031735
16.729398000279616
18.678967999676388
19.316035999963788
21.2788159997217
16.445610000118904
15.785840000262397
15.434894999998505
15.489600999899267
15.77590999977474
15.975120999883075
15.485998999793082
15.20745200014062
15.322384999763017
15.722329000254831
15.683516000081
15.853680999953212
15.633374999652005
15.606002999902557
15.380606000235275
15.796053000030952
15.487700999983645
15.514670999891678
15.27348699983122
16.272664000098302
16.619457000160764
16.86763099996824
17.004315999656683
17.708160999973188
17.000914000163903
16.636756000025343
16.548554000110016
15.805900000032125
15.868971000145393
15.911223999864887
15.589433000059216
15.620345000115776
15.26292399967133
15.480609999940498
15.65396400019381
16.005485999812663
15.615355000136333
15.96379500006151
15.916729999844392
15.603343999828212
15.564342999823566
15.445450000243
15.44947799993679
15.575173999877734
15.244048000113253
15.15979200030415
15.571697999803291
15.184590999979264
15.153780999753508
15.702437000072678
15.439239999977872
15.91139199990721
15.665855999941414
16.259365000223625
15.348788999745011
15.60722700014594
16.647705000195856
16.389309999794932
17.72016800032361
17.0848500001739
16.7911409998851
17.052398000032554
16.760809000061272
16.739738000069337
17.66794699960883
16.676397000082943
16.30197499980568
17.131999999946856
15.895001999979286
15.856804000122793
16.47649000005913
15.439008999692305
15.280384000107006
15.334707999954844
15.32755600010205
15.884342999925138
15.562691000013729
15.394317999835039
15.944464000313019
11.891700999967725
8.50801299975501
10.731576000125642
9.109597000133363
8.317302000250493
9.432256999843958
8.763655999700859
9.7523760000513
8.466997000141419
11.117222999928345
9.30677399992419
8.895781000319403
8.865614000114874
8.421355999871594
10.023252999872057
8.839213000101154
8.6637829999745
8.520889000010357
8.996043000024656
8.780692000073032
8.879948999947374
8.747184999720048
8.638586999950348
8.850429000176518
8.928409999953146
9.038104999945062
8.67036299996471
8.622566999747505
8.814826999696379
8.402266000302916
8.900520000224788
8.563074999983655
8.693033999861655
9.045365000019956
8.82580899997265
9.694133999801124
10.028560000137077
9.898730000259093
9.717525000269234
11.026066000340506
10.911402000147064
11.196495000149298
10.177599000144255
10.203562000242528
11.484628999824054
10.810728000251402
10.838459000297007
11.143653999624803
10.329044999707548
9.079105000182608
8.499397999912617
8.893798999906721
8.329338999828906
8.725858999696356
8.749636000175087
8.587773000272136
8.372068999960902
8.62073500002225
8.681426999828545
8.497630999954708
8.838379999815515
9.11577099986971
9.12157799984925
8.864538999659999
8.503973000188125
8.86789099968155
9.367560000100639
8.618826000201807
8.921235999878263
8.824777999961952
8.1730020001487
9.075388999917777
8.642841999972006
8.933776000048965
12.823752000258537
11.441556999670865
9.56708300009268
9.02911400044104
9.433790999992198
8.8717240000733
9.30285799995545
8.336807999967277
8.58738099987022
8.560984000268945
8.440384000095946
8.350825999968947
8.470390000184125
8.051123999848642
8.395751000080054
8.465537000120094
8.225201999721321
8.67413600008149
8.199863999834633
8.982247999938409
8.863673999712773
8.360336999885476
9.086805999686476
8.411570000134816
9.509121000064624
8.413846000166814
8.427555999787728
8.305471999847214
8.597003999966546
8.218298999963736
8.613085999968462
8.127447000333632
8.49745300001814
8.779231000062282
8.411592999891582
8.614834000127303
8.48756699997466
8.250992999819573
8.516813999904116
8.785346999957255
8.083117999831302
8.403020000059769
8.497263000208477
8.534354999937932
8.83571500025937
8.392448999984481
8.449375000054715
8.344408000084513
8.83961299996372
8.56087900001512
9.197024000059173
9.721750000153406
10.377489999882528
10.027665000052366
10.925425000095856
10.303378000116936
10.325538999950368
10.317093000139721
10.416516000077536
9.291681999911816
10.528320000048552
10.513014000025578
10.05217600004471
11.841868999908911
10.009894999711832
8.792196000285912
8.786987000348745
10.814152999955695
15.762359999826003
8.541869000055158
8.134340000196971
10.201360000337445
8.43353800019031
8.69959800002107
8.422019999670738
8.881499999915832
8.533103999980085
8.863631999702193
8.255223000105616
10.171798000101262
8.459297999706905
8.520438000232389
8.100995999939187
8.262802999979613
8.956623999893054
8.567001000301389
8.732113999940339
8.345054000074015
8.448697999938304
8.172133000243775
8.264145999874017
8.762891000060336
8.52678899991588
8.655285999793705
8.369239000330708
8.511901000019861
7.911870000043564
9.030238999912399
8.16065900016838
20.523376000255666
10.341401000005135
7.8238279998004145
8.380595000289759
10.560441000052379
10.088726000049064
9.937162999904103
11.445267999988573
9.757636999893293
9.882830000151444
9.429796000404167
9.181549000004452
8.301102000132232
9.040545000061684
9.527770000204328
10.06571800007805
8.940991000145004
9.012353999878542
8.784206999735034
9.21924099975513
10.01983400010431
8.941570999922988
9.758236999914516
8.669983000345383
8.746376000090095
9.435625999685726
9.169799000119383
9.225409999999101
9.091806000014913
8.8509089996478
9.687535000011849
9.294131999922683
8.862899999712681
9.32774300008532
8.970683000370627
8.798097999715537
8.661462999953073
8.475266999994346
9.864119000212668
9.497958999872935
8.78511700011586
9.245181000096636
9.560660000261123
9.64481299979525
14.782321999973647
12.652680999963195
11.957423999774619
11.25718399998732
11.553100999663002
11.723538999831362
11.632295999788766
11.580232000142132
12.81012900017231
13.172021000173117
11.386134000076709
11.424166999859153
10.109667999586236
9.719178000068496
10.224330000255577
13.607954000235623
9.397575000093639
12.296184000206267
15.06491999998616
9.464669999942998
8.551119000003382
9.029610000197863
9.376624999731575
8.740131000195106
8.804656999927829
8.878265000021202
9.182599000268965
9.238292000190995
8.841759000006277
8.66046400005871
9.065155999905983
9.04595399970276
8.557104999908915
11.417871000048763
9.106980000069598
11.814929000138363
8.341892999851552
9.419656000318355
8.501999000145588
9.500618999936705
10.50877900024716
8.89569399987522
8.821337999961543
8.91819199978272
8.002482999927452
9.482281000146031
8.540758999970421
8.3490939996409
8.664351999868813
9.344127000076696
10.652553999989323
10.950155000045925
9.084126000288961
8.866310000030353
10.421435999887763
9.3044230002306
9.073754999917583
9.334664000107296
8.584130999679473
9.475398000176938
8.673643000292941
8.663293000154226
9.59584200018071
9.069895999800792
9.013134999804606
9.838708999723167
9.896310999920388
9.36112499994124
9.599871999853349
9.02265400009128
9.494698999787943
9.022163999816257
10.751586999958818
9.132928000326501
9.495178999713971
8.547341999928904
8.525968999947509
9.191009000005579
8.910611000374047
9.295752000070934
9.253991000150563
10.243742000056955
8.187538999663957
10.88981100019737
9.909202000017103
8.646626999961882
8.76244700020834
8.376159999897936
8.671247999700427
8.405915999901481
8.268995999969775
9.14786000021195
9.569639999881474
8.799176999673364
8.619355000064388
8.527617999789072
8.837649999804853
8.31579799978499
8.388144000036846
9.729628000059165
9.023777000038535
8.779411999967124
8.990968000034627
8.790232000137621
8.746465000058379
8.631064999917726
9.056449999661709
8.603326999946148
8.52694099967266
8.08490500003245
8.352122999895073
8.130529000027309
8.265992999895388
8.343257999968046
8.349802999873646
8.586163000018132
8.320678000018233
8.976680000159831
8.359692999874824
9.047449999798118
8.867990999988251
8.667506000165304
9.085507999770925
8.502750999923592
8.511761000136175
8.832168000026286
8.56524199980413
8.896185999674344
8.449501000086457
8.894995999980893
8.330723000199214
8.102854999833653
8.809166999981244
8.9718819999689
8.99277799999254
9.250436000002082
8.164557999862154
8.704707000106282
8.435271000053035
8.398854000006395
8.660187999794289
8.547854999960691
8.152902999881917
8.382293999602553
9.29446200007078
8.610643999872991
8.089774999916699
9.275810999952228
10.075415999835968
8.823269000004075
9.738175999700616
9.090185999866662
9.46178799995323
8.400274999985413
10.043955000128335
9.655973000008089
8.738474999972823
8.172598000328435
9.864900000138732
8.884019999641168
9.492808999766567
9.522039000330551
9.218270000019402
9.728715999699489
9.4696380001551
9.671444000105112
9.186909000163723
9.312893999776861
9.37764500031335
8.945862000018678
9.405864999735059
9.216939999987517
10.333154999898397
7.959910999943531
9.010614000089845
8.3751540000776
8.976932999757992
8.730895000098826
9.087425999950938
8.67091200007053
9.139067999967665
9.30768199987142
8.84621800014429
9.767147000275145
8.964541999830544
8.782627000073262
8.271471999705682
10.833773000285873
9.636483000122098
8.586323000145057
8.2950570003959
8.783171999766637
8.58702400000766
8.45261099993877
8.719850000034057
8.688419000009162
9.175399000014295
8.642448000045988
8.661673000005976
8.622441999705188
8.467702000416466
9.106086999963736
8.775475000220467
8.924566000132472
8.814455999981874
8.62436199986405
8.425035000072967
8.788222000021051
8.97628300026554
8.335245999660401
9.033929999986867
8.611575999566412
8.713919999991049
8.663619999879302
8.106936000331189
8.642922000035469
8.61117300019032
8.553432000098837
8.323095999912766
8.911021000130859
8.327338000071904
8.106296000278235
8.16298999961873
8.50659799971254
8.708520000254794
9.126718000061373
8.239295999828755
8.876634999978705
8.650072999898839
10.003154000060022
10.468490000221209
8.993203000045469
9.256340999854729
8.726694999950269
8.7320939996971
9.990272999857552
7.757575999676192
9.539420000237442
9.051965000253404
9.04243500008306
8.999823000067408
9.411406000253919
9.751425999638741
8.79336699972555
8.90676299968618
9.358045000226412
9.186588999909873
9.422825999990891
10.067057000014756
9.27526100031173
9.211779999986902
9.122367999680137
9.017693999794574
9.086565999950835
8.794857000339107
8.963631999904464
8.624302000043826
10.024135000094248
9.899730000142881
10.1131470000837
9.135759999935544
8.979912000086188
8.677973999965616
9.525550000034855
8.941892000166263
9.25207299997055
8.552500000405416
9.430310999960057
9.045873999639298
8.647887999813975
8.887335000054009
8.418450999670313
8.585320999827672
8.436308000000281
8.284230999834108
8.557455000300251
8.71628499999133
8.375656999760395
8.515453000200068
8.395130000280915
8.82047799996144
8.322201000282803
8.601103999808402
8.176247999927
8.645192000130919
9.365946000343683
8.80961600023511
9.30760699975508
8.285776999855443
8.826367999972717
8.297469999888563
8.450418999927933
9.131847000389826
8.824943000036
8.734989999993559
8.710882000286801
8.40897899979609
8.884674999990239
8.337698000104865
8.524072999989585
9.356086000025243
8.580245999837643
8.840662999773485
8.707879999747092
9.3214580001586
8.36199699961071
8.845368000038434
8.270983999864256
8.406024999658257
8.882533999894804
8.24126499992417
8.84129899986874
8.94791200016698
8.877834000031726
8.401475000027858
8.357674999842857
8.769136000410072
8.836693999910494
8.36940399995001
8.703064999735943
8.834767999815085
8.713845000329457
8.75163499995324
10.1626339996983
8.843089000038162
8.668353999837564
8.869709999999031
8.488067000143928
8.812108000256558
9.485999000389711
9.749876000114455
8.798681000371289
9.091686000374466
8.768049999616778
8.840827999847534
8.636672000193357
8.867010000358277
8.974226999725943
8.563694000258693
9.038845999839396
9.479443000145693
8.856602999912866
8.972352999990107
8.318613000028563
9.259180999833916
9.01651000003767
9.018008999646554
8.830503999888606
8.210370000142575
9.039513999596238
8.50612700014608
8.39514999961466
8.233879000272282
8.495677999690088
8.300082999994629
8.1664629997249
8.589365999796428
8.353203000297071
8.792737000021589
8.228765999774623
8.588546000282804
9.103372000026866
8.614296999894577
8.957656999882602
8.624762000181363
9.35029999982362
8.835688000090158
8.775805999903241
8.67144299991196
8.279951000076835
9.096625999973185
9.149997999884363
8.696994000274572
9.399140000368789
8.43487100019047
8.730891000141128
9.227659999851312
8.965462000105617
8.70970899995882
8.983762000298157
8.888545999980124
8.664772999964043
9.052331000020786
8.368625000002794
9.036674999606475
8.617906999916158
8.550150000246504
9.170317000098294
8.97840300012831
8.516958000200248
9.067616000265843
8.77408699989246
9.245016000022588
9.441987000172958
8.980787999917084
8.769971000219812
8.434965000105876
8.688804000030359
8.31833700021889
8.554435999940324
8.478842999920744
8.642192000024806
8.520238000073732
8.628923999822291
8.676963000198157
8.258661000127177
9.013159000005544
8.364678999896569
8.608746999925643
8.965768000052776
8.42326600013621
9.07142500000191
8.866064999892842
9.478476999902341
8.3523339999374
8.403605000239622
8.751410999593645
9.689952999906382
8.636352999928931
8.3100380002179
8.503638000092906
8.68458400009331
9.043255000051431
8.91675100001521
9.27545700005794
9.037154999987251
8.430675999989035
8.150347999617225
9.027923999838094
9.311313000125665
8.284521999939898
8.928620999995474
9.019743999942875
8.841304000270611
8.811573000002682
8.771325999987312
9.574539999903209
9.372204000101192
7.982841999819357
14.36562699973365
8.889318999990792
9.033548999923369
8.462976000373601
8.51416799969229
9.045405000051687
8.289185999728943
8.835163000185275
9.42024500000116
8.860559999902762
8.782080999935715
8.732194999993226
8.708884000043327
8.673858000292967
8.706558000085352
8.998883000003843
8.858927999881416
8.72394499992879
8.685443999638665
8.866153000326449
8.542434999981197
8.671083000081126
8.911935000014637
8.870765000210667
8.463117000246712
8.356253999863839
8.662352000101237
8.342033999724663
8.77624199983984
8.95159199990303
8.654183000089688
8.368203999907564
8.432236999851739
8.828288000131579
8.368493000034505
9.307292999892525
8.885484000074939
8.562251000057586
8.791372000359843
9.641653000016959
8.72068999979092
8.382614999845828
8.638858000267646
8.379079999940586
8.596101999955863
8.623771999737073
8.31427299999632
9.49427800014746
8.736854999824573
9.416955999768106
8.538478999980725
9.13883800012627
8.970912999757275
9.33608400009689
9.304961999987427
8.617537000191078
8.994828000140842
10.230561999833299
8.9937339998869
9.448871000131476
9.258340999622305
8.703435000370519
8.899691000351595
8.825017000162916
8.623970999906305
8.73550599999362
9.003694000057294
9.161428999959753
9.24758600012865
8.670638000239705
9.15249900026538
8.48968300033448
9.719705999941652
9.126527000262286
8.909435000077792
9.865794999768696
9.429981999801385
8.497017000081541
8.9820539997163
8.749585999794363
8.652522999909706
9.052684999915073
8.817228000225441
8.33696300014708
8.441186999789352
8.460167000066576
9.337993999906757
8.802226999705454
8.856634000039776
9.236819999841828
8.945551000124397
8.793713000159187
9.235244999672432
8.818578000045818
9.076070999981312
8.693744000083825
9.450198000195087
9.230801000285282
9.351803999834374
8.725234999928944
8.876299999883486
8.739890000015293
8.287422000194056
8.72272000015073
11.64737299995977
8.798846999980015
8.961533000274358
8.664133000365837
8.447237999916979
9.124516999690968
8.620031000191375
8.56974500038632
8.57167499998468
8.579711000038515
8.706493999852682
8.784706999904301
8.477027000026283
8.774327000082849
8.262571000159369
8.922175999941828
9.150053999746888
8.367793000161328
8.924461000333395
8.645022999644425
8.348907999788935
9.143497999957617
9.104998000111664
8.519293999597721
8.330698999998276
8.412144999965676
8.599520999723609
8.797297000000981
9.229945000242878
8.628477000002022
8.919240000068385
8.484123000016552
8.741085000110616
8.37555499992959
8.91832599972986
9.357419000025402
8.799703000022419
9.234400000423193
8.508487999733916
8.412051000050269
8.532079999895359
8.543818999896757
8.963551999841002
8.868169000379567
8.619306000127835
8.588211000187584
9.115528000165796
8.992124000087642
8.35823400029767
8.995378000236087
8.896916000139754
8.119966999856842
8.439017000000604
8.881265000127314
8.806053000171232
8.879339000031905
8.548360000077082
9.053974999915226
8.698474000084389
9.103210999910516
8.699153000179649
8.47705300020607
9.004447999814147
9.033904000261828
9.076446000108263
9.191399999963323
8.868409999649884
8.440586000233452
8.630111999991641
8.543518999886146
8.987271999558288
8.843862999583507
8.916246999888244
8.844158000101743
8.462676999897667
9.090326000205096
9.042508999755228
9.151738000127807
9.115462000409025
8.837113000026875
8.938805999605393
9.197848999974667
9.39368099989224
8.746455000164133
8.945226999912848
9.236689999852388
8.663133000027301
8.794822000254499
9.623592000025383
9.192729000005784
8.537344000160374
8.987838000393822
8.784078000189766
9.424596000371821
9.46271299972068
9.204019000208064
8.472445999814227
8.957143000316137
8.623852000255283
9.009999000227253
8.879588999661792
9.003462999771727
8.346873999926174
8.532885000022361
8.642753000003722
8.499109000240423
8.344538000073953
8.290741000109847
8.286567000141076
8.768555999722594
8.754040999974677
8.932461999847874
8.80426300000181
9.277185999962967
8.696509999936097
9.150032999968971
9.620200999961526
8.285677999992913
8.585730000049807
8.647874000416778
8.32942200031539
8.630882000034035
8.69416400018963
8.562985000025947
8.39129399992089
8.589672000198334
8.472463000089192
8.285502000035194
8.514623999872128
8.815212000172323
8.638538000013796
8.537234000414173
8.640006999939942
8.604731000104948
8.801045999916823
8.602300999882573
8.322598000177095
8.695299999999406
8.942866999859689
8.66160299983676
9.01983299991116
8.787482000116142
9.008364000237634
33.20202899976721
8.901580000383547
8.994892999908188
8.715229999779694
8.607870000105322
9.018389000175375
8.498107999912463
8.695693999925425
9.091831000205275
8.541354999579198
8.566090999920561
8.530353999958606
8.386443999825133
8.331153000199265
8.344788000158587
8.290986000247358
8.224430000154825
8.537848999822018
8.404473999689799
8.687863999966794
8.293291999962094
8.794187000148668
8.406710000144813
8.495643000060227
8.279077000224788
8.356999000170617
8.670644000176253
8.345489000021189
8.938552000017808
8.42871600025319
8.72558500032028
8.278091999727621
8.823368000321352
8.238359999722888
7.990812999651098
8.49369800016575
8.234266000272328
8.646218000194494
8.881300000211922
8.294822000152635
8.142676999796095
8.366335000118852
9.482122999997955
8.69739900008426
8.531564999884722
8.439987000201654
8.230298999933439
8.324517999881209
8.648441999866918
8.69157399984033
8.496287000070879
8.043813999847771
9.677545000158716
10.654341999725148
8.887340000001132
8.86998499981928
9.47878800025137
8.40661500023998
9.045385000263195
8.681654000156414
8.987593000256311
8.573466000143526
8.321955000155867
8.361587000308646
8.990346000246063
8.647592000215809
9.092949000205408
8.709709999948245
9.013998999762407
8.731788999739365
8.55358500029979
8.52262399985193
8.726068999749259
8.609546000116097
8.557889000258001
7.988331999968068
8.720967000044766
8.770566999828588
9.462340000027325
8.209564000026148
8.274490000076185
9.065427999757958
8.573990000058984
8.600220000062109
8.893562000139354
8.506636999754846
8.507609000389493
8.24213999976564
8.616310999968846
8.712374999959138
8.886571999937587
8.55552400025772
8.253615000285208
8.84126799974183
8.272514000054798
8.541898000203219
8.831496000311745
8.581851000144525
8.376454999961425
9.03981700002987
8.42484999975568
8.581450999827211
8.781059999819263
8.349943999746756
8.548752000024251
8.48400099994251
8.546461999685562
8.378574000289518
8.809362000192777
8.651062999888381
8.309997000196745
8.651377000205684
8.780588999798056
8.706679999704647
8.25018200021077
8.34577800014813
8.842268000080367
8.475717000237637
8.699919999799022
8.445111000128236
8.584608000091976
8.414437999817892
9.644303000186483
8.578026000122918
9.05551400001059
8.371408999664709
8.72665999986566
8.579002999795193
8.583800999986124
8.656166000037047
8.083545999852504
10.619693000080588
9.050995000052353
9.2272500000945
8.937190999859013
9.144858000126987
9.80872799982535
9.451766999973188
8.689084000252478
9.037153999997827
8.07109599963951
7.550858999820775
8.89512999992803
9.550239999953192
10.340363000068464
9.186269999645447
9.31809300027453
8.993703000214737
9.755285999744956
9.206790000007459
9.00792399988859
8.637763000024279
10.035695000169653
9.890210999856208
9.405385000263777
8.345264999661595
8.846938000260707
7.783377000123437
8.918271000311506
9.964261999812152
9.491378999882727
9.1992890002075
8.363914000256045
8.873631999904319
7.800298999882216
9.017045000291546
9.62487200013129
9.601600999758375
9.301781999965897
9.131227999660041
7.761254999877565
8.951000999786629
9.279461999994965
8.794345999831421
8.677229000113584
8.654382999793597
9.081805999812786
9.022118999837403
8.911539999644447
8.119501000237506
8.907814999929542
8.421020999776374
8.862784000029933
8.668402999774116
10.288243000104558
9.62641199976133
8.596475999638642
8.380069000395451
8.487173000048642
8.432001000073797
9.397871000146552
9.191044000090187
8.498748000420164
8.298120999825187
8.574115000101301
8.689071999924636
8.53262900000118
8.950316999744246
8.155487999829347
8.555261000310566
8.432775999608566
8.493447000091692
8.521213999756583
9.085141000014119
8.440675999736413
9.143059000052745
8.542098999896552
9.05255700035923
8.161646999724326
8.39288499992108
8.393414999773086
8.816990000013902
8.619206999810558
8.616918000370788
8.850163999795768
8.372772999791778
8.889060000001336
9.206184000049689
8.479150000312075
10.488038999937999
9.291192000091542
9.223439999914262
9.374615000069753
8.648333000110142
9.435775999918405
8.927951000259782
7.99433299971497
8.129327000006015
8.839708999857976
9.146516999862797
9.616821999770764
8.954232000178308
9.16653900003439
9.46847799968964
7.84378900016236
8.954431999882217
9.357234000162862
9.483618000103888
9.54325999964567
9.569440999712242
8.863099999871338
9.139289999893663
9.234811999704107
8.771045999765192
9.318013000211067
8.837817999847175
9.928600999955961
9.294222999869817
9.006963000047108
9.435816999939561
10.710484999890468
10.501888999897346
9.026632999848516
8.325875000082306
7.799906999935047
9.51269899996987
9.414156000275398
9.157817999948747
9.165197999664088
8.134927999890351
9.593014000074618
9.3545540003106
9.1167669997958
9.38340499988044
10.24550200008889
8.488758000112284
8.825637999962055
9.012327000164078
8.231459999933577
10.210601000380848
8.196188999590959
8.882008999989921
8.744815999762068
9.163298000203213
9.221010000146634
9.037934000389214
8.837858999868331
8.471247000215953
7.855099000153132
9.236921000137954
9.149887000148738
8.89154000014969
10.15594799991959
8.700563999809674
9.051708999777475
8.437761000095634
8.379877000152192
8.611224000105722
8.236980000219774
8.615013000053295
8.56502399983583
8.568618000026618
8.675661999859585
9.8265189999438
8.703083999989758
8.606073999999353
8.330314999966504
8.307911999963835
9.190838999984408
9.58806199969331
8.833153000068705
8.666393000112294
8.791940999799408
8.87588900013725
8.150422000198887
9.687267000117572
8.13028700031282
8.456798999759485
8.99082299974907
8.38845999987825
9.462906999942788
8.81813800015152
8.778060999702575
8.73591999970813
8.515968000210705
8.863649999966583
8.395797000048333
9.245734999694832
8.672607999869797
9.075474999917787
8.77507199993488
8.254665999629651
8.569978999730665
8.489332999943144
8.542085000044608
8.34545599991543
8.247603000199888
9.11520899990137
8.165467999788234
8.480049999889161
8.612274999904912
8.141563000208407
8.601035000083357
8.493595999880199
8.2281600002716
8.581003000017517
8.118968999951903
9.013654000227689
8.590190000177245
8.65033600030074
8.754468000006455
8.265945999937685
8.251535999988846
8.735761000025377
9.094636000099854
8.959403000062593
9.742725999785762
9.165738000319834
8.596740000029968
9.887561000141432
10.916421999809245
9.780219000276702
9.791897000013705
8.6070520001158
9.837108999818156
8.771726999839302
9.252151000055164
9.31772199965053
9.478248000050371
8.926761000111583
8.706215000074735
8.590100999754213
9.244280999610055
9.126766000008502
9.3091829999139
9.641393000038079
9.637857000143413
8.531968999704986
9.594235999884404
8.702424000148312
8.448266999948828
9.28934700004902
8.784295999703318
9.471930000017892
8.325348000198574
8.789946999968379
8.489729999837436
8.099410999875545
8.108025999717938
8.367556999928638
8.446895999895787
10.147984000013821
9.426261000044178
8.3813160003956
9.011353000005329
8.405818000028376
8.39240899995275
8.435351000116498
8.8759420000315
8.421845000157191
8.851059000335226
12.696593999862671
8.322822000081942
8.759836000081123
8.411595999859856
8.182143000340147
8.379614999739715
8.22455900015484
8.368803999928787
8.248284999808675
8.318711999891093
8.454772000277444
8.674037999753637
9.591580999767757
8.23295500003951
8.659492999868235
8.184189000076003
8.237041000029421
8.211611000206176
8.705688000191003
11.70227500006149
8.918619999803923
8.566518999941763
8.617724000032467
8.836254000016197
8.450066000023071
7.985985000232176
8.719624999685038
8.645584999612765
8.290460999887728
8.328297999923961
8.573045999582973
8.565610000005108
8.429795999745693
8.667762999721162
8.498672999849077
8.773624999776075
8.587553999859665
9.423810000043886
8.232883000346192
8.552705000056449
8.449728999949002
8.617354999842064
9.182560000226658
8.558042000004207
9.10821199977363
8.41514100011409
10.238485999707336
8.901150000383495
8.721850000256381
8.785466000063025
8.96722299967223
8.173571000043012
8.882383000127447
8.704776999820751
8.585360999859404
8.606904999851395
8.459977000256913
8.15124199971251
8.624624000276526
9.04720400012593
8.104344999992463
8.791121999820461
8.515838999755942
8.103481000034662
8.861397000146098
8.557403999930102
8.526544000233116
8.743230999698426
8.558992000416765
8.564905000184808
8.6281459998645
7.990371999767376
8.635323000362405
8.822317000067414
8.746491000238166
8.391537000079552
8.375429000352597
8.623822000117798
9.359943999697862
11.030694000055519
21.102510999753576
16.148244999840244
16.23626200034778
16.1198929999955
16.41445899986138
11.383137999928294
8.671957999922597
9.02863300007084
10.916827000073681
15.404438000132359
15.920188000109192
15.614054000252509
15.82490200007669
16.124809999837453
16.16260999981023
15.969991000019945
15.909047999684844
15.846989999772632
16.28853500005789
16.136012000060873
16.403638000156207
16.139455000029557
15.66120100005719
15.435978999903455
15.804391000074247
16.049596999891946
15.502170999752707
15.544944999874133
15.649906000362535
16.205622000143194
15.741537999929278
16.042281999943953
15.321545000006154
15.558248000161257
15.418885000144655
15.442808999978297
15.452891999757412
15.228992000174912
15.652564999982133
15.764658999614767
15.830980999908206
15.831768999760243
16.757049999796436
15.54631499993775
15.713451999999961
15.549621999980445
15.499012000418588
15.525947000242013
15.74080300042624
16.990006000014546
15.58834300021772
16.468470999825513
16.11706200037588
16.266332999748556
16.24196300008407
17.319276000307582
16.072058000190736
26.06716199989023
15.81263099978969
16.161272000317695
16.263833999801136
15.051647000291268
9.265460999813513
8.855089000007865
9.250350999991497
8.84726899994348
8.938350999869726
8.813889999601088
8.9182320002692
9.049414999935834
9.44717699985631
8.873479000158113
11.920561999886559
8.583050999732222
8.577821000017138
9.308812000199396
9.164536999833217
9.004214000015054
9.251930999653268
9.27655199984656
8.623882000392769
8.703714000148466
9.018723999815847
8.616201999757322
9.627282999645104
12.459867999950802
9.48616799996671
10.196810000252299
9.702203999950143
11.264997000125732
8.96309800009476
8.73718100001497
8.448991000022943
11.738036000224383
8.730735999961325
8.52243899998939
8.167078000042238
8.13485699973171
8.962167999925441
8.460717000161821
8.532473999821377
8.618225999725837
8.961592000105156
8.640112000193767
8.614600999862887
8.380725999813876
8.910845999707817
8.565025000280002
8.742514999994455
8.413360000304237
8.879139999862673
9.041075999903114
11.495858000216685
8.804948000033619
9.253011000055267
8.77650700022059
9.651963000123942
9.787056999812194
9.579001000020071
9.12435700001879
9.147128000222438
9.058385000116687
8.938511999986076
10.73438499997792
8.838489000027039
8.479827999963163
9.368453999741178
8.907689999887225
8.38217499995153
8.512527999755548
9.87350500008688
9.868139999980485
9.131882000019687
9.29499299991221
8.89898000014
9.95615200008615
9.555832999922131
9.084096000151476
10.955823000131204
9.377664999647095
8.851538999806507
9.412666000116587
8.969884000180173
9.084237000024586
8.76225499996508
8.739536000121007
7.872668999880261
9.564222000335576
10.30394300005355
9.642262999932427
9.004922999793052
9.366404000047623
8.78267699999924
8.749215000079857
9.194799999932002
9.131127000273409
9.051234999787994
9.679242999936832
12.916723000216734
15.879482999935135
8.88431999965178
9.190708999994968
12.510689999999158
11.183030000211147
9.649377000187087
10.103876999892236
10.168768999847089
8.847737999985839
9.080215000267344
9.182169000268914
8.962542000062967
9.794827999940026
9.156627999800548
9.481186999892088
8.997934000035457
9.16626800017184
9.660523000093235
9.151907999694231
9.172988000045734
9.931131000030291
8.982253999874956
8.896364999600337
8.502978999786137
8.853598999849055
8.329938000315451
8.997713000098884
8.087135999630846
9.617572000024666
8.259401000032085
8.562008999888349
8.452517000023363
8.556829000099242
8.59722099994542
8.605600999999297
8.162478000031115
9.103035999942222
8.448197000234359
8.252759999777481
8.643693000067287
8.43460700025389
8.739944999888394
9.355004000099143
8.65156300005765
8.637978000024304
8.607087000200409
8.473497999602841
8.604940999703103
8.479978000195842
8.784701999957178
8.828647999962413
8.615581999947608
8.922760000132257
8.370243999706872
8.607250999830285
8.19336899985501
9.28014200007965
8.840017999773409
9.123607000219636
8.967363000010664
9.771806999651744
10.533529999975144
8.92771000007997
9.433228000034433
8.994202999929257
9.345243999632658
9.191480000026786
9.550671999932092
9.099386999878334
9.443546000056813
8.717534999959753
8.947817000262148
8.711984999990818
8.757526999943366
8.986843000002409
9.330713000053947
9.41963700006454
9.067234999747598
9.493988000031095
9.60613100005503
8.131525999942824
8.564879999994446
9.084906000225601
9.128957000029914
9.543050000047515
8.565139999973326
10.934123000424734
8.625802000096883
8.706674999757524
9.565459999976156
8.51129900001979
8.526523999989877
13.171770000099059
8.636242000193306
9.014623999973992
8.609752999745979
8.447656999578612
9.254331000192906
8.758206000038626
8.825358000194683
9.031033999690408
8.765525999933743
9.128317999966384
9.25216099994941
9.122957999807113
9.784166999907029
8.734194999760803
8.651572999951895
8.893950000128825
9.547460000248975
9.607661999780248
9.36084699969797
9.314172999893344
8.734695999919495
13.307505999819114
9.767617000306927
8.746225999857415
9.89722999975129
15.227913000217086
9.24100099973657
8.945302000029187
9.390200000325422
8.909025999855658
8.85001899996496
8.489597999869147
9.324198000285833
8.621812000001228
8.72445000004518
8.878770000137592
9.112926999932824
8.537024999895948
8.66088300017509
8.67775899996559
8.453990999896632
8.831039000142482
8.612541999809764
8.297311999740486
8.603850999861606
8.84784399977434
8.680053000261978
8.735305999834964
8.307893000164768
8.497583999997005
8.441755000148987
8.737286000268796
8.378178999919328
8.851819000028627
8.989312999801768
8.459827000024234
8.64507300002515
9.317787999862048
8.514757999819267
9.76172199989378
8.384369999930641
8.349513000212028
8.743125000364671
8.87914000031742
8.595495999998093
8.44617599977937
9.073800999885862
8.597555000051216
8.503723000103491
8.452411999769538
8.736714999940887
9.14310200005275
9.032729999944422
8.95535200015729
8.797786999821255
8.280232000288379
8.875165000063134
8.460626999749365
8.708875000138505
8.625000999927579
8.383724999930564
8.658923000439245
9.597671000392438
8.29951700006859
9.441743000024871
8.571204999952897
9.020777999921847
8.89661499968497
8.773557000040455
8.731746000194107
9.357553999961965
8.581994999985909
8.775942000283976
9.184947999983706
8.680493999690952
8.594291000008525
9.323203999883845
8.603441000104795
8.461936999992759
8.834103000026516
8.374575000289042
10.128817999884632
9.370894999847224
9.828609000123834
9.723135000058392
10.197969999808265
10.951331999876857
10.233020999748987
9.585841999978584
9.574780999628274
10.022824999850855
8.931341000334214
8.908200999940163
9.246770999652654
8.98415199981173
8.87853999984145
10.134078000191948
10.197990000051504
9.115217000271514
8.85730899972259
9.486268000273412
8.42557600026339
9.296523000102752
9.086406000278657
8.935794000080932
8.615214000201377
9.013683999910427
9.656912999616907
9.474158000102761
9.169799000119383
8.31963300015559
9.1428270002325
7.887721999850328
10.551480000231095
9.624925000025542
10.483925999778876
9.232481000253756
8.884179999768094
9.494650999840815
10.612603000026866
10.170409000238578
8.925481000005675
9.311872000125732
7.7715160000479955
9.137696999914624
9.984813999835751
8.397965000312979
9.149277999767946
10.659565999958431
10.191210999892064
8.698044000084337
9.81365799998457
10.137121000298066
9.950228999969113
9.824847999880149
8.955732000231365
9.391555000092922
8.943571000145312
8.687043999998423
8.648723000078462
8.591430999786098
14.325955000003887
13.393751999956294
16.33564700023271
15.401316999941628
15.460588999758329
15.580732000216813
17.406829000265134
15.609734000008757
15.721787000074983
15.727488000266021
16.00356600010855
15.721627999937482
15.247412999997323
11.974559999998746
8.75093000013294
10.928076999789482
8.363249000012729
8.78422200003115
8.17627900005391
8.365748999949574
8.20219300021563
11.141913999836106
8.533658000033029
8.699620000243158
8.897480000086944
9.062135000021954
8.383852999941155
9.641377999741962
8.540204999917478
9.135302000231604
8.492787999784923
8.902310999928886
10.58445099988603
15.216606999729265
15.255462999903102
16.018585999972856
17.713439000090148
15.81969000017125
15.857740999763337
16.127050000250165
15.656797999781702
15.362915999958204
15.534530999957497
15.566532999855553
15.33341799995469
16.637154999898485
15.795450000041455
15.945114999794896
15.433146999839664
15.943763999985094
16.04306599983829
15.824641000108386
15.558262000013201
15.389366999897902
15.500931000133278
15.288864000012836
15.102709000075265
15.304454999750305
15.61365499992462
16.029575999709778
8.603471999776957
9.198729000218009
11.030215000118915
8.536190000086208
9.696969999822613
9.178688000247348
9.144937000201026
8.539429999927961
8.744240999931208
8.60907700007374
9.162927999568637
12.305379000281391
8.637892000024294
10.950257000331476
14.31435499989675
15.717223000137892
15.638965000107419
15.67521700008001
15.96675500013589
15.81886099984331
15.76838900018629
15.586383000027126
15.669956000238017
15.687496000282408
15.747658999771375
15.706567000052019
15.890174000105617
15.348985999935394
15.661336999983178
15.447968999978912
16.077388000212522
15.281936000064889
16.076778000297054
8.923420999963128
10.950232000141114
10.37856599987208
9.199039999657543
9.056615999725182
9.563221000007616
9.124037999754364
9.014752999974007
8.790197000053013
8.801317999768798
8.894449999843346
9.337223999864364
8.752104999985022
8.78046700017876
8.74530600003709
9.352343999580626
10.697875000005297
11.741366000023845
9.568350999870745
8.953051999924355
8.872868999787897
10.637572999712575
10.04799499969522
9.254271000372682
12.346835000244027
8.770775999892066
9.761357000115822
14.054666999982146
9.795967000172823
9.381816000313847
8.692964000147185
8.995214000151464
15.813228999832063
9.30536799978654
9.17159900018305
9.062565000022005
9.30489199981821
8.75423099978434
8.362638000107836
8.842043000186095
8.21903799987922
8.619656000064424
9.267014000215568
8.662067999921419
8.533239000371395
8.509368999966682
8.339105999766616
8.954875000199536
8.863759000178106
9.036234000177501
8.535123000001477
8.582450999711
8.760649000123522
9.806600000047183
11.137718000099994
15.553644000192435
15.595013999700313
15.509274999658373
15.519766000124946
15.829944999950385
16.042398000081448
16.011001000151737
15.69117200006076
15.710217000105331
15.548686999864003
15.680900999996084
15.406577000248944
15.240017999985866
15.625883999746293
15.632294000170077
15.840830999877653
15.468809000140027
15.480670000215468
15.236111999911373
15.056837999964046
15.426838999701431
15.566492999823822
15.406339000037406
15.164790999733668
15.351095999903919
16.22233199987022
25.94678700006625
16.096021000066685
15.7291069999701
15.392449000046327
15.457169999990583
15.56737200007774
15.722557999652054
15.405998000005638
16.280606999771408
15.361115999894537
15.89976300010676
15.4927730000054
15.58488299997407
15.279735999683908
15.487492999909591
15.264514000136842
15.39236799999344
15.520480999839492
16.33726599993679
15.540932000021712
15.539512000032119
15.246465000018361
15.615803999935451
15.481870000257913
15.355065999756334
15.698038999744313
15.84776099980445
15.797309999925346
16.423459999714396
15.39855799956058
15.28917400037244
15.498701000069559
16.177561999938916
15.317075999973895
15.269613999862486
15.62350400035939
15.443911999682314
16.209702000196557
15.554562000033911
15.612435000093683
15.19157400025506
15.462819999811472
15.302865000194288
15.546958999948401
15.677726999911101
16.458550000152172
15.80685099997936
15.482649999739806
15.61146500034738
15.554482999959873
15.635364999980084
15.537631999904988
15.960208000251441
15.66493599966634
15.499692000048526
16.109730000152922
15.778229999796167
15.355487000306312
16.142259999924136
15.592772999752924
15.41239800008043
15.3271770000174
15.47981100020479
16.332814999714174
15.931395999814413
9.331276000011712
11.679005999667424
11.378145999970002
15.729362999991281
15.81620999968436
15.494370999931562
15.50547099986943
15.35350699987248
15.81678299999112
15.733267000086926
15.66514600017399
15.560835000087536
15.763789000175166
16.214502999901015
15.594283999689651
15.453648999937286
15.873002999796881
15.444429999661224
15.391656999781844
15.261203000136447
15.337109000029159
15.799509000316903
15.566882999792142
15.744247999919025
15.516531999764993
15.66537500002596
15.58982599999581
15.17352100017888
15.858070999911433
15.531384000041726
15.644215000065742
15.50923300010254
15.753487999973004
15.839302000131283
16.142831000252045
15.326315000038448
15.46464000011838
15.475921999950515
15.597840999816981
15.272316999926261
15.828140999929019
15.664656000353716
15.865211999880557
8.728185999643756
8.97125200026494
9.025543999996444
9.85260199968252
8.586858999933611
9.17463099995075
9.10247599995273
10.084857000038028
10.776326000268455
9.366894999857323
11.460328999874037
9.89579999986745
9.235770000032062
9.568951999881392
9.252760999970633
8.635573999981716
8.733554000173172
9.640607999699569
8.386129999962577
9.167932999844197
8.668664999731845
8.44716600022366
8.386225999856833
8.90778200027853
9.01218599983622
8.843712000270898
8.176192000064475
8.348468999884062
9.18456099998366
9.239122000053612
8.784935999756271
8.706824999990204
8.20746399995187
8.59447499988164
8.668026000123064
8.530294000138383
8.4778569998889
8.566932000121597
9.248965000097087
8.70379000025423
8.45269899991763
8.172092999757297
8.448991000022943
8.11900799999421
8.704910000233212
8.473177999803738
8.798187999673246
8.122606000142696
8.19639500014091
8.810594999886234
9.25022399997033
9.184832000300958
8.421097999871563
8.715734999896085
8.33090700007233
8.584071000313998
8.8370099997519
8.588867000071332
8.443115999853035
8.354686000075162
8.562972000163427
8.646513000257983
8.315436999964732
8.796106999852782
8.573603000058938
8.524993999799335
8.779995999702805
8.361588999832748
8.28237599989734
8.667691000027844
8.309857999847736
8.606786000200373
8.437150999725418
8.719264999854204
8.333937999850605
8.81718800019371
8.911800000078074
8.658858999751828
8.34204700004193
8.552557000257366
8.26006299985238
8.40159000017593
8.303592000174831
9.99133499999516
8.64687800003594
8.66709499996432
8.629703000224254
8.708709000075032
8.874424999703479
8.96863099978873
9.080350999738585
9.144814999672235
9.017069000037736
8.759255000313715
8.827466000184359
8.605504000115616
8.653572000184795
8.747765999942203
8.998525000151858
8.816526999908092
8.572143000037613
9.142071000042051
8.52872399991611
8.687178999934986
8.762665999711317
8.677496000018436
8.300802000121621
8.81807200039475
8.643934999781777
9.10185900011129
8.138301999679243
8.721929999865097
8.390150000195717
8.960878000380035
8.431948000179545
