Messages/sec=61.96
duration_sec=60.008
payload_size_bytes=1048576
total_messages=3718
payload_throughput_MiB_sec=61.96
mean_rtt_ms=14.099
median_rtt_ms=9.000
stddev_ms=245.672
min_ms=7.377
max_ms=14987.161
---raw_latencies_ms---
13.654105000114214
9.97128300014083
11.683735999667988
11.325284000122338
15.513720999933867
22.822235000148794
13.971883000067464
15.048827000100573
9.599322000212851
14.792459000091185
11.47087899971666
11.996343999726378
9.580670999639551
10.027289000390738
15.027376000034565
8.987286999854405
8.985431999917637
9.464106999985233
8.584742000039114
9.306502000072214
8.861694000188436
8.291797000310908
9.650877000240143
9.011137000015879
8.800502000212873
8.890245000202412
8.583469999848603
8.740525000121124
8.560530000067956
8.601471000019956
10.398977000022569
8.507747999829007
9.675174000221887
9.686445000170352
8.887359999789624
7.968270999754168
9.590634000232967
9.654463000060787
10.25435200017455
9.004983000068023
8.816787999876396
9.426196000276832
7.813357000031829
9.16906900010872
7.513707000271097
9.05829499970423
8.556379000310699
10.822809999808669
9.702093999749195
8.893045000149868
10.061076000056346
9.138996999809024
8.857118999912927
8.788245999767241
9.797876999982691
7.619382000029873
9.692943000118248
9.270161999666016
9.000613000353042
10.414837000098487
8.485897999889858
10.216933000265271
9.833748999881209
9.151128999747016
10.472377000041888
8.232720000250993
9.791876999770466
8.059304000198608
9.677973000179918
9.676882999883674
9.319635999872844
8.974184999715362
10.669284999949014
9.393294999881618
9.067135999885068
9.747545999744034
9.288411999932578
9.180259000004298
9.511588999885134
8.955431999766006
8.536150000054477
8.576559999710298
9.04872500041165
11.455748000116728
8.93655200025023
8.920791000036843
9.989803999815194
9.781236999970133
9.381447000123444
8.18585900015023
9.353313999781676
9.222459999818966
9.555029999773978
9.635601999889332
11.256162999870867
8.76278599980651
9.63494300003731
8.797736999895278
9.648452999954316
9.347188999981881
10.404606000065542
9.939831999872695
8.11263700006748
10.044225000001461
8.863870000368479
9.657972999775666
9.900021000248671
8.683603999998013
9.010794000005262
7.376996999937546
8.837859000323078
9.129366999786726
9.009053999761818
9.33145399994828
8.72719099970709
8.349243999873579
9.377984000366268
9.842968999691948
9.174749000067095
9.074636000150349
9.69898400035163
9.366419999878417
8.893840999917302
8.16754800007402
8.866769000178465
8.25326500034862
9.25433200018233
8.844579000196973
8.581105999837746
9.061254999778612
9.074521000002278
8.973383000011381
8.711225000297418
8.373553999717842
8.619251999789412
8.799106999958894
8.287761999781651
8.585342000060336
9.367538999867975
8.599821000188967
8.601185000316036
8.73860000001514
8.684764000008727
8.748635000301874
8.426805999988574
9.050405000380124
9.599332000107097
8.692043999872112
8.67289300003904
10.27514199995494
8.748846000344201
8.677323000028991
9.09489100013161
8.347182999841607
9.00691300012113
10.475152999788406
8.727075000024342
8.050544000070659
8.993532999738818
8.394410000164498
8.709929000360717
8.919430999867473
9.067081000011967
8.90086000026713
8.59327599982862
8.724420000362443
9.190092999688204
8.639747999950487
8.670476999668608
8.81424799990782
8.50879800009352
8.628692000002047
9.43624199999249
8.381764000205294
8.538475000023027
8.637857000394433
8.990287999949942
8.848083999964729
8.979371999885188
9.34067900016089
9.47741700019833
8.697883999957412
8.651322999867261
9.313257999565394
9.38823600017713
8.571549999942363
8.766125999954966
8.756231000006665
8.46398199973919
8.752379999805271
8.773681000093347
9.137167000062618
8.764346000134537
8.699133999925834
9.175078999760444
8.71203599990622
8.941870999933599
9.566979999817704
8.929671000259987
8.851618000335293
9.692395000001852
10.30780400014919
9.32636299967271
9.694493999631959
9.827429000324628
8.79306600018026
8.797167000011541
9.688905000075465
8.706744999926741
9.214278999934322
8.541551999769581
9.583830999872589
8.605191999777162
9.22993000040151
8.776846000273508
8.260790999884193
7.796686000347108
10.02750499992544
9.038555000188353
10.620491999816295
9.726876000058837
9.239841000180604
9.289801999784686
9.625913000036235
9.77823699986402
10.29011199989327
9.222430999670905
9.127227000135463
7.661353000003146
9.435856999971293
9.595142000307533
9.58162100005211
9.278592000100616
9.603541000160476
10.91543200027445
9.444696999707958
8.981763000065257
8.917251000184478
9.361473999888403
8.643231999940326
9.142357000200718
9.472897999785346
9.473048000018025
9.018982999805303
9.343414000341
9.079505999579851
9.056375000000116
9.143027999925835
8.593421000114176
9.875888999886229
8.882739999990008
8.503678000124637
9.301761999722657
9.22748999983014
7.629241999893566
10.106757000357902
8.445136999853275
8.976775000064663
8.892269999705604
8.892270000160352
10.873168999751215
9.736135999901308
11.373265000202082
9.716354999909527
12.15505900017888
9.562320999975782
9.204229999795643
8.809817999917868
8.734474999982922
9.170368000013696
9.540179999930842
10.225161000107619
9.008482999888656
9.1869590000897
9.327994000159379
8.966862000306719
9.283641999900283
7.8641390000484535
8.44555699995908
9.591841000201384
9.307272000114608
11.792508999860729
8.863939000093524
10.491638000075909
9.747055000389082
8.940251999774773
10.049995999906969
9.113687000080972
8.868930000062392
8.874720000221714
9.150117999979557
8.625113000107376
9.774446999927022
9.158897999895999
9.32583399981013
9.753638999882241
9.321953999915422
10.344704000090132
9.757227000136481
9.946214000137843
8.889713999906235
9.145667999746365
8.457582000119146
8.86822399979792
9.21583500030465
8.697603000200615
9.37179999982618
8.68536400002995
8.537034999790194
8.7034829998629
9.101971999825764
8.642942999813386
9.030044000155613
8.575110000037967
8.69480300025316
8.460509000087768
8.759495000049355
8.350333000180399
9.00214400007826
8.250819999830128
8.464218999961304
8.224023999900965
9.085906999644067
8.500087999891548
8.701923999979044
8.467101999940496
8.657003000280383
8.340483000210952
8.50237000031484
8.811727999727736
8.627621999949042
8.991952999622299
8.506868000040413
8.351219000360288
8.895101000234718
8.803266999620973
8.914311999888014
8.753551000154403
8.993414000087796
9.230025000306341
9.08030599975973
9.08683400029986
8.995834000415925
8.953122000093572
8.562919999803853
8.792682000148488
8.971336999820778
8.972897000148805
9.095535000142263
9.77743300018119
8.963382999809255
8.766801000092528
8.93077099999573
8.77592699998786
9.331841999937751
8.764616000007663
8.575201999974524
8.7007239999366
8.629982000002201
8.487828000397712
8.9594420001049
9.640417999889905
8.612342000105855
8.410826000272209
8.589829999891663
8.81765300027837
8.790947999841592
9.277356999973563
8.4646629998133
8.586786999785545
8.620692000022245
8.648148000247602
8.94596200032538
8.593235999796889
8.560198999930435
8.454092000192759
9.026179000102275
9.20514000017647
8.708564000244223
8.56302100009998
8.676723999997193
9.090025999739737
10.436238000238518
8.76176600013423
9.068826000202534
9.082935000151338
8.47275800015268
8.463736000067001
8.963692000179435
8.663813000111986
9.15497799996956
8.599691000199527
8.819453999876714
11.368773999947734
8.578054999816231
8.536478999758401
8.273077000012563
8.16143399970315
8.489842000017234
8.277779999843915
8.719004999875324
8.559960000184219
9.143527000105678
8.641029000045819
9.112836999975116
9.000378000109777
8.266786000149295
9.821909000038431
8.168723999915528
9.290843000144378
10.284042999956
8.435267000095337
8.679045000008045
9.046874999967258
8.815682999738783
9.109607000027609
8.233054999891465
8.640387000014016
8.552525000141031
8.644062999792368
8.704183999725501
8.665853999900719
8.728439999686088
8.985763000055158
9.272322000015265
8.748765999825991
8.833839000089938
9.051399999862042
9.164307999981247
9.989604000111285
9.019215000080294
8.784256000126334
8.475078000174108
8.986043000277277
8.11830699967686
9.0784750000239
9.103692000280716
9.067511000012018
9.154846999990696
9.87060899979042
8.600521000062145
9.006563000184542
9.136986999692454
8.750305000376102
8.545197999865195
9.14049699986208
8.897225000055187
9.36105500022677
9.456342999783374
8.990042999812431
8.570270000291202
8.570110000164277
8.636672000193357
8.660522999889508
8.540985000308865
9.475429000303848
8.436485999936849
9.597470999779034
8.686103999934858
8.158928000284504
8.618855999884545
8.938560999922629
9.370693999699142
8.471017999909236
8.488906000366114
8.54295999988608
9.050743999978295
8.460887000182993
9.138987999904202
8.626680999896053
8.610736999798974
8.62618700011808
8.374088999971718
8.90825499982384
8.999669000331778
9.126786999786418
8.88445500004309
8.433380000042234
9.097076000216475
8.456065999780549
8.75581600030273
8.796222000000853
8.79572099984216
9.897933000047487
9.491017000073043
13.346316000024672
10.31927399981214
9.16075799977989
9.16263799990702
9.389294999891717
9.372393999910855
11.074987000029068
9.236710999630304
8.295331999761402
8.842318999995769
8.737636000205384
8.693314000083774
8.688478999829385
9.00615899990953
8.853019000071072
8.780307000051835
9.121677000166528
8.987848000288068
8.823577999919507
8.588700000018434
9.20798500010278
8.808659999886004
9.032166999986657
8.498553999743308
8.874009000010119
9.484910000082891
9.075322000171582
8.57532899999569
9.152480000011565
8.706824999990204
9.99863400011236
9.21866199996657
9.48413400010395
9.153588000117452
8.592041000156314
9.467161999964446
8.718337000118481
9.048856999925192
8.990342000288365
8.757270999922184
8.722467000097822
8.649934000004578
8.380388999739807
8.471661999919888
8.600195999861171
8.65451400022721
8.612420999725146
8.723189999727765
9.020223999868904
10.091636999732145
8.549648999633064
8.5195520000525
8.91101399975014
8.63336700012951
9.01507800017498
8.977212999980111
8.52188999988357
8.544761000393919
8.441397999831679
8.47420099989904
8.91507599999386
8.827622999888263
9.261636000246654
8.72789000004559
8.966583000074024
8.470180000131222
8.85093400029291
8.17013699997915
8.75114600012239
8.367267999801697
9.278315999836195
9.555042000101821
10.675662000267039
11.676451999846904
8.407965000060358
8.691087999977753
9.5190739998543
8.555879999676108
8.823828000004141
12.401610999859258
15.912621999632393
16.166941999927076
16.065719999915018
15.573328000300535
15.506075999837776
15.602997999849322
15.660645000025397
15.516350999860151
15.35296899965033
17.57649599994693
10.080765999646246
9.324402999936865
9.837678000167216
9.115857000324468
9.13212699970245
10.3016729999581
9.251231000234839
10.211242999957904
9.081877999960852
9.300872000039817
9.082066000246414
9.69855399989683
9.712245000173425
9.233271000084642
10.673333999875467
8.971602999736206
9.345844000108627
9.799947999908909
9.198198999911256
9.076254999854427
8.93227200003821
9.166778000235354
8.988253000097757
12.367345999791723
16.636944999845582
15.831211000204348
15.288647000033961
15.360376999979053
15.750697999919794
16.006016000119416
15.660796000247501
15.652054999918619
15.744879000067158
15.350329000284546
15.568308000183606
15.622745000200666
15.712688000348862
15.723156000149174
15.86578299975372
15.70869799979846
15.790620999723615
15.594795999732014
10.21422000030725
8.543674000065948
8.4644999997181
8.60350599987214
8.958732000337477
8.938232999753382
8.404495999911887
8.755059000122856
8.59324100019876
8.945570999912889
8.54663200016148
8.597253000061755
9.125907999987248
9.110145999784436
9.722264999709296
8.453496000129235
8.41821699987122
8.634212999822921
8.850362999965
8.75586000029216
8.941901000071084
8.633817999907478
8.495218000007299
8.537001000149758
8.721524000065983
8.18211900013921
9.346215999812557
8.794286000011198
8.914531000300485
8.878569999978936
8.874929000285192
9.084815999813145
8.784697000010055
9.540210000068328
9.06052499976795
9.107595999921614
9.7661159998097
8.861449000050925
8.585981000123866
9.697265000340849
11.531481000019994
11.839891000363423
8.975796999948216
8.878503999767418
8.921555000142689
8.82218099968668
8.868289000020013
8.448482000403601
8.441898000000947
8.602282000083505
8.763469999848894
9.13766800022131
8.794165999916004
9.09958700003699
8.672596999986126
8.665458999985276
8.841528000175458
8.888551999916672
8.864353999797459
8.749556999646302
8.71791999998095
9.238385000116978
8.944616999997379
8.813651999844296
10.829053000179556
8.563464999951975
9.301757000230282
8.96332899992558
8.14451199994437
8.555239000088477
8.449917000234564
8.397211000101379
8.404326000345463
9.433247000288247
8.848189000218554
8.631711999896652
9.08555800015165
9.330239000064466
8.46063899962246
8.25011100005213
8.44458100027623
9.086309999929654
9.083279000151379
8.848829000271508
13.27944300010131
13.34493600006681
9.951762000127928
10.931330999937927
9.328452999852743
10.653533999629872
9.671843999967678
9.753626000019722
8.61999199969432
8.845798000038485
9.531878999951005
9.286812000027567
9.118037000007462
9.426627000266308
9.189970000079484
8.99344299978111
9.87602000031984
9.765307000179746
9.217362999606848
9.454029999687918
9.841559000051348
9.774326999831828
9.120957000050112
8.932531000027666
9.386794999954873
9.189570000216918
8.880049999788753
9.62306199971863
9.122266999838757
8.98554300010801
9.399647999998706
11.826379000012821
9.51284900020255
8.553889999802777
8.598730999892723
11.173920000146609
9.119927000028838
9.233620000031806
8.54798899990783
8.879279000211682
8.728195000003325
8.810208000340936
8.789937000074133
9.264481000172964
8.798356999704993
8.850314000028447
9.144250000190368
8.775541999966663
8.447125000202504
9.112082000228838
8.53150300008565
9.32626900021205
9.391568999944866
8.503630999712186
8.575240000027406
8.543384999939008
8.752875000027416
8.272387000033632
8.539478999864514
8.6058070000945
10.20699999980934
8.731485000225803
9.134118000019953
8.391026000026613
8.791461000328127
8.22269900027095
8.669592999922315
8.392780000122002
8.997034999993048
8.495068000229367
8.748426000238396
8.77435099982904
8.38093399988793
8.792032999735966
9.005265999803669
8.480771999984427
8.822987999792531
8.337382999798137
8.286881000003632
8.668825999848195
9.13710800023182
8.232423000208655
10.02319000008356
8.390594000047713
8.619635000286507
8.418900999913603
8.41199400019832
8.36500299965337
8.713768999768945
9.00279400002546
8.040194999921368
8.431625999946846
8.351042999947822
8.198523999908502
8.306531000016548
9.205489999658312
8.34694600007424
9.44401700007802
9.309292000125424
8.59236599990254
8.441486999799963
8.277741000256356
8.628317000329844
8.729935999781446
8.528397999725712
9.035519999997632
8.402157000091393
8.361394000075961
8.550745000320603
8.65949399985766
8.655714999804331
8.293357000184187
8.48276699980488
8.442456000011589
8.853118999923026
8.007143999748223
8.463785999992979
8.617612000307417
8.836133999921003
8.54319200016107
9.076002000256267
8.703612000317662
8.959344000231795
8.534818000043742
10.117206999893824
9.27898300005836
8.952151999892521
9.016293999593472
9.029853999891202
9.041725000315637
9.361054999772023
9.355725000204984
8.542398999907164
8.959393000168347
9.288632000334474
8.99240299986559
9.068004999789991
8.054265000282612
8.712985000329354
9.65161399972203
8.74358500004746
9.318783000253461
9.789357000045129
9.803857999941101
10.287112999776582
8.804607000001852
9.663194000040676
9.037925000029645
8.794736999789166
9.901491000164242
10.062458999982482
8.610990999841306
8.946322000156215
8.865939999850525
8.322155000314524
8.79038999983095
8.718675000181975
8.933221000006597
9.304831999997987
9.07850600015081
9.165939000013168
10.742716000095243
9.958432000075845
8.809188000213908
11.148107999815693
9.419915999842488
10.475508000126865
8.969863000402256
9.051074999661068
8.723907999865332
8.581672000218532
8.409319999827858
8.879673999672377
8.785702000295714
8.51392799995665
8.645333999993454
8.73097899966524
8.813578000172129
8.771120999881532
8.669109000038588
8.476937999603251
8.721127000171691
9.180752999782271
8.344377999947028
9.137552000083815
8.502617999965878
8.330803999797354
8.332357999734086
8.741423999708786
8.445659000244632
8.30061700025908
8.604676000231848
8.77365100041061
8.909484000014345
8.46668599979239
8.644473000003927
8.641233999696851
8.324835000166786
8.404834999964805
8.379864000289672
8.416445999955613
8.411145999616565
8.011632000034297
8.34104900013699
8.572793999974238
9.370645000217337
8.480757999677735
8.316191999711009
8.273795999684808
8.358363999832363
8.64572299997235
8.347753000180091
8.383830000184389
8.66339499998503
8.655895000174496
8.500301999902149
8.438301000296633
8.367541000097845
7.950711999910709
8.235892999891803
8.447245999832376
8.375953000268055
9.239980999609543
8.961877000274399
8.895611999832909
8.37651400024697
8.591466000325454
9.050346000094578
8.581430000049295
8.22972000014488
8.868780999819137
8.83971900020697
8.460560999992595
8.878680000179884
8.502630999828398
8.22270499975275
8.429088999946543
9.562115999870002
8.308545000090817
8.632058999864967
8.842350000122678
8.977388000403153
8.794157000011182
8.692927000083728
8.469502000025386
8.404826000059984
8.504406999691128
9.250184999928024
8.763630000430567
8.434031000433606
8.291603000088799
8.231482000155665
8.052843999848847
8.936461999837775
9.194940000270435
8.41880799998762
8.549684999707097
9.208169999965321
8.88453000015943
8.656001999952423
8.568271000058303
9.453538000343542
8.947432000240951
11.298494000129722
8.631926999896677
9.442611999929795
8.70382899984179
8.80344100005459
8.593699999892124
8.403014999657898
8.54949900030988
8.6746540000604
8.495357000356307
8.881250000285945
9.147586999915802
8.785276999788039
9.022582999932638
8.98387899997033
8.337262999702943
8.251330999883066
9.176728000056755
8.610291999957553
8.806006999748206
8.304242999656708
8.306182000069384
8.45482099975925
8.339473999967595
8.91799099963464
8.157867999670998
8.633577000182413
8.216944999730913
8.690787999967142
8.194432999971468
8.282371999939642
8.324997999807238
8.415884999976697
8.264761000191356
8.82832800016331
8.711624999705236
8.871034000094369
8.814263000203937
8.667238000271027
8.648572999845783
8.897550999790838
8.840107999731117
8.310918000006495
8.212770000227465
8.482608000122127
8.812628000214318
8.834209000269766
8.511168000040925
8.512588000030519
9.025944000313757
8.812266999939311
8.166917999915313
8.88801000019157
11.364385999968363
8.707004000370944
8.82770399994115
8.63391299981231
8.49585300011313
8.82016300010946
9.124592999796732
8.624461999716004
8.838077999826055
8.52309999982026
9.447056999761116
9.915362000356254
8.71499799995945
9.359534999930474
9.330762999979925
10.452498000177002
11.974513000041043
9.044915000231413
9.513079000043945
9.510069000043586
9.960214999864547
8.936941000229126
9.260303999781172
9.81974900014393
10.354874999848107
10.742146000211505
9.777407999990828
7.913590000043769
10.270403000049555
10.011152000060974
9.310712000115018
9.257161000277847
9.216568999818264
10.143678000076761
10.399695999694814
10.622475000218401
10.01220700027261
9.553789999699802
9.188109000206168
9.168840999791428
9.824229000059859
9.56224999981714
9.424815999864222
8.935182000186614
9.789006999653793
9.024783999848296
9.746686000198679
9.747525999955542
9.927902000072208
10.313993999716331
9.444985999834898
9.172729000056279
8.926830999826052
9.148949000064022
10.362445000282605
9.162077999917528
10.032225000031758
9.730735999710305
8.991402999981801
9.473607000018092
9.606302000065625
8.551709000130359
8.531434999895282
9.246021000308247
8.600365999882342
8.575210999879346
9.059449999767821
9.35265399994023
8.842279999953462
8.521534000010433
8.712474999811093
8.645362999686768
8.142286000293097
8.40078999999605
8.300881999730336
8.341003000168712
8.578201000091212
8.475197999814554
8.599940999829414
8.754396999847813
8.66069299991068
8.507799000199157
8.224578999943333
8.44474999985323
9.902200999931665
8.71187499978987
8.671581999806222
8.46362800029965
8.25878100022237
8.22110499984774
8.635612000034598
8.921145999920554
14987.161260999983
9.40668499970343
8.189223000044876
10.150327999781439
8.581986000081088
8.84979900001781
8.337354000104824
8.505582999987382
8.64911199960261
8.813762000045244
8.732746000077896
8.83484900032272
8.748905000175
8.452697000393528
9.09867700011091
9.014798999942286
8.937060999869573
8.328221999818197
8.374819999971805
9.1055719999531
8.411830000113696
8.618587000000844
8.325991999754478
8.555110000088462
8.479319000343821
8.398894999572803
8.776982000199496
8.735481000258005
8.578445999773976
8.69447000013679
8.519867999893904
8.76461100006054
8.59264099972279
8.618126999863307
8.995836999929452
8.520303000295826
8.47921700005827
8.222939999996015
8.792371999788884
8.749281999826053
8.649157000036212
8.348612999725447
8.762456000113161
8.363104999716597
8.651093000025867
8.824357999856147
8.462801999939984
8.591151000018726
8.199548999982653
8.536625000033382
8.75750600016545
8.503903000018909
8.660202999635658
9.0947559997403
8.52528900031757
8.631622999928368
8.734989999993559
8.609036000052583
8.439540999916062
8.391248999942036
8.731235999675846
8.514462999755779
8.972622999863233
8.474558000216348
8.656142999825533
8.26044500036005
8.792096999968635
8.207169000343129
8.232625999880838
8.601955999893107
8.68463899996641
8.421171000009053
8.576449999964098
8.760095000070578
8.654588999888801
8.299543999783054
9.137796999766579
9.857629999714845
9.140447999925527
8.912021000014647
8.866188999945734
7.8106999999363325
9.32244300020102
8.961601999999402
8.99365300028876
8.498687999690446
8.46367599979203
9.032134999870323
9.33370599977934
9.344613999928697
8.677595999870391
8.936832000017603
9.548020000238466
9.641281999847706
9.951983000064502
8.980052999959298
9.262516000035248
9.282622000228002
8.935301999827061
7.8858690003471565
9.46866799995405
9.370135000153823
8.025193999856128
10.057175000383722
9.828418999859423
8.982162999927823
10.83995999988474
9.693624000192358
9.06739500032927
9.408258000348724
9.527100000013888
8.934010999837483
9.332864000043628
8.714604000033432
8.552969999982452
8.738154999718972
8.971043000201462
9.246880999853602
9.087805000035587
8.474417999877915
8.630192000055104
9.75955600006273
9.410555000158638
8.969052999873384
9.13734799996746
8.807176999653166
8.933570999943186
8.85602900007143
9.34328400035156
9.30294199997661
9.189110000079381
9.57965099996727
8.71648499969524
8.980762999726721
8.578603000387375
9.20592000011311
9.82562900026096
9.42872699988584
8.7183539999387
10.47917799996867
10.067298000194569
10.760287000266544
9.12130899996555
10.47923800024364
9.01562399985778
8.21880900002725
9.280762000344112
8.91265000018393
9.919240999806789
11.578251000173623
8.713833999991039
9.003286000279331
9.298153000145248
9.26355199999307
9.355314000004
8.635312000023987
9.931830999903468
8.94659200002934
8.905190999939805
9.167537999928754
10.335594000025594
9.191668000312347
9.755265999956464
9.872879999875295
9.932302000379423
9.61650199997166
8.886740999969334
8.975622999969346
8.390795000195794
9.557049999784795
8.957312000347883
8.935950999784836
9.82429800023965
9.725116000026901
9.505513000021892
8.790447000137647
8.146147999923414
8.517991000189795
8.415495999997802
8.170227999926283
8.664144000249507
8.701570000084757
8.535210999980336
8.623016999990796
9.006688000226859
9.114861999933055
8.861501999945176
8.574515999953292
8.507747999829007
8.238660000188247
8.553870000014285
8.540632000404003
8.362579000277037
8.75819600014438
9.464872000080504
8.409717000176897
8.290651999686816
10.27332200010278
10.032495000359631
9.807918000205973
9.32723400001123
8.273583000118379
9.493787999872438
13.33556999998109
14.72824699976627
10.295294000115973
8.84629100028178
8.720525999706297
10.116946999914944
9.300382000219543
9.949992000201746
8.636092999950051
9.447107000141841
8.97509300011734
9.895645000142395
11.872589999711636
9.92183100015609
9.7140349998881
9.792528999696515
8.568360000026587
11.225611000099889
9.412396000243461
8.91752000006818
9.437497000362782
9.068655999726616
8.670644000176253
9.217009999701986
8.830588999899192
8.915439999782393
9.267221999834874
8.838137999646278
8.693244000369305
8.925421000185452
9.711685000183934
9.09347600008914
8.903729999929055
9.014254000248911
9.135007000168116
9.433117000298807
9.081566000077146
9.50308799974664
10.496438999780366
8.905529999992723
8.902490000309626
9.452866999708931
9.272102000068116
9.164437999970687
9.207828999933554
8.16416699990441
9.059054999852378
8.966202000010526
9.103375999984564
9.27553200017428
8.647903000110091
9.66423499994562
8.827052000015101
8.394869999847288
9.046876999946107
8.585270999901695
9.167390999664349
8.383879000120942
8.711106000191648
9.337475999927847
9.386985000219283
9.358164999866858
8.225430000038614
8.9747450001596
15.891192999788473
9.04483500016795
8.808486999896559
8.924471999762318
8.962172000337887
9.557800000038696
9.098357999846485
9.796156999982486
9.481028000209335
8.9892430000873
9.41589700005352
8.731915000225854
9.230393000052572
8.886430000075052
12.873670999852038
8.672433999890927
8.7493959999847
8.685973999945418
9.345782999844232
10.976336000112497
8.782202000020334
9.143247999872983
9.176369000215345
9.127738000188401
9.74195500020869
8.713973999874725
8.956043000125646
8.721367999896756
9.691975999885472
9.111966000091343
9.376996999890252
8.947384000293823
8.681733000230452
15.417850000176259
14.463684000020294
10.104828999828896
8.745206000185135
9.192551000069216
8.511214000009204
8.309521999763092
8.558129999983066
8.649432999845885
9.243491000233917
9.207990000049904
8.51606800006266
9.285992000059196
8.785665999766934
9.398656000030314
9.43898600007742
9.46441699989009
8.59414199976527
9.07529500000237
7.8715990002820035
8.729595999739104
8.633061999717029
8.869969999977911
9.675354000137304
8.750565999889659
8.780930999819248
8.76105599991206
9.685215999979846
8.463547000246763
14.178580999669066
16.394307999689772
10.865949999697477
12.269278000076156
11.321043999942049
9.239021000212233
11.943133000386297
8.313242999975046
9.136207999745238
8.652102000269224
9.269742000014958
9.573590999934822
9.442217000014352
9.319282999967982
9.980662000089069
9.01647899991076
8.202584000173374
8.646936999866739
8.468141999856016
8.562940000047092
8.251979999840842
9.716314999877795
8.509377999871504
8.724305000214372
8.698888999788323
8.655302000079246
8.725725000203965
8.368493000034505
9.078030999717157
8.863023999765574
8.637711000119452
10.772027999792044
8.388596999793663
8.519329000137077
8.746070000142936
8.312066999678791
8.57198999983666
8.511270999861154
8.539991999896301
8.279401999971014
10.170838999783882
8.190960999854724
8.426965000126074
10.042264999810868
9.395014999881823
10.494338999706088
8.84927900006005
8.736134999708156
10.544661000039923
8.240850000220235
9.100155999931303
8.898350999970717
10.074505999909888
10.347247000026982
9.958033000202704
8.754835999752686
12.292462999994314
8.763865999753762
13.1016980003551
12.302443999942625
8.948066000357358
9.440346999781468
8.469370000057097
8.526611999968736
8.995093000066845
8.438778999789065
12.601021999671502
12.527265999779047
16.180081000129576
16.875551999874006
15.383717000077013
12.436963000254764
15.248843999870587
8.793498000159161
9.32872600014889
8.503267999913078
9.092280999993818
8.65516200019556
12.164881999979116
8.451429000160715
8.748839999952907
9.31800500029567
8.944744000018545
8.661747000132891
10.00084399993284
10.01744699988194
8.51110699977653
13.87953399989783
8.777438999914011
8.608424000158266
8.176148000075045
8.425031000115268
12.766385000304581
16.175226000086695
13.928907999797957
10.99207600009322
15.838212999824464
9.480690000145842
10.741911999957665
9.018423000270559
8.498271000007662
10.652383999968151
8.362829999896348
10.367345999839017
15.332370999658451
8.560324999962177
8.589800999743602
8.441938000032678
8.651095000004716
8.238809999966179
8.821227999760595
8.527051999863033
14.254183000048215
8.72453800002404
9.073956000065664
8.67285799995443
8.879271000296285
8.937534999859054
8.363274000203091
8.61288699979923
8.155436999913945
8.20940999983577
8.313492000070255
8.88831099973686
8.553871999993135
8.719717000076344
8.697177000158263
9.90770499993232
8.343925999724888
9.030254000208515
8.904370999971434
8.662433000154124
8.767321000050288
8.779568999671028
8.844567999858555
8.50647100014612
8.416405999923882
8.97331399983159
8.689099000093847
8.546300000034535
9.50931799980026
10.70043399977294
15.56847799975003
15.483869000036066
15.500160999636137
15.700686999934987
15.820420999716589
15.706190999935643
15.920672000447667
15.516481999839016
15.441309000379988
15.147078999689256
15.429572999892116
15.683769000133907
15.82562900011908
15.87516700010383
15.513694000219402
15.356801999587333
15.753379000216228
16.644737999740755
16.777300000285322
15.779258999828016
16.21964299965839
8.727679999992688
8.94503099971189
8.314735000112705
9.006178999698022
8.909752999898046
8.390890000100626
8.774631000051158
8.07380500009458
8.939447000102518
8.328990999871166
8.234635000007984
8.393882000291342
8.534619999863935
8.277510999960214
8.292424000046594
8.171300999947562
8.097371000076237
8.459065999886661
8.994148000056157
8.6650279999958
8.90372000003481
8.519231000263972
8.564164999825152
8.124335000047722
7.989842999904795
8.253942999999708
8.269153000128426
9.215804999712418
12.797198000043863
15.750973999729467
15.46944399979111
16.013076000035653
15.775553999901604
15.61994500025321
15.83641599972907
15.576784999666415
15.918886000235943
8.827308000036282
11.922367999886774
8.726018000288605
11.708724999607512
15.629886999704468
15.386387000035029
15.647415999865188
15.466939999896567
15.360901000349259
16.08345900012864
15.433079000104044
15.584265000143205
15.676355000323383
15.325085999847943
15.726343000096676
15.345146000072418
15.716466999947443
15.747149000162608
15.556262999780301
15.486236000015197
15.607337999881565
15.727848000096856
15.65363100007744
15.288424000118539
15.301244000056613
15.48219500000414
15.556282000034116
15.700611999818648
15.75919300012174
15.893702000084886
15.743298999950639
15.418077999584057
16.18255199991836
15.954043999954592
15.551883000171074
15.670705000047747
15.612814000178332
15.31067499990968
16.120784000122512
15.636304000054224
15.643879999970522
15.59467399965797
15.580671999941842
15.696036999997887
15.80501299986281
15.128204999655281
15.162475000124687
15.44867999973576
15.540662000148586
15.400461999888648
16.263722000076086
16.099509000014223
15.600033000282565
15.313479999804258
15.688314999806607
15.631199999916134
15.938438999910431
15.55030200006513
15.722057999937533
15.351715000178956
15.379476999896724
15.518461000283423
15.461779999895953
15.423943000314466
15.495509999709611
15.972170000168262
15.335215000050084
16.1558520003382
15.33032599991202
15.335306999986642
16.058981999776734
15.615139000146883
15.479135000077804
15.57946599996285
15.407152000079805
15.718523000032292
17.29255500004001
15.621564999946713
15.308346999972855
15.323995000017021
15.577219000078912
14.98653499993452
15.229903000090417
14.988968999659846
8.747897999910492
8.436451000306988
8.73107000006712
8.563634999973146
8.802272999673733
8.591920000071696
8.630713000002288
9.330023000075016
8.719375000055152
8.526259000063874
8.437667000180227
8.49239800027135
8.298262000153045
8.61724200012759
8.963652999682381
8.809718000065914
8.066405000136001
8.767565999733051
8.416745999966224
8.672074000060093
8.358133999990969
8.841637999921659
8.702873999936855
9.22587500008376
9.318597999936173
8.155237999744713
8.863868999924307
9.021054000186268
9.37945999976364
8.468746999824361
9.631613999772526
8.654006999677222
8.28876700006731
8.618516999831627
8.913376000236894
8.169127999735792
8.278081999833375
8.320736999849032
9.2056749999756
9.108836999985215
9.691224000107468
8.779745999618171
8.732674999919254
9.490897999967274
9.460196999953041
8.958172999882663
9.036375000050612
9.14993800006414
9.523008999622107
9.308323000368546
9.171468999738863
9.690665000107401
9.145478999926127
9.328763999747025
9.230238999862195
8.894180999959644
9.127426999839372
10.15503799999351
8.776796999882208
13.574064000295039
10.318853000171657
9.992132999741443
9.471618000134185
9.618751999823871
8.864739000273403
8.75861700023961
8.549579999908019
9.166709000055562
9.456437000153528
8.69492399988303
8.84681300021839
8.665932999974757
8.87575900014781
9.093235999898752
8.436505000190664
9.653793999859772
8.892090000244934
9.662812999977177
9.38380000025063
9.107305999805249
9.428346999811765
9.726876000058837
9.042054000019561
9.076536000065971
8.88907000035033
9.020783999858395
8.953143999860913
9.508931999789638
9.00853300026938
9.063446000254771
9.19221899994227
9.016883999720449
9.100805999878503
8.808778000002349
9.227620000274328
9.147558000222489
9.293862000049558
9.66675400013628
9.408765999978641
9.901870000248891
9.091986999919754
9.318062999682297
8.55091999983415
9.258821000003081
8.423776000199723
8.677907999754098
9.2903119998482
8.73478499988778
9.53892999996242
8.94310100011353
8.34253399989393
8.736236000004283
10.63797799997701
8.676218999880803
8.75176499994268
9.194019000005937
8.686972999839782
8.990543999971123
8.94915700018828
8.726395000394405
8.842313000059221
9.739176000039151
9.109327000260237
9.33911399988574
9.005298999909428
9.04637499979799
9.113375999731943
9.291482000207907
9.000689000004058
9.062605000053736
9.039458999723138
8.415870999670005
8.621081999990565
9.25145600012911
9.817787999963912
10.192940000251838
9.170948999781103
8.699825000348937
8.812383000076807
8.800432000043656
9.256135999748949
9.779666000213183
9.003142999972624
8.602910999798041
8.893499999885535
11.464639000223542
9.396970000125293
9.13824700000987
8.87765000015861
8.937931000218668
8.212179999645741
8.738670000184356
9.186574000068504
8.709024999916437
8.522138999978779
8.744990999730362
9.132312000019738
9.211779999986902
8.713184000043839
8.686723000209895
8.315942000081122
8.640061999813042
8.876745000179653
8.679442999891762
9.571031000177754
9.599352000350336
8.592320000389009
8.431196000401542
8.720174999780284
8.157932999893092
8.518008999999438
8.497273000102723
8.280015999844181
8.366554000076576
8.31294199997501
8.419770999807952
8.531204000064463
8.449721000033605
12.97249399976863
16.8514420001884
9.728735999942728
8.693169999787642
9.146161999979086
9.286991999942984
8.501807999891753
9.002738000162935
11.092337000263797
11.59231199972055
9.327728000243951
8.932545999869035
10.373404999882041
9.720225000364735
9.364064999772381
8.439410999926622
8.557989999644633
8.930646999942837
8.649568000237196
8.364142999653268
8.259369999905175
8.221421000143891
8.809212999949523
8.48678700003802
9.054680000190274
8.495787999891036
8.491238000260637
8.740904000205774
8.855085000050167
9.44332899962319
9.417901000233542
9.290587000123196
8.762281000144867
9.091955999792845
8.66709299998547
8.451706999949238
8.09975599986501
8.488613000281475
8.736209999824496
8.636437999939517
8.191694000288408
9.004753000226629
9.080318000087573
9.825403000377264
8.608860000094865
8.818516999781423
11.224142000173742
9.105055999953038
8.6415579999084
8.759396000186825
9.723130000111269
8.838447000016458
9.376104999773816
8.738925000216113
8.334989000104542
8.95480100007262
8.566196000174386
8.977357000276243
9.778491999895778
8.464222000384325
8.716166000340309
8.68553400005112
8.439726999768027
9.357934000036039
8.954262000315794
9.611552000023948
8.889694000117743
8.612001000074088
8.90900700005659
8.721554999738146
8.900130000256468
8.870019999903889
8.572401000037644
8.691418999660527
9.445826999581186
8.900895999886416
9.070866000001843
8.90689099969677
8.673574000113149
11.216204999982438
8.402611000292382
8.58513100001801
8.97524699985297
9.571275999860518
8.684418000029837
8.89648499969553
10.688624000067648
11.167649000071833
16.520432000106666
15.505890999975236
15.742628000225523
15.355376000115939
15.616324999882636
15.76141000032294
15.647605000140175
16.006366000056005
15.750626999761153
15.56472299989764
16.669106000335887
15.800380000200676
15.459087999715848
15.437509000093996
15.601644999605924
15.26006399990365
15.427498999997624
15.220600999782619
15.146232000006421
15.367905999937648
15.00306499974613
15.394889000162948
12.634994000109145
9.661063000294234
9.132116999808204
11.200851000012335
9.967273000256682
8.683902999564452
8.776176000083069
9.704704000341735
9.401355999671068
10.674719999769877
8.787320999999793
9.422996000012063
8.285831000193866
9.314992999861715
8.43887100018037
8.839258000080008
8.48804299994299
9.13273800006209
8.849238000038895
12.688991000231908
15.248443000018597
15.587073000006058
15.925583999887749
16.924575000302866
15.276684000127716
15.939122999952815
15.350274999946123
15.128518999972584
15.558003000023746
15.637495000191848
15.440628999840555
15.19665099976919
15.795800999967469
15.144308999879286
15.6633410001632
8.992697999929078
8.498829000018304
8.435195999936695
8.778707000146824
8.745556000121724
8.195849000003363
8.319021000261273
8.638997999696585
8.215739000206668
8.6927749998722
8.917160999772022
8.748336000280688
8.4811520000585
8.84112899984757
8.999289000257704
8.478693000142812
8.499807000134751
8.77312600005098
8.723360000203684
9.170633999929123
8.437155000137864
8.689188999596809
8.850948999679531
9.123825999722612
8.708613999715453
9.679709000010916
13.26536299984582
17.742687999998452
15.886308000062854
17.82210000010309
15.816750000340107
15.877611000178149
15.901413999927172
15.73075800024526
15.642114000002039
15.240483000070526
15.531631999692763
15.493111000068893
15.59546299995418
15.521681999871362
15.400076999867451
15.771428999869386
15.515717000198492
15.303395000046294
15.325045000281534
15.416798999922321
15.27889299995877
15.381218000129593
15.530731000126252
15.659575999961817
16.133908999563573
15.44987899978878
15.439309000157664
15.33980900012466
15.757719000248471
15.918564000003244
15.831330999844795
15.497713000058866
15.527141999882588
15.981707999799255
15.543502000127773
15.279744000054052
15.419659000144748
15.820670999801223
15.665135999824997
15.951493999637023
15.547992000392696
15.542902000106551
15.564932999950543
15.590943999995943
16.17443099985394
15.284164000149758
15.522352000061801
15.762140000333602
15.838520999750472
15.547842000160017
15.615065000019968
15.48968400038575
16.330908000327327
15.934483999899385
15.762598000037542
15.736207999907492
15.89998800000103
15.946993999932602
15.898512000148912
15.571597999951337
15.654934999929537
15.507831999912014
15.342957000029855
15.490895999846543
15.158840999902168
15.461999000308424
15.855322000334127
15.645186000256217
15.281704000244645
9.296561999690311
8.768964999944728
10.076735999973607
8.911920000173268
9.297303000039392
9.677414000179851
10.389475000010862
10.514150000290101
15.29795499982356
15.367016999789485
15.518281999902683
11.86755099979564
13.200423999933264
12.239361000411009
8.71598499998072
8.76703699987047
9.011553999698663
9.110677000080614
9.09655700024814
9.580582999660692
10.026955000284943
9.175148999929661
9.376495000196883
9.144677999756823
9.430908000013005
8.992551999654097
9.467587000017375
9.89875100003701
8.312915000260546
9.045974999935424
8.890909999990981
9.185349000290444
9.524259000045276
9.703355000056035
8.314797999901202
9.061506999842095
8.561998999994103
9.524389000034716
8.366044000013062
8.925682000153756
8.329963000051066
8.781366000221169
12.50793999997768
8.978583000043727
8.630412000002252
8.943612000166468
9.315063000030932
9.150738000244019
9.108527000080358
7.7123830001255556
9.369184999741265
9.513318000244908
9.02690699967934
9.6868339996945
9.51544899999135
9.247631000107503
8.76417700010279
11.634903000413033
9.957382999800757
8.966282000073988
9.317403999830276
9.267341999930068
9.35917500009964
9.413236000000325
8.600331000252481
9.567571000388853
9.331654000106937
9.093596000184334
10.759757000414538
9.160998999959702
9.287090999805514
9.011894000195753
9.576890000062122
9.397544999956153
8.965852000073937
8.414455000092858
8.870228999967367
8.840778999910981
8.974762999969244
10.303002999989985
9.793317000003299
8.737205999750586
9.260050999728264
9.206360000007408
9.937671999978193
8.955581999998685
9.783847000107926
9.020882999720925
8.978846000445628
9.387695999976131
9.007783000015479
8.599811000294721
9.078645000045071
9.305725000103848
8.627567000075942
8.605246000115585
8.345513999756804
8.50988000001962
8.664712000154395
9.423860999959288
8.863212000051135
8.399566000207415
8.848224000303162
8.665507999921829
8.767418999923393
8.397919999879377
8.726819999992586
8.710450000307901
8.537386999705632
8.801957999821752
8.97396199979994
8.947772000283294
8.668705000218324
8.391349999783415
8.922832999815
8.998732999771164
8.788266999999905
9.241560000191384
9.718143999634776
8.714514999610401
9.290191999753006
9.050945000126376
9.112246000313462
8.581231999869487
9.514420999948925
8.831071000258817
8.793161000085092
9.252706000097533
8.486728000207222
9.146000999862736
8.866891000252508
9.506254000370973
8.523919999788632
9.12339200021961
9.582541000327183
8.652342000004865
9.18211899988819
9.22757999978785
9.697383999991871
10.358446999816806
9.685384000022168
8.097026000086771
9.728115000143589
9.012834000259318
11.02602500031935
10.675603999970917
9.687133999705111
10.920370999883744
9.03256399988095
9.881290000066656
11.490988999867113
9.370054000100936
9.450187999846094
10.341924999920593
9.508977999757917
8.959852999851137
9.320414000285382
10.073435000322206
9.149638000053528
9.352644000045984
8.913390999623516
9.721675000037067
8.836858999984543
8.543669000118825
9.147008000127244
9.289952000017365
9.343223000087164
10.53541999999652
9.201098999710666
8.503128000029392
8.192662000055861
8.590027000082046
9.17856199976086
8.609162000084325
8.559791000152472
9.484401999998227
8.352122999895073
8.49297300010221
8.640807000119821
8.488817999932508
10.132398000223475
9.008256000015535
9.36502600006861
9.067146000234061
9.189488999709283
9.261360999971657
8.822887999940576
9.867839999969874
9.604791999663576
9.499598999809677
8.754226999826642
11.025374999917403
16.603238999778114
15.382686000066315
15.597175000038987
15.45023000016954
15.327146000345238
15.548477000265848
15.69442199979676
15.798298999925464
15.975148000052286
15.34538700025223
15.812775000085821
15.43338000010408
15.376568000192492
15.213003000098979
15.326335000281688
15.69474200005061
15.857911999773933
261.60008999977435
9.249259999705828
8.648083000025508
13.211452000177815
10.9132170000521
12.94774600000892
9.533960000226216
8.067448000019795
8.600404999924649
8.839429999625281
8.788619999904768
8.320531999743253
8.709418999842455
8.41084299963768
8.768357000008109
8.225279000271257
9.574571000030119
9.250761000203056
9.234870000000228
9.720055999878241
9.496549000232335
9.611531000246032
7.773706000079983
9.115137999742728
9.154117999969458
9.198819999710395
8.958462000009604
10.474748999968142
8.871009999893431
9.351753999908397
9.520862000044872
9.1829590000998
8.484237000175199
9.780757000044105
9.067824999874574
9.237670999937109
10.467567999967287
9.761066000010032
8.594649999849935
9.775259999969421
10.983354000018153
9.7408550000182
10.445337999954063
9.153749999768479
9.032454999669426
9.048438999798236
8.816374999696563
9.037912999701803
8.575826000196685
9.020866999890131
8.599227000104293
8.51964899993618
8.817697000267799
8.31636700013405
8.397078000143665
8.57641499987949
8.472571999845968
8.61405699970419
8.90149900033066
8.188051000161067
8.63088300002346
8.413681000092765
8.583282000017789
8.386774999962654
8.455385999695864
9.385915000166278
8.196892999876582
8.984166999653098
9.712595000110014
8.330977999776223
8.088757999757945
9.70941400009906
8.441898000000947
10.018406999733998
10.093802000028518
10.454882999965776
10.964057999899524
10.842891000265809
10.69904799987853
11.237012000037794
11.480454000320606
10.105245999966428
9.855807999883837
9.84883900036948
9.881864000362839
10.043844999927387
13.438820999908785
9.261626999887085
8.901105999939318
8.655383000132133
8.384144000046945
9.563249999700929
8.402526000281796
8.689784000125655
8.46401099988725
9.099315000185015
8.596246000251995
8.58108500005983
8.477166999909969
8.11717199985651
8.481941999889386
9.189143999719818
10.641255999871646
10.353188999943086
10.920902000179922
13.556644999880518
14.548303000083251
12.551278999580973
12.706875999811018
11.957893000271724
9.708827999929781
10.241898000003857
11.182799999915005
9.9596630002452
8.566770000015822
8.164842000041972
8.319828999901802
8.506803999807744
8.949896000103763
8.577444999900763
8.756738000101905
8.495733000017935
8.146306999606168
8.165903000190156
8.373957999992854
8.488781000323797
8.54384999956892
8.284576999812998
8.325852999860217
8.530131000043184
8.699643999989348
8.497058000102697
8.276351999938925
8.332415000040783
8.011465999970824
8.416047000082472
8.242376999987755
9.568526999828464
9.924581000177568
10.375303999808239
10.468200000104844
10.437764000016614
9.821693000048981
9.69564300021375
10.363582000081806
11.081380999712565
10.188378999828274
9.695075000308861
10.802077000334975
10.496996000256331
9.320044000105554
8.57837199964706
8.686689000114711
8.763595999880636
8.879953999894497
8.851198999764165
9.787857999981497
9.352100000342034
9.066951000022527
8.250160999978107
8.530544000223017
8.581958999911876
9.171622999929241
9.03134999998656
8.821641999929852
10.92920300015976
9.14525300004243
8.826897999824723
8.545591999791213
9.681603999979416
8.517112999925303
9.172099000352318
8.26826100001199
8.935801999996329
8.569429000090167
8.38112400015234
8.729959999982384
8.355443999789713
8.429647000411933
8.782846000030986
8.266875999652257
8.578425999985484
8.206569999856583
8.544872000129544
8.780701999967278
9.047494000242295
9.534184000131063
9.221249999882275
10.16014400011045
10.403697000128886
10.630485000092449
12.06070299986095
9.800463000374293
10.00077800017607
10.541204999753973
9.921683999891684
10.557027999766433
10.905180999998265
12.693886999841197
11.890903000221442
10.60568200000489
10.742345999915415
8.668896000017412
8.868639999946026
8.282999999664753
8.99084299999231
8.548338999844418
8.498882000367303
8.297282000057749
8.292112000162888
11.199221999959263
8.446160999938002
8.621706999747403
8.672306999869761
8.803729999726784
8.955915999649733
8.508330999575264
8.94623500016678
8.625043999927584
9.115156999996543
9.206051000091975
8.575866000228416
8.916025999951671
8.276026999737951
8.051053000144748
8.273091000319255
8.161887000369461
8.890479000001505
8.836243000132527
8.484571999815671
9.10587199996371
8.324538000124448
8.33002800027316
9.296242999880633
9.478878000209079
8.7996369998109
12.00511600018217
8.804412000245065
8.877274000042235
8.684207999976934
10.095292000187328
8.553654000024835
10.194081000008737
9.032704000219383
9.203461999732099
8.302973999889218
8.771151000019017
8.581043000049249
8.535999999821797
8.642801999940275
8.372128999781125
9.266879000279005
8.249530000284722
9.295592999933433
9.957151999969938
9.3675340003756
9.923980999701598
10.740438000084396
16.94366500032629
17.46057499985909
16.714787000182696
17.032977999861032
16.896642999654432
16.389217999858374
15.492140999867843
15.459629999895697
15.585375000227941
15.249772000061057
15.38662699977067
15.511780999986513
15.425098999912734
15.701456999977381
15.515741999934107
15.298543999961112
16.010114999971847
15.57696300005773
15.21780300026876
15.595433999806119
15.869642999859934
15.58136400035437
8.264725000117323
8.817928000098618
8.310773000175686
8.14305800031434
8.29925199968784
8.709499999895343
8.307981999678304
11.818313999810925
8.546859000034601
8.25338599997849
8.707116000095994
8.151558000008663
8.53424900014943
8.34148300009474
8.867408999776671
8.589400999881036
9.393545000421
8.659222000005684
8.908121999866125
8.924172000206454
8.532099000149174
8.673542999986239
9.002022999993642
9.215920999849914
8.854459000303905
8.447126999726606
8.246230999702675
8.984034000150132
8.559079999940877
10.036094000042795
8.880764999958046
8.743675000005169
8.74559500016403
9.923042000082205
10.794607999741856
10.282210999775998
13.278391999847372
16.412335000040912
16.549158000088937
16.506401000242477
16.820525999719393
16.537802000129886
16.46090100030051
15.760928999952739
15.89899200007494
16.439499000171054
15.733518000160984
15.960165000251436
15.475530000003346
15.762969000206795
17.149249999874883
15.596103000007133
15.232892999847536
15.86853200024052
8.897159000298416
12.638914000035584
11.186960000031831
12.023111999951652
9.44263699966541
9.222469999713212
8.941567000420036
8.595555999818316
9.234965999894484
8.688053999776457
9.506579000117199
11.180070000136766
8.952301000135776
10.218291000001045
9.28285700001652
8.795976999863342
8.892549999927724
9.3696980002278
8.825948999856337
9.550440000111848
8.35429499966267
9.714564999740105
9.887182000056782
8.574440000302275
8.692064000115352
8.728695000172593
8.91144599972904
8.883415999662247
9.092584999962128
8.335925000210409
8.804331999726855
8.586041999933514
8.38331000022663
9.34012800007622
8.511378000093828
8.54992399990806
8.341528000073595
9.280107999984466
8.807016999980988
8.52749900013805
8.402839999689604
8.463107000352466
8.636153000225022
9.876830999928643
9.00403399964489
9.704053999939788
8.73887099987769
8.55407400013064
8.768556999712018
9.677254000052926
9.619221999855654
8.955362000051537
10.983203000250796
9.77241700002196
10.718066000208637
16.468950000216864
11.332325000239507
11.59805299994332
11.965192999923602
11.299923000024137
11.568711000109033
11.35329399994589
11.95021400008045
10.338824999962526
11.0913570001685
11.192592000043078
9.107789000154298
9.015604000069288
9.230619999925693
8.528069000021787
9.35492400003568
8.440937000159465
8.91372100022636
10.211751000042568
8.687632999681227
8.48190800024895
8.912020000025223
9.47621999966941
9.732815999996092
9.371394000027067
9.905640999932075
9.070816000075865
9.050054999988788
9.202529000049253
9.362363000036567
11.276146999989578
10.323793000225123
9.904650999942533
10.155458999633993
9.286626999710279
8.954917999744794
8.789767000052962
9.006543999930727
8.86101400010375
8.451461999811727
9.012124000037147
9.201039999879868
8.739210000385356
9.093526000015117
8.462608000172622
8.581290000165609
8.524070000021311
9.426915999938501
8.895539999684843
9.017404000132956
9.34510000024602
8.523798000169336
8.762571000261232
9.545899999920948
8.819052000035299
8.934516999943298
8.751135000238719
8.810068999991927
9.221570000136126
9.34018299994932
8.808778000002349
8.429382000031183
8.772156000304676
8.713560000160214
9.204384999975446
8.711824999863893
8.809378000023571
8.402705000207789
8.736465999845677
8.609275999788224
9.015289000217308
8.997787999760476
8.694713999830128
8.610622999640327
8.756075999826862
8.60209099982967
8.65387300018483
8.931425999890052
8.996598000067024
9.074690999568702
9.118712000145024
8.579869999721268
8.368740000150865
9.08692599978167
9.608362000108173
8.554860000003828
8.699783999873034
8.52032800003144
8.290831000067556
8.82668400026887
8.563239000068279
8.75170600011188
9.21256000037829
10.423967000406265
14.053186999717582
12.877355999989959
17.858327999874746
16.99839200000497
16.253033999873878
16.24095600027431
15.501660999689193
15.557662999981403
15.457979000075284
15.39939799977219
15.41779899980611
15.862861999721645
15.564692999760155
15.348676999565214
15.380367000034312
15.461810000033438
15.417638000144507
15.468919999875652
15.596233999985998
15.45808200035026
15.521991999776219
15.369677000308002
13.659983999787073
9.337194000181626
9.020523999879515
9.115866999763966
10.300514000391559
9.565640999880998
9.190628999931505
8.926850999614544
9.838278999723116
8.947551999881398
8.657626000058372
9.359843999845907
10.643124000125681
9.930301999702351
12.550811999972211
9.844419000273774
9.542750000036904
15.637054999842803
8.83843200017509
16.722087999823998
9.34441399977004
8.700234000116325
9.039663999828917
9.655324000050314
8.90349100018284
9.209029999965423
8.723885000108567
8.359434000340116
9.639342999889777
9.767695999926218
9.532843000215507
9.153347999927064
9.18134799985637
9.118706999743154
9.570961000008538
9.082368000235874
8.995672999844828
9.357804000046599
9.014614000079746
8.791666999968584
8.812657999897056
9.101326999825687
10.336093999740115
9.015584000280796
9.200709000197094
9.079127999939374
9.513818999948853
9.60638199967434
9.04228499985038
9.096187000068312
9.059175999936997
8.972501999778615
8.86310899977616
10.005334000197763
9.256411000023945
8.734758000173315
9.247990999938338
9.51081899984274
9.107026000037877
11.54482000038115
10.177258999647165
8.524078999926132
9.230425000168907
8.482863000153884
8.616824999990058
8.423050999681436
8.377165000183595
8.941785999923013
10.835215000042808
15.910374999748456
15.76189900015379
15.393940000194561
15.68754700019781
15.805619999810006
15.388270000130433
15.746199999739474
15.722146999905817
15.936224000142829
16.21867399990151
16.384157000175037
15.891411999746197
15.411479000249528
15.717228000085015
15.625127000021166
15.484113000184152
15.850572000090324
15.629675000127463
9.271732000343036
13.380587000028754
8.852868999838392
9.596451000106754
9.232609999799024
8.959151999988535
9.387914999933855
9.350024999548623
9.68592399976842
9.025104000102147
8.65926300002684
9.255552000013267
8.42869600000995
8.795297999768081
8.138496999890776
8.885232000011456
9.272121999856608
8.30947299982654
8.849709000060102
9.241640999789524
8.98857299989686
9.36616499984666
9.07792599991808
8.719554999970569
8.419525000135764
8.862549000241415
8.955551000326523
10.611471999709465
15.581922999899689
16.16553100029705
15.76838900018629
15.299255000172707
15.554321999843523
15.195380000022851
15.541450999990047
15.797985000062909
16.150600999935705
16.095968000172434
16.089699000076507
15.759319000153482
15.482290999898396
15.321074999974371
15.568608000194217
15.534582000327646
15.623955000137357
15.713758000401867
15.65756500031057
15.668776999973488
15.679975999773887
15.634425000371266
15.605544000209193
16.066819000116084
15.86964199987051
15.4631899999913
15.785389000029681
15.607829000146012
15.25307200017778
15.707336999639665
15.376666000065597
15.959014999680221
15.494279999984428
15.580503000364843
15.454799000053754
15.719091999926604
15.435748999607313
15.874132000135432
15.85379100015416
8.514353999999003
8.406564999859256
8.161922999988747
8.352414000000863
8.55050999962259
8.980321999843
9.104132000175014
8.665932999974757
8.084705999863218
9.221090000210097
8.336664000125893
9.22386499996719
13.38802600002964
15.290844999981346
16.048315999796614
15.604513999733172
16.17753199980143
15.443439999671682
15.410418000101345
16.00894800003516
16.898382999897876
16.04030699991199
16.116559999773017
16.09423899981266
15.512221000335558
15.26204299989331
15.235223000217957
15.600534999975935
15.796138000041537
15.55189300006532
15.235521999784396
15.301354000257561
15.162469999722816
9.184027999708633
8.876409000095009
8.508249999977124
8.02451400022619
8.131427000080294
8.516093000253022
8.251195999946503
8.934057000260509
8.225175000006857
8.630268000160868
8.822408000014548
8.529808999810484
8.882059999905323
10.257501000069169
8.851268999933382
8.475276999888592
8.376285000395
8.832327999698464
8.234131000335765
9.236039999905188
8.777349999945727
8.544118999907369
8.232320999923104
8.777242000178376
8.749024999815447
8.534059000339766
8.349429000190867
8.525667999947473
8.773156000188465
9.066848000202299
8.365525000044727
8.597280000230967
8.649125999909302
8.231053000145039
9.118379000028654
8.950678000019252
8.883630999662273
9.50748199966256
8.215664000090328
8.689033999871754
8.814461999918421
8.310178000101587
8.029344000078709
8.424885999829712
8.654822999687894
8.394876000238582
8.618855999884545
8.838925999953062
8.315873999890755
8.675443999891286
8.802679999917018
8.600875999945856
8.353812999757793
8.449097000266192
8.487043000059202
8.3516839999902
8.95489100003033
8.577714000239212
8.16860299983091
8.655307000026369
8.183154000107606
8.619541999905778
8.637502000055974
9.077445000002626
8.561958999962371
8.293112000046676
8.241655000347237
8.586565999848972
8.750530000270373
8.363603000361763
8.647612999993726
8.667142999911448
8.671697999943717
8.983196999906795
8.561061999898811
8.477742000195576
8.517683000263787
8.174433000021963
8.578762999604805
8.913228999972489
8.042355000270618
8.390265000343788
8.336813999903825
8.413050999934057
8.228331999816874
8.508227999755036
8.421235000241722
8.73693599987746
8.706905000053666
8.585877000314213
8.627861000150006
8.527139999841893
8.496070000092004
8.701608999672317
9.348663999844575
8.885060000011435
8.643183000003773
8.674507999785419
8.3362179998403
8.697863000179495
9.232719999999972
15.240373000324325
16.217022000091674
15.391272999750072
15.402737999920646
15.825435999886395
15.783028999976523
15.933773999677214
15.490913000121509
15.976064999904338
15.982684999926278
15.612174000125378
15.979664999576926
16.23810399996728
15.6035290001455
15.61740400029521
15.934325999751309
15.937383000164118
15.319866000027105
15.573994000078528
15.342357999998057
15.422007999859488
15.574483999898803
15.482769999835
15.463482000086515
15.856922000239138
15.524612000263005
15.980875999957789
15.500710999731382
15.568442999665422
15.420869000081439
15.424058999997214
17.30669600010515
15.731660000255943
9.21038900014537
9.424275000128546
10.00843400015583
9.469597000133945
9.436096000172256
9.718854999846371
9.962263000034
9.16428900018218
8.944273999986763
9.534498999983043
8.55892900017352
8.604942000147275
10.831248999693344
9.179230999961874
8.771476999754668
10.401247999652696
9.125565999966057
8.79609799994796
9.098857000026328
9.248120999927778
8.162943000115774
8.239409999987402
8.18130299967379
8.626385999832564
8.594666000135476
8.760811000229296
9.001623000131076
8.82868899998357
13.12230899975475
15.652147999844601
15.629334000095696
15.55608500029848
15.691635999701248
20.189493000088987
15.585152999847196
15.92016299991883
16.11404200002653
16.103459000078146
15.387026999633235
11.841949999961798
10.783546999846294
8.964591999756522
9.328152999842132
8.931230999678519
8.40704599977471
8.636288000161585
8.545713999865256
9.009116000015638
8.716527999695245
12.4160719997235
15.876552000008815
15.636457999789855
15.527790999840363
15.490373999909934
15.340956999807531
15.813510000043607
15.97840600015843
15.845165999962774
15.590703000270878
15.48205999961283
14.950535000025411
15.607073999944987
11.332436999964557
8.827798999845982
8.728553999844735
8.568981000280473
8.328978000008647
8.616222999989986
8.770029000061186
8.372535999569664
8.172398000169778
8.280634000129794
8.353798000371171
8.539715000097203
8.374299000024621
8.703705999778322
8.050048999848514
9.040134999850125
8.631766000235075
8.435396000095352
8.94786099979683
8.65323600010015
8.94144599988067
8.68385900002977
8.93535500017606
8.90939199962304
8.405170000060025
8.61012599989408
8.229749999827618
8.291271999951277
8.395408000069438
8.59913400017831
8.609592000084376
8.517710999967676
8.28791399999318
8.551400999749603
8.279306999611435
8.964129000105459
8.461842000087927
9.25117999986469
8.991021999918303
8.616436000011163
8.88635899991641
8.74823899994226
8.824817999993684
8.614463999947475
8.557152999856044
8.630113000435813
9.225342000263481
8.9944290002677
9.01056399970912
8.766436999849248
9.110627000154636
9.515691999695264
8.844209000017145
8.63726100033091
8.580753000387631
8.496340999954555
8.384804999877815
8.432965999872977
8.626011999695038
9.578273999977682
8.618784999725904
8.74384500002634
8.70680900015941
9.062109999831591
8.66879399973186
8.877249999841297
8.463518000098702
8.689213999787171
8.289351999792416
8.59009000032529
8.544988999801717
8.580171000176051
8.375244000035309
8.310841999900731
8.538548999695195
9.482163000029686
8.501787999648514
8.709118000297167
8.195608999812976
8.315036999647418
8.454455999981292
8.799232000001211
8.39648400005899
8.2212930001333
8.526392000021588
9.12586200001897
8.877234999999928
8.601507000093989
8.49717100027192
8.409144999859564
9.205359000134195
8.835243000248738
9.627097000247886
9.141515000010259
8.440105999852676
8.405709999806277
8.60322400012592
11.22288100032165
8.789525999873149
9.112211999763531
8.90600299999278
8.512673000041104
8.576249999805441
8.280871999886585
8.944725999754155
8.651577999899018
8.344463999947038
8.188690999759274
9.011123000163934
8.385769000142318
8.734847000141599
8.380750000014814
8.727547000034974
9.024734999911743
8.829957000216382
8.664743999815983
8.521462999851792
9.27249699998356
8.88304899990544
12.938653000219347
9.135298000273906
9.072997999737709
9.48577799999839
9.071286000107648
9.434755999791378
8.69783500002086
8.980932999747893
9.058204999746522
9.030843000346067
9.701415999643359
8.584670999880473
8.922323000206234
13.613476000045921
9.120567000081792
10.640432999935001
15.876292000029935
15.85454199994274
9.721897999952489
8.789007999894238
10.083649000080186
9.417956000106642
9.020385000440001
12.879990999863367
16.308445000049687
9.824557999763783
8.730054999887216
11.504924000291794
11.998545000096783
12.221941999996488
9.17005400015114
9.275491999687802
9.262562000003527
10.69581499996275
10.222581000107311
9.158117999959359
9.16679900001327
9.082165999643621
9.059925000201474
9.785937999822636
9.493928000210872
8.802235999610275
9.88963200006765
12.69147300035911
9.32775399996899
8.684934000029898
13.158209999801329
9.284302999731153
9.615470999960962
9.024405000218394
8.718605000012758
10.411209000267263
16.066678000242973
15.582073999667045
16.06220800022129
15.712949999851844
15.750469000067824
15.849851999973907
16.135710000071413
16.44806000012977
16.468600999814953
16.400027999679878
17.329956000139646
16.31898799996634
15.96993500015742
16.339195999989897
15.895773000011104
15.877541999998357
15.68325600010212
15.89607200003229
15.926644000046508
17.438549999951647
16.135463999944477
15.608253999744193
15.951093999774457
15.753780999602895
15.812300000106916
15.676932000133093
15.57151299994075
15.633470000011584
15.479318000416242
15.517307000209257
15.246612999817444
15.375440000298113
8.43077599984099
10.073980000015581
9.066496000286861
8.641441999770905
9.709514999940438
9.123686999828351
8.709554999768443
9.533559999908903
9.226339999713673
9.040954000283818
9.040744999765593
8.887722000054055
9.62049300005674
9.717935000026046
9.374814000238985
9.019803999763099
9.043386000030296
8.840587999657146
9.748698999828775
8.884860999842203
9.652621999975963
9.132528000009188
8.813978000034695
9.181159000036132
9.35739399983504
8.813028000076883
11.708556000030512
9.939002000010078
10.303515000032348
9.871751999980916
9.08617899995079
8.623291999811045
9.343779000118957
8.90618599987647
9.079326000119181
9.074420999695576
9.12386099980722
8.845113000006677
8.60892499986221
8.299854000142659
8.486768000238953
8.582020999710949
9.01634899992132
9.15839999970558
8.549563999622478
9.006303000205662
8.7247300002673
8.544128000266937
9.0985360002378
8.663544999762962
8.693966999999247
8.21116399993116
8.889879999969708
8.741688000100112
8.402158000080817
8.226760000070499
9.019163000175467
8.50462400012475
8.646585999940726
8.359154000117996
8.457389000341209
8.518757999809168
8.186402999854181
8.855648999997356
9.29645199994411
8.729014999971696
8.592781000061223
8.844747999773972
8.71915000016088
8.641205000003538
8.764130000145087
8.961235000242596
8.57362099986858
8.534981999673619
8.600947000104497
8.46500699981334
8.349323999937042
8.803150999938225
8.557770000152232
8.400128000175755
9.037976999934472
8.875604999957432
8.652332000110619
9.63856799990026
8.806897999875218
9.31151199984015
8.760396000070614
8.727894999992714
8.330142999966483
8.316613999795663
9.066884999811009
9.600536999641918
9.11775199983822
8.903310999812675
9.033013999669492
8.673188000102527
9.228935999999521
8.381006000035995
9.096628999941458
9.649903000081395
9.686074999990524
8.726794000267546
9.32944599981056
8.949561999997968
9.870288999991317
9.283202000005986
9.51963000034084
8.967183000095247
8.364243999949394
9.592821999831358
8.924251000280492
9.207290000176727
9.351693999633426
9.023123999668314
9.660304000135511
9.135567999692285
9.082530000341649
9.385428000314278
8.741386000110651
9.03858300034699
8.931750999636279
9.639774999868678
10.276991999944585
9.263881000151741
9.008783999888692
8.822590999898239
9.174619000077655
9.336372999769083
8.612662999894383
9.837437999976828
9.183159000258456
9.271491000163223
9.375685000122758
9.032344999923225
10.542280000208848
11.246241999742779
9.156607000022632
8.719384999949398
9.014444000058575
9.826999999859254
9.624662000078388
9.723385000143026
8.11941600022692
9.561265000229469
8.709638999789604
8.806668000033824
8.731524999802787
8.294492000004539
8.580061999964528
8.260919999884209
9.037444000114192
8.881530000053317
8.578470999964338
8.340593999946577
8.546129000023939
8.437140000296495
8.81687699984468
8.05273500009207
8.890309999969759
8.277141000235133
8.754615999805537
9.209548999933759
9.196249000069656
9.411749999799213
9.708106000289263
8.487547000186169
8.927852999931929
9.004368999740109
8.581441000387713
8.951336999871273
8.695585000168649
8.43744100029653
8.66255299979457
8.437746000254265
8.63316200002373
8.632702000340942
8.422060999691894
9.122923000177252
8.710374000202137
8.876559999862366
8.882398999958241
8.960653000031016
8.775736000188772
8.625123000001622
8.679313999891747
12.495518999912747
8.632436999960191
8.504382999944937
8.342864000042027
8.75169500022821
9.191729999656673
8.49821699966924
9.064435000254889
9.371265000027051
8.619581999937509
8.504137999807426
8.698375000221858
8.90394100042613
8.608291000200552
8.296052999867243
8.375953000268055
8.646867999686947
9.89338699992004
8.581875000345462
8.46768700012035
8.170158000211813
8.177728999726241
8.943901000293408
8.755487000144058
8.356663000085973
8.62618199971621
8.316401999763912
8.594491000167181
8.619771000212495
8.76358599998639
8.660353999857762
8.761855000102514
8.453657000245585
9.204527999827405
10.634642999775679
8.910211000056734
8.728559000246605
9.000344000014593
8.233089999976073
8.515418999650137
7.924525999897014
8.73299099976066
8.013462999770127
8.182136999948852
8.211159000438784
8.426516000326956
8.618811999895115
9.154673000011826
9.017502999995486
9.454227000333049
9.022808999816334
8.92026600013196
9.472741000081442
9.277405999910115
9.171933999823523
9.245870000086143
8.537888999853749
9.199819000059506
8.95049700011441
9.131057000104192
8.497729000282561
8.350973000233353
8.551220000299509
8.576935000291996
8.405279999806226
8.981962999769166
8.603370999935578
8.698185000412195
8.17385300024398
9.154392999789707
9.106654999868624
8.77259699973365
8.605617000284838
9.170529000130045
8.086456000000908
8.651341999666329
9.229311000126472
8.777326999734214
10.126696999577689
9.038504999807628
8.945536999817705
8.706559000074776
8.415484999659384
9.116237999933219
10.849383999811835
8.670723000250291
9.037539000019024
9.385755000039353
8.63125299974854
8.86546299989277
8.83871900032318
8.702959000402188
8.305241000016395
