Messages/sec=4.78
duration_sec=60.059
payload_size_bytes=15728640
total_messages=287
payload_throughput_MiB_sec=71.68
mean_rtt_ms=171.701
median_rtt_ms=137.743
stddev_ms=48.626
min_ms=114.095
max_ms=266.487
---raw_latencies_ms---
138.8411569996606
122.929674000261
116.41705700003513
138.49581700014824
114.09496600026614
125.88713399964035
129.22328500008007
125.36137300003247
121.67760099964653
124.34347799990064
125.80645600019125
122.28499999991982
128.16286299994317
119.7632700000213
131.17244400018535
211.43156200014346
227.89856299959865
202.3674070001107
235.44316300012724
231.05723900016528
232.57859499972255
230.3682680003476
233.50446199992803
246.67070499981492
235.75937199984764
238.55175799963035
234.52680499985945
241.5009960000134
231.02162700024564
230.33524599986777
232.86059599968212
230.80389200003992
237.7182449999964
209.262408000086
232.1614019997469
140.37679499961087
207.13118300000133
234.62348799967003
235.7416730001205
234.46126099997855
242.06277700022838
189.3810320002558
138.80793699991045
230.70610799959468
233.80052299989984
231.0934229999475
234.2362649997085
226.72412900010386
236.99149999993097
227.66847699995196
232.7644310003052
230.4639720000523
247.06516500009457
200.84996400009913
132.8063139999358
129.62537799967322
131.14099699987491
132.86254499962524
133.06098099974406
135.30025999989448
132.65248000016072
144.26373200012677
132.01488000004247
136.02988599996024
129.49787700017623
135.39309199995841
126.55463599958239
151.0462779997397
131.6213989998687
126.14124899982926
127.74538099984056
121.78166900002907
124.04259400000228
128.35316600012447
121.81738599974778
127.15187699996022
121.90548999979
199.62188399995284
216.81703200010816
123.01106199993228
123.60393699964334
127.98001099963585
125.86488900024051
123.14938000008624
132.45693399994707
213.61931999990702
230.33784700010074
228.1211810000059
228.77255200000945
152.43142099961915
178.15708499983884
133.9965699999084
143.4096870002577
131.3909609998518
132.6430200001596
130.85044399986145
139.0098219999345
134.87931999998182
129.6963400000095
133.7957149999056
134.04962200002046
126.65524800013372
124.67295799979183
130.14813300014794
131.296798999756
125.41599300038797
127.7408099999775
131.5790480002761
126.75635999994483
125.91420499984451
211.34022999967783
202.96773700010817
128.46637299981012
128.24256599969885
132.8405060003206
129.92437699995207
210.48905599991485
242.28300200002195
172.11917900021945
126.3307789999999
127.18378299996402
128.84995700005675
130.97956000001432
126.1172610002177
134.74189599992314
129.01177800040387
132.5618679998115
129.78385299993533
138.2029699998384
131.4811140000529
130.69045000020196
137.54828899982385
125.58485399995334
127.29670699991402
150.1909369999339
215.80001600023024
134.6362300000692
135.99234200000865
128.53058500013503
131.54199700011304
136.9950609996522
129.333109000072
202.66451699990284
138.30582100035826
132.68842100023903
140.21679100005713
217.47752900000705
131.75742299972626
131.70348999983617
133.08227299967257
130.96543900019242
130.20195599983708
132.41759400034425
136.4140129999214
128.76897300020573
132.79206700008217
216.82682800019393
205.86770299996715
130.7191519999833
132.87023200018666
130.1270639996801
137.115816000005
127.75470999986283
131.26970799976334
135.71727299995473
137.81106700025703
215.2883329999895
244.24331000000166
246.72119500019107
243.64958200021647
243.4167639999032
247.2401909999462
243.67239200000768
236.17879499988703
225.87934199964366
266.48700599980657
230.15576199986754
239.19866899996123
234.53777499980788
253.4158700000262
236.33932000029745
244.84507800025312
234.7079000001031
229.1334800002005
228.02995900019596
239.39366200011136
233.9183559997764
157.60969800021485
208.79608599989297
229.69354900033068
133.92274799980441
133.21995699971012
139.87117900023804
132.9318489997604
219.0082820002317
228.4285099999579
241.4319549998254
236.7949139998018
227.32281800017518
232.37281899992013
236.1413230000835
222.29001400000925
234.69187000000602
255.04924999995637
240.1291839996702
227.05801800020708
230.01078800007235
235.12118200005716
251.31068500013498
238.0346320001081
241.77319400041597
233.14741299964226
234.6529090000331
226.01574600003005
237.54367599985926
234.1522549995716
226.93430399976933
232.5314640002034
237.80167399991115
144.8372830000153
136.41956499986918
135.89641799990204
128.53177500028323
129.26770800004306
131.3569130002179
133.10379299991837
131.32117200029825
133.71192400018117
137.74273499984702
127.8660050002145
130.86326599977838
202.0882089996121
247.198471000047
229.09768199997416
230.75692100019296
228.6084369998207
232.24898800026494
208.71572099986224
134.99619300000631
134.37960300007035
131.18486499979554
145.5753770001138
190.59010999990278
200.09505899997748
125.533133999852
127.50109299986434
130.7180909998351
132.10981500014896
126.87988400011818
132.3764220001067
133.2349089998388
168.85317900005248
235.46840400013025
226.18868100016698
173.14884999996139
130.76528200008397
131.22748699970543
160.9269780001341
128.80773400002
131.15295300030994
131.66236000006393
134.0020640000148
143.37763599996833
134.6219000001838
130.35470000022542
131.94856800009802
129.57918600022822
128.71673000017836
128.64404900028603
141.16861899992728
135.34624100020665
126.38990999994348
132.00400100004117
136.4608449998741
127.16017399998236
128.6670290000984
138.09027399975093
196.56788199972652
239.6806220003782
233.20419599986053
224.78559999990466
131.65932999982033
131.3676210002086
128.0888109999978
138.25216000032015
199.41928900016137
133.89830899996014
