Messages/sec=4.56
duration_sec=60.054
payload_size_bytes=15728640
total_messages=274
payload_throughput_MiB_sec=68.44
mean_rtt_ms=181.880
median_rtt_ms=171.724
stddev_ms=48.392
min_ms=121.932
max_ms=266.389
---raw_latencies_ms---
221.3466039997911
130.23003699981928
129.0179900001931
213.6092800001279
234.10740400004215
248.9794130001428
234.65635999991719
243.23670000012498
231.29935799988743
136.31102999988798
221.08697500016206
243.3834239996031
157.69989999989775
136.40226899997288
234.19520300012664
234.59774000002653
224.7841429998516
232.52844900025593
228.59336500005156
232.51374799974656
226.4013580002029
238.95806899963645
233.81254699961573
235.45667399957892
234.28871699979936
225.6678470002953
232.85532499994588
228.4471099997063
193.07135500002914
218.0434229999264
231.5053520001129
225.90674700040836
239.40795699991213
228.01747099993008
236.19331500003682
231.47621200041613
124.79013099982694
124.82502700004261
123.48126599999887
127.3957349999364
124.83318100021279
137.43204499996864
127.45215200038729
122.05279699992388
126.79617200001303
121.93247400000473
216.84520700000576
202.69523699971614
204.7228989999894
237.24099600030968
232.80866200002492
227.28329299980032
230.41949799971917
230.51690300007976
225.6120940000983
168.66961300002004
207.98396800000774
232.94441600000937
237.70979000028092
233.2159560000946
136.47416599997086
211.34935000009136
231.25853500005178
185.43365400000766
136.34512199996607
136.00863200008462
136.70625300028405
132.76116399993043
133.32037999998647
128.59448700010034
220.9606920000624
234.96793800040905
160.73737399983656
147.92291399999158
158.132433999981
132.35525300024165
234.7064630002933
227.52680200028408
258.51766300002055
231.99465800007602
236.6147809998438
237.28579699991315
132.45216400036952
127.33501800039448
137.94179000024087
218.28976999995575
251.57105300013427
232.07241000000067
244.99434100016515
238.21462700016127
173.54215200020917
132.56082700036131
129.2387260000396
137.20880800019586
134.5985389998532
136.204207999981
223.18466000024273
229.52617400005693
226.98032600010265
226.71643700005006
129.4896420004079
149.07807000008688
133.04248000031293
135.1014940000823
129.44704299980003
133.20675700015272
133.0311920000895
153.7613919999785
134.6229900000253
141.68544399990424
127.08023000004687
132.83242499983317
137.3099209999964
132.40255200025786
142.1509500000866
131.14292399995975
140.21930900025836
211.17283600005976
232.52880700010792
239.7470539999631
227.05830800032345
211.90567399980864
233.56877699961842
234.22083700006624
224.49611100000766
235.56760800011034
238.28094000009514
232.46180000023742
233.9968900000713
132.97468900009335
133.59502899993458
136.2282889999733
134.1258040001776
167.1133780000673
246.20623999999225
233.22936700014907
230.38781000013842
235.86334600031478
232.0599710001261
240.7893670001613
229.70011799998247
138.53422700003648
131.55210699960662
133.9190180001424
136.8048069998622
200.6524459998218
228.9112240000577
228.71225600010803
236.48053399983837
229.49988400023358
230.56281600020156
233.2508469999084
238.9108480001596
237.79727400005868
162.61724100013453
135.8822499996677
140.04562499985695
136.9732309999563
139.77582699999402
228.22546299994428
228.35070700011784
232.85810400011542
231.49467299981552
245.63662399987152
266.38937200004875
251.02481599969906
139.94198299997151
122.58812300024147
207.77562200009925
229.1743040000256
224.18193000021347
237.23572600010812
210.37690200000725
137.51267799989364
135.55058800011466
128.5091149998152
230.9048349998193
248.32387400010703
232.1452319997661
236.22138599967002
241.1001440000291
231.21412399996188
228.47000900037528
131.58166799985338
139.42330700001548
129.65765900025872
135.57062699965172
127.79346199977226
130.1431940000839
217.43996500026697
239.14825499969083
232.37074899998333
231.9699159997981
148.55025499991825
129.68381900009263
122.34500800013848
138.55766899996524
123.55113500007064
123.5276430002159
125.88781399972504
209.99010900004578
188.65670099967247
135.44920499998625
135.48116599986315
130.6503599998905
153.41790299999047
135.55146700036858
131.6559000001689
132.0125199999893
141.2508909997996
127.4227610001617
128.02626900020186
131.26488999978392
133.88919800036092
132.3408909997852
130.0198599997202
126.7048889999387
132.05263200006812
127.64039300009244
122.84400699991238
125.16853799979799
169.9051870000403
134.3242010002541
210.03341100004036
239.6435420000671
132.537855999999
134.88149700015128
132.616889000019
131.95255799973893
142.40080799982024
175.86548500003119
131.60790700021607
134.53371799960223
153.3650689998467
185.2328380000472
134.37450199990053
135.75651599967387
127.03835800039087
129.62100799995824
130.71807999995144
222.2210410000116
246.45199699989462
235.43786300024294
233.48821600029623
232.38329000014346
227.82753199999206
240.3900539998176
160.14411500009373
130.72955100005856
132.49423500019475
138.67476299992632
129.5931070003462
131.96035900000425
129.64561899980254
134.4722640001237
131.47250500014707
129.40404399978434
132.4687169999379
224.66923599995425
128.9425689997188
134.24413899974752
130.1097329996992
152.41752000019915
212.3435610001252
232.00358800022514
230.72848799984058
227.08475800027372
229.174884999793
231.69278799969106
229.59802700006549
138.28212999987954
139.9145209998096
131.65895900010582
128.50546500021665
