Messages/sec=5.03
duration_sec=60.061
payload_size_bytes=15728640
total_messages=302
payload_throughput_MiB_sec=75.42
mean_rtt_ms=161.317
median_rtt_ms=136.004
stddev_ms=44.158
min_ms=120.955
max_ms=294.054
---raw_latencies_ms---
135.360442000092
127.79317300010007
147.34260899967921
255.95706600006451
237.99849099987114
142.26541200014253
176.85531200004334
145.69880599992757
137.68443299977662
179.1570820000743
230.20251400021152
147.34865699983857
133.48583600009079
132.08524200035754
135.21612800013827
211.56341699997938
189.31223100025818
142.19386900003883
134.0702429997691
223.3520760000829
143.24633199976233
131.07039199985593
131.13061299964102
130.84735600023123
139.65625400032877
225.53127099990888
231.3952419999623
233.95558699985486
235.62099799983116
232.80694300001414
235.82625600010942
231.0103079998953
137.56943999987925
144.1787500002647
134.61503000007724
226.94997300004616
233.0784999999196
230.7682460000251
231.79010300009395
236.04835099968113
228.56573400031266
137.36373499978072
136.5952810001545
151.38749900006587
211.5866780000033
225.78374099975917
179.77794200032804
217.34657499973764
241.72193499998684
140.12203699985548
140.20601999982318
132.75033199988684
137.2971310001958
137.6170500002445
136.04861400017398
145.9789349996754
128.52469600011318
130.0761610000336
130.95567900018068
144.97516400024324
132.0569620002061
132.52880600020944
218.00675299982686
242.09906399983083
231.26005599988275
226.7038660002072
238.93250799983434
286.6851190001398
230.42132899990975
133.89874699987558
129.90832600007707
213.1033440000465
239.70637299998998
229.25045600004523
235.19546499983335
230.01332800004093
227.4662720001288
135.15110600019398
126.92399600018689
150.71920899981706
134.43902399967556
149.99634700006936
133.4165530001883
132.80173400016793
131.00059900034466
124.10751000015807
129.00310900022305
233.97333799994158
240.76393399991503
239.60439900019992
240.8790469999076
231.11609099987618
231.52875400000994
236.70015999960015
222.08919700005936
213.6646720000499
232.41543100039053
232.60081599983096
226.25705300015397
133.59615099989242
129.55709900006696
126.93593699987105
130.96438799993848
131.78901399987808
135.19265700006144
128.91428700004326
130.6092089998856
134.8355760001141
134.80944599996292
129.90218699997058
123.74643000021024
127.18159099995319
122.01795600003607
125.83648300005734
134.27634900017438
127.568459000031
126.71378000004552
134.52479900024628
132.82485500030816
128.71550999989267
134.09464500000468
128.9186660001178
133.2768090001082
133.19183899966447
131.7009220001637
129.255017000105
194.37041699984547
127.30196800021076
135.28718999987177
130.84592500035797
129.42873299971325
142.07691600040562
142.78251599989744
280.4213389999859
133.4444430003714
133.30713899995317
133.86727700026313
134.07586299990726
134.02009699984774
124.98185200001899
125.60687599989251
220.62353399996937
215.62801099980788
146.10289899974305
128.48386300038328
129.1779740004131
137.26524999992762
147.40263800013054
133.35930099992765
129.5911080001133
132.0798530000502
141.15459800041208
132.52284600002895
136.7145930003062
129.42740199969194
133.88688699978957
132.4474539997027
133.72153199998138
134.19604699993215
131.45780400009244
138.39890399958676
129.170995000095
131.25339799989888
128.1751629999235
131.87216999995144
132.00635000021066
124.1288309997799
128.99877900008505
126.42364099974657
134.39530300001934
137.74344400007976
126.10554100001536
131.94579900027747
131.82018399993467
128.4528220003267
125.08229099967139
146.12027800012584
130.80319499977122
130.13731299997744
124.7660399999404
128.54543500043292
125.59959700001855
127.18804399992223
130.93635800032644
134.19792700005928
125.05155899998499
122.70926800010784
129.68877899993458
134.66761200015753
138.65022199979649
136.40261399996234
126.5334139998231
133.36504200015042
135.44125499993243
133.51019599986103
142.70132799993007
132.40983299965592
148.80495999977938
136.73501399989618
157.1303179998722
128.92813999997088
161.88638899984653
134.33705099987492
132.9173979997904
145.62611599967568
143.124367999917
126.87660399978995
142.51642900035222
159.41181500011226
136.34628199997678
136.5275590001147
129.97803899997962
126.21141499994337
234.84837499972855
149.03803699962737
132.40020300008837
137.22698899982788
167.11647700003596
153.5869780000212
135.95931999998356
179.6653280002829
142.37974599973313
133.3509520000007
145.39581100007126
134.24353799973687
234.58616600009918
243.23124900001858
199.47412900000927
130.80441400006748
178.15154099980646
132.4432540000089
128.94443699997282
134.68928200018127
215.78761399996438
200.3485170002932
232.94507699984024
230.7633599998553
156.16687400006413
222.08126600025935
246.5575189999072
241.30371100000048
229.7833810002885
236.80906499976118
229.3130560001373
229.54941299985876
234.85935400003655
232.78125099977842
230.98793899998782
230.28660699992543
233.5375429997839
239.9945399997705
231.2322149996362
177.65567700007523
135.25512900014292
131.22170599990568
149.79319099984423
137.26537999991706
139.90486300008342
136.20623800034082
215.40012500008743
131.40040200005387
202.39090899985968
234.41195199984577
229.70167699986632
141.6254129999288
131.15025400020386
131.5708470001482
136.6114600000401
133.07478300021103
128.34463900026094
137.8584479998608
134.55844700001762
136.11822600023515
130.61210900013975
131.4886939999269
121.61048899997695
126.70238400005474
127.04774899975746
124.55077899994649
130.4584579997936
125.98327099976814
120.95457800023723
126.39891399976477
121.26975799992579
122.42915400020138
125.5941949998487
131.08040600036475
125.63075700018089
122.01893099972949
125.38841899959152
226.8461789999492
203.07335099960255
132.07877200011353
143.59778399966672
294.05435299986493
245.49560999957976
132.84818700003598
141.62128199996005
135.3297709997605
131.53987699979552
164.15165699982026
129.87848500006294
