Messages/sec=5.01
duration_sec=60.075
payload_size_bytes=15728640
total_messages=301
payload_throughput_MiB_sec=75.16
mean_rtt_ms=162.229
median_rtt_ms=136.736
stddev_ms=42.894
min_ms=121.020
max_ms=256.170
---raw_latencies_ms---
138.75257500012594
130.2985889997217
145.23354199991445
207.6510080000844
228.8157909997608
164.48204600010286
131.91243800019947
133.3621110002241
135.4740260003382
206.49983599969346
133.97453000015958
213.9746410002772
133.24727100007294
206.79594299963355
205.25239600010536
132.82395499982158
152.20503399996232
137.08268399977896
149.0207570000166
125.40651000017533
127.88813599991045
224.01687499996115
132.89759700001014
133.50740599980782
134.00475100024778
133.11254299969733
136.79574699972363
136.29218100004437
227.4433800002953
237.51342600007774
231.49141300018528
231.01637999980085
229.25315600014073
229.50872499995967
236.14850300009493
225.98146600012115
238.19092499979888
136.72195399976772
138.16141699999207
206.082172999686
231.68609899994408
237.311580000096
136.3319820002289
132.8225659999589
134.88681900025767
143.60240399992108
129.15270399980727
138.41626499970516
157.36238999988927
132.51928499994392
140.84019900019484
132.12082300015027
133.18008800024472
130.34255999991728
145.41672799987282
131.94848900002398
133.03758099982588
141.61942200007616
130.4761750002399
143.81707800021104
131.46832299980815
132.90019600026426
128.79259300007107
130.49519399964993
128.42224099995292
130.60531699966305
196.73052799998914
230.32712800022637
133.47830400016392
134.62224000022616
141.52534900040337
131.25632699984635
127.95028699974864
132.34183999975357
132.29715799980113
171.87879299990527
138.70928400001503
128.94360800009963
132.56023700023434
133.8139350000347
140.9328220001953
135.956601000089
133.70554199991602
131.37317200016696
134.08632300024692
129.97407900002145
129.66922000032355
134.6561909999764
130.03909999997632
131.91322700004093
127.7027989999624
137.0198720001099
146.2072609997449
129.1960459998336
137.26638900016042
136.498076999942
134.64447999967888
142.3120139997991
130.4107109999677
133.4675339999194
231.04170000033264
230.76168999978108
232.5741959998595
226.70371800040812
233.67846099972667
235.89299600007507
245.03022399994734
235.82260300008784
231.86723399976472
229.91068400006043
230.9457050000674
175.72359099995083
212.12453399994047
227.39266799999314
232.02525899978355
234.18047299992395
230.46590200010542
233.9912480001658
230.5545849999362
234.52613500012376
162.6328199999989
151.89078399998834
129.24640900018858
130.11466199986899
129.61353899981987
225.96191499997076
233.6679719996937
235.63118899983237
231.09531899990543
230.40211899979113
233.67345999986355
233.5944270002983
227.96635300028356
243.28642999989825
243.85690000008253
231.16536799989262
256.16968699978315
130.58749699985128
138.57080000025235
151.7540600002576
139.4120350000776
233.0985150001652
136.73644399978002
152.74823999970977
145.46348900012163
133.67994100008218
172.9963040002076
128.5935799996878
134.79085500011934
133.23700199998711
159.89979799996945
133.84778700037714
126.95726700030718
129.40510999987964
144.29620399960186
139.59574999989854
137.14171699984945
132.75105299999268
139.83893799968428
131.9419490000655
131.0673709999719
128.99504899996828
140.0077340003918
128.5268299998279
123.64072000036685
126.87903800042477
133.2499469999675
127.19185300011304
123.3407529998658
122.09047400028794
127.88693500033332
123.75110499988295
121.73987300002409
126.68584399989413
135.42368800017357
124.54081899977609
126.61635599988585
121.01977200018155
129.60534599960738
125.24450999990222
217.71332599973903
231.50543299971105
140.53739899964057
131.4375930001006
152.6717980000285
136.9236099999398
130.2795779997723
138.76415499998984
139.6025029998782
136.29056999980094
129.69610999971337
150.9497760002887
134.0029009998034
129.541965000044
127.43758199985677
131.0631530000137
172.36994599988975
241.963620000206
130.9333770000194
139.88733900032457
132.37907199982146
132.42369299996426
134.41027499993652
129.08710100009557
132.58602699988842
200.3822400001809
214.2970800000512
136.586769999667
135.58210900009726
139.10439599976598
132.20529700038242
126.67290800027331
134.55607100013367
201.4933509999537
230.77366100005747
232.3873199998161
136.13341400014178
135.9821109999757
142.3863859999983
131.90899799974432
137.12371499968867
134.95404000013878
207.38925200021185
232.22665499997674
235.5753580000055
232.6820799999041
227.98996599976817
232.5546260003648
178.34029899995585
139.0100129997336
132.2539269999652
132.30173900001319
228.1623510002646
239.61365000013757
187.04183099998772
135.21695700001146
132.2980780000762
136.1778890000096
131.55992700012575
139.58097000022462
128.35437900002944
128.0238389999795
130.57061699964834
141.23929000015778
128.3510890002617
129.3773610000244
228.45517199993992
228.6180780001814
230.57302999995954
138.1699580001623
136.43817499996658
141.6526539996994
131.19386599964855
136.22369899985642
133.97888000008606
133.01994099992953
129.95056800036764
130.1911650002694
221.67201499996736
135.24727999993047
142.17371999984607
133.253577999767
135.15278600016245
133.42190599996684
147.44871000038984
134.78607400020337
141.031964999911
130.76953499967203
208.942439999646
133.5465080001086
157.25827799997205
131.2057459999778
131.93002800016984
131.74027300010493
128.21511499987537
124.00614600028348
226.9733240000278
205.6380160001936
125.89328399963051
125.01557699988552
174.42353900014496
132.35407100000884
137.5809199998912
135.18980699973326
148.27743400019244
134.47845800010327
134.26628900015203
133.94099200013443
135.52454699993177
142.80448799991063
134.58990800018
143.0891560003147
236.02230000005875
233.93258599980982
225.11742899996534
233.32006800001182
227.3682279997047
243.23733899973377
231.6953879999346
239.41363199992338
246.2265050003225
