Messages/sec=4.54
duration_sec=60.130
payload_size_bytes=15728640
total_messages=273
payload_throughput_MiB_sec=68.10
mean_rtt_ms=182.548
median_rtt_ms=173.746
stddev_ms=47.262
min_ms=123.058
max_ms=248.072
---raw_latencies_ms---
139.97314200014443
127.8458239999054
141.8983609996758
230.68483699989883
232.68242199992528
240.69579200022417
243.6173230003078
140.28947199994946
181.30794800026706
131.40408999970532
131.72951199976524
165.64030099971205
231.0956209998949
240.55619999990085
142.4760489999244
130.07405100006508
221.39556599995558
242.21631199998228
232.35517000011896
235.23538800009192
231.4480699997148
228.408631000093
229.7232000000804
237.85476700004438
229.55965499977538
235.44796500027587
235.88938500006407
225.39255999981833
166.2013489999481
132.24552700012282
134.19879699995363
129.28135699985432
140.57906000016374
131.76382400024522
224.19368099963322
230.0484709999182
133.62098900006458
204.7779200001969
235.4971449999539
141.75140699990152
132.40567200000442
131.74395199985156
172.02120899992224
159.89597699990554
132.28803899983177
212.58420799995292
238.3169109998562
232.02472899993154
230.99340799990387
225.8579809999901
233.33630900015123
236.89416600018376
181.99834899996858
131.65608000008433
142.0991260001756
129.7664620001342
131.00385999996433
133.2506989997455
142.40627600020161
144.48375899974053
198.3779570000479
194.35228500015
242.66765199990914
235.93491600013294
244.72581700001683
231.73129099996004
207.87050399985674
133.8040450000335
135.18823699996574
131.80730400017637
135.20579699979862
139.48033599990595
135.62134099993273
228.22566300010294
229.70891800014215
226.6975270003968
173.74569999992673
230.72287800005142
239.082242999757
233.9188760001889
234.7416920001706
236.7304320000585
227.54646099974707
234.16583300013372
232.93953699976555
243.31694200009224
231.1780620002537
235.92939099989962
227.99666400032947
234.54432900007305
230.5629739998949
230.28121400011514
224.70228999964093
234.48473799999192
228.829019999921
247.74476699985826
199.8516409998956
234.29485800033945
243.61865000037142
226.5893930002676
241.5769179997369
240.35436200028926
226.67640600002414
248.07208500033084
178.81644199997027
158.68561399975079
140.52044899972316
155.81101499992656
143.92748199998096
133.6206089999905
165.4190849999395
132.96658899980685
131.08653200015397
150.9451789997911
149.92418700012422
138.77192600011767
132.29785900011848
149.10709900004804
152.8131029999713
134.0816739998445
200.75233900024614
222.34232499977225
234.62067700029365
241.4813850000428
237.28566700037845
230.90950499999963
230.82004199977746
229.24953400024606
232.70399900002303
227.75377800007846
238.95378899987918
240.84051599993472
242.68497200000638
229.01162500011196
228.46565999998347
239.8832079998101
226.9362550000551
156.58599600010348
135.93360000004395
139.66350200007582
131.856604999939
222.01612900016698
134.91120099979526
223.16387900036716
231.84788200023831
244.134866999957
243.5051669999666
230.45246200035763
230.1562819998253
231.20791500014093
226.55899399978807
227.6080660003572
239.76034300039828
228.23518599989256
235.72235399979036
230.29167700042308
233.24572499996066
228.68785600030606
135.89398799967967
132.01851099984196
132.57142699967517
132.85962600002676
133.40973499998654
152.3830920000364
227.4626910002553
198.30742600015583
147.97311400025137
191.57341100026315
132.92325800011895
135.0603040000351
140.8612400000493
132.86521600002743
130.6558189999123
197.95100300007107
133.79439500022272
138.14639700012776
226.3685970001461
232.60082900014822
234.47450200001185
229.3023870001889
231.7295509997166
231.09034100025383
133.67386100026124
130.53012999989733
130.89562599998317
133.25341900008425
142.28061199992226
135.45543500003987
129.23333599974285
199.81347100019775
231.62017699996795
231.1461720000807
130.39715099966998
211.30147899975782
232.52244399964184
242.8514369998993
237.99653000014587
238.31767899991974
233.07979099990916
235.07371200003035
229.71117899987803
235.02126000039425
236.83947499966962
143.9955529999679
189.50961699965774
233.91569999967032
239.87342700002046
234.56384600012825
231.6505670000879
215.91455800034964
144.3102840003121
129.83687499990992
130.416372000127
140.78904800044256
134.52270600009797
132.89130699968155
132.6589300001615
147.75112899997112
135.4371140000694
142.16924899983496
138.53649800012136
131.08807200023875
149.6895069999482
128.53620499981844
133.0165209997176
128.79112199971132
137.54145900020376
218.0775070000891
130.49881500000993
125.89160400011679
132.5731279998763
129.02953000002526
132.31364900002518
138.85797800003274
215.33659400029137
231.22040400039623
233.98199899975225
181.16687399970033
136.25366899987057
132.28887900004338
134.76262399990446
131.80109399991125
147.67583599996215
136.785916000008
131.09338399999615
134.52345600035187
127.61449600020569
131.4998249999917
135.10851400042156
129.59301600039907
134.6189589999085
130.99353899997368
123.08222000001479
135.63897100038957
139.14262699972824
132.63929200002167
134.06188299995847
128.16946299972187
162.76978399992004
133.6975430003804
129.1371329998583
128.30537800027741
132.80390399995667
128.99178899988328
128.4872829996857
123.0584509999062
131.82222500017815
131.60634799987747
130.03438099985942
130.80068400040545
134.78356399991753
129.7538120002173
131.83674500032794
