payload_size_bytes=1048576
runs=50
mean_ms=10.348
median_ms=9.528
stddev_ms=2.042
min_ms=7.779
max_ms=18.042
---raw---
18.042127999933655
13.010164999968765
8.512748999919495
8.864320000157022
8.178757999985464
12.725097000156893
13.344745000040348
9.112666999953944
12.400626000044213
9.50853799986362
8.334414000046309
11.351284000056694
10.623832999954175
9.644783000112511
15.492681000068842
9.225075000131255
9.426525999970181
8.881369999926392
9.512188999906357
9.855218999973658
8.986293000134538
9.271441000009872
9.068464999927528
11.61965300002521
9.488707000173235
9.525249000034819
8.335222999903635
9.18401800004176
8.854985999960263
9.215519999997923
7.790167000166548
9.580810999977984
9.278472000005422
9.18983999986267
9.848199000089153
11.370815999953265
7.778895999990709
13.714846999846486
9.531120000019655
11.842858999898453
10.392075000027035
9.939046999988932
11.26059099988197
11.27444300004754
12.09534800000256
13.78098800000771
9.782247000202915
11.148398000159432
8.75446700001703
9.44398799992996
