payload_size_bytes=1048576
runs=50
mean_ms=10.491
median_ms=9.902
stddev_ms=1.790
min_ms=8.365
max_ms=16.479
---raw---
12.094437000087055
10.333144000014727
12.306983999906151
9.170327999981964
12.210079999931622
9.087735999855795
9.125897000103578
9.424916999932975
14.33770599987838
16.478631000154564
13.959334999981365
11.6123720001724
9.650762999854123
9.970922000093196
9.32880400000613
11.142644000074142
8.398195999916425
9.330774000090969
8.878529999947204
9.61304299994481
9.736644999975397
10.263430999884804
10.281878000114375
9.404606000089188
8.786076999967918
8.939680999901611
8.689003999961642
10.69913399987854
9.685053999874071
13.273522999952547
8.944312000039645
10.057195999934265
12.058946000024662
9.324913000000379
12.635153999781323
10.59285200017257
9.596561000080328
12.87428099999488
13.497090000100798
10.025215000041499
13.139188999957696
10.200250000025335
10.107916999913868
9.220440000035524
10.669634000123551
9.833567999976367
8.36544399999184
8.942890999833253
9.289502999990873
8.953662000067197
