payload_size_bytes=1048576
runs=50
mean_ms=10.370
median_ms=9.947
stddev_ms=1.813
min_ms=8.376
max_ms=20.380
---raw---
14.102198000045973
20.380311000053553
12.69369600004211
12.164836000010837
9.88868000013099
10.115487999883044
10.133916999848225
11.330536999821561
11.450628000147844
11.70845499996176
10.908953999887672
10.322346000066318
10.524970000005851
10.00507399999151
9.057694999910382
10.489338000070347
9.518134000018108
11.327080999990358
9.746834999987186
11.025763000134248
9.271802000057505
9.473267999965174
9.647992999816779
9.655043000066144
10.209980000126961
8.55174999992414
9.266200999945795
9.65547400005562
10.64807399984602
8.907420000014099
9.188314000084574
9.688823000033153
9.513191999985793
10.464619999993374
9.803067000120791
10.247790999983408
10.14093599997068
8.376253999813343
12.05957699994542
9.714598999835289
10.971567000069626
9.29645199994411
9.728525999889825
10.7477869999002
8.916551000083928
8.952854999961346
9.165468999981385
9.604572000171174
9.59727200006455
10.124458000063896
