payload_size_bytes=1048576
runs=50
mean_ms=9.913
median_ms=9.614
stddev_ms=1.404
min_ms=7.997
max_ms=15.819
---raw---
13.875806999976703
10.40489100000741
10.461883000061789
9.660532999987481
10.519769999973505
11.436537000008684
15.818836000107694
11.653124000076787
10.212570000021515
11.10049700014315
9.307812999850285
12.585031999833518
10.75776700008646
11.17134899982375
9.337329000118189
8.713660000012169
10.193519999802447
7.997267999826363
10.0205639998876
10.290012000041315
8.463957000003575
9.512549000191939
8.534828999927413
9.3262190000587
8.76733600011903
10.156399000152305
9.41404600007445
8.86416499997722
8.872824000036417
9.09583699990435
8.464606999950774
9.881619999987379
9.268990999999005
9.459308000032252
9.199678999948446
9.722014999852036
8.286910999913744
9.83852899980775
8.663787999921624
9.295952000002217
10.309843999948498
8.874999999989086
10.138167999912184
8.84248099987417
9.681874000079915
9.567110000034518
9.51627900008134
9.854399999994712
8.910340000056749
11.35171500004617
