payload_size_bytes=1048576
runs=50
mean_ms=10.497
median_ms=10.018
stddev_ms=1.852
min_ms=8.317
max_ms=18.602
---raw---
18.601595999825804
11.640823999869099
13.088118000041504
10.468317999993815
10.121487999867895
9.170579000056023
9.358493999798156
9.653332999960185
9.998964000033084
13.588342000048215
9.346612999934223
8.317023000017798
9.890379999887955
15.59136299988495
10.290661999988515
10.386000999915268
10.188619000018662
9.289980999938052
10.056776000055834
9.781997999880332
9.723770999926273
10.372115000109261
8.569411000053151
9.47042299981149
9.063016000027346
9.192428999995172
9.77772700002788
10.680484999966211
9.881663000214758
9.947428000032232
9.835670999791546
9.56516999985979
8.992153999997754
10.037237999995341
9.496828999999707
10.865500000136308
9.967582999934166
10.783037999999578
10.332177000009324
15.240564000123413
10.22757000009733
11.251231999949596
11.256252000066524
10.415830000056303
10.457657000188192
9.865700000091238
9.82411899985891
10.82110799984548
8.442162000164899
11.652114000071379
