payload_size_bytes=1048576
runs=50
mean_ms=10.408
median_ms=10.097
stddev_ms=1.265
min_ms=8.352
max_ms=14.426
---raw---
14.42601899998408
10.211394000180007
12.138459000198054
11.764739999989615
10.074595999867597
11.01566800002729
10.101337000151034
12.07506600007946
10.598582000056922
9.007144000179323
11.214812999924106
9.453057000200715
10.029367000015554
10.295112999983758
10.221731000001455
9.67257399997834
12.357155000017883
10.049899999785339
10.087678999980199
9.77119699996365
11.679234999974142
10.229840999954831
9.39722500015705
9.835408999833817
10.151769000003696
8.759056000144483
9.973463000051197
10.093516000097225
8.352443999910975
10.110827000062272
9.050464999972974
9.364284999946904
9.080786000140506
9.675274000073841
9.835131000045294
8.943321000060678
8.534028999974907
10.313022999980603
12.181600000076287
10.307862999979989
10.038045000101192
9.931984999866472
11.73860600010812
13.218341000083456
12.62198399990666
10.849909000171465
12.040726000122959
9.649383000123635
10.87586099993132
9.002814000041326
