payload_size_bytes=1048576
runs=50
mean_ms=9.864
median_ms=9.547
stddev_ms=1.481
min_ms=8.007
max_ms=15.146
---raw---
15.14630999986366
10.41400799999792
14.373265999893192
9.910697000123037
9.762245999809238
9.355193999908806
12.015870000141149
9.748399999807589
11.855440000090312
9.019144999911077
8.995613000024605
9.685364000006302
9.034124000208976
8.896090999996886
9.485489000098823
9.962892999965334
8.969182000100773
9.897781000063333
9.458266999899934
9.500183000000106
8.483108000064021
9.020844000133366
8.879159999878539
8.856609000076787
8.571781000000556
9.101505999979054
8.006733999991411
8.868449000146938
9.740937000060512
9.50526900010118
8.189707999918028
9.06653499987442
10.13971399993352
9.675713999968139
9.537378999993962
9.556943999996292
9.42492600006517
9.746876999997767
9.143706999793721
10.418101999903229
9.738710999954492
9.63357199998427
8.923041000116427
12.142109000023993
9.571601000061492
10.09088699993299
14.592882999977519
9.942191999925853
10.181259999853864
8.988813000087248
