Mean: 1.530 ms
Median: 1.447 ms
StandardDeviation: 1.135 ms
Min: 0.992 ms
Max: 35.685 ms
1.9660499999645253
1.5785000000505534
1.6041999999742984
1.384002000008877
1.5700889999834544
1.6102079999882335
1.6238360000215835
1.3322109999762688
2.2195750000264525
1.3592320000270774
1.5958889999865278
1.4293909999878451
2.0844440000473696
2.2506389999534804
2.0803119999754927
1.8926569999848653
1.7606149999664922
2.029132000075151
1.9690699999728167
1.442323999981454
2.0774639999672218
1.5536150000343696
1.4689329999555412
1.3625640000327621
1.3539889999947263
1.494163999950615
1.9381800000246585
1.6813299999967057
1.5363649999926565
1.2782559999777732
1.825905000032435
1.8118149999963862
1.0977740000726044
1.2946609999744396
1.4317930000515844
1.2106780000067374
1.7298729999311035
1.259355999991385
1.290568999934294
1.1647009999933289
1.1658399999987523
1.3683959999752915
1.0342319999381289
1.0552270000516728
1.0862489999681202
1.3843719999613313
1.4573779999409453
1.7151289999901564
2.2693170000138707
3.40165500006151
1.1747910000394768
1.0885090000556374
1.42967299996144
1.4576739999938582
1.975996000055602
1.5130900000031033
1.34693999996216
1.6758030000119106
1.5138760001036644
1.7431740000120044
1.6038390000403524
1.9454189999805749
3.4337349999304934
1.956268999947497
1.7374029999928098
1.9738910000342003
1.4842049999970186
1.461133000020709
1.7062829999758833
1.4611759999070273
1.2967999999773383
3.526086999954714
1.631129999964287
1.2576179999541637
1.1050760000443915
1.1043239999253274
2.0553340000333264
1.4275669999506135
1.0805959999515835
1.6952450000644603
1.0951770000247052
1.3199239999721613
1.276529000051596
1.10007700004644
1.171459000033792
1.1177789999692322
1.6950910001014563
1.1051789999783068
1.3596750000033353
1.1382449999928212
5.816945999981726
2.429023999980018
2.8977369998983704
1.3749839999945834
1.3102180000714725
1.3129129999924771
1.236450999954286
1.0567619999619637
1.0553270000173143
1.288839000039843
2.148294999983591
1.4562389999355219
1.337104999947769
1.2075610000010784
1.2575240000387566
3.851194999924701
1.345145999948727
1.3465700000097058
1.6064530000221566
1.0738130000618185
1.4203129999259545
1.27450900004078
1.1240879999832032
1.2215419999392907
1.2957280000591709
1.1543190000793402
1.6166329999123263
2.000972000018919
2.3753610000767367
2.146616000004542
2.5759789999710847
1.5517369999997754
1.1093030000211002
1.4754239999774654
1.2141539999674933
1.6171810000287223
1.1795540000321125
1.1069949999864548
1.0826459999861981
1.7043510000576134
1.4790169999514546
1.201685999944857
1.2327690000120128
1.265214999989439
1.1390230000642987
1.6328789999988658
1.39933299999484
1.7316020000635035
1.6357000000652988
1.502426000001833
1.762703000053989
1.4758999999457956
1.4602539999941655
1.7540149999604182
1.3457479999487987
1.4166129999466648
1.1671249999380962
1.6457819999686762
1.4608210000233157
1.1414450000302168
1.5608260000590235
1.2787389999857623
1.4443099998970865
1.3371400000323774
1.6129090000731594
1.2310670000488244
1.414219000025696
1.5202209999642946
1.3594499999953769
1.1882809999406163
1.3287989999071215
1.2509680000221124
1.384131999998317
1.6925460000720705
1.3073699999495147
1.4355739999700745
1.492295000048216
1.4072019999957774
1.767961000041396
1.6077139999879364
1.590929000030883
1.347894999980781
1.1946429999625252
1.4768929999036118
1.2342569999646003
1.2949890000300002
1.2942380000140474
1.136934999976802
1.1859340000910379
1.4409789999945133
1.1160130000007484
1.0832120000259238
1.198171999931219
1.2643679999655433
1.248392999968928
1.1633509999455782
1.2547680000807304
1.4314229999854433
1.2128930000017135
1.3509450000128709
1.2440230000265728
1.3085999999020714
1.6298589999905744
1.5683059999673787
1.5807559999529985
1.9989620000160357
1.3211899999987509
1.1329310000292026
1.3448109999671942
1.3992809999763267
1.3480590000654047
1.2056169999823396
1.4165530000127546
1.4275139999426756
1.4667840000583965
1.5817879999531215
1.5264249999518142
1.6446369999130184
1.6417000000501503
1.7445619999989503
1.6423800000211486
2.1513770000183285
1.760552999940046
2.1283539999785717
1.6497889999982362
1.5611659999876792
1.754036999955133
1.674111000056655
1.7231020000281205
1.624970000079884
1.6424420000475948
1.706759999933638
1.7711200000576355
1.6706760000033682
1.7136120000031951
1.4674830000558359
1.482984999938708
1.3372209999715778
1.3449500000888293
4.048152999985177
1.1745350000182952
1.3604060000034224
1.3567709999051658
1.477943000054438
1.251048000085575
1.1424010000382623
1.0518630000433404
1.5758340000502358
1.7347119999158167
1.088034000076732
1.629381000043395
1.5879890000860541
1.4943850000008752
1.286665000066023
1.5130079999607915
1.0904130000426449
1.295465999987755
1.3639510000302835
1.2893990000293343
1.4262540000800072
1.1820659999557392
1.7678039999964312
1.2780739999698199
1.163635000011709
1.5835970000352972
1.5334170000187441
1.5315670000290993
1.3182760000063354
1.5936689999307418
1.4026929999317872
1.4130929999964792
1.3249090000044816
1.07451899998523
1.4005729999553296
1.1778849999473096
1.260609000041768
1.562078000006295
1.393753000002107
1.2919899999133122
1.489627999944787
1.7111079999949652
1.6952519999904325
1.6212550000318515
1.7584639999768115
1.5363269999397744
1.4999060000491227
1.4748510000117676
1.5350680000665307
1.7598130000351375
1.512155000000348
1.4885330000424801
2.1846509999932096
1.6957710000724546
1.7635189999509748
1.9314959999974235
1.8721510000432318
1.772555000002285
2.0958479999535484
1.815704999899026
2.1124220000956484
2.0653249999895706
2.2232670000903454
2.091062999966198
1.6729369999666233
1.6722909999771218
1.611539000009543
1.6229579999844645
1.7716950000021825
1.8218149999711386
1.7474530000072264
1.4267220000192538
1.8680239999184778
1.7268320000312087
1.6139909999992597
1.5932889999703548
1.607811000098991
1.5509260000499125
1.7097620000185998
1.5015970000149537
4.511146000027111
1.4409839999416363
1.567679999993743
2.0471870000164927
1.1983140000211279
1.3172999999824242
1.4140490000045247
1.4652039999418776
1.1588309999979174
1.9127179999713917
1.2227070000108142
1.6700869999795032
1.5024360000097658
1.5561270000716831
1.6985220000833579
1.6380199999730394
1.650609999956032
1.6135409999833428
1.6878730000371434
1.4893649999976333
1.5604469999743742
1.3929130000178702
1.2946199999532837
1.2915989999555677
1.2040469999874404
1.6231139999263178
1.7851540000037858
1.647838999929263
2.0008079999342954
1.949562999925547
1.9971120000263909
1.8004739999923913
1.7875050000384363
1.752601000021059
1.4891150000266862
1.3826320000589476
1.289799000005587
1.4630639999495543
1.5971089999311516
1.6821310000523226
1.4595439999993687
1.6166489999704936
1.5624909999587544
1.9654510000464143
1.8542759999036207
1.6062539999666114
1.6990240000041013
2.1780469999157503
1.4028330000428468
1.4645239999708792
1.4397859999917273
1.3106890000926796
1.671549999969102
1.59082799996213
1.6556809999883626
1.290941000092971
1.6258729999663046
1.7789940000056959
1.5961980000156473
1.6275119999136223
1.603524999950423
1.4348839999911434
1.4058230000273397
1.6771909999988566
1.3135899999952017
1.2540699999590288
1.7201220000515605
1.2854789999892091
1.5549859999737237
1.6614400000207752
2.4416260000634793
1.4416029999892999
1.597547999949711
1.794295999957285
2.1714469999096764
1.5641170000435523
1.6521719999218476
1.9117079999659836
1.657197999975324
1.3546720000476853
1.3505010000471884
1.207056999987799
1.7100920000530095
1.4066919999322636
1.156066000021383
1.2936090000721379
1.425268999923901
1.5758980000555312
1.2249989999872923
1.7733539999653658
1.5958179999415734
1.5616770000406177
1.3329710000107298
1.3560300000108327
1.2122269999963464
1.2168260000180453
1.055402000019967
1.1605870000721552
1.2565570000333537
1.2113920000729195
1.3516909999680138
1.2377269999888085
1.187405999985458
1.1788850000584716
1.1183789999904548
1.145653999969909
1.4178349999838247
1.1168240000642982
1.2545079999881636
1.3230399999883957
1.1888860000226487
1.9984000000476954
1.485064999997121
1.561387999913677
1.605648999998266
1.3854999999693973
1.2952289999930144
1.2069360000168672
1.2399400000049354
1.142065000067305
1.197808999904737
1.2351679999937915
1.2960999999904743
1.1404060001041216
1.2294870000459923
1.315470000008645
1.3440110000146888
1.2460330000294562
1.2325320000172724
1.1758059999920079
1.213267000025553
1.5236059999779172
1.5048050000814328
1.6640609999285516
1.427354000043124
1.6367100000707069
1.4626160000261734
1.639718999967954
1.4326450000226032
1.8279629999824465
1.339062999932139
1.3938220000682122
1.6031180000481982
1.421501999971042
1.837115999933303
1.7029119999278919
1.6709129999981087
1.5455870000096184
1.2101519999987431
1.4576089999991382
1.2480980000191266
1.1068840000234559
1.3195819999509695
1.4262329999610301
1.5920079999887093
1.6158990000576523
1.408908000030351
1.301719000025514
1.333179999960521
1.4902670000083162
1.4309990000356265
1.3984940000000279
1.3974879999523182
1.3941920000206665
1.2823480000179188
1.1591259999477188
1.159635000021808
1.2568900000360372
1.4090729999907126
1.7143850000138627
1.6182190000790797
35.684574000015346
1.0892730000477968
1.3250550000520889
1.4062150000881957
1.3528100000712584
1.1038439999992988
1.595308999981171
1.6293310000037309
1.673541000059231
1.5816070000482796
1.628149999987727
1.4425940000819537
1.5655699999115313
1.3538609999841356
1.3858319999826563
1.5849479999587857
1.9389689999798065
1.4888260000134323
1.5572180000162916
1.1403040000459441
1.4800449999938792
1.3720620000867711
1.3142999999899985
1.4760639999167324
1.079577000041354
1.6117259999646194
1.3514099999838436
2.065626999979031
1.4625439999917944
1.3338999999632506
1.6899709999051993
1.6523309999456615
1.145364999956655
1.2599879999015684
1.4468690000057904
1.4874019999524535
1.4453999999659572
1.0475019998921198
1.4526119999800358
1.2943599999744038
1.3546419999102
1.2272059999531848
1.2334880000253179
0.9984929999973247
1.3815889999477804
1.7243219999727444
1.4276250000193613
1.6347889999224208
1.5071510000552735
1.3661209999327184
1.8657779999102786
1.6572399999859044
1.4382940000814415
1.5339020000055825
1.3784219999024572
1.5651500000330998
1.566847999924903
1.635415999999168
1.4039530000218292
1.5302629999496276
1.2012959999765371
1.4400339999838252
1.3136199999053133
1.3632390000566375
1.1259940000627466
1.3476210000362698
1.412273000028108
1.4422940000713425
1.2659589999657328
1.6607539999995424
1.56597700004113
1.4388839999810443
1.402222000024267
1.7227339999408287
1.356289000000288
1.2130879999858735
1.204985999947894
1.2897230000135096
1.7498700000260214
1.4715400000113732
1.4733240000168735
1.4083510000091337
1.436364000028334
1.2633480000658892
1.2531379999245473
2.87632599997778
1.594608999994307
1.641015000018342
1.5827280000166866
2.2264200000563505
1.4447840000002543
1.6976119999299044
1.3943000000153916
1.4598540000179128
1.2503379999770914
1.150076999920202
1.311859999987064
1.1862750000091182
1.5558480000663621
1.298804000043674
1.4767349999829094
1.117683000074976
1.1845760000142036
1.7337330000373186
1.3715610000417655
1.7486890000100175
1.6780720000042493
1.4873760000000402
1.4640450000342753
1.2716389999241073
1.3237499999831925
1.4849750000394124
1.3135250000004817
1.2492280000060418
1.1984369999709088
1.5117639999289167
1.085309000018242
1.279126999975233
1.4234139999871331
1.382231999969008
1.7467930000520937
1.4616419999811114
1.5207459999828643
1.8155599999545302
1.6130010000097172
1.6081290000329318
1.451404000022194
1.667521000058514
1.7557839998971758
1.635184999940975
1.4391329999625668
1.4730550000194853
1.3139100000216786
1.453441000080602
1.1430789999167246
1.6978209999933824
1.4909250000982865
1.885025999968093
1.5218669999512713
1.577187999941998
1.3637270000117496
1.323356999932912
1.4468069999793443
1.2906760000532813
1.2889590000213502
1.4856770000051256
1.3177199999745426
1.4163829999915833
1.6725230000247393
1.7576840000401717
1.4489330000060363
1.490265000029467
1.6059309999718607
1.4745739999852958
1.5666369999962626
1.2793979999514704
1.1938059999465622
1.385113000083038
1.3887220000015077
1.314089000061358
1.42351299996335
1.4018819999819243
1.2489690000165865
1.2960400000565642
1.3327919999710502
1.20409600003768
1.3377500000615328
1.335091999976612
1.581516999976884
1.341359999969427
1.2974699999404038
1.2280680000458233
1.6194280000263461
1.3146799999503855
1.2622179999652872
1.1345739999342186
1.178934999984449
1.2904810000691214
1.1659449999115168
1.4066720000300847
1.2870279999788181
1.4780940000491682
1.624181000011049
1.6652809999868623
1.7180520000010802
1.2201089999734904
1.5637279999509701
1.238507999914873
1.2607480000497162
1.3913619999357252
1.205935999905705
1.7265230000020892
1.3534610000078828
1.4676749999580352
1.574838000010459
1.7629350001016064
1.6761069999802203
1.9879029999856357
2.309654999976374
1.6319000000066808
1.6140390000600746
1.3454360000650922
1.3778719999208988
1.259237999988727
1.3145389999635881
1.2732000000141852
1.3334399999394009
1.2545580000278278
1.4056439999876602
1.3458159999117925
1.169956000012462
1.3407159999587748
1.1286659999996118
1.5239660000361255
1.269018000016331
1.1708859999544075
1.4286940000829418
1.2211170000000493
1.2444380000715682
1.6769260000728536
1.6271800000140502
1.8365810000204874
1.638615000047139
1.2386079999942012
1.143683999998757
1.270059000034962
1.5040949999729492
1.4099429999987478
1.177826000002824
1.2275769998950636
1.1105140000609026
1.1625050000247938
1.2951590000511715
1.0272309999663776
1.5546570000424254
1.5303060000633195
1.7128020000427568
1.7667829999936657
1.6721299999744588
1.633979999951407
1.516645999913635
1.8253409999715586
1.455684999996265
1.357061000021531
1.6252689999873837
1.5361369999027374
1.6431519999287048
2.2468579999213034
1.610358000107226
1.7739190000156668
1.386044000014408
1.312590999987151
1.386162000017066
1.6745230000196898
1.7518829999971786
1.6050979999135961
1.4180330000499453
1.901717999999164
1.5589689999160328
1.5831690000140952
1.5044010000337948
1.7473230000177864
1.5875200000436962
1.6036590000112483
2.071466999950644
1.608571000019765
1.7063419999203688
1.4929550000033487
1.441972999941754
1.2379869999676885
1.4128640000308224
1.35826400003225
1.410702999919522
1.4637299999549214
1.2174370000366252
1.2840489999916826
1.576297999918097
1.7379720000008092
1.3952629999494093
1.3302609999072956
1.1872649999986606
1.3596810000535697
1.3860220000196932
1.5214759999935268
1.5884100000675971
1.7760409999709736
1.408583999932489
1.5570069999739644
1.630020999982662
1.625818999968942
1.4409540000315246
1.440832999946906
1.451653999993141
1.4142230000970812
1.1451250001073277
1.0946429999876273
1.278848000083599
1.2584080000124231
1.2032460000455103
1.0711429999901156
1.2805380000600053
1.2231470000187983
2.0691040000428984
1.2197759999708069
1.2519779999138336
1.2176530000260755
1.4224020000028759
1.473965000059252
1.561637999998311
1.4002320000372492
1.1454550000280506
1.3091199999735181
1.1690360000784494
1.2725889999956053
1.5034150000019508
1.5331859999605513
2.119657999969604
1.4136629999939032
1.370640999994066
1.788734999990993
1.4332649999460045
1.6064479999613468
1.4974360000223896
1.5155859999822496
1.534757000058562
1.5090059999920413
1.5756679999867629
1.4879169999630903
1.4444539999658446
1.4420730000210824
1.1961459999838553
1.4080119999562157
1.3332600000239836
1.324220000014975
1.2169189999440277
1.6826410000021497
1.5804280000111248
1.6204589999233576
1.7018620000044393
1.679710999951567
1.840345999994497
1.5913779999436883
1.7126340000004348
1.6141910000442294
1.5422169999510515
1.5563069999871004
1.4841880000631136
1.3109789999816712
1.257669999972677
1.1095329999761816
1.3836230000379146
1.2012660000664255
1.3785469999447741
1.433603000009498
1.4338030000544677
1.7503829999441223
1.8983080000225527
1.3662210000120467
1.8516169999429621
1.3534210000898383
1.4504940000961142
2.196967000031691
1.475307000077919
1.483095000025969
1.606978999916464
1.4412830000765098
1.4571849999356346
1.2496479999981602
1.2184469999283465
1.3081550000606512
1.4869450000105644
1.5562030000637606
1.374107000060576
1.3694610000811736
1.5619470000274305
1.6181209999786006
1.4702639999768508
1.2841110000181288
1.4405240000314734
1.5751180000052045
1.5529170000263548
1.37641399999211
1.514796000037677
1.672042999985024
1.2681990000373844
1.1937470000020767
1.6462720000163245
1.7395129999613346
1.5412359999800174
1.6474600000719875
1.5926280000257975
1.1129939999818816
1.4157839999597854
1.6502700000273762
1.6852310000103898
1.3124500000003536
1.2410580000050686
1.2070789999825138
1.1781160000055024
1.121733999980279
1.250357999992957
1.2883090000741504
1.140316999908464
1.1834360000193556
0.9941600000047401
1.189945999954034
1.0989029999564082
1.21928700002627
1.5609879999374243
1.425573999995322
1.3716710000153398
1.4702550000720294
1.4582339999833493
1.5923880000627832
1.4520040000434165
1.3694709999754195
1.2874290000581823
1.4071439999270297
1.6670899999553512
1.4189319999786676
1.3576009999951566
1.4235540000981928
1.3588009999239148
1.4958560000195575
1.7059510000763112
1.6347490000043763
1.5182060000142883
1.7082120000395662
1.681480999991436
1.5285359999097636
1.5219959999512866
1.4576940000097238
1.8159350000814811
1.3766619999842078
1.4716649999400033
1.5112959999896702
1.3685520000308316
1.5884599999935745
2.2703180000007706
2.057002000015018
2.1607280000353057
1.5544880000106787
1.4952370000855808
1.3353400000823967
1.1667950000173732
2.9921200000444514
1.0537819999854037
0.9923800000706251
1.1899259999381684
1.266509000060978
1.6391289999546643
1.1932659999729367
1.6258389999848077
1.2535779999325314
1.604337999992822
1.6452800000479328
1.5002650000042195
1.9182889999456165
1.542877000019871
1.5465369999674294
1.462795000065853
1.3682820000440188
1.7331130000002304
1.9506099999944126
1.5168859999903361
1.6212580000001253
1.7235709999567916
1.2099190000753879
1.426223999942522
1.6190190000315852
1.8189749999919513
1.6032279999080856
1.7464320000044609
1.6629699999839431
1.476384999932634
1.228222999998252
1.3863969999192705
1.4126920000308019
1.4090829999986454
1.4280930000722947
1.2623379999467943
1.2422070000184249
1.84692699997413
1.4565299999276249
1.4180630000737438
1.6171719998965273
1.2568700000201716
1.6829709999228726
1.4709370000218769
1.5203149999933885
1.5008159999752024
1.672020999990309
1.5740830000368078
1.9759790000080102
1.6174090000049546
1.3963030000923027
1.8860069999391271
1.7777539999315195
1.2952690000247458
1.300059999948644
1.0973029999377104
1.1458449999963705
1.224338000042735
1.0946830000193586
1.0741329999746085
1.2489480000112962
1.1931550000099378
1.074533000064548
1.3914720000229863
1.3480809999464327
1.6487789999928282
1.4349229999197632
1.5254370000548079
1.291480000077172
1.157427000066491
1.3632710000592851
1.1735049999970215
1.2858789999654618
1.0466219999898385
1.1773459999631086
