Mean: 1.173 ms
Median: 1.114 ms
StandardDeviation: 0.314 ms
Min: 0.868 ms
Max: 5.598 ms
2.9361599999901955
1.360262000162038
3.1593409999004507
5.597576000127447
1.3794159999633848
3.81267900002058
1.8320110000331624
1.4354929999171873
1.358146000029592
1.3138550000348914
1.4841140000498854
1.192310999840629
3.7334839998948155
1.3526730001558462
1.2503180000749126
4.423224999982267
1.581627999939883
2.00202599990007
1.584761999993134
2.2433169999658276
1.477305000207707
2.4061229999006173
1.3610420000986778
1.790894999885495
1.4327139999750216
1.1993860000529821
1.106412999888562
1.0911230001511285
1.1949969998568122
1.4084119998187816
1.2071959999957471
1.1310239999602345
1.0584829999515932
1.0787730000174633
1.1424100000567705
1.082742999869879
1.102463000052012
1.0210259999894333
1.0782530000597035
1.4104879999194964
1.1068539999996574
1.2347870001576666
2.8091369999856397
1.2891889998627448
1.2508380000326724
1.3456239998959063
1.148414999988745
1.1229250001179025
1.4422330000343209
1.4078489998610166
1.4795949998642755
1.2843499998780317
1.1624109999957
1.8065040001147281
1.4381529999809572
1.2648829999761801
1.4369390000865678
1.442992999955095
1.4319300000806834
1.032061999922007
1.201897000100871
1.1027830000784888
1.1138190000110626
0.9676890001628635
1.1551150000741472
1.0042159999557043
1.1427940000885428
1.1394450000352663
1.0562219999883382
1.3494500001343113
1.1604510000324808
1.1281039999175846
1.161941000191291
1.0524209999402956
1.0576170000149432
1.4140079999833688
1.132824000023902
1.1168599999109574
1.217451999991681
1.0437119999551214
1.4024209999661252
1.0428520001823927
1.0276409998368763
0.9957769998436561
1.6821419999359932
1.173975000028804
1.1670060000597005
1.080630000160454
1.0078010000142967
1.1331949999657809
1.0333010000067588
1.0985440001149982
2.6332699999329634
1.1942060000365018
1.147274999993897
1.1958860000049754
1.1222599998745864
1.3912200001868769
1.084770000034041
1.4178330000049755
1.1567950000426208
1.0603389998777857
1.1400120001781033
1.1201749998690502
1.0451550001562282
1.1093279999840888
1.0664629999155295
1.0016009998707887
1.5687970001181384
1.3030299999172712
0.9150629998657678
1.2295630001517566
1.1285339999176358
0.9444990000702091
1.4690549999158975
1.0227469999790628
1.4256540000587847
1.1550910001005832
1.1759760000131791
1.1534549998941657
1.1191739999958372
1.0128149999673042
1.0805530000652652
1.2532079999800771
1.1769760001243412
1.115133999974205
1.0445720001825975
1.1218140000437415
1.0329310000543046
1.0923480001565622
1.0204160000739648
0.986059999831923
1.1359150000771479
1.0614020000048185
1.1103490001005412
1.1046539998460503
1.1819159999504336
1.0800629997902433
1.127660000065589
1.0617430000365857
1.4094829998612113
1.0265270000218152
1.1854560000301717
1.247298000180308
1.0760019999906945
1.101822999999058
1.1187039999640547
1.101772999845707
1.0478869999133167
1.2420379998729913
1.0813829999278823
1.144795000072918
1.1478799999622424
1.0820729999068135
1.0953229998449387
1.364402000035625
1.401372999907835
1.085272999944209
1.1174730000220734
1.1817909999081166
1.0938340001303004
1.1246239998854435
1.1008590001893026
0.9274880001157726
1.0643420000633341
0.9831500001382665
0.9969500001716369
0.9742849999838654
1.3126589999501448
1.260299000023224
1.3543269999445329
1.337735000106477
1.3196249999509746
1.3045789999068802
1.2697490001301048
1.5849889998662547
1.341470999932426
1.295898999842393
1.4075120000143215
1.1039739999887388
1.0150709999834362
1.131753999970897
0.9912400000757771
1.2047919999531587
1.1393839999982447
1.0504150000087975
1.0345020000386285
1.1831260001144983
1.1374250000244501
1.1138740001115366
1.1990169998625788
1.0989630000040052
1.1362739999185578
1.0635919998094323
1.3296399999944697
1.1097130000052857
1.2016910000056669
0.928557999941404
1.017269999920245
1.0276959999373503
1.1334739999711019
1.0836869998911425
1.379956999926435
1.2086199999430391
1.193296000110422
1.1019539999779226
1.080258000001777
1.5496420000999933
0.977629000090019
1.5547919999789883
1.1386349999611411
1.0810419998961152
1.040052000007563
1.287324000031731
1.2161860001924651
1.1235249999117514
1.3762520000000222
1.0701219998736633
1.1477850000574108
1.0596720001103677
1.0467669999343343
1.0459719999289518
0.990179999917018
1.06865799989464
1.5524969999205496
1.0278460001700296
1.1361449999185425
1.2392869998620881
1.053182000077868
3.903067999999621
1.1177040000802663
0.9922099998220801
1.1544650001269474
1.7263820000152919
1.1285240000233898
1.2243170001511317
0.992895000081262
1.0740170000644866
1.154740999936621
1.1057040001105634
1.1164939999162016
1.042401999939102
1.0008500000822096
0.9946810000656114
1.122919000181355
1.2528180000117572
1.0255810000217025
1.3135599999714032
1.0362020000229677
1.1311339999338088
1.0613430001740198
1.041201999896657
1.5101060000688449
0.9628190000512404
1.2088720000065223
1.114739999820813
1.383756999985053
1.0638419998940662
0.9555389999604813
1.11652900000081
1.3547809999181482
1.212586999827181
1.107273000116038
1.2511980000908807
1.081378999970184
1.114631000064037
1.0829419998117373
1.1055789998408727
1.7157130000668985
0.9314330000051996
1.046702000166988
1.05560199995125
1.3269969999782916
1.2043269998684991
1.063132999888694
1.1491110001315974
1.2465140000585961
1.0323760000119364
1.1711049999121315
1.0998939999353752
1.0178459999679035
1.0489210001196625
1.0570419999567093
1.0210259999894333
1.1482360000627523
1.1036439998406422
1.0510970000723319
1.1592199998631258
0.9833599999637954
1.1247089998960291
1.0399020000022574
1.0963980000724405
1.6403600000103324
1.2340969999513618
1.1662310000701837
1.209911999922042
1.3503610000498156
1.1802829999396636
1.1002589999407064
0.8778269998401811
1.21124699990105
1.1399599998185295
1.2925390001328196
1.1797859999660432
1.072221999947942
1.103413000009823
1.1720859999968525
1.1567449998892698
1.0195829997883266
3.641879999804587
1.2036260000058974
1.1953959999573271
1.5673780001179693
1.1036040000362846
0.9891600000173639
1.0370910001711309
1.100933000088844
1.029101000085575
1.1312399999496847
1.0894130000451696
1.0905130000082863
0.9902199999487493
1.0616120000577212
1.0494719999769586
0.9366180001961766
1.156001000026663
1.0462220000135858
1.09523299988723
1.0367669999595819
0.9695100000044476
1.1324810000132857
1.3918920001287916
1.2435079997885623
0.9937800000443531
1.0189470001478185
1.0690280000744679
1.0228849998838996
1.4839699999811273
1.1753619999126386
1.3121199999659439
1.2004280001747247
1.1886459999459476
1.027386000032493
1.103222999972786
1.1238439999488037
1.3056499999493099
1.1369789999662316
0.9279280000100698
1.2091230000805808
1.1573250001220003
1.0579520001101628
1.0959789999560599
1.2735020000036457
1.001501000018834
1.1081740001372964
1.18289600004573
2.1908470000653324
1.1384609999822715
1.0832430000391469
0.9807300000375108
1.1072910001530545
1.2607779999598279
1.0995229999934963
1.0044119999292889
1.0800879999806057
1.088183000092613
0.9748089998993237
1.194022000163386
1.090593000071749
1.0974229999192175
1.2309339999774238
1.432712999985597
1.1412310000196157
1.1640559998795652
1.0203909998836025
1.0950230000617012
1.7660439998508082
1.1555150001640868
1.0431519999656302
1.1153440000271075
1.0805689998960588
1.2973190000593604
1.1054240001158178
1.2078319998636289
0.9643399998822133
1.0045910000826552
1.1016340001788194
1.1467110000467073
0.9380779999901279
1.111064000042461
0.9638490000725142
1.0512820001622458
1.2075869999534916
1.0230210000372608
1.1067039999943518
1.140614999940226
1.0458619999553775
1.010251000025164
1.12800400006563
1.158411000005799
1.1088329999893176
0.9969509999336879
1.1594350000905251
1.1338039998918248
1.1014530000466038
1.1372540000138542
1.0783929999433894
0.9901659998376999
1.0966479999297007
1.1066340000525088
1.233706999983042
1.0851629999706347
1.1346650001087255
1.2692689999767026
1.0772329999326757
1.052982000146585
1.0790230001020973
1.094003999924098
1.1783410000134609
0.9879300000648072
1.2266570001884247
1.0000499999023305
1.1139030000322236
0.9724690000894043
1.1041380000733625
0.9201479999774165
1.117794000037975
1.166345999990881
1.113627999984601
1.0508120001304633
1.2490780000007362
1.1829360000774614
1.2419530000897794
1.1819270000614779
1.0864829998809
1.1475549999886425
1.096923000204697
1.0187760001372226
1.1194400001386384
1.0664129999895522
1.037697000128901
1.1974109997936466
1.1765060000925587
1.0020209999765939
1.164219999964189
0.9694049999779963
1.0874730000978161
1.078612999890538
1.0182260000419774
1.194335999798568
1.1979419998624508
1.0809919999701378
1.0013099999923725
1.2052069998844672
1.114823999841974
1.1244689999330149
0.9021870000651688
1.1078499999257474
1.0451409998495365
1.0834619999968709
1.1209240001335274
1.0878329999286507
1.258588000155214
1.1026839999885851
1.0868879999179626
1.088813000023947
1.0871730000872049
1.185397000199373
1.3959989998966194
1.234336999914376
1.2045159999161115
1.1614459999691462
1.0616819999995641
1.1454049999883864
1.1281139998118306
1.0734879999745317
1.1424050001096475
1.0803019999912067
0.918357000045944
1.0331109999697219
1.0376049999649695
1.197180999952252
1.0114000001522072
0.9241969999038702
1.0914629999660974
1.0360510000282375
0.9819249999054591
1.0307110001122055
1.0727020001013443
1.0620420000577724
1.0875680000026478
1.1509149999255897
0.9885399999802758
1.1597949999213597
0.9588440000243281
0.9756699998888507
1.0469320000083826
1.1665710001125262
1.371771999856719
1.3415509999958886
0.9885110000595887
0.9839100000590406
1.2097860001176741
2.0084899999801564
1.3765710000370746
1.3383599998633144
1.4496440001039446
1.3459100000545732
1.4380840000285389
1.4279829999850335
1.1275140000179817
1.2019760001749091
1.0708220002015878
0.9692309999991267
0.8724039998924127
1.3393310000537895
1.0148769999887008
1.1135070001273562
1.2729390000458807
1.102813999978025
1.1688460001550993
1.1920760000521113
1.0204309999153338
0.9696690001419483
1.120083999921917
1.0214030000952334
1.077691000091363
1.2747989999297715
1.2401290000525478
1.1015829998086701
1.0550219999458932
1.4249250000375469
1.0785929998746724
1.0701639998842438
1.081462999991345
1.002989999960846
0.93965000019125
0.9361200000057579
0.960987999860663
1.1889059999248275
1.0917329998392233
0.9979300000395597
1.1370750000878616
1.0446910000609932
1.0096339999563497
1.1982440000792849
1.0446619999129325
1.1761659998228424
1.1437140001362422
0.8680559999447723
1.029651999942871
0.9926100001393934
1.2889199999790435
1.0366409999278403
0.994160000118427
1.042782000013176
1.052032000188774
1.379384000074424
1.2401379999573692
1.0818030000336876
1.3447209998957987
1.435731999890777
1.0856129999865516
1.1394670000299811
1.1118439999791008
1.0204500001691486
1.045182999860117
1.4911440000560106
1.0261790000640758
1.0721129999637924
0.9804080000321846
1.1830660000669013
1.0306510000646085
1.1081330001161405
1.0405820000869426
1.1470140000255924
1.0526829998980247
1.0406110000076296
1.1448860000200511
1.101803999972617
1.0571719999461493
1.0880329998599336
1.00718999988203
1.0188710000420542
1.1940860001686815
1.1545659999683267
1.0271619999002723
1.3309410001056676
1.2122269999963464
1.1195849999694474
1.1359750001247448
1.1009730001205753
1.028771999926903
1.0725219999585534
1.2707910000244738
0.9936599999491591
1.3995330000398098
0.9769809998942947
1.0406520000287856
1.0792220000439556
1.0881240000344405
1.0699619999741117
1.3609329998871544
1.165402999959042
1.1265640000601707
1.173034999965239
1.1352329997862398
1.1402740001358325
1.082552000070791
0.9994499998811079
1.2601480000284937
1.1191039998266206
0.9677590001047065
1.0603819998777908
0.9025860001656838
1.132893999965745
1.1026539998510998
1.121464000107153
1.1326950000238867
1.1627149999640096
1.0325900000225374
1.1066829999890615
1.274588999876869
1.0763630000383273
1.0539330000938207
0.9635710000566178
1.1216539999168162
1.2093270001969358
1.144494999834933
0.9795220000796689
1.136215000087759
1.172305999944001
0.9673709998878621
1.0348509999857924
1.113022000026831
1.702540999986013
0.919338000130665
1.1907840000731085
1.1410249999244115
1.3135500000771572
1.1146639999424224
1.0724129999744036
1.0066899999401357
1.3735719999203866
1.3631809999878897
1.2326469998242828
1.0927129999345198
1.4760750000277767
1.1799660001088341
1.1987170000793412
1.1079640000843938
1.1342459999923449
1.1090739999417565
1.118934000032823
0.944117000017286
1.1160240001117927
0.9924400001182221
1.0958629998185643
1.0593930001050467
1.1435379999511497
1.1731560000498575
1.0200280000844941
1.2155770000390476
0.9897699999328324
1.047443000061321
1.1217839999062562
1.1255160000018805
1.2198050001188676
1.084433000187346
1.0425020000184304
1.2007369998627837
1.1634649999905378
1.1182240000380261
1.1467030001313105
1.0227640000266547
1.0729329999321635
1.423832999989827
1.0808130000441452
1.170225999885588
1.0652130001744808
1.0607310000523285
1.1272239999016165
1.1418250001042907
1.041702000065925
1.071531999969011
1.1846460001834203
1.0979219998716871
1.6343079998932808
1.0197689998676651
1.0416509999231494
1.0484829999768408
1.02103100016393
1.4242830000057438
0.9456800000862131
1.0203910001109762
1.2519259998953203
1.2042159999055002
1.0901829998601897
1.179156000034709
1.0691810000480473
0.955019999992146
1.1516550000578718
1.018051000073683
1.118265000059182
1.0855939999601105
1.1147640000217507
0.9186580000459799
1.4687450000110402
1.054401999908805
1.1319550001189782
1.1207539998849825
1.0497329999452631
1.1142739999741025
1.0502109998924425
1.0880209999868384
0.9774999998626299
1.0314829999060748
1.3926620001711854
0.9759700001268357
1.1974559999998746
1.06807299994216
1.0848729998542694
1.0906830000294576
1.143563000141512
1.1156830000800255
1.0195530001055886
1.1152950000905548
1.1478540000098292
1.032632000033118
0.9226780000517465
1.1497850000523613
1.5094659997885174
1.0807129999648168
1.1137210001379572
1.0509920000458806
1.1458960000254592
1.1154439998790622
1.3601509999716654
1.1271859998487344
1.0700029999952676
1.0679900001377973
1.1389449998659984
1.0466819999237487
1.1066629999731958
0.9590720001142472
1.0768130000542442
1.1560849998204503
1.1372639999081002
1.0897029999341612
1.121079999848007
0.978350999957911
0.9641589999773714
0.9821280000323895
1.1422249999668566
1.0746760001438815
1.0741619998952956
1.0321909999220225
1.1190820000592794
0.9924529999807419
1.2192179999601649
1.0662419999789563
1.1049840002215205
1.140364000093541
1.0852719999547844
1.4494540000669076
1.3071189998754562
1.4875829999709822
1.0623589998886018
1.046972000040114
1.1440650000622554
1.0601520000363962
1.0507229999348056
1.0996930000146676
1.1322550001295895
1.3490719998117129
1.0900409999976546
1.0859230001187825
1.116185000000769
1.2809180000203924
1.2419610000051762
1.0351809999065154
1.0987939999722585
1.0521130000142875
1.1671549998482078
1.2065879998317541
1.05444200016791
1.1132849999739847
1.156025000000227
1.1116840000795492
1.191826000194851
1.0926330000984308
1.0766739999326091
1.3316100000793085
0.9816990000217629
0.9639479999350442
1.1115299998891714
1.1801659998127434
1.056973000004291
1.141555000003791
1.163394999821321
1.172505999875284
1.0868730000765936
1.0973749999720894
1.1354450000453653
1.3594130000456062
1.1607550000007905
1.0719219999373308
1.2099969999326277
1.2507760000062262
1.3550010000926704
1.0519320001094457
1.0691130000850535
1.189436000004207
1.0877300001084222
0.9767799999735871
1.1617930001648347
1.2204969998492743
1.1869360000673623
1.00417099997685
1.1868060000779224
1.208896999969511
1.121324999985518
1.2622290000763314
1.2211969999498251
1.1134339999898657
1.189036999903692
1.2601200000972312
1.0968550000143296
0.9444899999380141
1.1737969998648623
1.0857710001346277
1.1863580000408547
1.4053330000933784
1.1177239998687583
1.1002399999142654
1.1170949999268487
1.077722999980324
1.2056719999691268
1.1598379999213648
1.087761999997383
1.137196999934531
1.1461020001206634
1.2233170000399696
1.1629359999005828
1.1448650000147609
1.2954890000855812
0.9980230001929158
1.1765019999074866
1.1437420000675047
1.1812529999133403
1.262509000071077
1.077607999832253
1.1875360000885848
1.0451519999605807
0.874634999945556
1.132191999886345
1.0403789999600122
1.1228800001390482
1.0876510000343842
1.098403000014514
1.0751930001333676
1.2724109999453503
1.6444200000478304
1.553616999899532
1.1410340000566066
1.0939109999981156
1.0416770001029363
1.4575850000255741
1.1277620001237665
1.4832749998276995
1.1456550000730203
1.138271999934659
1.081203000012465
1.0827600001448445
1.0481709998657607
1.4124919998721452
1.1362539999026922
1.221014000066134
1.0539470001731388
1.1620450000009441
1.0999510000146984
1.1760229999708827
1.0142209998775797
1.0713830001805036
1.0200710000844992
0.9886899999855814
1.1797359998126922
0.999021000097855
1.1407079998662084
1.2175570000181324
1.1167239999849699
1.0481669999080623
1.0238379998099845
1.076151999996
1.070071999947686
1.1753649998809124
1.0617319999255415
1.290068999878713
1.083639999933439
1.0703899999953137
1.2263369999345741
1.135671999918486
1.114320999931806
1.1657450002076075
1.0368370001287985
1.0170909999942523
0.9644130000197038
1.1589849998472346
1.1895259999619157
1.0445619998336042
1.156541999989713
1.060977999941315
1.0460519999924145
1.0902939998231886
1.1529949999840028
1.0120009999354806
1.0782510000808543
0.9135870000136492
1.08635299989146
1.073932000053901
0.9845600000062404
1.1095429999841144
0.9923790000812005
1.1753929998121748
0.9622990000934806
3.092715000093449
0.9894700001495949
1.014626999904067
1.0711919999266684
1.0358509998695808
1.1884430000463908
1.0940629999822704
1.0947200000828161
1.1126740000690916
1.1291309999705845
1.0367770000812015
1.4700649999213056
1.0588220000045112
1.0999730000094132
1.014701000030982
1.1260740000125224
1.0640820000844542
1.0035990001142636
1.0663299999578157
1.0029710001617786
1.2172369999916555
1.149675000078787
1.0592710000310035
1.1053919999994832
1.0026879999713856
0.9613380000246252
1.3875700001335645
1.3083870001082687
1.2852940001266688
1.1236109999117616
1.357787999950233
1.254228000107105
1.147034000041458
1.301240000202597
1.4617649999308924
1.2770090002049983
1.0520030000407132
1.0289619999639399
1.2307140000302752
1.040768999928332
1.1170400000537484
1.2276850000034756
1.3849510000909504
1.3741119998940121
1.0546219998559536
1.144741999951293
0.9332449999419623
1.0841999999229301
1.1770560001878039
1.0210739999365614
1.1134629999105528
1.0994679998930224
1.4795700001286605
1.4989109999987704
1.0459390000505664
1.0190659997988405
1.050158999987616
0.9241549998932896
1.0743689999799244
0.9674759999143134
1.0563509999883536
0.9255449999727716
1.063089999888689
1.120663000165223
1.056224999956612
1.0402549999071198
1.2112660001548647
1.148544999978185
1.2463569998999446
1.0708730001169897
1.0410120000869938
1.0746919999746751
1.1193749999165448
1.2094260000594659
1.2227469999288587
