Mean: 1.314 ms
Median: 1.177 ms
StandardDeviation: 1.309 ms
Min: 0.864 ms
Max: 40.859 ms
3.555187999836562
4.742223999983253
1.3952540000445879
1.2953309999375051
1.0652529999788385
1.1360039998180582
1.4255710000270483
1.0817330000918446
1.1555819999102823
1.213673999927778
1.112394000074346
1.1945050000576884
1.011148999850775
1.2450070000795677
1.0202900000422233
1.312270999960674
1.0943610000140325
1.2438290000318375
1.3368709999213024
1.3143280000349478
1.1759249998704036
1.3755410000158008
1.083062999896356
1.1738329999388952
1.071592000016608
1.2234359999183653
1.0926339998604817
1.2460170000849757
1.0383310000179335
2.653758999940692
1.1348339999130985
1.417410999920321
1.1092329998518835
1.2303359999350505
1.111590999926193
1.1670139999750972
1.1243129999911616
1.2085349999324535
1.0514410000723728
1.0891920001085964
1.3017200001286255
1.4125630000307865
1.1613159999797062
1.0716299998421164
1.154154000005292
1.1633039998741879
1.0363909998432064
1.1709450000125798
1.0684900000796915
0.9843399998317182
1.1772259999816015
1.1065840001265315
1.1434340001414967
1.2247580000348535
1.200543999857473
1.2014270000690885
0.9675189999143186
1.0207390000687155
1.2501989999691432
1.0717019999901822
1.3615440000194212
1.141461999850435
1.189905000046565
1.1153929999636603
1.2113969999063556
1.1170540001330664
1.1259830000653892
0.996635000092283
1.1378039998817258
1.0502079999241687
1.1564379999526864
1.1333449999710865
1.2748560000090947
1.2585279998802434
0.9731369998462469
1.1495819999254309
1.047032000087711
1.2060029998792743
0.9196179998980369
1.0419520001505589
1.0607789999994566
1.0527889999139006
1.135744000066552
1.2989469998956338
1.2020760000268638
1.362718999871504
1.5581669999846781
1.2619209999229497
1.4042719999451947
1.0037300000931282
1.0451130001456477
1.12159199989037
1.0594919999675767
1.0974129997975979
1.1290809998172335
1.0290560001067206
1.1297189998913382
1.0672820001218497
1.0193040000103792
1.3971930000025168
1.1348289999659755
1.039005999928122
1.146209000125964
1.1166379999849596
1.311554000039905
1.125307999927827
1.0373330001129943
1.1659490000965889
1.441397999997207
1.2579570000070817
1.219436000155838
1.2209609999445092
1.0405150001133734
1.0217750000265369
1.0931290000826266
1.1077070000737876
1.1282739999387559
1.0593319998406514
1.0448299999552546
1.160099000117043
1.097012999935032
1.3373659999160736
1.1570890001166845
1.3404139999693143
1.573989000007714
2.107804999923246
1.6883829998732836
1.5204569999696105
1.5783480000663985
1.8214909998732765
1.4549850000094011
1.825626000027114
1.631084000109695
2.396182999973462
2.092116999847349
1.4260929999636573
1.5148959998896316
1.3613999999506632
1.585170999987895
1.0632259998146765
1.2103479998586408
1.4084420001836406
1.5451320000465785
1.2225020000187214
1.115347999984806
1.053665999961595
0.9765400000105728
1.0915870000189898
1.151005000110672
1.0938630000509875
1.5490809998937038
1.0351610001180234
1.1882609999247506
1.628229000061765
1.5315910000026633
1.5613529999427556
1.1327979998441151
1.7739720001372916
1.4164120000259572
1.4167869999255345
1.2858430000051158
1.203576999841971
1.013500999988537
1.240261000020837
1.2615769999229087
1.1146089998419484
1.1293579998437053
1.1498090000259253
1.144239000041125
1.0732870000538242
1.0686759999316564
1.1412450000989338
1.252797000006467
1.4394970000921603
1.4224269998521777
1.1169080000854592
1.1039490000257501
1.1697889999595645
1.3343250000161788
1.1474979999093193
1.149470999962432
0.9637030000249069
1.1306229998808703
1.5631209998900886
2.1595149999029672
1.5491179999571614
1.4058530000511382
1.3814019998790172
1.329480000094918
1.3075599999865517
1.7014779998589802
1.2719490000563383
1.4011480000135634
1.088599000013346
1.1881409998295567
1.382296999963728
1.3783819999844127
1.8563660000836535
1.6473800001222116
1.2979099999483878
1.0015710001880507
1.2539379999907396
1.0921240000243415
1.00177099989196
1.0657479999736097
1.1142299999846728
1.121474000001399
1.4412740001716884
1.56988799994906
1.194186999782687
2.020920999939335
2.2936099999242288
1.7025419999754376
2.4057680000169057
1.8611370001053729
2.5700389999201434
1.8340359999911016
2.937909999900512
1.414252999893506
1.7048760000761831
1.6999320000650187
2.4833560000843136
1.482265000049665
1.4436040000873618
3.1555860000480607
1.5899840000201948
3.192417000036585
1.5906689998246293
2.6963319999140367
6.35763299987957
2.0563329999276903
1.4600649999465531
2.143650999869351
1.50434000011046
1.5606120000484225
1.3409910000063974
2.105993999975908
1.6175050000128977
2.4313740000252437
1.6545860000860557
1.2124120000862604
1.5591330000006565
1.107133999994403
1.1952469999414461
2.0121360000757704
2.1218450001470046
1.1822610001672729
1.7725190000419389
1.589949999925011
0.9858849998636288
1.1932370000522496
1.0968690000936476
1.0287170000538026
1.632625999945958
1.5147760000218113
1.0292059998846526
1.863371999888841
1.9662800000332936
1.2997600001654064
1.6781920000994432
1.376211999968291
1.3334699999631994
1.4704039999742236
1.4846550000129355
1.6313850001097308
1.4652949998890108
1.3961719998860644
1.451495000083014
1.4948109999295411
1.6662560001350357
1.8587770000522141
2.6840709999760293
1.6043589998844254
3.1586269999479555
1.5311719998862827
1.5067659999203897
1.6667900001721137
1.42976400002226
1.1381839999557997
1.2010169998575293
1.0548630000357662
0.8638159999918571
1.2375979999887932
1.146415999983219
1.1347899999236688
0.9603749999769207
1.3553719998071756
1.1602560000483209
1.207357000112097
1.2978149998161825
1.0954140000194457
1.0164810000787838
1.109553000105734
1.1579960000744904
1.0910430000876659
1.0304570000698732
1.1098299999048322
1.7993470000874368
1.4962060001835198
1.1757319998650928
1.578957999981867
1.5105060001587844
1.5510030000314146
1.3981979998334282
1.4748349999536003
1.7660339999565622
1.7087669998545607
2.8921269999955257
1.6994729999169067
5.669573000204764
1.495520999924338
1.409088000173142
1.4220729999578907
1.7072580001240567
1.1538310000105412
1.4047030001620442
1.8116849998932594
1.3912719998643297
1.4440839997860166
1.4925709999715764
1.387561999990794
1.1697249999542692
1.1603860000377608
1.7907050000758318
1.1515049998251925
1.1000930001046072
1.5077960001690371
1.4577039999039698
1.4588840001579229
1.2084360000699235
1.0937629999716592
0.9781199998997181
1.0892839998177806
1.1344340000505326
1.235977000078492
0.9181469999930414
1.493004999929326
1.5693160000864737
1.4624740001636383
2.4399639999046485
1.4364120002028358
1.1674049999328417
1.0142900000573718
1.1417749999509397
0.9497480000391079
1.4521240000249236
1.1767260000397073
1.2529880000329285
1.0509820001516346
1.2020159999792668
1.2951789999533503
1.208507000001191
1.164154999969469
1.2801990001207741
1.0751729998901283
1.0721030000695464
1.6115290000016103
1.2054419999003585
1.1439400000199385
1.1835459999929299
1.024646000132634
1.0925530000349681
1.1582059999000194
0.9393230000114272
1.1239939999541093
1.2674740000875317
1.0579770000731514
1.1806610000348883
1.172746000065672
1.239832999999635
1.1660550001124648
1.1412200001359452
1.6663659998812363
1.0512220001146488
1.2491780000800645
1.193986999851404
1.1924509999516886
1.1054440001316834
1.432207999869206
1.4206979999471514
1.2755039999774453
1.2884150000900263
1.160578999815698
1.248532000090563
1.1752699999760807
1.2864329999047186
1.2588179999966087
1.2322559998665383
1.1771700001190766
1.263974000039525
1.2148409998644638
1.41616700011582
1.189390000035928
1.2952189999850816
1.1541989999841462
1.1145989999477024
1.603549000037674
1.1654769998585834
1.211561999980404
0.9728149998409208
1.142168000114907
1.037471000017831
1.0566359999302222
0.9586139999555598
1.0558510000464594
1.1131379999369528
1.140424999903189
1.1189880001438723
1.0571359998721164
1.0328549999485404
1.1269880001236743
1.1419099998875026
1.4172369999414514
0.9843870000167954
1.333071000090058
1.1222230000385025
1.3059990001238475
1.6949320001913293
1.2244120000559633
1.1344439999447786
1.0580019998087664
1.4297519999217911
1.2418080000315967
1.2415570001849119
1.1901459999990038
1.3744819998464664
1.196644999936325
1.2016600001061306
1.3632249999773194
1.1070370001107221
1.2307470001360343
1.3084999998227431
1.2318849999246595
1.326647000041703
1.1746059999495628
1.1378789999980654
0.993951000054949
1.4386140001079184
1.2035929999001382
1.1616879999110097
1.4143609998882312
1.0976209998716513
1.159565000079965
1.0369310000442056
1.1090089999470365
1.4437760000873823
1.3436199999432574
1.431192999916675
1.0161229999994248
0.934404999952676
1.4298820001386048
1.2104859999908513
1.2670139999499952
1.0461629999554134
1.1029590000362077
1.1286530000234052
0.9075250000023516
1.0051829999611073
1.0309310000593541
1.0727829999268579
1.007920000120066
1.115362000064124
1.00526300002457
1.1970470000051137
1.1636530000487255
1.278388999935487
1.2587670000812068
1.6643619999285875
1.8433259999710572
1.6120190000492585
1.4084430001730652
1.4298030000645667
1.247094000063953
1.1597589998473268
1.4773450000120647
1.9060170000102516
1.3318819999312836
1.3430699998480122
1.309367999965616
1.1986859999524313
1.0401690001344832
1.2892180000108056
1.2870059999841033
40.85909199989146
1.3995199999499164
1.198575999978857
1.2007560001165984
1.1758950001876656
1.1351339999237098
1.4253110000481684
1.4160440000523522
1.1903580000307556
1.043306000156008
1.1854060001041944
1.1051840001528035
1.0760370000753028
1.083966999885888
1.1064669999996113
1.170889000150055
0.9563129999605735
1.0402870000234543
1.183430000082808
1.1441350000040984
1.0211270000581862
1.089477000050465
1.0215649999736343
1.101068000025407
1.0605560000840342
1.0492210001302738
1.158523999947647
1.4145569998618157
1.2055360000431392
1.4113229999566101
1.5809219999027846
1.4704879999953846
1.3874359999590524
1.1197179999271611
1.0202459998254199
1.2037460001010913
1.2635119999231392
1.1756799999602663
1.4419579999866983
1.3305100001161918
1.141899000003832
1.1532690000422008
1.0590419999516598
1.0105409999141557
1.0990470000251662
1.1165580001488706
1.229540999929668
1.375771000084569
1.2069399999745656
1.4607880000312434
1.2633020000976103
1.0663759999260947
1.304050000044299
1.073807000011584
1.0716460001276573
1.1032769998564618
1.075187999958871
1.1079580001478462
1.1537850000422623
1.0518820001834683
1.4221070000530744
1.4181159999679949
1.1596189999636408
1.370552000025782
1.057405999972616
1.05217200007246
1.2331610000728688
1.2368969998988177
1.2306709998028964
1.2223809999341029
1.1076380001213693
1.1916199998722732
1.0233849998257938
1.059616000020469
1.1098349998519552
1.1420189998716523
1.0235759998522553
1.1602300000959076
1.0872469999867462
1.1786289999236033
1.1433940001097653
1.0014909998972144
1.1184979998688505
1.1881499999617517
1.0941269999875658
1.0789670000121987
1.1916259998088208
0.9698390001631196
0.908421000076487
1.2332009998772264
1.1179789999005152
1.056145000120523
1.1232180002025416
1.1936559999412566
1.1721850000867562
1.0708369998155831
1.026715000080003
1.2140010001076007
1.1230789998535329
1.1597800000799907
1.0294449998582422
1.1715010000443726
1.1647789999642555
1.1943399999836402
0.9093410001241864
1.2831330000153685
1.2474679999741056
1.274612000088382
1.4321119999749499
1.2555630000861129
1.37890500013782
1.2006409999685275
1.0376049999649695
1.1372049998499278
1.1814100000719918
1.0313850000329694
1.0432960000343883
1.0743319999164669
1.1412579999614536
1.1122769999474258
1.0929269999451208
1.3243939999938448
1.1927200000627636
1.1308289999760746
1.0940380000192818
0.9234809999725258
1.177030000008017
1.0951570000088395
1.065076000031695
1.1324389997753315
1.0773670001071878
1.32228400002532
1.2661689997912617
1.2196019999919372
1.183909000019412
1.0682960000849562
1.0689860000638873
1.24232299981486
0.9664740000516758
1.1249579999912385
1.160099000117043
1.2010210000426014
1.1242389998642466
1.2008400001377595
1.2439320000794396
1.1850600001253042
1.0837170000286278
1.3194839998504904
1.030986000159828
1.1191739999958372
1.08179700009714
0.9891499998957443
1.0979680000673397
0.9386280000853731
0.998174000187646
1.0838380001132464
1.4425970000502275
1.4538740001626138
1.152058999878136
1.1800590000348166
1.0951879999083758
1.0716919998685626
1.1173240000061924
1.082783000128984
0.9546829999180773
0.9977799998068804
1.6086690000065573
1.039405000028637
1.261732000102711
1.1688189999858878
1.0200350000104663
1.0329450001336227
1.059842000131539
1.0313559998849087
1.0102960000040184
1.1077579999891896
1.0767470000700996
1.1528779998570826
0.957047999918359
0.997840000081851
1.009765999924639
1.090862999944875
1.0172639999836974
1.2116810000861733
1.0370949999014556
0.9732339999573014
1.1597689999689464
1.0786370000914758
0.9676580000359536
0.915887000019211
0.9074820000023465
1.0540460000356688
1.1412889998609899
0.9909750001497741
1.1106069998731982
1.382655000043087
1.1570249998840154
1.0934669999187463
0.9157909998975811
0.954038999907425
1.1508049999520154
1.122399999985646
1.1926760000733339
0.9710849999464699
1.3012750000598317
1.4536699998188851
1.130325000076482
1.1272140000073705
1.0568659999989904
1.1446589999195567
1.0918230000243057
1.207840999995824
1.1127070001748507
1.0269809999954305
0.934763000032035
1.2914090000322176
1.0177810002005572
1.107756999999765
1.0771369998110458
1.2199509999391012
1.112552999984473
1.3942420000603306
0.9897200000068551
1.15204899998389
1.3907960001233732
1.2555309999697783
1.035390999959418
1.0752559999218647
1.3709760000892857
0.9863400000540423
1.2405479999415547
0.9678779999831022
1.2150810000548518
1.367336000157593
1.345275999938167
1.4540509998823836
1.3403140001173597
1.2418020000950492
1.315029999886974
1.2952530000802653
1.3167340000563854
1.247527000032278
1.3977639998756786
1.29647899984775
1.4336070000808832
1.3766210001904255
1.4820189999227296
1.2490980000166019
1.4213230001587362
1.2567109999963577
1.3989359999868611
1.2573920000704675
1.4080759999615111
1.4543089998824144
1.2944089999109565
1.2975810000170895
1.0495000001355947
0.9876049998638337
1.2897730000531737
1.0140399999727379
1.4019129998814606
1.0816809999596444
1.1602490001223487
1.1215479999009403
1.1331099999551952
1.0288670000591082
1.1730339999758144
1.0402959999282757
1.0946569998395717
1.0974369999985356
1.1480589998882351
1.0795470000175555
0.9763140001268766
1.1701569999331696
1.3178589999824908
1.0327949999009434
1.0341020001760626
1.0787209998852632
1.4408970000658883
0.9850760000063019
1.0649230000581156
1.076686000033078
1.0389349999968545
1.0373060001711565
1.4237330001378723
1.2240770001881174
1.0679220001748035
1.011064000067563
1.2415670000791579
1.0756130000117992
1.020204000042213
1.095798000051218
1.361215000088123
0.9961650000605005
1.164221999943038
1.0730129999956262
0.9678030000941362
1.013353999951505
1.0968330000196147
0.9554780001508334
1.0192839999945136
1.4982959999088052
0.9801799999422656
1.0574259999884816
1.1123870001483738
1.3963569999759784
0.9950139999546082
1.0254759999952512
0.9459579998747358
1.0110769999300828
1.0226050001165277
1.1202020000382618
1.1315130000184581
1.0961819998556166
1.0540760001731542
1.1529860000791814
1.0887570001614222
1.0612229998514522
1.3768359999630775
1.1539290001110203
1.079406999906496
1.1413479999191622
1.1778850000609964
1.0475550000137446
1.205447999836906
1.152768999872933
1.0837680001714034
1.1230740001337836
1.079096000012214
1.0751129998425313
1.1322779998863552
1.3462190001973795
1.443433000076766
1.333391000116535
1.2299119998715469
1.1857960000725143
1.1881509999511763
1.2034710000534687
1.1887860000570072
1.5635509998901398
1.0854829999971116
1.4915050001036434
1.234541999792782
1.4702989999477722
1.389445999848249
1.486734000081924
1.1712199998328288
1.1792989998866688
1.337172000148712
1.4406379998490593
1.4989610001521214
1.620275000050242
1.4835750000656844
1.5701229999649513
1.8576369998299924
2.4877410000954114
1.6418850000263774
2.899033999938183
2.4526349998268415
1.786093999953664
1.5198959999906947
1.9564610001907567
1.564747999964311
1.6429249999418971
1.565245999927356
1.4012539998020657
1.2615289999757806
1.3721689999783848
1.3721909999730997
1.3466760001392686
1.6482949999954144
1.290333000042665
1.3776419998521305
1.4149529999940569
1.2229330000081973
1.5610970001489477
1.8083150000620662
1.3512840000657889
1.4402369999970688
1.376045000142767
1.403487000061432
1.612773000033485
1.0764129999643046
1.1866499999086955
1.1862890000884363
1.6578040001604677
1.0259300001962401
1.1327479999181378
1.02674400000069
1.5360160000454925
1.1369379999450757
1.1444980000305804
1.0643820000950655
1.2143509998168156
1.2055320000854408
1.1757890001717897
1.6659850000451115
1.292873000011241
1.2163209999016544
1.159077999773217
1.2690419998762081
1.4093669999510894
1.059801000110383
1.4817779999702907
1.6702100001566578
1.652644000159853
1.3642979999985982
1.2642419999338017
1.2197309999919526
1.2201999998069368
1.4306620000752446
1.5578620000269439
1.2723090001145465
1.17019899994375
1.017190000084156
1.272892999850228
1.2420609998571308
1.4552680001997942
1.2525679999271233
1.3743760000579641
1.0588350000944047
1.3888749999750871
1.160616000106529
1.1939100002109626
1.199557000063578
1.0890669998389058
1.1798559999078861
1.0850769999706245
1.0225309999896126
1.1790300000029674
1.1676469998747052
1.1106679999102198
0.9891439999591967
1.0881989999234065
1.1736090000340482
1.075175999858402
1.111227999899711
1.1880000001838198
0.9389179999743646
0.9419640000487561
1.1801790001300105
1.1179580001225986
2.8261160000511154
0.9941139999227744
1.2377430000469758
1.1269280000760773
1.055592000057004
1.1744000000817323
1.0656260001269402
1.0495559999981197
1.2071369999375747
1.1049839999941469
1.0715760001858143
1.2379970000893081
1.265802000034455
0.9500429998752224
0.9718690000681818
1.0789670000121987
1.1290679999547137
1.1077170001954073
1.123316999837698
0.9743939999680151
1.1300179999125248
1.377315999889106
1.1101830000370683
1.040554999917731
1.0311410001122567
1.0907920000136073
1.0143910001261247
0.9614030000193452
1.1058869999942544
1.134697999987111
1.09824900005151
1.3422649999483838
1.2835820000418607
1.327890999846204
1.5364209998551814
1.263081999923088
1.3189639998927305
1.1340579999341571
1.05765600005725
1.1833599999135913
0.9796429999369138
1.1005779999777587
1.0724470000695874
1.2626319999071711
1.5303309999126213
1.1415740000302321
1.0901870000452618
1.3389790001383517
1.343885000096634
1.4553979999618605
1.1723549998805538
0.9602389998235594
1.4334069999222265
1.0536480001519521
1.0914819999925385
1.1432900000727386
1.4097170001150516
1.3357339998947282
1.4551470001151756
1.1258140000336425
1.096082000003662
1.1385650000192982
1.3989669998863974
1.0221539998838125
1.2664089999816497
1.0821629998645221
1.152643999830616
1.1740990000816964
1.0188520000156132
1.0399939999388153
1.1302549999072653
1.1307479999231873
0.9462739999435144
1.1936199998672237
1.1186470001121052
