Mean: 1.466 ms
Median: 1.375 ms
StandardDeviation: 0.469 ms
Min: 0.930 ms
Max: 6.170 ms
0.9400779999850783
1.2501179999730994
1.3173469999969711
1.0619509999969523
1.6221469999777582
1.364011000021037
1.3643839999986085
1.1953570000287073
1.333860000045206
1.1797949999845514
1.1597980000033203
1.1067140000022846
1.0927430000151617
1.2150869999913994
1.293989000032525
1.1199540000461639
1.8593830000099842
1.325619999988703
1.785014000006413
5.627309999965746
1.4158220000126676
4.078093999964949
1.4861260000316179
2.2392779999904633
1.7698430000336884
1.1714139999980944
1.9780300000320494
1.2339379999843914
1.996811000026355
2.259898999966481
4.2388389999814535
6.169537000005221
2.737044000014066
1.6724899999758236
2.3988320000398744
2.470232999996824
4.015502000015658
1.8671770000082688
1.6217990000200189
1.1578749999898719
1.2423279999893566
1.0594329999662477
1.150081999981012
1.2146239999992758
1.2408480000090094
1.2331080000080874
1.0852330000261645
1.4280419999863625
1.2428680000198256
1.2169770000127755
1.4149149999980182
1.1901269999725628
1.407560000018293
1.1502550000273004
1.9987409999657757
1.7310929999894142
3.8547670000070866
1.5879009999935079
1.4117650000002868
1.4263140000139174
2.382081999996899
1.466194999977688
2.723994000007224
1.5211859999908484
2.1713949999480064
1.5585869999767965
1.4351720000149726
1.4666239999883146
1.4855929999839645
1.4146829999504007
1.5940810000074634
1.512896000008368
1.6956219999997302
2.0533719999775712
1.7122779999567683
1.3058210000167492
1.4039819999993597
1.271148999990146
1.2881689999630908
1.1889259999975366
1.1643560000038633
1.0523600000169608
1.349671000014041
1.1498549999942043
1.1195740000289334
1.0774069999683888
1.1287359999982982
1.0350509999739188
1.052766000043448
0.9747650000235808
1.856911000004402
1.4257990000032805
1.0036059999833924
1.1785329999725036
1.094790000024659
1.350086000002193
1.1319139999841354
1.4159830000153306
1.0939329999928304
1.251722000006339
1.059982000015225
1.163093000002391
1.0865830000170718
1.0569870000267656
1.0073859999693013
0.9410940000407209
1.1986860000092747
1.2770189999855575
1.3384630000246034
1.3907700000004297
1.1024330000282134
1.2633239999786383
1.0817930000257547
1.1858609999535474
1.8401339999627453
2.4066230000130417
1.5408149999984744
1.373542000010275
1.2034270000071956
1.4114139999605868
1.3608300000100826
3.446795000002112
1.7387359999929686
1.8083319999959713
2.304280000032577
1.3796819999924992
1.4617749999956686
1.1788290000254165
1.925916999994115
1.5498710000088067
1.3967980000302305
5.388343999982226
1.6332370000213814
1.2662499999578358
1.1387750000153574
1.1452769999777956
1.2637379999773657
1.6947860000300352
1.6481769999927565
2.2945939999772236
1.5790189999620452
2.1435320000477986
2.271473000007518
1.477791999946021
1.380391999987296
1.214519000029668
1.3396649999890542
1.0592020000217417
1.0769330000357513
1.4831760000220129
1.4835960000141313
1.4752550000025622
2.81486300002598
3.1354569999848536
1.623279000000366
1.303722999978163
1.2597580000033304
1.1965209999971194
1.1613519999968958
1.1600269999689772
0.9942579999915324
1.0223010000345312
0.9967979999601084
1.1814840000283766
0.9842170000524675
1.1952140000062172
1.0652569999933803
1.315417000000707
1.414498000031017
1.610825999989629
1.2488479999888114
1.140890000044692
1.5339930000095592
1.7638859999919987
1.505327999950623
1.2166820000061307
2.7410590000158663
1.425953000023128
1.3725620000286654
1.1201840000012453
1.4827609999770175
1.2026889999674495
1.2490199999888318
1.3524459999985083
5.2493390000449835
1.4370989999861195
1.4540020000026743
4.737261999991915
1.4532229999986157
1.376995999976316
1.0860950000051162
1.3678820000109226
1.1059710000154155
4.518980000000283
1.3972520000038458
1.3094550000118943
1.8458740000255602
1.2384720000113703
0.9644090000051619
1.092477999975472
1.0745079999878726
1.1759010000105263
1.0749680000117223
1.0177900000485351
1.2081469999998262
1.080057000024226
1.1960909999970681
1.4027579999833506
1.567452999950092
1.9696100000032857
1.6074210000169842
1.3806919999979073
1.3192610000487548
1.7183239999667421
1.3667320000081418
1.4253100000019003
1.3514359999931003
1.2946290000286353
1.3055800000074669
1.3127500000109649
1.1286449999943216
1.3332510000054754
1.4077330000077382
1.769148999983372
1.207705000012993
1.1745819999759988
1.1491370000271672
1.077339000005395
1.2263589999861324
4.048403000012968
1.3561009999989437
1.2813299999834271
1.2553389999538922
1.2498379999783538
1.244036999992204
1.8084120000025905
1.2383970000087174
1.340832999972008
1.258709000012459
1.1817879999966863
1.0850429999891276
1.5838150000035967
1.3145060000283593
1.2687669999991158
1.216156999987561
1.1412420000169732
1.0639019999985067
1.0054129999730321
1.1231139999949846
1.346660999956839
1.3183499999627202
1.2043950000020232
1.261789000011504
1.2265889999980573
1.4311439999801223
1.313256999992518
1.2379270000337783
1.2360659999899326
1.119359999961489
1.4221629999724428
1.387390999980198
1.2305669999932434
1.22672899999543
1.2116969999738103
1.0974829999668145
1.1895449999883567
1.120585000023766
1.2119969999844216
1.0942030000364866
1.1983269999973345
1.0942330000034417
1.1732660000234318
1.232818000005409
1.2713490000351158
1.322770000001583
1.2936090000152944
1.2279569999691375
0.9298279999825354
1.3553219999948851
1.485416000036821
1.6316400000278009
1.4873250000277949
1.5450280000095518
1.3235199999712677
1.3177100000234532
1.1689010000281996
1.1987270000304306
1.2211579999643618
1.4566140000056294
1.2297370000169394
1.2720490000219797
1.0831929999994827
1.0860230000275806
1.418134999994436
1.145810000025449
1.5318669999828671
1.2100860000145985
1.25742000000173
1.6941159999532829
2.3485009999717477
1.6685840000150165
1.6487899999901856
1.1891659999605508
1.1581449999766846
1.009121000038249
1.173820000019532
1.221616999998787
1.0657920000198828
1.5498870000101306
3.719327999988309
1.0339709999698243
1.1871660000224438
0.9952999999995882
1.1589650000018992
1.0518420000380502
1.2241919999951278
1.4744850000170118
1.144165000027897
1.1983080000277369
1.6403799999693547
1.839306000022134
1.6798620000031406
1.1665449999895827
1.1287259999903654
1.218086999983825
1.164466000034281
1.6486400000417234
1.1615839999876698
1.0917530000256193
1.1505550000379117
1.3154600000007122
1.4323130000093443
1.5034159999913754
1.5500119999956041
1.4730150000445974
1.5129159999673902
1.8665569999711806
1.7176409999706266
1.5882369999644652
1.9477090000350472
1.6042290000086723
1.6375200000311452
1.8237620000149946
2.0883580000372604
1.8620249999798943
1.8071139999733532
1.6391509999493792
1.6233940000347502
1.5203659999656338
1.6592759999980444
2.0281859999613516
1.7059110000445799
1.7907839999793396
1.6537299999868083
1.530477000017072
1.3117199999896911
1.2884739999776684
1.2751280000316
1.5098469999657027
1.1645849999695201
1.2402880000195182
1.3220810000120764
1.1600050000311057
1.4740450000090277
1.2587279999820566
1.1380390000113039
1.2159590000351272
1.2711080000258335
1.2940090000483906
1.3796370000136449
1.1999460000424733
1.7219930000464956
1.5144859999622895
1.5184659999931682
1.1801960000070721
1.1906660000136071
1.539249000018117
1.5507370000023002
1.288489000046411
1.364341999988028
1.2583490000110942
1.629474000026221
1.2672889999976178
1.355001000035827
1.2360879999846475
1.262418000010257
1.1615849999770944
1.4960159999759526
1.3677409999672818
1.2240259999884984
1.56834599999911
1.5099560000066958
2.3299359999668923
1.5532200000052399
1.384725000036724
1.4325139999868952
1.3114489999566104
1.538181999990229
1.797015000022384
1.6484579999769267
1.2524500000381522
1.2233969999897454
1.3215999999829364
1.2467760000163253
1.2740249999865227
1.3894040000081986
1.2670870000306422
1.2547200000199155
1.3713220000113324
1.3327210000397827
1.5994849999856342
1.4155430000073466
1.2132970000493515
1.3395500000115135
1.2748190000024806
1.2042039999755616
1.7011520000096425
1.5192769999998745
1.2561270000333025
1.3823429999888504
1.6703309999570592
1.4311240000211
1.6048990000285812
1.6911820000018452
1.5445770000042103
1.3130389999673753
1.2283509999519993
1.321963999998843
1.7914420000124665
1.5626899999574562
1.7343750000122782
1.7454659999884825
1.7014019999805896
1.2597009999808506
1.5557239999566264
1.5328729999737334
1.5823909999994612
1.233297999988281
1.6199099999880673
1.4609739999968951
1.5367870000204675
1.3209690000053342
1.5700000000151704
1.3101900000265232
1.5699379999887242
1.5131979999978284
1.41275300001098
1.3808520000111457
1.4579850000018268
1.446270000030836
1.1948060000008809
1.2917690000335824
1.2061059999837198
1.237114999980804
1.2804889999529223
1.5663080000081209
1.6264089999822318
1.455614000008154
1.4723519999506607
1.2684960000228784
1.6787810000096215
1.4839860000392946
1.5291280000155894
1.3624829999798749
1.6752209999708612
1.4112129999830358
1.7877050000265626
1.3251510000031885
1.3697320000005675
1.2341789999936736
1.171817999988889
1.7219800000134455
1.3735310000129175
1.238665000016681
1.3277900000048248
1.344001000006756
1.2539679999576947
1.3200199999801043
1.0447509999949034
1.6615600000022823
1.623015999996369
1.3803879999727542
1.6497300000537507
1.8559360000267588
1.2434280000093167
1.5617980000115494
1.1194539999905828
1.4042419999782396
1.6082989999972597
1.7757920000462946
1.347070999997868
1.6149289999702887
1.6856619999998657
1.3877729999762778
1.62235900000951
1.7202600000132406
1.4958250000063344
1.159936000021844
1.5852080000513524
1.2730689999784772
1.2191769999958524
1.2829190000047674
1.3026620000005096
1.4557740000213926
1.468704999979309
1.5728179999996428
1.3171230000352807
1.5703789999861328
1.6738209999971332
1.330557000017052
1.6754869999999755
1.370507999979509
1.598236999996061
1.6418189999853894
1.4344840000148906
1.7097319999948013
1.5667280000002393
1.4729469999679168
1.2844850000419683
1.4682049999805713
1.5212879999921824
1.5734170000314407
1.3063900000247486
1.3266779999980827
1.5942439999889757
1.7094689999908042
1.4299830000368274
1.314070000034917
1.297902000032991
1.5886289999684777
1.430982000044878
1.6861309999853802
1.4157829999703608
1.2602550000337942
1.2591790000442415
1.3872480000145515
1.4141879999556295
1.3652609999894594
1.072952000015448
1.3799019999964912
1.4058329999784291
1.3075599999865517
1.5972179999721448
1.3334209999698032
1.3752680000038708
1.1361439999859613
1.3124280000056388
1.2204569999880732
1.2282259999665257
1.2740490000169302
1.2870490000409518
1.1436550000212264
1.365666000026522
1.2961599999812279
1.150445000007494
1.816394999991644
1.3120389999699
1.2100829999894813
1.2315869999497409
1.2408580000169422
1.1048929999901702
1.3067300000102477
1.591399000005822
1.4041029999702914
1.4367840000204524
1.460724000025948
2.108088999989377
1.5160100000457533
1.5110460000187231
1.6960920000315127
1.6012909999858493
1.5562880000175028
1.633126000001539
1.5653669999551312
1.5441939999618626
1.3685569999779545
1.6791110000440312
1.549424000018007
1.6774970000028588
1.2344360000042798
1.1190339999984644
1.2901690000148847
1.258538000001863
1.1986660000502525
1.1088829999721384
1.1585450000097808
1.3838650000366215
1.5300969999998415
1.5200560000039331
1.3881029999538441
1.1226639999790677
1.0934189999716182
1.376761000017268
1.475536999976157
1.6901509999911468
1.4447840000002543
1.3531989999933103
1.3579269999581811
1.671769999973094
1.3210890000436848
1.119581000011749
1.379418999988502
1.51824899995745
1.4146419999860882
1.3450729999817668
1.349425999990217
1.6138860000296518
1.3940119999915623
1.216787000032582
1.2830370000074254
1.0662790000424138
1.3874690000079681
1.499921999993603
1.8410010000025068
1.6756140000211417
1.5227769999910379
1.7201179999801752
1.6286889999719278
1.3068700000076205
1.5505840000287208
1.4894130000016048
1.2746680000077504
1.2695079999502923
1.387249000003976
1.3031490000230406
1.2026769999806675
1.32906300001423
1.2958850000472921
1.6561690000003182
1.7416710000475177
3.079233999983444
1.8794929999899068
1.681007000001955
2.1343129999991106
1.6975009999669055
1.7637210000316372
1.6639499999655527
1.434593999988465
1.662920999990547
1.645929000005708
1.4186210000275423
1.4951769999811404
1.5869690000158698
1.593749000051048
1.7773730000385513
1.6648410000357217
1.358280999966155
1.5451470000016343
1.5611420000141152
1.654760000008082
1.6493549999836432
1.5649580000172136
1.555136999968454
1.7129819999581741
1.7985449999855518
1.6408699999601595
1.5660170000160178
1.4512829999944188
1.3157099999716593
1.6022259999886046
1.3389700000061566
1.2788790000399786
1.3541409999788812
1.5740580000169757
1.544186999979047
1.56882700002825
1.6436519999842858
1.7034619999662937
1.8141900000046007
1.6796109999859254
1.4953749999904176
1.4554879999764125
1.4860599999906299
1.4973649999774352
1.550686999962636
1.335797999956867
1.541825999993307
1.505991999977141
1.5198369999893657
1.4833970000154295
1.7285920000063015
1.5676820000294356
1.4934740000285274
1.240907999999763
1.6547879999961879
1.7760979999934534
1.607559999968089
1.5216660000305637
1.842195999984142
1.9063080000023547
1.903677000029802
2.390322999985983
1.6038159999993695
1.3758400000369875
1.5054749999876549
1.5353789999608125
1.5956679999931112
1.3725309999585988
1.5805869999780953
1.4794950000123208
1.2741980000328113
1.4092220000065936
1.4588029999913488
1.4770950000411176
1.4333279999618753
1.481716000000688
1.8358680000005734
1.6094290000410183
1.7512630000169338
1.4747270000157187
2.0503899999653186
1.568867000003138
1.604689000032522
4.460397000002558
1.8305180000197652
1.842926999984229
2.1878159999459967
2.202567999972871
2.0385819999546584
1.5629170000011072
1.2931420000086291
1.3662310000199795
1.487515999997413
1.7964240000196696
1.451873999997133
1.3347510000016882
1.445533999969939
2.4196230000370633
1.6605510000431423
1.6903520000255412
1.6473010000481736
1.341491000005135
1.4532640000197716
1.5209459999709907
1.5574679999872387
1.3756540000144923
1.2971899999456582
1.134516000036001
1.2341990000095393
1.3113159999988966
1.2559379999856901
1.165268000022479
1.171546000023227
1.208286999997199
1.6063349999626553
1.3503859999559609
1.3394409999705204
1.2567990000320606
1.1657750000040323
1.1583450000216544
1.143935000015972
1.0012909999659314
1.4272139999889077
1.239007999970454
1.293401999987509
1.522647000001598
1.3173400000141555
1.123003999964567
1.1668260000305963
1.101577999975234
1.562652999950842
1.8062130000089383
1.693660999990243
1.5021149999938643
1.7393480000009731
1.5035249999755251
1.3699120000296716
1.1412200000222583
1.405907999981082
1.3477659999807656
1.2239590000149292
1.196600000014314
1.5901440000334333
1.3439000000516899
1.740326999993158
1.6218389999949068
1.2557030000266423
1.4513399999600551
1.2700790000508277
1.3289409999970303
1.2051269999915348
1.2267470000324465
1.4544570000225576
1.4719669999863072
1.4500940000061746
1.2828330000047572
1.5218180000147186
1.7186149999588451
1.1302269999760028
1.3294029999997292
1.2325190000410657
1.2116560000094978
2.1057960000234743
1.6374900000073467
1.4117119999923489
1.7116910000254393
1.4344280000386789
1.524706999987302
1.5886410000121032
1.2516190000155802
1.2747999999760395
1.3312499999642569
1.2768089999894983
1.284634000001006
1.0509919999890371
1.2362280000388637
1.0967530000129955
1.1344689999646107
1.3595059999715886
1.1818879999623277
1.01375300005202
1.1987800000383686
1.2220719999618268
1.1492630000020654
1.5141159999529918
1.5969259999906171
1.5174709999996594
1.2947339999982432
1.111235999985638
1.2606660000074044
1.4082590000157325
1.101371000004292
1.2213819999828956
1.1332540000239533
1.3285019999784708
1.141154999970695
1.2159069999597705
1.1453870000082134
1.2957519999758915
1.2151039999821478
1.6957210000327905
1.4391340000088348
1.579018000029464
1.3622210000221457
1.4466340000467426
1.2936550000404168
1.3641859999893313
1.0498610000126973
1.1944759999664711
1.1724559999493067
1.555476999953953
1.2529880000329285
1.4474039999754496
1.363836999985324
1.360121999994135
1.5468580000401744
1.5222710000557527
1.262007999969228
1.3461160000360906
1.592442999992727
1.5767570000093656
1.5933489999611083
1.5606040000193389
1.4483339999742384
1.5481479999834846
1.34003099998381
1.3058199999704811
1.2634729999945193
1.3165900000444708
1.2322869999934483
1.241037999989203
1.1596709999821542
1.2879989999987629
1.549456999953236
1.2435570000093321
1.728312000011556
1.5757510000184993
1.6410429999496046
1.5776679999817134
1.4997559999869736
1.5780939999672228
1.3388699999836717
1.2624379999692792
1.1302839999984826
1.195556000027409
1.3370109999755186
1.4333929999565953
1.3427929999920707
1.2858989999813275
1.1414990000275793
1.2867890000052284
1.0941779999598111
1.229771999987861
1.2859439999601818
1.1721400000510585
1.3750130000289573
1.2620379999930265
1.4321040000027097
1.3707520000139084
1.1552459999961684
1.2476789999595894
1.3096449999920878
1.1665950000292469
0.9357079999858797
1.1908390000030522
1.099916999976358
1.4216540000120403
1.3920659999939744
1.3577709999594845
1.2137360000110675
1.1596420000046237
1.2483169999768506
1.1465150000162794
1.10190500004137
1.3551810000080877
1.1775910000437761
1.266987999997582
1.5570169999818972
1.2086060000342513
1.11231399995404
1.4438080000331865
1.220124000042233
1.5730169999983445
1.5238990000057129
1.699282000004132
1.6708069999822328
1.7424189999815098
1.4299080000341746
1.136171000041486
1.3251109999714572
1.4642339999682008
1.3238999999884982
1.6974060000052305
1.148273000012523
1.6777629999751298
3.4824460000209
1.7274819999784086
1.486615000032998
1.4411320000249361
1.3603769999690485
2.0603369999889765
1.1018540000122812
1.671046000012666
1.3411209999958373
1.3747020000209886
1.3372119999530696
1.129330999958711
1.4083329999721172
1.085753999973349
1.1188140000513158
1.2108270000226184
1.1106579999591304
1.027172000021892
1.5385590000391858
1.6071140000235573
1.4540640000291205
1.4854959999865969
1.4681650000056834
1.5811779999808095
1.327247000006082
1.3359710000031555
1.5757929999722364
1.3931930000126158
1.1561200000187455
1.299009999968348
1.2299669999720209
1.3306349999879785
1.1791059999950448
1.2050259999796253
1.2104390000331477
1.317565000022114
1.5665580000359114
1.402206000022943
1.5239680000149747
1.3571110000043518
1.289669000016147
1.3876419999974132
1.4360590000137563
1.3339800000267132
1.1366039999529676
1.4076329999852533
1.4244380000150159
1.4376739999875099
1.6201299999920593
1.3661290000186455
1.4633490000051097
1.5490380000073856
1.2309869999853618
1.13069799999721
1.4463150000096903
1.306234000026052
1.4698809999913465
1.3181549999785602
1.3488740000298094
1.5744629999971949
1.449535000006108
1.5702809999993406
1.5122059999725934
1.5037809999967067
1.5800439999793525
1.3418500000170752
1.8039600000179234
1.7322550000358206
1.45916799999668
1.8377709999981562
1.8291780000367908
1.918572999954904
1.668091999988519
1.3198110000303132
1.3021199999911914
