Mean: 1.526 ms
Median: 1.428 ms
StandardDeviation: 0.760 ms
Min: 0.913 ms
Max: 19.937 ms
2.6231999999595246
1.5686869999740338
2.5332669999897917
1.584116999993057
1.5301709999562263
2.6288149999800225
1.443438000023889
1.5902079999818852
2.296897999997327
1.7470070000058513
2.8677530000322804
1.8414529999972729
2.3392380000473167
2.399338000032003
2.445505000025605
2.161811000007674
2.281649999986257
1.4755020000052355
2.3914389999504237
1.6519559999892408
1.723932999993849
1.592745999971612
1.7372109999769236
1.5695640000217281
1.6069950000314748
1.439930000003642
1.3659179999763182
1.4431879999960984
3.9638310000214005
1.4991219999842542
1.4212179999617547
1.3662869999961913
1.2977839999734897
2.0229819999713072
1.5951840000525408
1.9348239999885664
1.538016000040443
1.4687380000282246
1.6643909999629614
5.390954000006332
2.204853000023377
1.7343630000254961
1.5079190000051312
1.215612000009969
1.5499129999625438
1.6099929999882079
1.4261170000509082
1.1967410000011114
1.5703529999768762
1.633933000050547
1.4043269999888253
1.209161000019776
1.3908959999753279
1.4095720000000256
1.8020809999939047
1.8700020000324002
1.4632779999601553
1.6585040000336448
2.3378129999969133
1.652250000006461
1.6384539999876324
1.5838220000432557
1.861017000010179
1.6419899999959853
1.6034079999940332
1.461223000035261
1.5070809999997437
1.6620110000076238
2.1595200000206205
1.6120889999911014
1.1685650000003989
1.8732060000274942
1.7567319999898245
1.3814760000059323
1.559340999961023
1.7408170000408063
1.5369210000244493
1.4057180000008884
1.46946500001377
1.3487549999808834
1.604882999970414
1.3849719999825538
1.611254000010831
1.3775369999962095
1.3137139999912506
1.2433330000476417
1.6557740000280319
1.4003929999830689
1.81134999996857
1.910507999980382
1.2640090000104465
1.7159959999730745
1.8272890000048392
1.5604370000232848
1.3621350000221355
2.2494769999639175
1.4696549999939634
1.5290470000195455
1.450728000008894
1.2493570000060572
1.3160249999941698
1.7730640000195308
1.8782710000095904
1.3491949999888675
1.3813819999768384
1.6196830000012596
1.2976129999628938
2.388915999972596
1.601536999999098
1.5658030000054168
1.4850050000063675
1.4098219999709727
1.4114929999777814
1.302362999979323
1.8615199999771903
1.7041020000192475
1.468848000001799
1.6001029999870298
1.4555779999909646
1.4358839999886186
1.3641610000263427
1.423258999977861
1.3562569999976404
1.9436489999975493
1.7374230000086754
1.4190219999932197
1.3586050000071737
0.9753739999496247
1.5961720000063906
1.1059969999678287
1.2422009999681904
1.5284619999533788
1.5103899999644455
1.5090299999656054
1.3784170000121776
1.7752269999959935
1.6867410000145355
1.3139440000031755
1.539960999991763
1.2736630000063087
1.6077530000302431
1.4692590000322525
1.439053000012791
1.4608280000061313
1.2918379999860008
1.2908229999766263
1.068575999966015
1.196350999975948
1.0123100000214436
1.484935000007681
1.4419540000289999
1.569810999967558
1.5894620000267423
1.467829000034726
1.5495239999836485
1.485546000026261
1.3625230000116062
1.4499939999836897
1.31103000001076
1.5165779999506412
1.3570510000135982
1.6027010000243536
1.3593799999966905
1.4744850000170118
1.374933000022338
1.3326430000120126
1.2038180000217835
1.2279460000286235
1.1887150000120528
1.0762829999748647
1.2834710000220184
1.3099189999934424
1.4199619999999413
1.4476239999794416
1.3823410000100012
1.337100000000646
1.2391490000140948
1.510997000025327
1.412252999955399
1.269619000026978
1.415463999990152
1.2263830000165399
1.3872110000079374
1.6545320000318497
1.200207999943359
1.3676710000254388
1.1665640000160238
1.3532230000237178
1.3090379999880497
1.7434220000041023
1.3916450000124314
1.2838090000286684
1.1277930000233027
1.3617809999573183
1.6949120000049334
1.5612159999705
1.6283589999943615
1.2780779999843617
1.9471119999820985
1.300037999953929
1.3673029999949904
1.3274410000008174
1.4021509999793125
1.2709099999597129
1.3390299999969102
1.1940050000021074
1.431053000032989
0.9994499999947948
1.4779669999711587
1.6212520000067343
1.3876110000410335
1.2646080000422444
1.6633309999747325
1.5003869999645758
1.7110260000094968
1.3323840000225573
1.4452330000267466
1.359410000020489
1.2576880000096935
1.7756020000092576
1.1652860000026521
1.2523369999826173
1.3380199999915021
1.4091319999920415
1.2336089999962496
1.2657899999908295
1.2723970000365625
1.2850590000539341
1.5371979999940777
4.31942400001617
1.4941030000272804
1.1940559999743527
1.8836159999864321
1.2660479999908603
1.4782949999698758
1.3742439999759881
1.3475519999701646
1.2297699999521683
1.2551230000212854
1.2474170000018603
1.1696349999965605
1.0702460000402425
1.4106610000226283
1.1675160000095275
1.1867449999840574
1.2525970000183406
1.078292999977748
1.4622230000327363
1.4175599999930455
1.5247979999912786
1.242488000002595
1.3705609999874468
1.3285619999692244
1.543885999979011
1.5000239999949372
1.3643290000118213
1.3510090000181663
1.4549810000517027
1.2500770000087869
1.6574399999740308
1.2559869999790862
1.671899999962534
1.0677809999606325
1.0970139999813
1.4000630000055025
1.171654000017952
1.277630999993562
1.4254210000217427
1.3532300000065334
1.1945179999770517
1.8521869999972296
1.1521339999944757
1.7464520000203265
1.3217100000133541
1.5940680000312568
1.357570000038777
1.2070259999745758
1.0180410000089068
1.3848220000340916
1.2097450000396748
1.3645299999893723
1.1645929999986038
1.6441089999830183
1.4858849999654922
1.3631509999640912
1.2650099999973463
1.8132840000362194
1.8509450000010474
1.4228950000187979
1.849544999970476
1.6377389999888692
1.5728099999705591
1.3930750000099579
1.5010039999765468
1.2441260000173315
1.5929019999703087
1.4873050000119292
1.8212859999948705
1.4255520000006072
1.5946290000101726
1.3420999999880223
1.4294270000050346
1.392982000027132
1.5439130000345358
1.1059979999572533
1.2744630000156576
1.2700989999530066
1.2604639999835854
1.7134679999912805
4.187041000022873
1.6836319999811167
1.5051640000365296
1.3791790000254878
1.4672069999619453
1.5963479999641095
1.3905970000109846
1.5680660000043645
1.287607999984175
1.2957579999692825
1.3352260000374372
1.2530949999813856
1.6954390000023523
1.438393000000815
1.344020000033197
1.5287859999943976
1.5898930000162181
1.5718180000021675
1.2906150000162597
1.3116050000121504
1.4607740000087688
1.4021129999832738
1.4540999999894666
1.3642110000091634
1.281074000019089
1.4042320000271502
1.776106000022537
1.818364999962796
1.467703999992409
1.2741269999878568
1.1773459999631086
1.117533000012827
0.9132860000136134
1.1527419999879385
1.5347359999964283
1.2384070000166503
1.2470969999753834
1.4476439999953072
1.1775550000265866
1.837311999963731
1.178948000017499
1.4243819999819607
1.2461759999951028
1.297537999960241
2.056551999999101
1.8085760000303708
1.4747739999734222
1.560427000015352
1.420461999998679
1.319399000010435
1.2502899999731198
1.2061659999744734
1.0933720000139147
1.4155449999861958
1.4257919999636215
1.2528479999787123
1.1343040000042492
1.4422259999946618
1.165414000013243
1.4527530000236766
1.486606999947071
1.755323999987013
1.5811970000072506
1.4983050000410003
1.5797080000083952
1.377229000013358
1.4267130000007455
1.3970910000011827
1.332949999948596
1.1370629999873927
1.2043170000310965
1.4013919999911195
1.1453430000187836
1.2148349999847596
1.449356000023272
1.268420000030801
1.2135740000189799
1.4366230000177893
1.2724219999995512
1.2181990000499354
1.638460999970448
1.2295189999917966
1.9889710000029481
1.3149810000072648
1.5809329999569854
1.428583000006256
1.2341670000068916
1.4753250000012486
1.3753810000025624
1.4041820000443295
1.099822000014683
1.4804740000045058
1.4191619999905924
1.6797270000097342
1.3504500000180997
1.4770559999988109
1.7402409999931479
1.3966729999879135
1.3260400000376649
1.7376430000126675
1.590408000026855
1.464123000005202
1.5535190000264265
1.4209130000040204
1.5307259999985945
1.3381699999968077
1.4463630000136618
1.7076589999760472
1.2286560000234203
1.6891009999540074
1.3822409999875163
1.0166200000298886
1.2676979999923788
1.2873560000343787
1.3231490000293888
1.3596199999597047
1.1851169999772537
1.2637670000117396
1.256785000009586
1.4587129999767967
1.3439499999776672
1.2989409999590862
1.388442000006762
1.6515599999706865
1.4614059999757956
1.602307999974073
1.645508000024165
1.605638999990333
1.8933770000444383
1.6393479999692318
1.4008910000029573
1.3756509999893751
1.3498389999995197
1.3046789999862085
8.095094999987396
4.065263000029518
1.644250000026659
1.8251700000178062
1.8327059999592166
7.996923000007428
2.208617000007962
1.6154690000007577
1.6533479999907286
3.156746000001931
2.028160999998363
3.670919999990474
2.1084319999999934
1.4045220000298286
1.274924000028932
1.149246000011317
1.3319060000185345
1.285488999997142
1.5906169999766462
1.4293979999706607
1.7164180000008855
1.520225999968261
1.173061000031339
1.3525100000038037
1.457436000009693
1.3555310000015197
1.3463529999739876
1.4685429999872213
1.5124239999977362
1.3817109999649801
1.5907670000387952
1.6567129999884855
1.6852510000262555
1.214857000036318
1.1245029999713552
1.353837999999996
1.339480000012827
1.2374749999821688
1.3538410000251133
19.93673000004037
1.8858630000408994
1.5185149999865644
1.5670280000108505
2.1419110000238106
1.396638000016992
1.820744999974977
2.3223300000267955
2.1080380000171317
1.766263999968487
1.572571999986394
1.6254419999768288
1.8279779999943457
1.1310689999959322
1.2100620000410345
1.2732189999837829
1.781987000015306
2.164124999978867
2.1012240000004567
2.105630000016845
2.160036000020682
1.7107890000147563
1.2931140000205232
1.481973000011294
1.6294539999535118
1.4285130000075696
2.2829559999877347
1.7654850000212718
1.762625000026219
1.7449030000307175
1.657851999993909
3.0696329999955196
1.4292630000340978
1.3674190000187991
1.617526999950769
2.450364999958765
1.4635950000183584
1.6468180000401844
1.7344420000426908
1.4080830000011701
1.4701200000217796
1.290611000001718
3.0401319999668885
1.357362000021567
1.3808389999780957
1.3803839999582124
1.5012709999950857
1.311647000022731
1.5977459999589883
1.276628000027813
1.5425359999881039
1.4882540000371591
1.4681939999832139
1.436323000007178
2.7319150000266745
1.6976009999893904
1.6109649999975773
1.5138850000084858
1.4361830000098053
1.3188799999852563
1.4831639999783874
1.3963409999746546
1.2555100000213315
1.4563640000346822
1.410023000005367
1.1864830000263282
1.4415840000197022
1.3092190000065784
1.0411009999984344
1.182028000016544
1.2498669999558842
1.3860109999654924
1.329399999974612
1.3193199999932403
1.2608960000193292
1.3340290000201094
1.4697120000164432
1.3958419999653415
1.419429999998556
1.4443040000173824
1.295917999982521
1.4003210000055333
1.538311999979669
1.452355000026273
1.3627109999561071
1.3874050000026728
1.308471000015743
1.7957320000050458
1.1831479999955263
1.4225939999619186
1.5046590000338256
1.5774199999896155
1.3884200000120472
1.4347129999805475
1.1707549999755429
1.4377630000126373
1.265071999966949
1.44994999999426
1.3101819999974396
1.27123799995843
1.5627269999640703
1.6461460000414263
1.7451119999805087
1.7686720000256173
1.655257999971127
1.6588360000469038
1.501323000013599
3.8139640000167674
1.5461259999938193
1.4459340000030352
1.4979829999788308
1.367614000002959
1.4824950000047465
1.5230099999712365
1.3242400000308407
1.5512570000169035
1.5134569999872838
1.535864999993919
1.6111410000121396
1.5457769999898119
1.4473230000362491
1.2508170000273822
1.176225000051545
1.4800659999991694
1.4799950000110584
1.3280389999863473
1.2304469999548928
0.9631190000050083
1.1554880000517187
1.0280129999955534
1.0577909999938129
1.2734489999957077
1.1693249999780164
1.5648689999920862
1.4655660000357784
1.4520029999971484
1.5754500000184635
1.4111130000173944
1.4715759999717193
1.486731999989388
1.7588009999940368
1.4722649999612258
1.2526789999469656
3.2098300000029667
4.114275999995698
1.5335370000002513
1.0667660000081014
1.3937200000100347
1.2955499999520725
1.2117570000214073
1.4564949999567034
1.6376560000139762
1.6192749999959233
1.5234770000347453
1.4570660000003954
1.5671080000174697
1.72312500001226
1.3952129999665885
2.1073099999853184
1.5884389999882842
1.3360269999793672
1.4973600000303122
1.5212069999961386
1.5024109999899338
1.4091639999946892
1.387657999998737
1.4605169999981626
1.3711869999610826
1.405323000028602
1.5383129999690937
1.5972489999853678
1.4568639999765765
1.4011330000016642
1.2830590000021402
1.4963259999944967
1.2372969999887573
1.2581870000190065
1.549642999975731
1.6177489999904537
1.5173159999903874
1.6071680000209199
2.0376219999889145
1.5255560000468904
1.922638999985793
1.8614449999745375
1.209617000029084
1.355740999997579
1.6314389999934065
1.7447619999870767
1.484664999964025
1.3877519999709875
1.9491890000153944
1.5666470000041954
4.042381999965983
1.753603999986808
1.4848750000169275
1.3210999999841988
1.4741850000064005
1.4133330000163369
1.488056000027882
1.4978460000065752
1.3710520000245197
1.3418389999628744
1.1516449999930956
1.650799999993069
1.5203059999748803
1.0711319999927582
1.3378209999928004
1.4729950000287317
1.6218199999684657
1.2242569999898478
1.4972230000012132
1.2460379999765792
1.7322719999697256
1.1984359999814842
1.543771999990895
1.568066999993789
1.279228000043986
1.6727159999732066
1.2591579999821079
1.198925999972289
1.4458930000387227
1.1996160000080636
1.2173669999810954
1.1507250000022395
1.0720710000100553
1.2093969999682486
1.4472340000111217
1.557477000005747
1.3472699999965698
1.2287469999705536
1.2619289999520333
1.0958240000036312
1.3773420000120495
1.3579889999846273
1.4037919999623227
1.2174960000379542
1.257545999976628
1.2579880000203048
1.3169190000326125
1.359041000000616
1.279458999988492
1.3415069999496154
1.8215859999486383
1.163324999993165
1.3627210000208834
1.3345859999844834
1.2072569999759253
1.136014999985946
1.3216499999657572
1.254137999978866
1.5429979999908028
1.9419390000052772
1.5283959999692343
1.285618999986582
1.4316180000264467
1.265124999974887
1.5564269999686076
1.5726279999626058
1.4711099999544786
1.421263999986877
1.5693129999476696
1.1238499999990381
1.2752510000382244
1.2015760000281261
1.929547999964143
1.3733029999798418
1.5782959999910418
1.233535999972446
1.3661309999974947
1.2250370000401745
1.416082999980972
1.2288570000009713
1.5001550000306452
1.3708470000324269
3.487979999988511
1.4108340000120734
1.3509309999903962
1.5974089999986063
1.3447119999909773
1.7366050000191535
1.2557679999645188
1.435609999987264
1.4181330000155867
1.2649029999920458
1.3424609999788117
1.9064999999613974
1.279737999993813
1.371733000041786
1.4410459999680825
1.7111270000214063
1.6878619999829425
1.2877209999828665
1.1640809999562407
1.4672500000187938
1.3774070000067695
1.4728099999956612
1.2286879999692246
1.1526410000328724
1.3205360000370092
0.980187000038768
1.107192999995732
0.9963329999891357
1.2958089999983713
1.124091999997745
2.3550679999857493
1.3079789999892455
1.4224280000121325
1.225264000026982
1.4824079999584683
1.4020819999700507
1.9299200000091332
1.257594000037443
1.3730089999626216
1.3382860000206165
1.2929760000019996
1.2312329999986105
1.4467760000229646
1.2409070000103384
1.0226210000041647
1.1248559999899044
1.1789860000135377
1.1448910000240176
1.3144449999913377
1.3567670000043108
1.4087999999787826
1.4009779999923921
1.3134720000493871
1.2922839999873759
1.2026940000282593
1.259078000032332
1.256417999968562
1.3900019999937285
1.234972999952788
1.2261819999821455
1.2113970000200425
1.4693420000071455
1.5585549999741488
1.0143459999767401
1.1634510000249065
1.1085630000025049
1.3319909999722768
1.492075000044224
2.2094969999670866
1.683298000045852
1.4989990000344733
1.3705570000297485
1.5501689999837254
1.3089249999893582
1.4627200000063567
1.724015999968742
1.607437000018308
1.6869579999934103
1.5395030000036058
1.4810900000270522
1.4062319999652573
1.2606250000430919
0.9607759999994414
1.9169219999639608
2.5451129999964905
1.676429999974971
1.8190449999906377
1.6043240000271908
1.281887999994069
1.5833890000180872
1.4900150000016765
1.5767369999935
1.5263370000297982
1.5640519999919889
1.60209500000974
1.6990379999697325
1.5291180000076565
1.6382150000140427
1.707534000047417
1.5571719999911693
1.7212100000278951
1.373917000023539
1.0997670000278958
1.5017829999806054
3.0420819999790183
1.5737979999812524
1.7092659999775606
1.5422120000039286
1.7163019999770768
1.4973310000527817
1.5375899999980902
1.1767169999643556
1.3543160000040189
0.9926500000005944
1.4374040000006971
1.4388280000048326
1.6104989999803365
1.4718890000153806
1.4843740000287653
1.3482850000059443
1.3572759999647133
1.0589759999675152
1.3401049999970382
1.6029180000032284
1.4554140000200277
1.4362179999807267
1.4565589999619988
1.6928580000126203
1.5648279999709303
1.265368000019862
1.4376889999994091
1.263510999990558
1.3145839999992859
1.1459750000426538
1.5500760000008995
1.5958290000526176
1.2870339999722091
1.1403550000181895
1.365385999974933
1.3098169999921083
1.2459969999554232
1.2405090000129348
1.4279580000220449
1.3169789999665227
1.1580449999541997
1.2186370000222269
1.3062499999705324
1.1981719999880625
1.0945429999651424
1.1708900000257927
1.0475749999727668
1.4867350000145052
1.274468000019624
1.2192469999945388
1.1354929999924934
1.4566050000439645
1.2923349999596212
1.19203600002038
1.502365999954236
1.6174689999957081
1.5186509999693953
1.5084479999813993
1.4111770000226898
1.5637779999906343
1.507314999969367
1.5332510000121147
1.4085820000104832
1.2829790000523644
3.2659940000030474
1.156025000000227
1.2120720000439178
1.1007630000108293
1.1647050000078707
1.4972870000065086
1.6062420000366728
1.6934550000087256
1.6441140000438281
1.752635000002556
1.3551870000014787
1.2102540000000772
1.6222549999724833
1.5639669999814032
1.841157999990628
1.5309690000435694
1.2086540000382229
1.4511540000512468
1.1795400000096379
1.1482949999503944
1.2884180000014567
1.2247180000031221
1.3813979999781623
1.4486439999927825
1.2908189999620845
1.3141669999754413
1.3076500000011038
1.1376509999649898
1.4069240000367245
1.3516060000142716
1.1726559999942765
1.250024000000849
1.26235799996266
1.5431520000106502
1.4964709999958359
1.1395340000035503
1.3805419999926016
1.3776460000372026
1.4740650000248934
1.444354000000203
1.3064639999811334
1.1566820000439293
1.4157339999769647
1.5148159999966992
1.479665000033492
1.5050629999677767
1.4162329999862777
1.6730800000459567
1.6469759999608868
1.6798899999912464
1.4562640000121974
1.4723840000101518
1.469099000019014
1.3595260000442977
1.5194860000065091
1.2971849999985352
1.3621659999785152
1.711145999991004
1.1816950000138604
1.2604730000020936
1.2784829999645808
1.2900240000135454
1.1829259999558417
1.5385480000418283
2.1524609999801214
2.1076439999774266
1.7124510000030568
1.5769419999855927
1.485650999995869
1.3753309999628982
1.3256340000111777
1.456039000004239
1.257718000033492
1.2147269999900345
1.3860230000091178
