Mean: 1.455 ms
Median: 1.377 ms
StandardDeviation: 1.238 ms
Min: 0.879 ms
Max: 39.174 ms
2.148451000039131
1.4367449999781456
1.729424000018298
1.973687000031532
1.56007700002192
1.6368699999702585
2.200509999966016
2.1647859999802677
2.6304799999934403
1.4568849999250233
1.4713900000060676
1.553310999952373
1.5163900000061403
1.5455259999725968
1.6993379999803437
2.2241780000058498
2.3457919999145815
1.7207219999590961
2.626077000059013
1.5946879999546582
1.43672499996228
1.70234100005473
1.524066000001767
1.5945180000471737
1.6216630000371879
1.711045999968519
1.4556040000570647
1.5438860000358545
1.4720540000325855
1.8685590000586672
1.642487000026449
1.6398389999494611
1.673757999924419
1.6689459999952305
1.1697649999860005
1.2496719999717243
1.471398999910889
1.3481779999438004
1.5601329999981317
1.5762389999736115
1.5000360000385626
1.548991000049682
1.4574740000625752
1.4124760000413517
1.3263099999676342
1.5110260000028575
1.3850339998953132
1.7320079999763038
1.172116000020651
1.573967000012999
1.7688499999621854
1.4308960001017113
5.214340999941669
1.5465149999727146
1.3957630000049903
1.8021219999582172
1.6716850000193517
1.5695430000732813
1.0490729999901305
1.3318820000449705
1.46914000004017
1.4253040000085093
1.3273600000047736
1.4175700000578217
1.42584800005352
1.1576409999634052
1.35079099993618
1.3270809999994526
1.1023790000308509
1.2296479999349685
1.3365360000534565
1.272002999940014
1.241442000036841
1.146005000009609
1.450781000016832
1.3900210000201696
1.409271999932571
1.021382999965681
1.0415859999284294
0.8801270000731165
1.3805150000507638
1.0994030000119892
1.09491299997444
1.2342930000386332
1.8302099999800703
1.302200000054654
1.484964000042055
1.2009170000055747
1.0686780000241924
1.5457670000387225
1.5870239999458136
1.3254650000362744
1.5972179999153013
1.5021459998934006
1.4678450000928933
1.6248069999846848
1.493197000058899
1.2834110000312648
1.5974689999893599
1.3095140000132233
1.12819399998898
0.9794200000214914
1.2436650000609006
1.221906999944622
1.1817359999213295
1.2036209999450875
1.559576999966339
1.2175379999916913
1.734953999971367
1.1959369999203773
1.4648039999656248
1.441248999981326
1.4383230000021285
1.5509170000314043
1.647220999984711
1.4731840000195007
1.595691000034094
1.5029349999622355
1.6343990000677877
1.7223030000650397
1.473265000072388
1.3886120000279334
1.6545900000437541
1.6972309999800927
1.328831000023456
1.3570269999263473
1.5008700000862518
1.5340070000320338
1.4969949999112941
1.276185000051555
1.4758590000383265
1.3545720000820438
1.5369079999345558
1.5348370000083378
1.5614950000326644
1.8247150001116097
1.7520659999945565
1.6754720001017631
1.6204370000423296
1.6681640000797415
1.7738020000024335
1.6638410000950898
1.5437099999644488
2.4867979999498857
1.9525169999496939
1.5254469999490539
1.594442999930834
1.6065639999851555
1.4253140000164422
1.5282109999361637
1.5141169999424164
1.409353000099145
1.492706999897564
1.4517539999587825
1.483064000012746
1.4342990000386635
1.369092000004457
1.5251160000389063
1.2812699999358301
1.4799770000308854
1.4724000000114756
1.4040429999795379
1.3330709999763712
1.289140000039879
1.4222529999869948
1.643894000039836
1.3885780000464365
1.3853330000301867
1.5510870000525756
1.7765050000662086
1.578777999952763
1.6260670000747268
1.631760000009308
2.0511559999931706
1.6634930000236636
1.914639000005991
1.6142389999913576
2.825236999910885
1.6157439999915368
1.8663810000134617
1.5736100000367514
1.6254260000323484
1.6658649999499175
1.4747939999324444
1.9872229999009505
1.427277000061622
1.4953910000485848
1.695893000032811
1.6232300000638133
1.7324250000001484
1.6525789999377594
1.5324490000239166
1.6828679999889573
1.5984290000687906
1.5382359999875916
1.6006609999976718
1.5668279999090373
1.7613140000776184
1.75050600000759
1.6717050000352174
1.585418000104255
1.4399730000604904
1.6100029999961407
1.6397439999309427
1.6554750000068452
1.4912880000110817
2.317279000067174
1.721676999977717
1.686861000052886
1.815861000068253
1.6484999999875072
1.600402999997641
1.9968410000501535
1.4684249999845633
1.6376170000285128
1.6088520000039352
1.6463949999661054
1.8075689999932365
1.5856489999350742
1.5994679999948858
1.7145880000271063
1.59826999993129
1.5707649999967543
1.4813259999755246
2.1324340000319353
1.4620739999600119
1.7667759999540067
1.494395000008808
1.572750000036649
4.999161999990065
1.4477739999847472
1.556517000040003
1.4971429999377506
1.738763999924231
1.5491509999492337
1.6117369999619768
1.6162939999730952
1.762291999966692
1.6104300000279181
2.304750000007516
1.5824399999928573
1.6751509999721748
1.6753149999431116
1.8474309999874095
1.482729999906951
1.4389579999942725
1.6103780000094048
1.5137900001036542
1.5392819999533458
1.6058490000432357
1.6758109999273074
1.4016119999951115
1.8790809999700286
1.5907780000361527
1.582008000013957
1.6040430000430206
1.4172770000868695
1.489028999912989
2.0135209999807557
2.0185600000104387
1.6676909999659983
1.3023190000467366
1.5625069999032348
1.5010149999170608
1.755371999934141
1.6158629999836194
1.732341999968412
1.592696999978216
1.5842090000433018
1.672915999961333
1.6580700000758952
1.7971789999364773
1.5537960000528983
1.5601769999875614
1.6389290000233814
1.7111360000399145
1.6323889999512176
2.0191959999920073
2.1283730000050127
1.6970770000170887
1.5650639999194027
1.5980370000079347
1.4512640000248211
1.799584999957915
1.789672999962022
1.7420650000303795
1.673125000024811
1.7623429999957807
1.4817210000046543
1.5278560000524521
1.5995740000107617
1.7930239999941477
1.6073389999746723
1.5060999999150226
1.6294239999297133
1.5714790000629364
1.5206299999590556
1.6814440000416653
1.5757270000449353
1.7867990000013378
1.4258800000561678
1.694957000040631
1.4477130000614125
1.6219509999473303
2.3968620000687224
1.609028000075341
1.660540999978366
1.5379359999769804
1.5682370000149604
4.598105000013675
1.6218910000134201
1.6610699999546341
1.1968499999284177
1.1162639999611201
1.485695000042142
1.5540019999207288
1.375773999939156
1.396220999936304
1.4648239999814905
1.348873999972966
2.223633999960839
1.6089029999193372
1.4811529999860795
2.2087560000727535
1.6082769999457014
1.4456430000109322
1.240508999899248
1.8211799999789946
1.4171419999229329
1.0956470000564877
1.3281679999863627
1.4556339999671764
1.3993119999895498
1.3414420000117389
1.668370000061259
1.4087170000038896
1.0347109999884196
1.1523850000685343
1.4482330000191723
1.4543780000622064
1.3886460000094303
1.5455779999911101
1.5307270000448625
1.7176710000512685
1.9464419999621896
1.7577880000771984
1.5469360000679444
1.3834520000273187
1.5362679999952888
1.200216000029286
1.3797009999052534
1.7231430000492765
1.0373009999966598
1.1570799999844894
1.1566590000029464
1.2099619999617062
1.1024390000784479
1.2286479999374933
1.2868200000184515
1.264517999970849
1.2254870000560913
1.2466719999792986
1.6439839999975447
1.2778169999592137
1.355324999963159
1.1448249999830296
1.2296020000803765
1.357566000024235
1.053692000027695
1.3555909999922733
1.8177959999547966
1.457154999911836
1.2914190000401504
1.4139029999569175
1.3438209999776518
1.3035800000125164
1.5437869999459508
1.4108070000702355
1.2672039999870321
1.0747420000143393
1.3061239999387908
1.6893609999897308
1.3980069999206535
1.2713520000033895
1.1058339999863165
1.520724999977574
1.3973530000157552
1.2092209999536863
0.8792319999884057
1.05733100008365
1.6309379999484008
1.0431810000000041
1.294330000064292
1.4732790000380191
1.4620729999705873
1.7873550000331306
1.6352180000467342
1.805354999987685
1.6940009999188987
1.2153310000257989
1.1458840000386772
1.5180920000830156
1.1679240000148639
1.152154999999766
1.5070749999495092
1.438742999994247
1.3210430000754059
1.3016199999356104
1.4339599999857455
1.218163999965327
1.5008550000175092
1.4582840000230135
1.6819759999862072
1.4389440000286413
1.1975470000606947
1.236487000028319
1.421384000082071
1.5745189999734066
1.4552800000728894
1.016514999946594
1.3164189999770315
1.4522780001016145
1.41033200009133
1.297010000030241
1.1776469999631445
1.4568240000016885
1.2774389999776758
1.1041940000495742
1.3006540000333189
1.055133000022579
1.1216890000014246
1.263593999965451
1.0421969999470093
1.2868400000343172
1.079512000046634
1.0712920000059967
1.299829000004138
1.1118930000293403
1.1117829999420792
1.3034639999887077
1.4324070000384381
1.481764999994084
1.540185999942878
1.6637200000104713
1.6022329999714202
1.5030739999701836
1.3604869999426228
1.5126609999924767
1.3464359999488806
1.135833000034836
1.177794999989601
1.582857000016702
1.5563619999738876
1.4222629999949277
1.4711380000562713
1.5434660000437361
1.2441179999314045
1.2498570000616382
1.2423570000237305
1.31028900000274
1.2045710000165855
1.184878000003664
1.302253000062592
1.1828460000060659
1.38981599991439
1.6367309999623103
1.4348949999885008
1.4421839999840813
1.5162759999611808
1.5253159999701893
1.5635370000381954
1.4172529999996186
1.4352270000017597
1.3622909999639887
1.343710000014653
1.1588219999794092
1.3490709999359751
1.3768219999974463
1.53561100000843
1.4869500000713742
1.3725119999890012
39.173810999955094
1.3737709999759318
1.0475259999793707
1.2660480000477037
1.222471999994923
1.4248730000190335
1.3326200000847166
1.2467330000163201
1.2887539999155706
1.3036179999517117
1.2639999999919382
1.552021999941644
1.2035590000323282
1.0255109999661727
1.703248000012536
1.855316000046514
2.022275999934209
2.046881000069334
1.9737149999627945
1.9882090000464814
1.789078999991034
1.614302999996653
1.3617710000062289
1.4343839999355623
1.4619840000023032
1.6654410000001008
1.4696220000587346
1.6916150000270136
1.6329200000200217
1.611087000014777
1.4874550000740783
1.3676519999989978
1.5351509999845803
1.113122999981897
1.3809219999529887
1.3158490000932943
1.421703999994861
1.4750479999747768
1.2845789999573753
1.3526510000474445
1.2849929998992593
1.184835000003659
1.1586140000190426
1.3553009999895949
1.1472830000229806
1.2069599999904312
1.2266769999769167
1.1980959999391416
1.218777000076443
1.136124000026939
1.2618509999811067
1.179420999960712
1.1810180000111359
1.1397839999744974
1.4265039999372675
1.2318679999907545
1.4069520000248303
1.1840399999982765
1.3079499999548716
1.2391510000497874
1.3772730000027877
1.2821330000178932
1.2082260000170209
0.9929949999332166
0.9455569999090585
0.9870789999695262
1.4752030000408922
1.1259940000627466
1.4856249999866122
1.1043939999808572
1.338843999974415
1.1405190000459697
1.4775180000015098
0.9818390000191357
1.1999559999367193
1.317630000016834
1.459444999909465
1.6148019999491225
1.4456630000267978
1.716553999926873
1.189404999990984
1.663936999989346
1.3930420000178856
1.362912999979926
1.64234999999735
2.144407999935538
1.7117119999738861
1.2978510000039023
1.2335679999750937
1.3216599999168466
1.3118419999500475
1.3020400000414156
1.9612249999454434
1.9799589999820455
1.8265559999690595
1.9341590000294673
1.63298899997244
1.2457369999765433
1.2492769999425946
1.135344999966037
1.188526999953865
1.1122219999606386
1.3997429999790256
1.4610850000735809
0.9798590000400509
1.1173519999374548
1.3496199999281089
1.0431529999550548
1.098357000046235
1.2362269999357522
1.298950999967019
0.9442429999353408
1.1138449999634759
1.1910749999515247
1.215939000076105
1.2141759999622082
1.2361060000785073
1.0127729999567237
1.315018000013879
1.5146389999927123
1.0524540000460547
1.3698519999252312
1.2806580000415124
1.1691770000652468
1.1025420000123631
1.367151000067679
1.3388300000087838
1.2708369999927527
1.1871939999537062
1.2750280000091152
1.2276659999770345
1.203925000027084
1.2736779999613645
1.159983999968972
1.212648999967314
1.2072700000089753
1.1201660000779157
1.2227469999288587
1.2317169999960242
1.1169630000722464
1.1026280000123734
1.0386610000523433
1.2508470000511807
1.1701959999754763
1.0284889999638835
1.4110399999935908
1.3811390000455503
1.2654019999445154
1.684429999954773
1.4548119999062692
1.2508710000247447
1.467194000042582
1.3711139999941224
1.1294879999468321
1.2957440000036513
1.1637599999403392
2.0606539999334927
1.5646460000198203
1.613833999954295
1.3755810000475321
1.4182829999072055
1.3032650000468493
1.2989479999987452
1.3048089999756485
1.298690999988139
1.4822939999703522
1.3692910000600023
1.507404999983919
1.3346890000320855
1.3766609999947832
1.3731410000445976
1.2933629999452023
1.3716330000761445
1.245218000008208
1.1689589999832606
1.261179000039192
1.3755919999312027
1.532060999920759
1.2324179999723128
1.5636169999879712
1.9934900000180278
1.522007000062331
1.3951519999864104
1.2136149999832924
1.2475269999185912
1.251125000067077
1.6556619999619215
1.8136140000706291
1.5391670000326485
1.2393719999863606
1.3477249999596097
1.5667160000703007
1.5067760000420094
1.5884430000596694
1.2706779999689388
1.859821000039119
1.4670049999949697
1.4512479999666539
1.1692350000203078
1.6097989999934725
1.4194929999575834
1.386816000035651
1.1679159999857802
1.3356900000189853
1.4206419999709397
1.3123869999844828
1.3778509999156086
1.2042719999953988
1.6919949999874007
1.4115509999328424
1.4372510000839611
1.4500639999823761
1.3066689999732262
1.5747070000315944
1.2635589999945296
1.6473210000640393
1.5416690000620292
1.7043240000020887
1.1187459999746352
1.2769880000860212
1.1147329998948408
1.2665589999869553
1.23743699998613
1.58190900003774
1.1078129999759767
1.1189860000513363
1.102277999962098
1.2241909998920164
0.9869919999800914
1.4203050000105577
1.0612720000153786
1.2957530000221595
1.1260649999940142
1.1975900000606998
1.2744090000751385
1.1738939999759168
1.1719750000338536
1.3392399999929694
1.078903999996328
1.2316559999590027
1.1602429999584274
1.183244999992894
1.1223889999882886
1.24372699997366
1.1346649999950387
1.178379000066343
0.9822499999927459
0.9720529999412975
1.153175000013107
1.2607610000259228
1.2814629999411409
1.0543730001018048
1.1604189999161463
1.4447730000028969
1.2451810000584373
1.0813820000521446
1.1423739999827376
1.1560950000557568
1.114073000053395
1.0559139999486433
0.9393679999902815
1.058962000001884
1.5782010000293667
1.0821119999491202
1.0379649999094909
1.1366040000666544
1.1074830000552538
1.06487199991534
1.2196559999892997
1.0659219999524794
1.2815000000045984
1.2352159999409196
1.1785350000081962
1.1949900000445268
0.9484880000627527
1.0378099999570622
1.1293180000393477
1.2360070001022905
1.3665509999327696
1.3465309999673991
1.1664889999565276
1.4531939999642418
1.3094890000502346
1.3676909999276177
1.2248369999952047
1.2180589999388758
1.2147070000310123
1.302767999959542
1.2097059999405246
1.1913449999383374
1.1461740000413556
1.223546999995051
1.1794949999739401
0.940227999990384
0.9715829999095149
1.124247000007017
1.0764019999669472
1.2172859999282082
1.0842970000339847
1.4659759999631206
1.049566999995477
1.3357880000057776
1.2425019999682263
1.3279119999651812
1.260096999999405
1.2834990000101243
1.3173590000405966
1.2177709999150466
1.3417010000011942
1.2789639999937208
1.1900450000439378
1.1674889999540028
1.0426310000184458
1.1051150000866983
1.5461970000387737
1.0542809999378733
1.2146010000151364
1.4159910000444142
1.598058000013225
1.7775630000187448
1.975044000005255
1.4458420000664773
1.5193460000091363
1.401202000010926
1.3766509999868504
1.5154989999928148
1.5652769999405791
1.7360420000613885
1.6146579999940514
1.5509109999811699
1.6933709999875646
1.686839999933909
1.0690960000374616
1.4699350000455524
1.3434830000278453
1.6663389999393985
1.5078940000421426
1.4810689999649185
1.3189079999165187
1.3138120000348863
1.3291899999785528
1.3691919999700985
1.3542320000397012
1.1737959999891245
1.2285579999797847
1.180094000005738
1.6620180000472828
1.225406000003204
1.2543669998876794
1.0809020000124292
1.4052230000061172
0.9817679999741813
1.1481750000257307
1.2027190000480914
1.2830000000576547
1.1311739999655401
1.085761000013008
1.3101299999789262
1.2229170000637168
1.2567280000439496
1.2578179999991335
1.1800049999237672
1.1386549999770068
1.2309810000488142
1.0559319999856598
1.3877630000251884
1.2186369999653834
1.0503019999532626
1.2833519999730925
1.2447519999341239
1.2359070000229622
1.1272790000020905
1.137754999945173
1.490525000008347
1.3369590000138487
1.1691340000652417
1.3616950000141514
1.653522000083285
1.6230060000452795
1.4614439999149909
1.1816100000032748
1.2575770000466946
1.195305000010194
0.9442179999723521
1.8616659999679541
1.6443929999923057
1.3399609999851236
1.2088680000488239
1.6500240000141275
1.306808999970599
1.2168769999334472
1.1997660000133692
1.213735999954224
1.4427130000740362
1.501427999983207
1.386113999956251
1.6864799999893876
1.2959099999534374
1.5149280000059662
1.5466070000229593
2.1251940000865943
1.6634209999892846
1.2617280000313258
1.2277710000034858
1.8741579999641544
1.3299690000394548
1.1985889999550636
1.1905579999620386
1.245788000005632
1.3852440000619026
1.102296999988539
1.1088310000104684
1.277447999996184
1.2908730000162905
1.087211999902138
0.9674090000544311
1.1187969998900371
1.1848440000221672
1.3051480000285665
1.0962080000354035
1.7654949999723613
1.1407959999587547
1.2192049999839583
1.2854629999310418
1.2665269999843076
1.3637900000276204
1.243560999910187
1.2376240000548933
1.14451599995391
1.2712269999610726
0.9476779999886276
0.9413389999508581
1.0067100000696882
1.2214560000529673
1.1059180000074775
1.0192600000209495
1.372545999970498
1.2571920000254977
1.1760649999814632
0.9495479999941381
1.2606290000576337
1.1742679999997563
1.048674999992727
1.3125289999607048
2.885297999910108
1.1144139999714753
1.1950680000154534
1.2438169999313686
1.2868799999523617
1.2548600000172883
1.1324629999762692
1.212903999999071
1.189703000022746
1.1889159999327603
1.6888799999605908
1.0286929999665517
1.1976770000501347
1.191867999978058
1.3287909999917247
1.4218850000133898
1.0945249999849693
1.1334140000371917
1.0913449999634395
1.334529000018847
1.2596969999094654
1.2137810000467653
1.2454980000029536
1.182174999939889
0.9175470000855057
1.266982999936772
1.1379240000906066
1.0740129999931014
1.226911999992808
1.4533840000012788
1.1548640000000887
1.0692620001009345
1.1357020000559714
1.419573000021046
1.1590069999556363
1.1134029999766426
1.0926359999530177
1.4599250000628672
1.0939030000827188
1.259206999975504
1.2327719999802866
1.2974989999747777
1.3052890000153639
1.1113279999790393
1.2606989999994767
1.2460880000162433
1.1312640000369356
1.4150749999544132
1.0171620000392068
1.1408029999984137
1.590888000009727
1.7305020001003868
1.7704540000522684
1.457493999964754
1.2941989999717407
1.5493969999624824
1.1385540000219407
1.6239990000030957
1.6303490000382226
1.434013999983108
1.3589629999160024
1.3378499999134874
1.3050159999465905
1.5493559999413264
1.5767779999578124
1.344789999961904
1.3983210000105828
0.9796549999236959
1.315790000035122
1.1653059999616744
1.5472170000521146
1.465813999971033
1.3928419999729158
1.215840999975626
1.0559160000411794
