Mean: 1.185 ms
Median: 1.138 ms
StandardDeviation: 0.273 ms
Min: 0.839 ms
Max: 5.322 ms
2.6471830001355556
1.4081140000143932
1.3957670000763756
2.829869999914081
1.1980869999206334
1.1228220000703004
3.095480999945721
1.2389460000576946
1.2292670000988437
1.2058980000801967
1.1657149998427485
1.1170660000061616
1.3148319999345404
1.083983000171429
1.3052959998276492
1.0237310000320576
1.253908000080628
1.118856999937634
1.4414040001611284
1.1212940000859817
1.1629149998952926
1.0407120000763825
4.066387000193572
1.3878320000912936
1.1636560000169993
1.1786659999870608
1.134195000076943
1.1676599999645987
1.0372039998856053
5.3217160000258446
1.2554079999063106
1.1510469998938788
1.3391610000326182
1.3020260000757844
1.1228179998852283
1.1394900000141206
1.189780000004248
1.4953249999507534
1.085203000002366
1.224850999960836
1.180296000029557
1.1905860001206747
1.1334650000662805
1.5978440001163108
1.0922729998128489
1.348630999927991
1.0650930000792869
0.9937699999227334
1.5148960001170053
1.4284090000273864
2.1271200000683166
1.523685999927693
2.069952000056219
1.461556000094788
1.8568180000784196
1.4615699999467324
1.3829920001171558
1.2780189999830327
1.2445070001376735
1.3822519999848737
1.2880690001111361
1.2200480000501557
1.4833049999651848
1.160294999863254
1.2991099999908329
1.0876180001559987
0.9798979999686708
0.94924799986984
1.2340880000465404
1.1524450001161313
1.2151669998274883
0.8490760001222952
1.5495069999360567
1.3943230001132179
0.9637539999403089
1.1594150000746595
1.3031200001023535
1.1350940001193521
1.1584849999053404
1.0747920000540034
1.1070440000366943
1.2027359998683096
1.4058579999982612
1.077653000038481
1.223991999950158
1.1042440000892384
1.0067810001146427
1.2304079998557427
1.2385780000840896
1.1898059999566613
1.094022999950539
1.1143239999000798
1.126224000017828
1.1219250000067404
1.0836330000074668
1.272878000008859
1.1638549999588577
1.1656059998585988
0.9909499999594118
1.0818230000495532
1.2037530000270635
1.2563779998799873
1.0653219999312569
1.2745589999667573
1.4854389999072737
1.1682849999488099
1.03350200015484
1.3167790000352397
1.144785000178672
0.9625289999348752
1.3092960000449239
1.3184800000090036
1.5000660000623611
1.2672939999447408
1.2795780000942614
1.4339580000068963
1.2860159999945608
1.5478769998935604
1.121033999879728
1.5447670000412472
1.3982629998281482
1.0762619999695744
1.208786000006512
1.1605960000906634
1.0855430000447086
1.0013849998813384
1.1344260001351358
1.10097400011
1.1881259999881877
1.2406470000314584
1.3217050000093877
1.46185400012655
1.6753109998717264
1.243387999920742
1.2467320000268955
1.5150060000905796
0.9924500000124681
1.187458999993396
1.1587549997784663
1.087993000055576
1.1640049999641633
1.1210640000172134
1.1406950000036886
1.1376749998817104
1.1324699999022414
1.0712420000800194
1.5431520000674936
1.1549250000371103
1.1075830000208953
1.061042999936035
1.1189540000486886
1.0979599999245693
1.1097330000211514
1.2466379998841148
1.255057999969722
1.0162860000946239
1.468505000048026
1.1984660000052827
0.9820650000165188
0.999439999986862
1.1147809998419689
1.124893999985943
1.0590730000785697
1.4132029998563667
1.0333619998164068
1.0808629999701225
1.1773650001032365
1.141875000030268
1.1370649999662419
1.672995000035371
1.1757360000501649
1.1074900000949128
0.8391799999571958
1.3261099998089776
1.1978869999893504
1.1273539998910564
1.097673999993276
0.9533980000924203
1.0408719999759342
1.1054340000100638
0.9821490000376798
1.2011310000161757
1.1148829999001464
0.9559389998230472
0.9701000001314242
1.2664700000186713
0.9707189999517141
1.2292769999930897
1.052802000003794
1.2149570000019594
1.1873660000674136
1.1407340000459953
1.1018479999620467
1.1105529999895225
1.0662919999049336
1.1234239998429985
1.090677999854961
1.072281999995539
1.1105790001693094
1.1001130001204729
1.0874269999021635
1.2048919998051133
0.9139009998762049
1.0770720000436995
1.0912530001405685
1.3897779999751947
1.0949540001092828
0.9911199999805831
1.1166740000589925
1.0684050000691059
0.974620000079085
1.4213930001005792
1.1152739998578909
1.1778010000398353
1.1569450000479264
1.0810869998749695
1.1870660000568023
1.109524000185047
1.173056000197903
1.0913830001300084
1.150536000068314
0.9730799999942974
1.0938390000774234
1.4750650000223686
1.0477929999979096
1.130038999917815
1.1305890000130603
1.1330249999446096
1.219926999965537
3.7307279999367893
1.0288809999110526
0.9513850000075763
1.2242570001035347
1.018510999983846
1.2105460000384483
1.2133469999753288
1.114465000000564
1.0573619999831863
1.069379000000481
1.1188539999693603
0.9949049999704584
1.0796730000492971
0.9719399999994494
1.0289310000644036
1.192315999787752
1.116264000074807
1.0408810001081292
1.1044339998989017
1.157735000106186
1.1454599998614867
1.1221839999961958
1.2135069998748804
1.1495370001739502
1.137545999881695
1.1309139999866602
1.3000899998587556
1.1208339999484451
1.026130999889574
0.9318280001480161
1.02731600009065
1.2018160000479838
1.7914340000970697
1.0517979999349336
1.1763249999603431
1.0299519999534823
1.3793709999845305
1.0549209998771403
0.9772520002115925
1.0167510001792834
0.9598699998605298
1.2057170001753548
1.0682320000796608
1.0864529999707884
1.231883000173184
1.1151849998896068
1.0376309999173827
1.116112999852703
1.2729539998872497
0.9444229999644449
0.9718840001369244
0.8990280000489292
0.9500169999228092
1.1246940000546601
1.2905790001696005
1.094672999897739
1.1106840001957607
1.1504049998620758
1.252388000011706
1.171495000107825
1.1304340000606317
1.0718430000906665
1.1614350000854756
1.1001029999988532
0.9776590000001306
0.9562939999341324
1.2803590000203258
1.0837629999969067
1.1894560000200727
1.1737959998754377
1.0390410000127304
1.5030350000415638
1.0160350000205653
1.191850999930466
1.091923000103634
1.3995320000503852
1.2683489999290032
1.2456380000003264
1.2567379999381956
1.3132399999449262
3.7472639999123203
1.5322310000556172
1.0772670000278595
1.112603999899875
1.178956000103426
1.1639100000593317
1.1763859999973647
1.3083930000448163
1.3479209999331943
1.3904119998642273
1.1887059999935445
0.9147480000137875
1.0684930000479653
1.2453469998945366
1.2133370000810828
1.3088499999867054
1.576538000108485
1.4224130000002333
1.1361439999291179
1.148595000131536
1.1541050000687392
1.127994000171384
1.172895000081553
1.216042999885758
1.0614469999836729
1.0832319999281026
1.0622469999361783
1.1523250000209373
1.0131739998087141
1.034051000033287
0.9438800000225456
1.4261690000694216
1.0562420000042039
1.1444739998296427
1.108423000005132
1.080472000012378
1.2964899999587942
0.995170000123835
1.0130489999937708
1.135484999849723
1.1608049999267678
1.054117999956361
0.9705639999992854
1.2037559999953373
1.1480549999305367
1.3014600001497456
1.0629319999679865
1.2133870000070601
1.120338999953674
1.146634999940943
1.0274520000166376
1.1451639998085739
1.031641000054151
1.0548679999828892
1.0473970000930422
1.098417999855883
1.1149230001592514
1.0796130000017001
1.1892760001046554
1.2172260001079849
1.0599790000469511
1.2396270001318044
1.0860429999866028
1.0849830000552174
1.0540929999933724
1.1504690000947448
1.1812249999820779
0.9586690000560338
1.1283940000339499
1.1057639999307867
1.174355999864929
1.1201740001069993
1.273419000199283
1.1464950000572571
1.087853999933941
1.2324970000463509
1.1080639999363484
1.1681159999170632
1.6629809999813006
1.2867989998994744
1.182044999950449
1.1146540000481764
1.2051359999531996
1.108425000211355
1.1747009998543945
1.2235869999130955
1.110604000132298
1.0955929999454384
1.1736410001503828
1.1370039999292203
1.1823459999504848
1.172686000018075
1.2953789998846332
1.1488999998618965
1.1527470001055917
1.1700410000230477
1.1629749999428896
1.0698920000322687
1.2496599999849423
1.1520860000473476
1.1506649998409557
1.2333940001099108
1.1925270000574528
1.223167000034664
1.1864560001413338
1.1000040001363232
1.0395509998488706
1.2087729999166186
1.5884180002103676
1.225716999897486
1.1189540000486886
1.4851549999548297
1.1020439999356313
1.092803999881653
1.2320670000462997
1.088510000045062
0.9593390000190993
1.2435280000318016
1.0995129998718767
1.0988439998982358
1.102393000110169
1.2197519999972428
1.0834629999862955
1.0475619999397168
1.1372149999715475
1.0789030000069033
1.0848729998542694
1.1591809998208191
1.140424999903189
1.1215080000965827
1.0785819999910018
1.3024959998801933
1.1318809999920632
1.1547059998520126
1.0640219998094835
1.1560650000319583
1.1053230000470649
1.2394080001740804
1.4230829999632988
1.1577600000691746
1.0177310000472062
1.1835159998554445
1.1424500000885018
1.3894660000914882
1.4067609999983688
1.2638040000183537
1.329605000137235
1.258574000075896
1.1306250000870932
1.1209539998162654
1.2280829998871923
1.3845319999745698
1.1184309998952813
1.1196739999377314
1.2053909999849566
1.342290999900797
1.2899649998416862
1.3683619999937946
1.3253140000415442
1.0946900001727045
1.0854280001240113
1.1882559999776277
1.1390950000986777
1.4003220001086447
1.2739630001306068
1.320499999792446
0.9964650000711117
1.227051999876494
1.3685080000414018
1.3462910001180717
1.2714289998712047
1.1239140001180203
1.085491999901933
1.0805530000652652
1.1797949998708646
1.0454119999394607
0.9770400001798407
1.362932000120054
1.7616579998502857
1.3868619998902432
1.431252999964272
1.2521480000486918
1.2740489999032434
1.294809000000896
1.3482599999861122
1.2766190000093047
1.1360949999925651
1.1903360000360408
1.1557750001429667
1.2392080000154237
1.2547489998269157
1.1591350000799139
1.2748019998980453
1.118785000016942
1.0908929998549866
1.2368180000521534
1.1616209999374405
1.117515000032654
1.1132639999686944
1.1848960000406805
1.4136029999463062
1.229196999929627
0.9624890001305175
0.9563589999288524
1.118303999874115
1.1009489999196376
1.074862999985271
1.190946999940934
1.1043839999729244
1.2183469998490182
1.2073370000962313
1.2661680000292108
1.190653000094244
0.9805299998788541
1.2299479999455798
1.1651390000224637
1.393642000039108
1.2015469999369088
0.9714390000681306
1.1221339998428448
1.1779859999023756
0.9139680000771477
1.1380839998764714
1.1371040000085486
1.0634319999098807
1.075332000027629
1.0392730000603478
1.1410540000724723
1.1182889998053724
1.111283000000185
1.1497149998831446
1.0663819998626423
1.038921999906961
1.077703000191832
1.145295000014812
1.1208389998955681
1.0621130002164136
1.4270730000589538
1.1249450001287187
0.9918450000441226
1.4641640000263578
1.1388550001356634
1.0100409999722615
1.105832999883205
1.166596000075515
1.1161379998156917
1.0323080000489426
0.9923599998273858
1.1892279999301536
1.0910030000559345
1.4495489999717392
1.1877550000463089
1.1566850000690465
1.1873060000198166
1.2460079999527807
1.149665000184541
1.5711080000073707
1.0912179998285865
1.1091639998994651
1.035330999911821
1.0770330000013928
1.1034839999410906
0.9998250000080589
1.1629250000169122
1.0869389998333645
0.9765390000211482
1.4418929999919783
1.0754630000064935
1.0663630000635749
1.1114389999420382
0.9177629999612691
1.0446120002143289
1.0996430000886903
1.169006000054651
1.1887269999988348
1.1645950000911398
1.157424999973955
1.1256840000442025
1.1166140000113955
1.0638319999998203
1.1935869999888382
0.9506050000709365
1.1287539998647844
1.1079230000632379
1.1243139999805862
1.1032630000045174
1.1546149999048794
1.0988730000462965
1.2214860000767658
1.1335439999129449
1.107533000094918
1.0518920000777143
1.0892330001297523
1.3209899998400942
1.1370449999503762
1.1448949999248725
1.1130840000532771
1.180435999913243
1.138033999950494
1.1844949999613164
1.0875129999021738
1.159486000005927
1.073532999953386
1.1457150001206173
1.1167940001541865
1.125945000012507
1.1653760000172042
1.1357339999449323
0.9730990000207385
1.1370739998710633
1.437978000012663
1.1966760000632348
1.1806559998603916
1.669129999982033
1.0498809999717196
1.1161140000695013
1.134269999965909
1.1222040000120614
1.1446239998349483
0.875630999871646
1.1530250001214881
1.1051840001528035
2.212197000062588
1.3155599999663536
1.1569499999950494
1.3524510000024748
1.2089260001175717
1.1933630000839912
1.160368999990169
1.1407439999402413
1.0845829999652778
1.1386050000510295
1.1805229999026778
1.1428340001202741
1.147964999972828
1.1734760000763345
1.0837129998435557
1.0401209999599814
0.9753999997883511
1.1168640000960295
1.0802229999171686
1.0177060000842175
0.9706689997983631
1.0952289999295317
1.0785879999275494
1.2532890000329644
1.360560999955851
1.2335180001628032
1.1344639999606443
1.098193999951036
1.0944830000880756
1.3200599998981488
1.1215040001388843
1.143568000088635
1.0932939999293012
1.1995059999208024
1.1356350000824023
1.2290170000142098
1.1624750000009954
1.175040999896737
1.0821329999544105
1.0615119999783929
1.144090000025244
1.1488200000258075
0.9492399999544432
1.0380109999914566
1.2125369999012037
1.106953000089561
0.8762470001784095
1.3563579998390196
1.0511079999560025
1.1944959999254934
1.1913459998140752
1.1522459999468992
1.1526010000579845
1.1828950000563054
1.1038039999675675
1.2069570000221574
1.1267540000972076
1.1205639998479455
1.1564709998310718
0.989929999832384
1.2188709999918501
1.2257189998763351
0.8985609999854205
1.0474419998445228
1.1725770000339253
1.0982530000092083
1.0631940001530893
1.1975180000263208
1.2438690000635688
1.0666820001006272
1.1656980000225303
1.0646929999893473
1.1266249998698186
1.2233310001192876
0.934116000053109
1.072722999879261
1.1375940000561968
0.9910500000387401
0.9071279998806858
1.1552490000212856
1.0244410000268545
1.0372009999173315
1.1048149999624002
1.207711000006384
1.0641420001320512
1.041069999928368
1.0676349997993384
1.038726999922801
1.0166810000100668
0.9464509998906578
1.101445999893258
1.1129609999898094
1.0399540001344576
0.8558770000490767
1.254639999842766
1.0744020000856835
1.0440219998599787
1.0190079999574664
0.9705779998512298
1.111138999931427
1.0707270000693825
1.0653060001004633
1.0471719999713969
1.3237499999831925
1.0981449997871096
1.1464459998933307
1.206005999847548
1.0449320000134321
1.1105239998414618
1.192817999935869
1.0883429999921646
1.0408089999600634
1.0923130000719539
1.0873930000343535
1.0432729998228751
1.0492359999716427
1.0369720000653615
1.0860530001082225
1.0224610000477696
1.1519499998939864
1.1989959998572886
1.0381640001924097
1.1849369998344628
1.1611480001647578
0.9978800001135824
0.9119359999658627
1.0178309998991608
1.071053000032407
1.1121840000214434
1.1442740001257334
1.1362449999978708
1.1577560001114762
1.0747210001227359
1.0207509999418107
1.1465789998510445
1.1003580000306101
1.1640469999747438
1.2972290001016518
1.005770999881861
1.5559119999579707
1.4908360001300025
1.697922999937873
1.5371029999187158
1.215609000155382
1.1913009998352209
1.1470909998934076
1.3510310000128811
1.116749999937383
1.2200190001294686
1.1112029999367223
1.1490370000046823
1.0766640000383632
1.1032749998776126
0.9666309999829537
1.5602970001964422
1.3905319999594212
1.3434949999009405
1.4474140000402258
1.5536299999894254
1.208468999948309
1.4404180001292843
1.232297000115068
1.4016019999871787
1.113702999873567
1.4555990001099417
1.3036020000072313
1.3095809999867924
1.24356300011641
1.119953999932477
1.1228759999539761
1.5283159998489282
1.2186309998014622
1.1111640001217893
1.0427119998439593
1.3779169998997531
1.410935999956564
1.206636000006256
1.0014449999289354
1.242168000089805
1.1342589998548647
1.2451879999844095
1.4424640000925137
1.2315769999986514
1.552016999994521
1.3833630000590347
1.2775280001733336
1.3197099999615602
1.3732270001582947
1.008389000162424
1.111766000121861
1.1787860000822548
0.9940200000073673
1.2525570000434527
1.1241649999647052
1.4448790000187728
1.2824069999624044
1.154384999836111
0.9911700001339341
1.0938130001250101
1.1316549998809933
1.1552400001164642
1.143964999982927
1.0611019999942073
1.112403999968592
1.1183869999058516
1.0742419999587582
1.0371059997851262
1.1664149999432993
1.1455350002052
1.0925729998234601
1.0178610000366461
1.1534650000157853
1.167175999853498
1.1099640000793443
1.0432569999920815
0.9885899999062531
1.1530550000315998
1.0523180001200672
1.4561739999408019
1.2344840001787816
1.1501349999889499
1.1017740000625054
2.633381000123336
1.1643309999271878
1.2259669999821199
1.2733290000142006
0.920348999898124
1.1305040000024746
1.0949830000299698
1.080452999985937
1.1436550000780699
1.1227840000174183
1.0682229999474657
1.1812560001089878
1.1327839999921707
1.1052739998831385
1.2629790001028596
1.240814000084356
1.1724749999757478
1.180026000156431
1.091538000082437
1.0809279999648425
1.157155000100829
1.167565000059767
1.1566549999315612
1.3418320002074324
1.134414000034667
1.112014000000272
1.2801489999674232
1.1362000000190164
1.2583879999965575
1.0409910000817035
1.3603309998870827
0.9428589999060932
1.1383739999928366
1.3299600000209466
1.3202300001466938
1.3327599999684026
1.3284270000895049
1.2635979999231495
1.1404889999084844
1.3144800000191026
1.3716420000946528
1.3641410000673204
1.0600680000152352
1.0534719999668596
1.1299049999706767
1.1615250000431843
1.0801030000493483
1.1279839998223906
1.0830930000338412
1.0959030000776693
0.9884839998903772
1.2699080000402319
1.172625999970478
1.1199190000752424
1.1661359999379783
0.9937350000654988
1.2825900000734691
0.9181079999507347
1.0032809998392622
1.2124669999593607
1.1633809999693767
1.0709580001275754
1.1402439999983471
1.196896999999808
1.1069829999996728
1.000955000108661
1.1540660000264324
1.1238540000704234
1.100673000109964
1.0269560000324418
1.1390040001515445
1.0708429999795044
2.9640699999617937
1.1865860001307738
1.2358879998828343
1.0638319999998203
1.1633260000962764
1.0975929999403888
1.0637430000315362
1.0458619999553775
0.9512399999493937
1.0984279999775026
0.9364290001485642
1.0552169999300531
1.1593950000587938
1.127424000060273
1.056177000009484
1.3120099999923696
0.907519000065804
1.2332179999248183
1.0940390000087064
1.0386359999756678
1.119414999948276
1.1126640001748456
1.069638999979361
1.0532820001571963
1.1679860001549969
0.9804500000427652
1.2831789999836474
1.1968470000738307
1.0988240001097438
1.1310940001294512
1.1297240000658348
1.1276139998699364
1.086728000018411
1.056554000115284
0.9851860002072499
0.9233880000465433
1.0564719998455985
0.968349999993734
1.15888499999528
1.1837449999347882
1.0343409999222786
1.4749350000329287
1.3258300000416057
1.3787820000743523
1.1667349999697763
1.3868220000858855
1.3310900001215487
1.4048919999822829
1.1595250000482338
1.2254719999873487
1.1435149999670102
1.3296660001742566
1.015752000057546
1.142414000014469
1.028781000059098
1.1964570001055108
1.069667999900048
1.0466219998761517
1.14044399992963
1.143424000019877
1.079942999922423
1.0918929999661486
0.9299439998358139
1.3207599999986996
1.0833029998593702
1.063471999941612
1.1252340000282857
1.1363750002146844
1.0612089999995078
1.2031369999476738
1.13159500006077
1.123980000102165
0.9428289999959816
1.0254769999846758
1.1567750000267552
