Mean: 1.437 ms
Median: 1.416 ms
StandardDeviation: 0.323 ms
Min: 0.892 ms
Max: 4.881 ms
1.4150229999358999
2.487964000010834
1.734602999931667
1.5480660000548596
2.0709530000431187
2.5473329999385896
3.1880780001074527
2.472431000001052
2.1838039999693137
1.6733670000803613
1.4032139999926585
2.592358000015338
2.2090380000463483
1.2980449999986376
1.6355689999727474
1.5834590000167736
1.6199699999788209
2.619371000037063
2.443395000000237
1.491409999971438
2.25830700003371
1.4086740000038844
1.4964749999535343
1.6330309999830206
1.464375000068685
1.4708639999980733
1.589399000067715
3.0994539999937842
1.518605999990541
1.6051719999268244
1.8340249999937441
1.6710400000192749
1.4423469999655936
1.2669390000610292
1.5124490000744117
1.1882559999776277
1.119058999961453
1.5810969999847657
1.5081279999549224
1.4655119999815724
1.5516409999918324
1.3259910000442687
1.6086680000171327
1.3885080001045935
1.2042959999689629
1.1092640000924803
1.2983090000489028
1.2561920000280224
1.1731289999943328
1.0539570000673848
1.6691150000269772
1.610432999996192
1.637114000004658
1.692241999990074
1.1557939999420341
1.186465999921893
1.181337999923926
1.1296479999600706
1.3358029999608334
2.0523129999219236
1.0778530000834508
1.3176700000485653
1.4264129999901343
1.314575000037621
1.4306089999536198
1.7003329999170091
1.5133160000004864
1.6544950000252356
1.5735980000499694
1.594849000071008
1.7523440000104529
1.6164019999678203
1.560218999998142
1.6829620000180512
1.6820810000126585
1.6597610000417262
2.1217900000465306
1.644899999973859
1.58434800005125
1.7028470000468587
1.54542699999638
2.2289019999561788
1.4625159999468451
1.4561250000042492
1.4787449999857927
1.4972899999747824
1.9353010000031645
1.5374320000773878
1.935591000005843
1.4677099999289567
1.3730809999970006
1.425393999966218
1.3569760000109454
1.3617119999480565
1.5125539999871762
1.4587889999120307
1.4444029999367558
1.493156000037743
1.3917239999727826
1.4806559998987723
1.4982110000119064
1.4305359999298162
1.906033000068419
1.5760989999762387
1.5635629999906087
1.4631300000473857
1.4143619999913426
1.4070519999904718
1.471874999992906
1.536731999976837
1.640899999983958
1.7263180000099965
1.4628459999812549
1.717691999942872
1.4230330000373215
1.4629749999812702
1.4846210000314386
1.5252100000680002
1.4345039999170695
1.6567440000017086
1.68551199999456
1.7499880000286794
1.6770759999644724
1.5227009999989605
1.6186190000553324
1.6051829999241818
1.7890479999778108
1.5437830001019393
1.7185009999138856
1.392480999925283
1.9490130000576755
1.4392539999334986
1.4272189999928742
1.7204270000092947
1.5966830000024856
1.588773999969817
1.4948550000326577
1.3627360000327826
1.4752700000144614
1.4702949999900738
1.6366890000654166
1.3774220000186688
1.4814999999543943
1.4510030000565166
1.4425829999709094
1.6364629999543467
1.5668080000068585
1.5889379999407538
1.5085420000104932
1.5860190000012153
1.5420250000488522
1.539642000011554
1.6285939999534094
1.4379790000020876
1.6736649999984365
1.6469149999238653
1.4928140000165513
1.701855999954205
1.6311499999801526
1.6353949999938777
1.7036720000760397
1.6762770000013916
1.5580069999714397
1.808943999890289
1.5979920000290804
1.754739000034533
1.8689359999370936
1.576494999994793
1.5881470000067566
1.6167930000392516
1.60855400008586
1.5718280000101004
1.8004160000373304
1.6405779999786319
1.6567659999964235
1.9497739999678743
1.734107000061158
1.8347960000255625
1.7593829999213995
1.641460000087136
1.6192640000554093
2.449633999958678
2.1909890000415544
1.603874000011274
1.562977999924442
1.8060439999771916
1.6251829999873735
1.5972539999893343
1.5764170000238664
1.6337199999725271
1.7580960000032064
1.6408799999680923
1.5841430000591572
1.6815730000416806
1.602873000024374
1.5156509999769696
1.5433359999406093
1.6693190000296454
1.647018999960892
1.6561109999884138
1.5866279999272592
1.594502999978431
1.7248440000230403
1.6790600000149425
1.7246920000388855
1.6231790000347246
1.7451630000095975
1.489575000050536
1.6332540000121298
1.496685000006437
1.4689349999343904
1.545366999948783
1.6299590000699027
1.5045149999650675
1.5609079999876485
1.6926420000800135
1.649589999942691
1.667080999936843
1.6732760000195412
1.5469569999595478
1.706226000010247
1.5504379999811135
1.6717409999955635
1.94019900004605
1.762207999945531
1.7842209999798797
1.7158169999902384
2.2640280000132407
1.7897190000439878
4.310981000003267
1.4518929999667307
1.5065710000499166
1.549917000033929
1.4997149999089743
1.5682579999065638
1.8282039999348854
1.5790510000215363
1.5819630000351026
1.7626029999746606
1.7983049999656942
1.501346000054582
1.6086690000065573
1.6308550000303512
1.8250350000243998
1.6298150000011447
1.9616739999719357
1.731006999989404
1.6039690000297924
1.7045309999730307
1.6445039999553046
1.471615000014026
1.6074139999773251
1.7410929999641667
1.7327309999473073
1.5233160000889256
1.6671249999262727
1.6285589999824879
1.6996819999803847
1.6846500000156084
1.3591110000561457
1.5415769998980977
1.5350159999343305
1.7101980000688854
1.6737500000090222
1.6395449999890843
1.543776999938018
1.601423000010982
1.3267859999359644
1.5272710000999723
1.7085319999523563
1.6986020000331337
1.614399000004596
1.8700769999213662
2.028076999977202
1.9625350000751496
1.863974999992024
2.091040999971483
2.0226970000294386
1.6409900000553534
1.5471010000283059
3.548366999893915
1.8515470000011192
1.719716999900811
1.4555249999830266
1.6538300000092931
1.5730830000393325
1.5607620000537281
1.683669999920312
1.6351860000440865
1.4784930000359964
1.492100000064056
1.5198580000514994
2.1997420000161583
1.6447320000452237
1.565245999927356
1.3910479999594827
1.6038989999742626
1.5687210000123741
1.4589339999702133
1.5322400000741254
1.633099999935439
1.4101219999247405
1.4661739999155543
1.6131309999991572
1.6217169999208636
1.6989419999617894
1.6438499999367195
1.6427419999445192
1.756007000039972
4.880943000102889
1.7205289999537854
1.878961999977946
1.9969349999655606
1.5962020000870325
1.7161119999400398
1.6158910000285687
1.494935999971858
1.3160649999690577
1.1643909999747848
1.3271889999941777
1.1604420000139726
1.2290880000591642
1.4264540000112902
1.1545749999868349
1.1843500000168206
1.2008660000901727
1.2453920001007646
1.2116689999857044
1.3665799999671435
1.1024330000282134
1.0097949999590128
1.3462099999514976
1.1048950000258628
1.3634019999244629
1.1819709999372208
1.1441740000464051
1.3172800000802454
1.155440999923485
1.1492049999333176
1.2288780000062616
1.2188770000420845
1.0933640000985179
1.1994679999816071
1.1526760000606373
1.4032829999450769
1.1745799999971496
1.0455919999685648
1.1897859999407956
1.1861499999668013
1.339389999998275
1.307400000087
1.4347730000281445
1.3859220000540518
1.3323150000132955
1.209707000043636
1.202186000000438
1.1854750000566128
1.6150779999861697
1.5748829999893132
1.1383190000060495
1.2901989999818397
1.4105620000464114
1.9728610000129265
1.9702800000231946
1.4446540000108143
1.5378570000166292
1.4189779999469465
1.8221950000452125
1.3243010000678623
1.209546000040973
1.6975139999431121
1.3983730000290961
1.5298739999707323
1.5566480000188676
1.3290069999811749
1.3361000000031709
1.305779000063012
1.4317239999854792
1.1548449999736476
1.213995999933104
1.139459999990322
1.0032779999846753
1.1261539999622983
1.110339999968346
1.8695710000429244
1.1942060000365018
0.9607700000060504
1.9511039999997593
1.2289990000908801
1.192533999983425
1.1762159999761934
0.9463999999752559
1.0529520000090997
1.7871380000542558
1.5335340000319775
1.5542269999286873
1.5920989999358426
1.4305029999377439
1.0971409999456228
1.206116000048496
1.4713140000139902
1.248154999984763
1.233066999930088
1.3199649999933172
1.205645000027289
1.1658580000357688
1.181019999989985
1.2237569999342668
1.1528640000051382
1.986249999959
1.5263809999623845
2.0009249999475287
1.6860260000157723
1.5991390000635874
1.7581119999476869
1.5087549999179828
1.47488400000384
1.4994549999300943
1.4950549999639406
1.216247000002113
1.103983000007247
1.5641259999483736
1.8564910000122836
1.6168560000551224
1.4608140000973435
1.65460499999881
1.4802749999489606
1.5865520000488686
1.72373600003084
1.6646939999418464
1.3441610000199944
1.14980499995454
1.1526350000394814
1.0768879999432102
1.4920109999820852
1.4851629999839133
1.4538870000251336
1.537357000074735
1.2021280000453771
1.1925860000019384
1.68497100003151
1.1554000000160158
1.1675739999645884
1.255053000022599
1.0070649999533998
1.1188239999455618
1.1345200000505429
1.286813999968217
1.2779539999883127
1.1513150000155292
1.6616510000631024
1.1269589999756136
1.1227140000755753
1.2655680000079883
1.0814519999939876
1.0475740000401856
1.151868999954786
1.1873160000277494
1.202445999979318
1.0750129999905766
0.9531790000210094
1.144109999927423
1.0246049999977913
1.2102209999511615
1.0006300000213741
1.1386539999875822
1.1179190000802919
1.2876179999921078
1.201348999984475
1.1554279999472783
1.289928999995027
1.1876460000621591
1.1744480000288604
1.122946000009506
1.248797000016566
1.0962329999983922
1.1243739999144964
0.9792150000293987
1.4117330000544825
1.5979820000211475
1.5469769999754135
1.5924690000019837
1.6257989999530764
1.7800379999926008
1.329321999946842
1.2112269999988712
1.4558240000042133
1.2862690000474686
1.4506349999692247
1.5041760000258364
1.4804599999251877
1.5358269999978802
1.3424709999299012
1.3866929999721833
1.2479980000534852
1.4480479999292584
1.3294499999574327
1.1737460000631472
1.1906660000704505
1.1815840000508615
1.0869479999655596
1.5233459999990373
1.289409000037267
1.2199549998967996
1.4188719999310706
1.207895999982611
1.0886840000239317
1.0836870000048293
1.1496539999598099
1.3509599999679267
1.1096949999682693
1.4598629999227342
1.5751599999020982
1.7193519998954798
1.3813069999741856
1.3929259999940768
1.3408199999958015
1.7174660000591757
1.488865000055739
1.1137490000692196
1.3463740000361213
1.3893809999672158
1.2506719999691995
1.1942419999968479
1.2427829999523965
1.4324730000225827
1.6132189999780167
1.7127959999925224
1.5624110000089786
1.2023250000083863
1.6831850000471604
1.719805999982782
1.5703510000548704
1.4520850000963037
1.1098149999497764
1.1843260000432565
1.1372029999847655
1.1442989999750353
1.0658420000027036
1.126457999930608
1.2479470000243964
1.0066390000247338
1.1319740000317324
1.292755000008583
1.280127999962133
1.103283000020383
1.220626999952401
1.1808649999238696
1.2454630000320321
1.1870859999589811
1.4676149999104382
1.3965229999257645
1.5334810000240395
1.391677000015079
1.3307919999760998
1.2558070000068255
1.1553770000318764
1.0646210000686551
1.170713999954387
1.2412899999389992
1.2272939999320442
1.152813999965474
1.207015999966643
1.0982470000726607
1.222796000092785
1.054411000041
1.0811630000944206
1.3913110000203233
1.0847979999653035
1.2416869999469782
1.158466000106273
1.0926669999662408
1.2936890000219137
1.462896000020919
1.1412899999641013
1.095988000088255
1.3063489999467492
1.0205659999655836
1.199306999978944
1.0649640000792715
1.1528269999416807
1.0669910000160598
1.0988379999616882
1.6329689999565744
1.2047870000060357
1.341925000019728
1.3564150000320296
1.604345000032481
1.1003600000094593
1.417343000071014
1.2751909999906275
1.2548269999115291
1.3165110000272762
1.5581110000084664
1.195526000060454
1.545455999917067
1.560177999976986
1.672471000006226
1.4016650000030495
1.564567999935207
1.2238929999739412
1.2800040000229274
1.8122249999805717
1.2320069999987027
1.0929879999821424
1.341378999995868
1.280024000038793
1.2610380000523946
1.0903580000558577
1.266453999960504
1.1492340000813783
1.2264459999187238
1.103672999988703
1.151628000002347
1.0162109999782842
1.2181670000472877
1.276728999982879
1.073083000051156
1.260483999999451
1.0899730000346608
1.3930740000205333
1.0496209999928396
1.2449070000002393
1.3377249999848573
1.4074529999561491
1.4242639999793028
1.260578000028545
1.23772800009192
1.3440750000199841
1.1953760000551483
1.2413270000024568
1.3497909999387048
1.2742689999640788
1.0861490000024787
1.1611089998950774
1.010955999959151
1.3011400000095819
0.9842890000300031
1.6740999999456108
1.225256999987323
1.187944999969659
1.2214360000371016
0.967868999964594
1.146327000014935
1.434868000046663
1.2398850000181483
1.2232760000188136
1.0889560001032805
1.8323770000279183
1.7621460000327716
1.274224999974649
1.4558289999513363
1.2737430000697714
1.1956289999943692
1.2620480000578027
1.511517999915668
1.4280069999585976
1.3298299999178198
1.4434339999525037
1.0837439999704657
1.5046010000787646
1.6030589999900258
1.289012999905026
1.3747919999786973
1.3304789999892819
1.175837000005231
1.3188409999429496
1.5277719999176043
1.4238429999977598
1.0506009999744492
1.515691000008701
1.435332000028211
1.3831510000272829
1.5949930000260792
1.4834639999889987
1.48456499994154
1.4095269999643278
1.5267699999412798
1.4616170000181228
1.2696680000772176
1.4509530000168525
1.207814000053986
1.2894080000478425
1.1517249999997148
1.275579000093785
1.394495999988976
1.356731999976546
1.22849700005645
1.044650999915575
1.3078150000183086
1.0516219999772147
1.0794020000730598
1.1194329999852926
1.30875999991531
1.0957620000908719
1.2007760000187773
1.5966879999496086
1.1104949999207747
1.2135800000123709
0.973229999999603
1.1906969999699868
1.0130809999964185
1.0225260000424896
1.3384549999955198
1.181561000066722
1.170304999959626
1.3724469999942812
1.4694039999767483
1.3683309999805715
1.4148819999491025
1.4238420000083352
0.9403180000617795
1.3234450000254583
1.1623249999956897
1.1908999999832304
1.16384900002231
1.1775189999525537
0.9945360000074288
1.1353049999343057
1.330273999997189
1.3602609999452397
1.693321999937325
1.1240290000387176
1.0711050000509204
1.282633999949212
1.2194670000553742
1.5500270000075034
1.5641169999298654
1.3094440000713803
1.1424949999536693
1.4267029999928127
1.2872889999471226
1.5435469999829365
1.1763640000026498
1.234045999922273
1.3020050000704941
1.444123000055697
1.407130999950823
1.7868689999431808
1.0257760000058624
1.1206880000145247
1.1358230000269032
1.2804540000388442
1.261474999978418
1.197757999989335
1.1112260000345486
1.3090890000739819
1.159964999942531
1.1089680000395674
1.229742999953487
1.0343430000148146
1.1762010000211376
1.2160579999545007
1.2301019999085838
1.1105160000397518
1.288154000008035
1.1390140000457905
1.172590000010132
1.256537000017488
1.2517679999746179
1.002739999989899
1.1435480000727694
1.0623520000763165
1.3205200000356854
1.1288839999679112
1.1274329999650945
0.8987109999907261
1.2473580000005313
1.1788900000055946
1.0214919999498306
1.0196910000104253
1.2486819999821819
1.0924629999635727
1.2127569999620391
1.2078370000381256
1.1890900000253168
1.0096630001044105
1.0561760000200593
1.1796039999580898
0.9870100000171078
1.1029170000256272
1.056143000027987
1.0975289999350935
1.1812359999794353
1.0746020000169665
1.2068969999745605
1.0936529999980849
1.3143989999662153
1.2569079999593669
1.1861759999192145
1.1883810000199446
1.2428470000713787
1.2786879999566736
0.9430769999880795
1.1161529999981212
1.1927089999517193
1.0597179999649597
1.1938359999703607
1.3350640000453495
0.9998309999446064
1.1624149999533984
1.0895520000531178
1.2794839999514807
1.3230710000016188
1.1238399999911053
0.9716920000073515
1.334788999997727
1.141073999974651
1.2078280000196173
1.2019969999528257
1.308870000002571
1.1540250000052765
1.2995590000173252
1.1911450000070545
1.355262000060975
1.3240299999779381
1.4604850000523584
1.1552739999842743
1.142765000054169
1.093814000000748
0.9817290000455614
1.046300999973937
1.200326999992285
1.0644310000316182
1.2671480000108204
1.2738820000777196
1.4452739999342157
1.1043690000178685
1.107547999936287
1.2081820000275911
1.2088260000382434
1.1258749999569773
0.8923049999793875
1.0970890000407962
1.2666610000451328
1.1910360000229048
1.3677759999382033
1.4430779999656806
1.1993260000053851
1.6355100000282619
1.054842000030476
1.3558429999420696
1.1751330000606686
1.527007999925445
1.491604999955598
1.5577120000216382
1.5292799999997442
1.7509330000393675
1.5508879999970304
1.4939650000087568
1.785216000030232
1.6866710000158491
1.213507000102254
1.3847269999587297
1.27450399997997
1.4566779999540813
1.6590399999358851
1.3658010000199283
1.373060999981135
1.4113129999486773
1.4828050000232906
1.4766340000278433
1.374330999965423
1.2767839999696662
1.4100910000252043
1.6699510000535156
1.554965999957858
1.3373589999901014
1.2177760000895432
1.3780799999949522
1.3342940000029557
1.5188459999535553
1.5132250000533531
1.5482470000733883
1.4185720000341462
1.472524000064368
1.5479020000839228
1.5287160000525546
1.4755540000805922
1.7028360000495013
2.0370619999994233
1.52076599999873
1.4856540000209861
1.6650889999709761
1.446203999989848
1.1372679999794855
1.4295879999508543
1.386320999927193
1.4448829999764712
1.3896529999328777
1.6866999999365362
1.4464239999369966
1.4310020000039003
1.3969409999390336
1.1483540000654102
1.7918940000072325
1.6232699999818578
1.791714999967553
1.73037199999726
1.880946999904154
1.679821000038828
1.6435420000107115
1.323282000043946
1.3444930000332533
1.6362830000389295
1.7212569999855987
1.389053000025342
1.285613999925772
1.1822449999954188
1.2827890000153275
1.283600999954615
1.403133000053458
1.4735809999137928
1.311409999971147
1.5196360000118148
1.4505339999004718
1.2680279999131017
1.2002360000451517
1.698796000027869
1.4273239999056386
1.4097939999828668
1.405019000003449
1.3877019999881668
1.064385999939077
1.6360189999886643
2.9735690000052273
1.3632010000037553
1.6578810000282829
2.2360070000786436
1.2905529999898135
1.3785410000082265
1.4183529999627353
1.8849169999839432
1.6020980000348573
1.4236240000400358
1.1521300000367773
1.3893240000015794
1.3167390000035084
1.4572159999488576
1.7041610000205765
1.3449769999169803
1.9756899999947564
1.893687000006139
1.349331000028542
1.2441989999842917
1.0339359999989028
1.2711159999980737
1.0453419999976177
1.0770220000040354
1.0912530000268816
1.4059819999374668
1.4351269999224314
1.6346190000149363
1.9062269999494674
2.2318279999353763
2.035833999912029
1.8803859999252381
1.18545999998787
1.7086510000581256
1.6540410000516204
1.4843659999996817
1.2016169999924387
1.1077479999812567
1.6595150000284775
1.3082789999998568
1.3652720000436602
1.5581210000163992
1.4383430000179942
1.0072899999613583
1.4988750000384243
1.4084319999483341
1.2844249999943713
1.4797860000044238
1.689507000037338
1.4672240000663805
1.4550390000067637
1.449910000019372
1.9010219999699984
1.9749699999920267
1.7205619999458577
1.643187000013313
1.619572999970842
2.021171000023969
1.4887950000002093
1.4976669999668957
1.522295999961898
1.9497580000233938
1.9053800000392584
1.6839769999705823
1.5086299999893527
1.446323999971355
1.61224900000434
1.322770000001583
1.5266710000787498
2.0046800000272924
1.9790699999475692
1.4560129999381388
1.5943380000180696
1.6463150000163296
1.3782830000081958
