Mean: 1.479 ms
Median: 1.382 ms
StandardDeviation: 1.582 ms
Min: 0.924 ms
Max: 50.406 ms
3.6537500000122236
1.6868920000092658
1.4347039999620392
2.3735259999853042
2.5211250000438667
1.4719440000021677
4.463917000009587
2.520027000002756
2.346860999978162
2.402652999990096
2.3282509999944523
2.6299090000065917
1.7311230000132127
2.0956939999905444
1.438382999992882
1.492543999972895
1.703051999982108
1.4476570000283573
2.2123050000004696
1.5644790000237663
1.555399999972451
1.699240999982976
1.479034999988471
1.560901000004833
1.5848769999706747
1.710150999997495
1.5347170000268306
1.5963060000103724
1.4153679999822089
2.569519000019227
1.7689270000005308
1.601348000008329
1.4433960000133084
1.445629999977882
1.6329800000107753
1.1397039999678782
1.2289769999824784
1.1202240000329766
1.2101670000106424
1.278859999956694
1.3861460000157422
1.5829719999942427
1.4152079999689704
1.4111070000240034
1.1890200000266304
1.3379950000285135
1.0792740000056256
1.6936000000100648
1.523877000010998
1.2341499999592997
5.165037000040229
1.9178590000024087
1.437213000031079
2.5053659999798583
1.3388889999532694
1.3489380000351048
1.3804320000190273
1.2234059999514102
1.5714720000232774
1.3115699999843855
1.2891490000015438
1.3367949999860684
1.5409719999865956
2.114588999972966
1.5839579999692432
1.4680340000268188
1.178775000028054
1.6600089999769807
1.5356920000044738
1.3263010000059694
1.2361429999714346
1.5509559999600242
1.4177770000287637
1.2858889999733947
1.3828670000179955
1.3623149999943962
1.3799480000216136
1.7268970000259287
2.057336000007126
1.6715249999492698
1.4626990000010665
1.5035000000125365
1.6557929999976295
1.4444880000041849
1.3936299999954826
1.2040309999861165
1.1382110000113244
1.4745749999747204
1.1940510000272297
1.189475999979095
1.2661480000133452
1.216687000010097
0.9644289999641842
1.1931540000205132
1.3208599999643411
1.5580890000137515
1.7857409999919582
1.3539290000039728
1.2716190000219285
1.5263409999874966
1.1013030000412982
1.214210999989973
1.5723440000101618
1.2279910000074779
1.3348300000188829
1.51153499996326
1.4839849999930266
1.3861529999985578
1.3236400000096182
1.2902839999924254
1.6500209999890103
1.4057530000286533
1.382321000050979
1.3225959999658699
1.3234940000188544
1.295858999981192
1.1098789999550718
1.243074000001343
1.2456830000360242
1.6364960000032625
1.7133080000348855
1.6975830000092174
1.5617479999718853
1.878747000034764
1.4745789999892622
1.1255350000283215
1.363826999977391
1.0736720000181776
1.1810709999622304
1.3399269999467833
1.4145730000336698
1.3383259999955044
1.3253959999701692
1.286719000006542
1.2392680000061773
1.2380769999822405
1.096054000015556
1.1104939999881935
1.1827440000047318
1.2790900000254624
1.2055870000153845
1.3244310000004589
1.2654810000185535
1.1466999999925065
1.3815989999557132
1.1768699999947785
1.283228999966468
1.168269999993754
1.3021130000083758
1.330319999965468
1.200444999994943
1.2449149999724796
1.1169640000048275
1.482761999966442
1.533551000022726
1.30112299996199
1.236927000036303
1.3117959999817685
1.1978960000078587
1.6928609999808941
1.613343000030909
1.3496010000153547
1.3635659999522431
1.3638570000011896
1.136869999982082
1.042807000033008
1.1167640000167012
1.5792199999964396
1.4888649999988957
1.3851379999891833
1.5224610000359462
1.5399790000287794
1.3051450000034492
1.42392899999777
1.2346720000095956
1.5227790000267305
1.5836090000220793
1.4457280000215178
1.2811309999847253
1.6157079999743473
1.46778000004133
1.1930809999967096
1.3016049999805546
1.113248000024214
1.2618879999877208
1.2719839999704163
0.9355249999885018
1.2364579999939451
1.1949619999995775
1.5571480000176052
1.3113040000121146
1.5162899999836554
1.5161619999730647
1.3604330000021037
1.2150320000046122
1.2684289999924658
1.433532000021387
1.2283480000405689
1.5946890000009262
1.5006659999698968
1.4044860000126391
1.3627609999957713
1.4338429999725122
1.3414800000077776
1.4126980000241929
1.1832440000034694
1.3780159999896568
1.6449290000082328
1.6703849999544218
1.4244019999978264
1.3809299999820723
1.2993070000106854
1.6563610000162043
1.7162319999783904
1.5263619999927869
1.5866730000198004
1.6466139999806728
1.5933889999928397
1.723231999960717
1.135073000000375
1.2622680000049513
1.3649320000013176
1.3307019999615477
1.3114139999856889
1.211111999964487
1.0873080000237678
1.0865869999747702
1.3955269999996744
1.2510180000049331
4.114194999999654
1.1251340000058008
1.5628870000341522
1.4913239999714278
1.680110999984663
1.4495300000021416
1.4351739999938218
1.3177079999877606
1.5005230000042502
1.1338039999486682
1.2018919999832178
1.161904999946728
1.2546919999749662
1.5307709999774488
1.40130400001226
1.482179999982236
1.5057210000009036
1.415703000020585
1.341840999998567
1.686182000014469
1.6988070000252264
1.3594659999967007
1.4301840000143784
1.551551999966705
1.3819769999940945
1.7585979999807932
1.3643060000276819
1.4745450000077653
1.1622819999956846
1.1456350000003113
1.9818210000153158
1.5372580000416747
2.247006999994028
1.5454480000016702
1.573242000006303
1.5919140000164589
1.6129890000229352
1.4800010000044495
1.6501700000048913
1.2076669999601108
1.343395999981567
1.4492340000060722
1.6208490000053644
1.7460640000308558
1.553666000006615
2.454234000026645
2.075633000004018
1.4259139999808212
1.2287030000379673
1.3920130000428799
1.322750999975142
1.6470470000058413
1.3974689999827206
1.3229050000518328
1.5073959999654107
1.5335900000081892
1.3945360000207074
1.5578780000282677
1.1177240000392885
1.1578449999660734
1.3439919999882477
1.3382820000060747
1.2599309999927755
1.4533000000369611
1.5856809999945654
1.4340230000016163
1.4061930000366374
1.1380390000113039
1.244927000016105
1.347135999992588
1.2483180000231187
1.4368150000336755
1.497604999997293
1.6075180000143519
1.658813000005921
1.6995209999777217
1.4244640000242725
1.2910789999978078
1.5142259999834096
1.2955599999600054
4.001071000004686
1.31251999999904
1.348718999963694
1.1615159999678326
1.4373779999914404
1.4382250000153363
1.6389510000180962
1.1968360000196299
1.0903980000307456
1.4110679999816966
1.4288319999877785
1.7808640000112064
1.5763829999855261
1.40000900000814
1.404292999950485
1.526636999983566
1.2120129999857454
1.5888290000134475
1.1014529999897604
1.21501200004559
1.2672490000227299
1.3118040000108522
1.1952109999811
1.3801030000308856
1.5347720000136178
1.3821760000496397
1.2516429999891443
1.4442149999922549
1.1762409999960255
1.1886130000107187
1.348442000050909
1.39742699997214
1.3802310000414764
1.157009999985803
1.183820999983709
1.4226939999844035
1.2911899999608067
1.161776000003556
1.0819080000032955
1.17317099994807
1.6691750000177308
1.1727410000048621
1.1044529999821862
1.1757359999933215
1.5703779999967082
1.039222000031259
1.275873999986743
1.1546990000397273
1.2434080000502945
1.192113000001882
1.360782000006111
1.289775000032023
1.3265090000231794
1.7261380000377358
1.4864349999470505
1.6056339999863667
1.5637120000064897
1.2972900000249865
1.3638899999932619
1.3022410000189666
1.3893259999804286
1.379935999977988
1.2460629999964112
1.2934939999809103
1.392754999983481
1.2677230000122108
1.4706489999980477
1.3571520000255077
1.4686540000070636
1.4696640000124717
1.4425179999761895
1.4590039999688997
1.1778759999856447
1.1800259999859009
1.7057370000088667
1.648930999976983
1.5871640000000298
1.6005709999831197
1.4810310000257232
1.5891689999989467
1.3881770000239158
1.020024000013109
1.2246919999938655
1.2101770000185752
1.325494000013805
1.5170859999784625
1.1699270000349316
1.1558369999988827
1.211361000002853
1.3958110000089619
1.4745249999918997
1.4393589999599499
1.235620000045401
1.582210999970357
1.5601279999941653
1.5234249999593885
1.2633080000341579
1.2536030000092069
1.2020209999832332
1.2158099999624028
1.4129030000162857
1.0168809999981931
1.5028109999661865
1.4155930000470107
1.2428929999828142
1.3480449999860866
1.5798050000057628
1.5059760000326605
1.3416470000038316
1.4472940000018752
1.4397729999586772
1.306466000016826
1.310719999992216
1.5235910000228614
1.4782060000015917
1.4488449999703334
1.5348879999805831
1.36431500004619
1.6710319999901913
1.4000130000226818
1.7033960000389925
1.4607790000127352
1.1747409999998126
1.187763000018549
1.2551110000345034
1.3137099999767088
1.6339640000069267
1.503536000029726
1.5474109999900065
1.454883000008067
1.5716780000047947
1.425074999986009
1.295626999990418
1.5578279999886036
1.0088519999840173
0.9273780000285115
1.2041070000350373
1.4896049999606475
1.3843169999745442
1.2426460000369843
1.111444000002848
1.4456939999831775
1.319210000019666
1.3652019999881304
1.619538999989345
1.0002999999869644
1.409142999989399
1.253117999965525
1.8756919999987076
1.3977759999761474
1.220565999972223
1.5544069999577914
1.4661939999882634
1.5384149999704277
1.5159559999915473
1.6285710000261133
1.3074060000235477
1.385443000003761
1.5477190000297014
1.4965999999958512
1.3632220000090456
1.5946490000260383
1.306419000002279
1.726568000037787
1.2853040000209148
2.0960379999905854
1.339804999986427
1.4007589999778247
1.6872859999921275
2.031262000002698
1.2753190000012182
50.40606500000422
1.5397870000128933
1.3214990000278704
1.2767840000265096
1.5250970000124653
1.1228249999817308
1.3961070000050313
1.5238480000334675
1.2095069999986663
1.1953299999731826
1.208416999986639
1.4412559999641417
1.1221989999512516
1.315796000028513
1.1150739999834514
1.369852000038918
1.5913189999992028
1.3384750000113854
1.1249439999687638
1.1755209999932958
1.1043430000086119
1.378017999968506
1.3430360000370456
1.29193100002567
1.260354000010011
1.332215000047654
1.1596299999609982
1.1234690000492265
1.2363760000084767
1.2164919999690937
1.351454999962698
1.3629019999825687
1.255092999997487
1.21773200004327
1.4800110000123823
1.437264999992749
1.115764000019226
1.2020659999620875
1.2663389999829633
1.3138649999859808
1.525551000042924
1.7246630000045116
1.3489309999954457
1.2325080000437083
1.5574209999726918
1.6076150000117195
1.3992030000054
1.2380929999835644
1.5007270000069184
1.2311469999986002
1.377976000014769
1.421293000021251
1.6256600000019716
1.6024939999965682
1.8893580000280963
1.6139230000362659
2.07708300001741
1.3664120000385083
1.308738999966863
1.4510299999983545
1.193923000016639
1.1527399999522459
1.8011489999594232
1.3208160000317548
1.2556329999711124
1.3172550000035699
1.126894000037737
1.2076220000381
1.1473099999648184
1.457481999977972
1.200831999994989
1.4225730000134718
1.5233809999699588
1.3241400000083559
1.2906449999832148
1.2005359999989196
1.1721450000550249
1.195082000037928
1.270401999988735
1.2405690000036884
1.0466429999951288
1.4274129999876095
1.3958810000076483
1.63149899998416
1.6452610000214918
1.5153040000086548
1.595161000011558
1.4783770000121876
1.3663919999657992
1.2376180000046588
1.2170910000008917
1.4638939999827016
1.393027999995411
1.3672469999619352
1.2475589999780823
1.3253449999979239
1.4985460000502826
1.3894230000346397
2.663909999967018
1.8973950000145123
1.6143430000283843
1.4206860000172128
1.6647510000211696
1.3869459999682476
1.3338199999566314
1.2364020000177334
1.2318029999960345
1.3191399999641362
1.3341800000148396
1.5936499999611442
1.4420480000012503
1.59292899996899
1.4891860000147972
1.3363900000058493
1.5551419999724203
1.379186999997728
1.6984320000119624
1.3721170000167149
1.2104869999802759
1.6091480000000047
1.2333669999975427
1.7459129999792822
1.4083080000091286
1.3668260000372356
1.2041669999689475
1.057602000003044
1.479318000008334
1.1861069999667961
1.1753269999985605
1.4044039999703273
1.2747439999998278
1.4056969999955982
1.2939739999637823
2.5337569999805964
1.3749230000144053
1.5044699999862132
1.4858399999866378
1.2385429999994813
1.20321200000717
1.2762990000396712
1.464919000000009
1.2723389999678147
1.1194530000011582
1.2759310000092228
1.524926999991294
1.2067370000181654
1.5207159999590658
1.1156529999993836
1.2814699999808
1.159564000033697
1.3729749999811247
1.3469190000137132
1.2307989999840174
1.2990029999855324
1.2318359999881068
1.1720960000047853
1.339480000012827
1.4522380000130397
1.4290130000063073
1.2263119999715855
1.3505309999573
1.1001270000292607
1.2486199999557357
1.1333129999684388
1.2444550000054733
1.1381080000205657
1.222520999988319
1.5277570000193919
1.2045149999835303
1.5703299999927367
1.371816000016679
1.3618759999758367
1.1608140000021194
1.3038390000019717
1.189221999993606
0.9293800000023111
1.3508430000115368
1.5617749999705666
1.920849000043745
1.351035000027423
1.5967270000487588
1.6342399999871304
1.1470050000070842
1.3570019999633587
1.1694940000097631
1.214038000000528
1.565126999992117
1.469305999989956
1.7164710000088235
1.7426330000489543
1.6353789999925539
1.5340159999936986
1.0214689999656912
1.4326329999789778
1.3055900000153997
1.9195090000039272
1.3527699999826837
1.495904000023529
1.2835200000154146
1.3939239999558595
1.099763000013354
1.1605640000311723
1.7283220000194888
2.07808400000431
1.4754629999629287
1.7818150000152855
2.0465190000322764
1.813546999983373
1.7745250000302804
1.4949369999612827
1.612156000021514
1.558439999996608
1.462794000019585
1.3730409999652693
1.5209580000146161
1.525901000036356
1.2036040000111825
1.3219620000199939
1.12757499999816
1.1397750000128326
1.4496729999677882
1.355837000005522
1.4159950000021126
1.4597840000192264
1.4766460000146253
1.5756270000224504
1.5163659999757328
1.4059320000114894
1.4815029999795115
1.5004659999817704
1.266199000042434
1.6003389999923456
1.4968790000011722
1.0960239999917576
1.4986539999881643
1.8539540000119814
1.5348959999528233
1.324259999989863
1.2262690000284238
1.3714609999624372
1.2659700000199337
1.2562179999804357
1.32050799999206
1.396115000034115
1.301318999992418
1.1078140000222447
1.7719960000022184
1.299347999974998
1.356511999972554
1.3627430000155982
1.6615320000141764
1.4606070000127147
2.3583500000086133
1.8038540000020475
2.093939000019418
1.4547139999763203
1.8100249999974949
1.4019820000044092
1.2990789999776098
1.2027770000031524
1.2190190000183065
1.431502000002638
1.3224949999539604
1.3192490000051293
1.341269999954875
1.4108319999763808
1.2527769999906013
1.4918250000164335
1.672663000022112
1.598408000006657
1.678660999971271
1.4416330000130984
1.6884409999988748
1.138770000011391
1.096646000007695
1.1820259999808513
1.3802650000229733
1.3474309999992329
1.517245999991701
1.5664649999962421
1.5939780000167048
1.4240670000162936
1.5206150000039997
1.4765450000027158
1.1331949999657809
1.4594429999874592
1.271868000003451
1.4658239999789657
1.1920059999965815
1.6316609999762477
1.6870409999683034
1.7195309999920028
1.1626379999825076
1.419546999954946
1.1013480000201525
1.2062189999824113
1.2210149999987152
1.0694449999846256
1.429821999977321
1.4130609999938315
1.3100279999775921
1.3463739999792779
1.338760999999522
1.266164000014669
1.3085100000012062
1.2689330000057453
1.1245400000348127
1.0919180000428241
1.5900530000294566
1.3138039999489592
1.2775740000279256
1.348969999980909
1.6171340000141754
1.6002739999976257
1.3519120000182738
1.2356370000361494
1.3346110000043154
1.107067999953415
1.3004799999976058
1.239618999989034
1.3641169999800695
1.2624739999864687
1.4167920000431877
1.0929339999847798
1.3574359999779517
1.3990369999987706
1.1486149999768713
1.0791029999950297
1.1611830000219925
1.3233899999818277
1.3881139999512015
1.3821869999901537
1.17326200000889
1.5475839999794516
1.3527209999892875
1.360941000029925
1.3876200000026984
1.4548330000252463
1.4677500000175314
1.2797410000189302
1.1839740000141319
1.410121999981584
1.3321289999908004
1.3606420000087383
1.2123559999963618
1.4118120000148338
1.346644000022934
1.5311249999854226
1.361171999974431
1.4160260000153357
1.2401110000155313
1.36761999999635
1.8289989999971112
1.7368000000033135
1.4900870000360555
1.4279430000101456
1.2110959999631632
1.2712930000020606
1.1746950000315337
1.3595990000112579
1.3501029999929415
1.1885150000239264
1.4678990000334124
1.8532839999920725
1.6264390000060303
1.214120999975421
1.3099919999604026
1.1683390000030158
1.138288999982251
1.3142189999939546
1.2567879999778597
1.0924929999873711
1.6498200000114593
1.4041339999835145
1.2545580000278278
1.0202249999906599
1.1792280000122446
1.59890700001597
1.4052719999995134
1.4347229999884803
1.4561430000412656
1.4081420000024991
1.4875589999974181
1.4862350000157676
1.827623999986372
1.5858530000514293
1.36972100000321
1.1039259999847673
1.309107999986736
1.2309089999575917
1.274273000035464
1.6151269999795659
1.7769570000041313
1.4608199999770477
1.8076650000011796
1.5612210000313098
2.4031320000403866
1.7795379999938632
1.4512710000076368
1.6867619999629824
1.6343510000069728
1.3318540000000212
1.6856199999892851
1.4404419999891616
1.2435620000132985
1.176804000010634
1.1781750000068314
1.0148349999781203
1.2548870000159695
1.3779220000174064
1.4126830000122936
1.172395000025972
1.2404070000116008
1.3532350000104998
1.3714760000311799
1.7622130000063407
1.456473000018832
1.3129639999647225
1.725043000021742
1.905190999991646
1.7211429999974825
1.9101679999948828
1.5491870000232666
1.2483470000006491
1.9832450000194513
1.2052569999809748
1.4057550000075025
1.6148589999716023
1.7844049999666822
1.4862140000104773
1.5057950000141318
1.2817619999623275
1.752215999999862
1.0842880000154764
1.4929490000099577
1.1920649999979105
1.62715900000876
1.3931220000245048
1.1770439999736482
1.1693299999819828
1.555957999983093
1.5854979999971874
1.45828399996617
1.5706279999676553
1.5597219999676781
3.6070989999643643
1.443035000022519
1.3572409999937918
1.2729270000022552
1.3419420000104765
1.5960380000024088
1.3048840000351447
1.727528000003531
1.8045850000021346
1.5552159999856485
1.4379969999822606
1.6890300000227398
1.6890740000121696
1.5992479999908937
1.278753000008237
1.309439999999995
1.2312019999853874
1.4029129999926226
1.4105199999789875
1.299477999964438
1.3076789999786342
1.288089000013315
1.418282999964049
1.2198160000025382
1.1730549999811046
1.4242929999568332
1.7666040000108296
1.489337999998952
1.6554990000372527
1.5278349999903185
1.5346860000136076
1.4148810000165213
1.042691999998624
1.2286969999877329
1.6308609999668988
1.2895419999949809
1.6180529999587634
1.4678240000307596
1.3255750000098487
1.1921010000151
1.5020660000004682
1.1189240000248901
1.231707999977516
1.2142470000071626
1.091482999981963
1.242871999977524
1.4210879999723147
1.4564149999500842
1.3503370000194082
2.0685729999740943
1.481146000003264
1.8745300000091447
1.5737440000407332
1.7376060000060534
1.447023999958219
1.4696000000071763
1.3250999999740998
1.277868000045146
1.1987799999815252
1.4225720000240472
0.9459579999884227
1.428524000004927
1.226107000036336
1.131987000007939
0.9236079999936919
1.6154979999782881
1.1466440000162947
1.287167999976191
1.3402760000076341
1.5081860000236702
1.3888760000213551
1.3335659999711424
1.1564900000848866
1.3425060000145095
1.164024999980029
