payload_size_bytes=1048576
runs=50
mean_ms=3.390
median_ms=3.295
stddev_ms=0.733
min_ms=1.747
max_ms=6.452
---raw---
4.920969999943736
6.452371000023049
3.320081000083519
3.3124510000561713
3.62228399990272
4.33212400002958
3.460207999978593
3.0838339999945674
4.382263000024977
3.1776590000163196
4.621609999958309
3.215701000044646
3.5871920000545288
3.5342369999398215
3.2223079999766924
3.615159999981188
4.34666700004982
3.4646049999764728
2.485426000021107
3.602580000006128
3.047715000093376
2.843270999960623
2.896650000025147
3.987631000086367
3.27799900003356
2.785505000019839
2.790023999978075
2.669563000040398
1.74733100004687
4.036252000105378
3.105944000026284
3.661573000044882
2.649578000045949
3.0992050000122617
3.0534219999935885
2.836526999999478
3.4108529999912207
3.8351219999412933
3.583716000093773
3.0848940000396396
3.8580500000762186
3.4934859999111723
2.747704000057638
2.568974000041635
3.335682000056295
3.0813079999916226
2.7022319999332467
3.4266049999587267
3.037322000068343
3.091024000013931
