payload_size_bytes=1048576
runs=50
mean_ms=3.762
median_ms=3.648
stddev_ms=0.596
min_ms=2.618
max_ms=5.466
---raw---
5.465737999998055
4.554748000032305
3.268819000027179
4.114576999995734
3.3358639999505613
4.134665000037785
4.2190030000028855
3.4418639999103107
3.3480309999731617
4.152937999947426
3.187839000020176
3.736116000027323
3.6640789999182743
4.667481999945267
3.3700469999757843
3.372061000050053
3.3993129999316807
4.193106999991869
2.9118429999925866
3.4633350001058716
3.203678000090804
4.013370999928156
3.19102200000998
3.03304199997001
4.7506549999525305
3.6174890000211235
4.01253900008669
3.426493000006303
3.024601999982224
4.180816000030063
3.6313599999857615
4.381472999966718
3.575098000055732
3.7501539999311717
3.9252980000128446
3.9930960000447158
4.488369999990027
3.609228999948755
4.454764999991312
2.9893299999912415
2.98413600000913
4.405019000046195
4.730661999928998
3.1627280000066094
2.6177869999628456
4.4176820000529915
3.213387999949191
3.8539539999646877
4.150425999910112
3.323148000049514
