payload_size_bytes=1048576
runs=50
mean_ms=3.388
median_ms=3.287
stddev_ms=0.574
min_ms=2.384
max_ms=4.683
---raw---
4.549527999984093
3.8909280000325452
3.763485000035871
3.3495610000500164
4.315110999982608
3.623750999963704
3.058796999994229
3.5833690000117713
4.44939900000918
3.255263000028208
3.966161000107604
3.598673999931634
4.682687000013175
3.3363560000907455
4.277030000025661
3.1441549999726703
3.06997899997441
3.168902999959755
3.116510000040762
2.699581000001672
3.7195520000068427
3.360232000090946
4.660991000037029
2.9042979999758245
3.1803790000139998
4.32446100001016
3.02764399998523
3.794325000058052
3.317060999961541
3.1236639999860927
2.8404509999973016
2.90181900004427
2.5221889999329505
2.7374130000907826
3.322260999993887
4.0083269999513504
2.982500000030086
3.4138739999889367
3.02080799997384
3.4141529999942577
3.084782000087216
2.724852000028477
2.8869179999446715
2.8591880000021774
3.419958999984374
2.70081200005734
2.8904869999450966
3.256018000001859
3.727813000068636
2.383718000032786
