payload_size_bytes=1048576
runs=50
mean_ms=3.480
median_ms=3.256
stddev_ms=0.997
min_ms=2.130
max_ms=7.755
---raw---
7.755285000030199
3.87383999998292
3.139754000017092
3.1217350000360966
3.0451019999873097
4.138696000040909
3.467057999955614
2.5787890000401603
2.9581389999293606
2.593038999975761
3.9120980000006966
3.5589530000379455
3.032244999985778
3.6717890000090847
3.4305140000014944
2.9947510000738475
3.6451030000534956
2.3092820000556458
3.040413000007902
3.296743000078095
3.2767620000413444
2.9143289999638
2.8393160000632633
2.130313999941791
3.2360680000920183
3.7457859999676657
3.1015140000363317
3.2118899999886708
2.933686000005764
3.0978050000385338
3.475235999985671
3.8227469999583263
2.411222999967322
2.8784950000044773
2.6785160000599717
6.56698900002084
3.106566999917959
3.422312999987298
5.980431000011777
3.7388230000487965
4.2882689999714785
2.729035000015756
2.984760999993341
3.315841000016917
3.480880999973124
4.1519789999711065
3.5572550000324554
4.7061340000027485
3.588798000009774
3.0634229999577656
