payload_size_bytes=1048576
runs=50
mean_ms=3.508
median_ms=3.376
stddev_ms=0.923
min_ms=2.006
max_ms=8.480
---raw---
8.480480000002899
3.8071740000305
4.112592999945264
3.1076770000026954
2.582688999950733
3.145630000062738
3.535907000014049
4.265129000032175
3.291890000014064
4.251525000086076
3.1300189999683425
3.841868999984399
3.621430000066539
4.255469999975503
3.897778999998991
3.139145999966786
3.3965119999948
4.050774000006641
3.027411000061875
4.120029999967301
2.770553999994263
4.951530000084858
4.28815600002963
3.8487809999878664
2.8533989999459664
3.280486999983623
3.7504859999444307
3.3615219999774126
2.960049999956027
3.075623000086125
3.124765000052321
3.1140940000113915
2.7927339999678225
2.8068049999774303
2.0064520000460107
3.4480650000432433
2.771295000002283
4.165028999977949
3.422572999966178
3.250978999972176
3.4118519999992714
2.956791000087833
3.391432000057648
4.146445000060339
2.426914000011493
2.898998000091524
2.7215119999937087
3.035447000002023
3.577933999963534
3.7065719999418434
