payload_size_bytes=1048576
runs=50
mean_ms=3.493
median_ms=3.365
stddev_ms=0.829
min_ms=2.160
max_ms=7.246
---raw---
7.246208999958981
3.545037999970191
3.1732509999073955
3.675111999996261
2.797468000039771
3.268823999974302
2.68568100000266
3.7000629999965895
3.7588029999824357
2.954779999981838
2.2122299999409734
3.0285730000514377
3.48581599996578
3.077282999925046
2.8632769999603624
2.8875980000293566
3.3789849999266153
2.903565999986313
2.581291000069541
2.6900010000190377
2.8254159999505646
3.02264600009039
3.271452000035424
3.67375100006484
2.159634999998161
3.2657819999712956
3.10786799991547
3.2816039999943314
3.2905340000297656
4.094244000043545
3.5694429999466593
3.3674469999596113
3.112853999937215
5.528548000029332
3.7760870000056457
4.055270999970162
3.362242999969567
3.448100000014165
4.4131170000127895
3.9284199999656266
3.428932000019813
3.5227229999463816
3.4006019999424097
4.189637000081348
3.1289149999338406
3.2032480000907526
4.0998550000495015
3.718753000043762
4.890089000014086
4.586620000054609
