payload_size_bytes=1048576
runs=50
mean_ms=3.419
median_ms=3.286
stddev_ms=0.731
min_ms=2.357
max_ms=6.968
---raw---
6.968241000095077
3.2135400000470327
3.4015230000932206
2.357273999905374
3.523546999986138
3.585549000035826
3.4525769999618205
3.371822000076463
3.5651680000228225
2.7530180000212567
3.0534009999882983
2.939759000014419
2.9972549999683906
2.9819960000168066
3.303030999973089
3.1783089999635195
2.882601999999679
3.117094000003817
3.0505309999853125
3.295978999972249
2.9825259999824993
5.763543000057325
3.5728029999972932
3.355690999910621
3.3455559999993056
2.9883129999461744
3.0737129999351964
3.095861000019795
4.000510000082613
3.0962789999193774
3.2902450000165118
3.7369640000406434
2.910649000000376
3.659749999997075
4.440854999984367
3.823267000029773
3.370629999949415
4.092823999940265
3.8563230000363546
3.18778200005454
2.7761589999499847
3.671504000067216
3.206109999950968
3.9027540000233785
2.7284899999813206
3.1247540000549634
3.282329000057871
3.1692770000972814
3.509035999968546
2.9349599999477505
