payload_size_bytes=102400
runs=250
mean_ms=1.671
median_ms=1.544
stddev_ms=0.456
min_ms=1.035
max_ms=3.761
---raw---
3.034614999933183
1.8289150000327936
2.9792380000799312
2.785483999787175
2.341774000115038
1.5033280001262028
2.6529159999881813
1.2951490000432386
2.4284359999455774
2.4478259999796137
1.3401809999322722
1.7930290000549576
1.1912320001101762
1.452238999945621
1.3623259999349102
2.4945860000116227
1.5505469998515764
1.9828699998925003
2.231676999826959
2.1002239998324512
2.052241999990656
1.194496000152867
1.3237800001206779
1.7557339999711985
1.4341930000227876
1.7606789999717876
1.9051629999466968
1.5091860000211454
1.980669999966267
1.8307950001599238
1.2730790001569403
1.947768999798427
1.6167590001714416
1.2004259999685019
2.3305500001242763
1.2294680000195513
1.3571630001933954
1.3891730000068492
1.524075999896013
1.585878000014418
1.2778889999935927
1.317759999892587
1.383432000011453
1.2218070000926673
1.4576040000520152
1.2304580000090937
1.627098999961163
1.550487000031353
1.2761289999616565
2.4851460000263614
2.2444379999342345
1.2532879998161661
1.2673680000716558
1.9235480001498217
1.2513530000433093
3.0270370000380353
1.6080580001016642
1.8685120001009636
1.3401660000909033
1.1769860000185872
1.600698999936867
1.5065209997828788
1.8084050000197749
1.9372839999505231
1.7067320000023756
1.2197769999602315
1.2530379999589059
1.198046999888902
1.839444999859552
1.3588619999609364
1.174485000092318
1.382032000037725
1.4973109998663858
1.830299999937779
1.6350199998669268
1.194330999851445
2.1243789999516594
1.3240400000995578
1.795033999997031
1.9045679998725973
1.409413000146742
2.2064279999085556
1.8716269999003998
1.2809789998300403
2.0884880000267003
1.3557660001879412
1.200516999915635
1.71928199983995
1.7028820000177802
1.5083060000051773
1.631430000088585
1.6147399999226764
1.3032150000071852
2.262602999962837
1.7404830000486982
1.4662599999155645
1.7969600000924402
2.371041000060359
1.701150999906531
1.7016020001392462
1.4825749999545224
2.2144270001263067
1.2604389999069099
2.229016999990563
1.3387659998898016
1.3083090000236552
1.2409070000103384
1.47212000001673
1.3061199999810924
1.3897369999540388
1.2393019999308308
1.4393240001027152
1.4013180000347347
1.9639450001704972
1.3814619999266142
1.2600180000390537
1.1972460001743457
1.4972260000831739
2.1394349998899997
1.523991999874852
1.5659220000543428
1.2614289998964523
2.028622000125324
1.8381560000761965
2.428089999966687
1.2388380000629695
1.2078919999112259
1.8990570001733431
1.8590909999147698
2.7237379999860423
1.3643219999721623
2.070423000077426
2.304194999851461
3.072634000091057
1.7054570000709646
2.5899689999278053
1.8621260001054907
1.3147949998710828
2.149619999954666
1.3275460000841122
1.7030060000706726
2.1409450000646757
1.24744799995824
1.1487550000310875
1.8504160000247794
1.6597009998804424
2.1560259999660047
1.5249560001393547
1.4983359999405366
1.6604299999016803
1.6832210001211934
1.394642999912321
1.633568999977797
1.7828549998739618
1.183095999977013
1.3226799999301875
1.4119830000254296
1.7152519999399374
2.078813000025548
2.342491000035807
3.760724000130722
1.5061650001371163
2.770354999938718
1.3535410000713455
1.9896450000942423
1.4386190000550414
1.2486179998631997
1.2997190001442505
1.8568110001524474
1.2846239999362297
1.1813260000508308
1.4104729998507537
1.0349320000386797
1.9681000001128268
1.5042349998566351
1.3595759999134316
1.7791709999528393
2.3122079999211564
1.1617650000061985
2.5281770001583936
2.504471000065678
1.6007140000056097
1.9136779999371356
1.3268199998037744
1.4157029997932113
2.0958229999905598
1.5996490001271013
1.1962319999838655
1.54731499992522
1.169407999896066
1.0835400000814843
1.4950579998185276
1.6009690000373666
1.1484350000046106
1.6025879999688186
2.320509999890419
1.3284809999731806
2.556757999855108
1.6390999999202904
1.152605000015683
1.2548110000807355
2.0930139999109088
1.7197990000568097
1.2575389998801256
2.4226340001405333
1.296598999942944
1.3569709999501356
1.0780850000173814
1.8393390000710497
1.2239970001246547
1.303189000054772
1.540616999818667
1.65472999992744
1.5193360000012035
1.7039340000337688
1.4082899999721121
1.6750209999827348
1.9551589998627605
2.5358770001275843
1.1641060000329162
1.47288700009085
1.9440559999566176
1.2365970001155802
1.122804000033284
1.2931389999266685
1.316689999839582
2.5340870001855365
1.1718460000338382
1.5007360000254266
1.2635880000289035
1.3661820000834268
1.6673809998337674
1.5424369998982002
1.351281000097515
1.5297959998861188
2.2117020000678167
1.1475049998352915
1.238596999883157
1.5226410000650503
2.032822000046508
1.1912459999621205
1.6683500000453932
1.6938020000907272
1.7223820000253909
2.0545830000173737
1.373091999994358
2.010371000096711
1.5462569999726838
1.3313809999999648
2.46894500014605
