payload_size_bytes=102400
runs=250
mean_ms=1.525
median_ms=1.345
stddev_ms=0.538
min_ms=0.983
max_ms=4.539
---raw---
2.3939029999837658
4.538857999932588
2.586007999980211
4.021924999960902
2.835404000052222
1.753683000060846
2.665029999889157
1.766943999882642
1.288454000132333
3.2574439999280003
1.9094399999630696
1.2413279998781945
1.9624270000804245
1.028581999889866
1.5730280001662322
1.874837000059415
1.6032589999213087
1.2948300000061863
1.59717799988357
1.4440970001032838
1.9902899998669454
1.419744000031642
1.039061000028596
2.658440999994127
1.4827939999122464
1.5010759998403955
1.5611570001965447
1.581408000220108
1.0947440000563802
1.5747080001347058
1.1303139999654377
1.1650550000013027
1.3511409999864554
1.2587179999172804
1.1455050000677147
1.1261749998539017
1.9775099999606027
3.8500600001043495
1.2454259999685746
1.170295999827431
1.646230000005744
2.494787999921755
1.1365989998921577
1.2867689999893628
1.2544979999802308
1.364741000088543
1.647179999963555
2.222407000090243
1.3555210000504303
1.1726410000392207
1.1469420001049002
1.1844979999295902
1.2238870001510804
1.17016500007594
1.3231050002104894
1.1325140001190448
1.0700519999318203
2.125904999957129
1.5626970000539586
1.627591999977085
1.1555579999367183
1.3705889998618659
2.2804220000125497
1.7713610000100743
1.2639080000553804
1.1401149999983318
2.617728999894098
1.6730010001992923
1.4829140000074403
1.148544999978185
1.0439320001296437
2.1754960000635037
1.2969200001862191
1.2979999999060965
1.3894520000121702
1.9489890000841115
1.973550000002433
0.9847999999692547
1.3404300000274816
1.1350939998919785
1.6209020000133023
2.417680000007749
1.272538999955941
1.24757799994768
1.0749049999958515
1.3423230000171316
1.5965439999945374
1.1861460000091029
1.0382010000284936
1.3448910001443437
1.131753999970897
1.1118190000161121
1.335067999889361
1.2578680000387976
1.1303709998173872
2.099285999975109
1.776901000084763
1.2671029999182792
1.2126409999382304
1.3622419999137492
1.2269569999716623
1.6476950002015656
1.340024999990419
1.4201629999206489
1.0982940000303643
1.3781720001588837
1.4410940000288974
1.519606000101703
1.2133069999435975
1.2193770000976656
1.646710999921197
1.2495370001488482
1.3528910001241456
1.1545050001586787
1.277813999877253
2.2515730001941847
1.4942760001304123
1.4942450000035024
1.1598179999054992
1.4689219999581837
1.188235999961762
1.0681480000584997
1.4038169999821548
0.9826099999372673
1.1655650000648166
2.709761999994953
1.5417170000091573
1.1777160000292497
1.3512410000657837
1.6299100000196631
2.012411000123393
1.3172300000405812
1.156955000169546
2.0550230001390446
1.4104329998190224
1.0857859999759967
1.2459350000426639
1.1401970000406436
1.478525000038644
1.7423020001388068
1.1355239998920297
1.192976000083945
2.1370950000800804
2.523647000089113
1.5555469999526395
1.4778670001760474
1.0539390000303683
2.1007539999118308
1.7982750000555825
1.3471610000124201
1.1173140001119464
1.3217429998348962
2.277746999880037
2.5298760001533083
1.2073370000962313
1.0377010000865994
1.160965000053693
1.3550520000080724
1.604893999910928
1.3443060001918639
1.3134000000718515
1.1240940000334376
3.074372999890329
1.7045910001343145
1.2575190000916336
1.201236000042627
1.906987999973353
1.0845930000868975
1.2566279999646213
1.0256010000375682
1.1467179999726795
1.0764129999643046
1.2548380000225734
1.102263000120729
2.0597930001713394
1.2794890001259773
1.345895999975255
1.3019949999488745
1.1690960000123596
1.0524170002099709
1.2291569998978957
1.2787389998720755
1.5564580000955175
1.7235519999303506
1.5008759999091126
1.2342079999143607
1.4242639999793028
1.2727690000247094
1.0869679999814252
1.2312930000462075
1.2562680001337867
2.0110709999698884
1.225206999833972
1.2142660000336036
1.1991859998943255
1.1204939999061025
1.2008669998522237
1.6310599999087572
1.4247560000058002
1.4220429998204054
1.2723079998977482
1.8493529998977465
1.2904899999739428
1.3369210000746534
1.3402810000116006
1.7402149999270478
2.308108000079301
1.1627149999640096
1.1895860000095126
1.1455849999038037
1.5583870001592004
1.4845549999336072
1.4391140000498126
1.182477999918774
1.105101000121067
1.490325000077064
1.5845179998450476
2.0877730000847805
1.1162340001646953
2.062261999981274
1.4767550001124619
1.7504340000868979
1.0883039999498578
1.4942850000352337
1.333239999894431
1.6058690000591014
2.0347909999145486
1.9328389998918283
1.829955999937738
4.399942999953055
1.2976719999642228
1.2485660001857468
2.167496000083702
1.38602200013338
1.165275000175825
1.3650619998770708
1.5861889999086998
1.0361909999119234
1.8696770000588003
1.60089899986815
1.5548270000635966
1.2430930000846274
1.1424389999774576
1.0440940000080445
1.5004829999725189
1.137377000077322
1.2710089999927732
1.293282000006002
1.2413000001743058
1.8065449999085104
