payload_size_bytes=102400
runs=250
mean_ms=1.750
median_ms=1.549
stddev_ms=0.667
min_ms=1.109
max_ms=6.914
---raw---
6.913890000078027
2.3738820000289707
1.5706580002188275
2.2862700000132463
1.7148219999398862
1.4663639999525913
2.027287000146316
1.6381899999942107
1.4718449999691074
1.1636249998900894
1.4263230000324256
1.7577739999978803
1.539276999892536
2.132909000010841
1.4273529998263257
2.762650000022404
1.4057419998607656
2.8105150001920265
2.059243000076094
2.6585900000100082
1.9835230000353476
1.6891190000478673
1.6935369999373506
1.6784560000360216
1.6917309999371355
1.583227999844894
2.422002999992401
4.460884999843984
2.1625060001042584
1.9680799998695875
1.7650139998295344
4.448785000022326
2.767133999896032
1.9072279999363673
3.574208999907569
1.7791739999211131
1.9219079999857058
1.3275899998461682
3.009411999983058
2.561678999882133
1.4700140000059037
2.1256149998407636
1.3172400001622009
2.593988999933572
1.2065459998211736
1.5497570000206906
1.6889910000372765
1.545732000067801
1.399898000045141
3.3455109999067645
1.4384940000127244
1.4022620000559982
1.68698100014808
1.21669700001803
1.503734999914741
1.3012250001338543
1.344811000080881
1.4047419999769772
1.280798999914623
1.374510999994527
1.5288370000234863
1.207496999995783
1.194385999951919
1.245037999979104
1.4303339999059972
1.1356150000665366
1.349071000049662
1.3540509999074857
1.9101179998415319
1.6830209999625367
2.0154210001237516
2.5230160001683544
2.0485219999955007
1.2594679999438085
2.52037600012045
1.9643699999960518
1.9957010001689923
1.5989589999207965
1.2693390001459193
1.6493600001012965
3.0319620000227587
1.2325680002049921
1.5438330001416034
2.9889350000757986
2.2518779999245453
3.92145899991192
3.710622999960833
2.9216589998668496
1.45945400004166
3.647250000085478
3.39142300003914
2.6066489999720943
1.5228360000492103
1.7835840001225733
1.4806849999331462
2.301250000073196
1.5627669999958016
1.2651990000449587
2.5892179999118525
1.218847000018286
1.44110900009764
1.5416559999721358
1.3540659999762283
1.25010800002201
1.229107999961343
1.2850739999521466
1.4593299999887677
1.336135999963517
1.4820700000655052
1.1569339999368822
1.1465899999620888
2.2307570000066335
1.7145869999239949
1.4925559999028337
1.4463830000295275
1.4804559998538025
1.3552000000345288
1.289719999931549
1.3255499998194864
1.8638859999100532
1.6288099998291727
1.4622140001847583
1.4275139999426756
1.733462999936819
1.6957719999481924
1.4703849999477825
2.171875999920303
1.7036720000760397
1.2270879999505269
1.3292900000578811
1.2501679998422333
1.5939180000259512
1.7067569999653642
1.5178710000327555
1.2934389999372797
2.19964699999764
1.2779979999777424
1.5844889999243605
2.1455449998484255
1.4474239999344718
1.4529850000144506
1.108622999936415
1.576858000134962
1.4411639999707404
1.2480979999054398
1.2412129999574972
2.773598999965543
1.3230810000095516
1.155914999799279
1.214926999864474
1.4682250000532804
2.4705700000140496
1.306075000002238
1.731872999926054
1.4508639999348816
1.5633519999482814
1.2142210000547493
1.3564519999818003
1.3443909999750758
2.1375649998844892
1.243577999957779
1.8763569999009633
1.4710270002069592
1.7052489999969112
1.1796559999766032
1.2790389998826868
1.1862659998769232
1.2620709999282553
1.8796250001287262
1.1259739999331941
1.9530199999735487
2.179666000074576
1.2526079999588546
1.7216419998931087
2.3452410000572854
1.1601349999637023
1.2621079999917129
1.317689999950744
1.737602999810406
2.0405510001637595
1.2848189999203896
1.5642820001176005
1.7629690000831033
1.1282340001343982
1.233386999956565
2.808205000064845
1.9554890000108571
1.3078300000870513
1.6963220000434376
1.2607480000497162
1.643249999915497
1.2707480000244686
1.8742679999377287
1.7599130001144658
1.2676289998125867
1.2466279999898688
1.6347799999039125
1.5486879999571102
1.4805640000759013
2.195591999907265
1.62670400004572
1.365101999908802
2.3586309998790966
2.559528000119826
1.6505700000379875
1.934198999833825
1.5825570001197775
1.4700049998737086
1.6937809998580633
2.1023439999225957
1.3585910000983858
1.1255839999648742
1.7996999999922991
1.4434490001349332
1.2735889999930805
1.2031569999635394
1.2546529999326594
1.9533440001850977
1.7142920000878803
1.8379359999016742
2.9450740000811493
1.5355909999925643
1.2834939998356276
2.0068950000222685
1.2193179998121195
2.106249000007665
1.3711869999042392
1.1913759999515605
1.4495639998131082
1.4807749998908548
1.6593499999544292
1.3364400001592003
1.5530120001585601
2.1746509999047703
1.42418399991584
1.3142400000560883
1.843775999986974
1.3276509998831898
1.6995909998058778
1.1425049999616022
1.7637679998188105
1.4579490000414808
2.0445220000055997
1.3249999999516149
2.1938860002137517
2.163606000067375
1.2043560000165598
1.4209029998255573
1.5842679999877873
1.9577000000481348
