payload_size_bytes=102400
runs=250
mean_ms=1.584
median_ms=1.421
stddev_ms=0.505
min_ms=1.007
max_ms=3.849
---raw---
3.6380999999892083
2.5885180000386754
3.750343999854522
2.2427280000556493
1.3595309999345773
1.1004430000411958
1.9214779999856546
1.8224550001377793
3.087613999923633
1.0255409999899712
1.5646429999378597
1.3999880000028497
1.6758609999669716
1.707791999933761
1.3955429999441549
1.1826060001567384
2.1404860001439374
1.421983000000182
1.1541950000264478
1.2531879999642115
1.456724000036047
1.136545000008482
1.675525999871752
2.2509440000249015
1.516196000011405
1.2569279999752325
1.2579379999806406
1.1744060000182799
1.5572429999792803
1.3669119998667156
1.2237920000188751
2.7033419999042962
1.608299000054103
1.3525910001135344
1.9031070000892214
1.3236909999250202
1.6127939998114016
1.2547730000278534
1.6421599998466263
1.5674480000598123
1.9718900000498252
1.4200030000210973
1.494580000098722
1.3125199998285098
1.6953510000803362
1.3770020000265504
1.9278939998912392
1.571533000060299
1.4245330000903778
1.5605170001435908
2.432563999946069
1.8833870001344621
2.60588900005132
2.350990999957503
2.181207000148788
3.308401999902344
1.2627080000129354
2.1071640001082415
2.3648220001177833
1.7087119999814604
2.4133429999437794
2.6558110000678425
2.160604999971838
3.849097000056645
2.6015589999133226
1.4216230001693475
1.9846700001835416
1.795084000150382
3.0260119999638846
1.4354239999647689
3.592129000026034
2.156535000040094
1.163714999847798
2.428273999839803
1.0590520000732795
1.4074629998503951
1.3126399999237037
1.8191750000369211
1.3555709999764076
1.4598640000258456
1.1117440001271461
1.2191799999072828
1.8420530000184954
1.0814229999596137
1.1756260000765906
1.3216300001204218
1.2631980000605836
1.3971020000553835
1.8215550001059455
1.2245830000665592
1.428337999868745
1.557732000037504
1.1988209998889943
1.5568669998629048
1.1390239999400364
1.1782509998283786
1.7136970000137808
1.924719000044206
1.8510859999878448
1.1659500000860135
1.5259310000601545
1.3689639999938663
1.3218599999618164
1.2515979999534466
1.3802320002014312
2.1813659998315416
1.6118179999011772
1.6385919998356258
1.5433070000199223
1.2731490000987833
1.509916000031808
1.2420279999787454
1.976024999976289
1.4917700000296463
1.612559000022884
1.0642720001214911
1.4911949999714125
1.2017569999898114
1.3629019999825687
1.0796120000122755
1.290980000021591
1.5450969999619701
1.467073999947388
1.2143569999807369
1.1946160000206874
1.147294000020338
1.1656359999960841
1.2301379999826167
1.4183230000526237
1.1615559999427205
2.1403349999218335
1.2240670000664977
1.481495999996696
1.387771000054272
1.3952930000868946
1.236018000099648
1.2109970000437897
1.211256000033245
1.9797500001459412
1.006970999924306
1.4104029999089107
1.493938000066919
1.1850330001834664
1.4682449998417724
1.1810309999873425
1.8213299999843002
2.1098839999922347
1.404213000114396
1.121353999906205
1.5591470000799745
1.8655270000635937
1.349150999885751
1.6831609998462227
1.0325319999537896
2.121359000057055
1.5420120000726456
1.7033910000918695
1.478036999969845
1.166105000038442
1.4191929999469721
2.4064739998266305
1.8385749999652035
1.609689000133585
1.306479000049876
1.093994000029852
1.017500999978438
1.3281760000154463
1.5141699998366676
1.0781129999486438
2.6147590001528442
1.1220349999803148
1.549147000105222
1.2072570000327687
1.8224659997940762
2.055171999927552
1.2643690001823416
2.1226199999091477
1.1632209998424514
1.4262229999530973
1.3093600000502192
1.5143190000799223
1.583836000008887
1.3854020000962919
1.2438070000371226
2.833386000020255
1.4018580000083602
1.2484250000852626
1.5297459999601415
1.2189569999918604
1.2345069999355474
1.4400289999230154
1.1521399999310233
1.3819920000059938
1.3673169999037782
1.3755269999364828
1.76682799997252
1.0277460000907013
1.6064890000961896
1.2797890001365886
1.7371829999319743
1.3515910000023723
1.370970999914789
1.2072859999534558
1.6181389999019302
1.3378609999108448
1.5317019999656623
1.331688000163922
1.9157920000907325
2.138452999815854
1.2373080000998016
1.2384879998990073
1.3333929998680105
1.1574650000056863
1.989066999840361
1.3311709999470622
1.2610889998541097
1.4294430000063585
2.081912999983615
1.271928000051048
1.6968919999271748
1.3483409998116258
1.0791230001814256
1.6795310000361496
1.324674999978015
1.349775999869962
1.7172519999348879
1.12761400009731
1.5576680000322085
1.3820819999637024
1.121733999980279
1.1710710000443214
2.0984479999697214
2.4387349999415164
1.237492000200291
1.2299320001147862
2.237678000028609
1.2053670000113925
1.0932930001672503
1.5448870001364412
2.388966000125947
1.0672030000478117
1.1652260000118986
1.1459949998879893
1.188966999961849
1.358150999976715
1.6199799999867537
1.2310969998452492
2.286018999939188
1.3248599998405552
1.4502439998977934
