payload_size_bytes=102400
runs=250
mean_ms=1.731
median_ms=1.482
stddev_ms=0.770
min_ms=1.081
max_ms=6.942
---raw---
2.2546380000676436
2.761454999927082
3.0514130000938167
1.970329000187121
3.3613519999562413
1.4656240000476828
2.1971570001824148
1.6628299999865703
3.117614999837315
2.0919940000112547
4.585208999969836
2.7050730000155454
4.44556399997964
1.2602680001236877
2.9831000001649954
5.675802000041585
2.0789729999250994
1.7794640000374784
6.942281000192452
4.738883999834798
1.2873499999841442
1.272827999855508
2.24141800003963
1.4908460000242485
2.2775990000809543
1.5465670001049148
1.9185080000170274
2.092524000090634
3.021221999915724
2.2315969999908702
1.7799049999212002
1.8157949998567346
1.4374939999015623
1.853656999855957
1.69372100003784
1.3449209998270817
3.2012259998737136
1.2588979998326977
1.5401969999402354
1.1770650000926253
1.1681660000704142
2.7159420001225953
1.3312500000211003
1.1509370001476782
1.681177999898864
2.069023000103698
1.5394759998343943
1.2410580000050686
1.1964960001478175
2.5103259999923466
1.4736449998054013
1.5862679999827378
1.7728669999996782
1.3703219999570138
1.5156459999161598
2.6927119999982096
2.0270670001991675
2.915463999897838
3.4786359999543492
5.433625000023312
3.3459219998803746
1.9854499998928077
1.7858139999589184
1.8589369999517658
3.387423000049239
1.8755270000383462
1.8261850000271806
2.1726850000050035
1.6204800001560216
1.8862070000977837
2.3393720000512985
1.2139870000282826
3.1647099999645434
1.659850000123697
1.295669999990423
1.138824999998178
1.270807999844692
1.2534089999007847
1.7207020000569173
1.3854720000381349
1.7199820001678745
1.5834680000352819
1.3048289999915141
1.1738850000710954
2.0784729999832052
1.2614980000762444
1.7618560000300931
1.5214830000331858
1.9730500000605389
1.3569109999025386
2.190347000123438
1.4077929999984917
1.2632490002033592
2.203377000114415
1.367480999988402
1.7544930001349712
1.2115870001707663
1.1421450001307676
1.393656999880477
1.3756470000316767
1.1960689998886664
1.2665650001508766
1.298808999990797
1.3042719999702967
1.6490099999373342
1.1706559998856392
1.2677409999923839
1.6664610000134417
2.0683660000031523
1.1354969999501918
1.1625199999798497
2.618778999931237
2.3934630000894686
1.5488970000205882
1.338160999921456
2.3768049998125207
1.511633000063739
1.6411300000527262
1.3406609998583008
1.487325999960376
1.0807119999753922
1.564617999974871
1.328489999878002
1.4938950000669138
1.3843320000432868
1.1808860001565336
1.8470559998604585
1.1848660001305689
1.2700180000138062
1.253458000064711
2.161335999971925
1.1769760001243412
1.1912459999621205
1.3717449999148812
1.1583250000057888
2.046472000074573
1.5139170000111335
1.2228680000134773
2.1138740000878897
1.3932120000390569
1.99016099986693
1.6362400001526112
1.26812799999243
1.2310480001360702
2.065302000119118
1.3870220000171685
1.1472250000679196
1.2467879998894205
2.2190799998043076
1.2663659999816446
1.2272470000880276
1.2257469998075976
1.117293999868707
2.2744400000647147
1.2011559999791643
1.2526209998213744
1.2019259997941845
1.4434540000820562
1.5422080000462302
1.8037740001091151
1.3548259998970025
1.298604999874442
1.2727379998977995
1.6315800000938907
1.4760579999801848
1.1534820000633772
2.1136889999979758
1.9114939998416958
1.2729779998608137
1.2643190000289906
1.246307999963392
1.3223409998772695
1.7920820000654203
1.271899000130361
1.2867190000633855
2.8998269999647164
1.5465070000573178
1.105594000136989
2.560888000061823
2.034542000046713
1.1461749998034065
2.374131999886231
1.6211990000556398
1.4872350000132428
1.7999350000081904
1.685461999841209
1.326889999972991
1.2932290001117508
1.1885359999723732
1.3839119999374816
1.4458540001669462
1.3857520000328805
1.2379870001950621
1.2079870000434312
2.1747360001427296
1.526057000091896
1.2878789998467255
1.282379000031142
1.3129100000242033
1.3045389998751489
1.1982159999206488
1.2441679998573818
1.5721580000445101
1.1523650000526686
1.2433209999471728
1.1939239998355333
1.4192829999046808
1.2428269999418262
1.9929810000576254
1.1902159999408468
1.2455779999527294
1.5582769999582524
1.8546659998719406
1.4280929999586078
1.1439150000569498
2.737395999929504
1.6778189999513415
1.8625169998358615
1.3761120001163363
1.2202769999021257
1.8292959998689184
1.446369000177583
1.550788000031389
1.2943540000378562
1.3115019999077049
1.8464140000560292
1.2500580000960326
1.30474000002323
1.2341870001364441
1.211427000043841
1.3549410000450735
1.599809000026653
1.23609000002034
1.2417380000897538
1.2565480001285323
1.418242999989161
1.9551200000478275
1.2776280000252882
1.9954009999310074
1.2941789998421882
1.4543139998295374
1.2894589999632444
1.3151900000138994
1.7359850000957522
1.944567000009556
1.3634419999561942
1.567737999948804
1.2070660000063071
1.7795940000269184
1.5911789998881432
