payload_size_bytes=102400
runs=250
mean_ms=1.842
median_ms=1.596
stddev_ms=0.749
min_ms=1.078
max_ms=5.215
---raw---
4.125064999925598
4.5629290000306355
2.154656000129762
3.9328289999502886
1.5815780000139057
3.3761820000108855
3.607900000133668
2.676192000080846
2.799265000021478
3.7256830000842456
2.596918999870468
3.5720779999337537
4.269229999863455
5.2146739999443525
3.2776040000044304
2.3411209999721905
2.172616999814636
2.162098000098922
2.9746200000317913
3.3627120001256117
2.35573400004796
1.7041190001236828
2.8982349999751023
3.761503999839988
4.077103000099669
3.55465800021193
3.0375219998859393
2.2354080001605325
2.5374670001383492
4.2709899998953915
2.5116060000982543
2.4420039999313303
2.2352569999384286
2.991801000007399
3.017760999910024
2.0800740001050144
2.6059799999984534
2.4844150000262744
2.1212050000940508
2.0167109998965316
3.004121000003579
2.275718999953824
4.113265000114552
1.79674400010299
2.545446999874912
1.1959460000525723
1.2184170000182348
2.3104609999791137
1.301548999890656
2.4600339997959964
1.6779600000518258
2.5730180000209657
1.659896000091976
1.2392920000365848
1.459184999930585
1.2394779998885497
1.8209110000952933
1.5530809998836048
1.2476580000111426
1.6077790000963432
3.609848999985843
1.9157290000748617
1.2274870000510418
1.2546179998480511
2.590068000017709
1.5481770001315454
1.3003300000491436
1.391622000028292
1.30369199996494
1.6226770001139812
1.9289689998913673
1.679850000073202
1.0800830000334827
1.29509000021244
1.8120450001788413
1.2803289998828404
1.3208300001679163
1.673069999924337
1.9761159999234224
1.3636160001624376
1.3269909998143703
2.0199819998651947
1.5816479999557487
1.2389729999995325
1.1843499999031337
1.5829829999347567
2.329150999912599
1.2142119999225542
1.2247869999555405
1.4415890000236686
1.4859299999443465
1.1753159999443596
1.7227270000148565
1.702401999864378
1.239791999978479
1.2673979999817675
1.3920920000600745
1.6285990000142192
1.456575000020166
1.1103929998625972
2.0883629999843834
1.658720000023095
1.2200779999602673
1.1831359997813706
1.7726040000525245
1.8584469999041175
1.388641999938045
2.861517999917851
1.6455699999369244
1.257787999975335
1.3124189999871305
1.4975159999721654
2.0183469998755754
1.3141849999556143
1.3359709998894687
2.1157339999717806
1.9986110000900226
1.413543000126083
1.2552580001283786
1.8732070000169188
1.5503470001476671
1.261982999949396
2.2290520000751712
1.9627400001809292
1.2220769999657932
1.2823340000522876
1.648505000048317
2.015642000060325
1.423322999926313
1.3159600000562932
1.5907780000361527
1.841570999886244
1.2459719998787477
1.3496700000814599
1.3692810000520694
1.5335160001086479
2.0188419998703466
1.4842349999071303
1.7737440000473725
1.8645560001004924
1.426493000053597
1.4188730001478689
1.4241130002119462
1.596064000068509
1.1886559998401935
1.1760709999180108
1.925048999964929
1.510894999910306
1.6347949999726552
1.6167439998753252
1.98394099993493
1.3326910000159842
1.2474480001856136
2.1221340000465716
1.578277000135131
1.3989429999128333
1.1868159999721684
1.546686999972735
2.2192930000528577
1.2327330000516667
2.2223969999686233
2.2965299999668787
1.1763259999497677
1.2449070000002393
1.7235520001577243
1.6221489997860772
1.1589700000058656
1.2119820000862092
4.035922999946706
1.2074769999799173
1.252262999969389
1.961894999794822
1.7554940000081842
1.2636489998385514
1.243457999862585
1.9841099999666767
1.9491789998937747
1.4137390000996675
1.333814999952665
1.5518469999733497
1.893838000114556
1.256178000176078
1.428823999958695
1.4760039998691354
1.6136589999860007
1.9882599999618833
1.7104309999922407
1.7931149998275941
1.6691309999714576
2.0372920000681916
1.5065860000049724
1.5194210000117891
1.1672999999063904
1.0826730001554097
1.6382400001475617
1.3083490000553866
1.0785120000491588
1.7062519998489734
2.5382369999533694
1.1821959999451792
1.4786350000122184
1.5905479999673844
1.9354190001195093
1.2266769999769167
2.0313610000357585
1.5247169999383914
1.2470879999000317
1.4136720001260983
1.2296679999508342
1.7973100000290287
1.309064999986731
1.167574999954013
1.6955620001226634
1.8956170001729333
1.2945500000114407
1.1387150000246038
1.945213999988482
1.3549319999128784
1.3202439999986382
2.428742999882161
1.077903000123115
2.8605560000869446
1.2306579999403766
2.179295999894748
1.2032059999000921
1.1905960000149207
1.3094389998968836
2.855167000006986
2.228761999958806
1.5350809999290504
1.2464980000004289
1.596268000184864
1.7011620000175753
1.9521300000633346
1.4953849999983504
1.846597000167094
1.2150570000812877
1.368137000099523
1.4644489999682264
1.320939999914117
1.414642999861826
1.1885169999459322
1.156154999989667
2.2144479999042233
1.3412599998900987
1.4540239999405458
1.2295569999878353
2.5385069998264953
1.389911999922333
1.5059249999467283
