payload_size_bytes=102400
runs=250
mean_ms=1.420
median_ms=1.312
stddev_ms=0.379
min_ms=0.957
max_ms=3.185
---raw---
2.110323999886532
1.463105000084397
2.202022000119541
1.7882289998851775
1.398152000092523
1.4574500000890112
1.7112660000293545
1.2655190000714356
1.1025740000150108
1.206902999911108
1.6196189999391208
1.1768409999604046
1.104594000025827
1.378631000079622
1.437453999869831
1.126409000107742
1.038791999917521
1.338471000053687
1.1730500000339816
1.148624999814274
1.6406260001531336
1.4385979998223775
1.172584999949322
1.988111000173376
1.7972849998386664
1.1488260001897288
1.2382370000523224
2.738502999818593
1.1530750000474654
1.032242000064798
1.3502009999228903
1.3451209999857383
1.502515000083804
1.4939150000827794
1.081272999954308
1.4665849998891645
2.962580000030357
1.1374149999028305
1.1357890000454063
1.069588000063959
1.1646650000329828
1.180695999892123
1.1797059999025805
1.2254170001142484
1.3600259999293485
1.7942490001132683
1.8156149999413174
1.1291739999705896
1.1732959999335435
1.6505800001596072
1.2743490001412283
1.1356249999607826
1.1873259998083086
1.2035770000693446
1.1735450000287528
1.1640650000117603
1.2797990000308346
1.3628110000354354
1.1384269998870877
1.3232699998297903
1.514360999863129
1.4162780000788189
1.2367369999992661
1.0485319999133935
1.372728999967876
1.3771120000001247
1.08253300004435
2.392432999840821
1.5443269999195763
1.1469840001154807
0.9699189999992086
2.606589999913922
1.407217000178207
1.2668329998177796
1.164145000075223
1.1738949999653414
1.209865999953763
1.5581469999688125
1.4854809999178542
1.1287240001820464
1.2734440001622715
1.3825920000272163
1.2423579998994683
1.3703120000627678
1.1279000000286032
1.0919440001089242
2.359255000101257
1.3373510000747046
1.2785389999407926
3.18498699994052
1.5517369999997754
1.3298699998358643
1.2775790000887355
2.4083729999802017
1.8539459999828978
1.2152019999120967
1.1849460001940315
1.2055669999426755
1.6000330001588736
1.0612510000100883
1.217656999870087
1.3511909999124327
1.5746779999972205
1.3370049998684408
1.0988680000991735
1.0302110001703113
2.528766999830623
1.7967149999549292
1.1790470000505593
1.2056359998950938
1.2394880000101693
2.425574000199049
1.1174539999956323
1.2348969999038673
1.168654999901264
1.3169700000617013
1.1461659998985851
1.3691270000890654
1.5956180000102904
1.6210290000344685
1.4607079999677808
1.3399209999533923
1.451714000040738
1.6107690000808361
1.0863129998597287
1.1757810000290192
1.6333890000623796
1.5780629998971563
1.2327079998613044
1.1784559999341582
1.9667199999275908
0.9911699999065604
1.0852330001398514
1.2252070000613458
1.3300660000368225
1.199961000111216
1.5347159999237192
1.5626330000486632
1.1898660000042582
1.1704410001129872
1.2686479999501898
1.696237000032852
1.4627600000949315
1.1685960000704654
1.3029700000970479
1.9009179998192849
1.096743000061906
1.4055929998448846
1.172974999917642
1.3640310000937461
1.2150769998697797
1.3446410000597098
1.1916660000679258
1.3492210000549676
1.2615079999704903
1.3594409999768686
1.259089000086533
1.2220670000715472
1.9691249999596039
1.2631189999865455
1.0299010000380804
1.8323209999380197
1.827086000048439
1.1234140001761261
1.0020810000241909
1.1720949999016739
1.114794000159236
2.1814069998526975
1.368226000067807
1.0796679998748004
1.09206299998732
1.6292099999191123
1.3353100000585982
1.135164000061195
1.3026499998431973
1.2199020000025484
2.0229570000083186
1.6936120000536903
1.5192360001492489
1.136703999918609
1.5362169999662
2.001001000053293
2.066646999992372
1.1689760001445393
1.7343819999950938
1.1708949998592288
1.4040629998817167
1.7561739998654957
1.5272460000232968
1.2386870000682393
1.2781180000729364
2.2347399999489426
1.119771000048786
1.3508609999917098
1.129473999981201
1.57011699980103
1.4572300001418625
1.2699939998128684
1.1325049999868497
2.42399400008253
1.0923329998604459
1.1683950001497578
1.4174030000049243
1.4234729999316187
1.7065019999336073
2.1394450000116194
1.387882000017271
1.2156369998592709
1.1781259997860616
2.8314860001046327
1.7307819998677587
0.9569789999659406
1.2106570000014472
2.443974000016169
1.2898699999368546
1.1426050000409305
1.237076999814235
1.6091490001599595
1.4207330000317597
1.5718679999281449
1.1899460000677209
1.7930039998645952
1.319604999935109
1.3621260000036273
1.1998159998256597
2.3269109999546345
1.3244809999832796
1.270277999992686
1.3108300001931639
1.1003429999618675
1.7132319999291212
1.2031469998419198
1.1881160000939417
1.3323399998625973
1.646230000005744
1.1386139999558509
1.1010640000677085
1.0347410000122181
1.5652280001177132
1.3478509999913513
1.359550999950443
1.2086819999694853
1.4394079998965026
1.795228999981191
1.6404699999839067
1.0567720000835834
1.033581999990929
1.0900729998866154
1.3129699998444266
1.7380530000536965
