payload_size_bytes=102400
runs=250
mean_ms=1.638
median_ms=1.433
stddev_ms=0.677
min_ms=1.009
max_ms=4.830
---raw---
4.829886999914379
1.9073889998253435
2.179856000111613
1.8092960001467873
3.275079000104597
2.4764650001998234
1.696571000138647
3.216548000182229
1.5997590001006756
1.779679000037504
1.4151299999412004
1.2812560000838857
3.41355399996246
1.9562989998576086
2.612489000057394
2.7068720000897883
1.7999750000399217
4.538067999874329
1.771573999803877
4.660454999793728
3.231388000131119
4.1125909999664145
2.8893580001749797
1.6553010000279755
2.3972420001427963
2.787095000030604
2.208717000030447
2.9148280000299565
2.070014000082665
2.01059100004386
1.6815210001368541
2.4984689998746035
1.0350689999540919
1.474655000038183
1.5214959998957056
2.0702130000245234
2.0564530000228842
1.5212959999644227
2.7239230000759562
1.8610770000577759
1.9295879999390309
1.3287110000419489
1.3481209998644772
3.389450999975452
1.9686499999806983
4.0232220001144015
1.7797849998260062
2.0910340001591976
1.5209760001653194
1.9408389998716302
1.8285250000644737
1.5841780000300787
1.5438269999776821
1.9287079999230627
1.4225539998733439
3.0716929998106934
3.4130639999148116
3.4275030000117113
1.9450539998615568
1.8553939999037539
1.9987680000213004
1.746532999959527
1.7825639999955456
2.063421999991988
2.3078330000316782
1.3484589999279706
3.6047799999323615
1.0104499999670224
1.4246230000480864
1.214008000033573
1.6049389998897823
1.5454370000043127
1.4375240000390477
1.5538380000634788
1.413232999993852
1.166555000054359
1.0749620000751747
1.5685280000070634
1.3563259999500588
1.9996149999315094
1.1153340001328615
1.3933019999967655
1.1263940000389994
1.340131000006295
1.186956000083228
1.8479559998922923
1.193486000147459
1.455853999914325
1.0757529998954851
2.0947939999587106
1.4498739999453392
1.8803370001023723
1.137875000040367
1.5979780000634491
1.4732839999851421
1.1553550000371615
1.4584240000203863
1.4117629998509074
1.4103119999617775
1.1499049999201816
1.308730000118885
1.1047859998143394
1.0411119999389484
2.050041999837049
1.5102659999683965
1.0910630001035315
1.1151740000059363
1.1738159998913034
1.7904540000017732
1.222027000039816
1.6346600000360922
1.1359149998497742
3.294040000128007
1.887986999918212
1.1373150000508758
1.1263640001288877
1.524195999991207
1.2478339999688615
1.2435319999895
1.2559580000015558
1.2546140001177264
1.084128000002238
1.3025549999383657
1.234791999877416
1.3533709998228005
1.2290370000300754
1.4692949998789118
1.5427069999986998
1.143094999861205
1.0220799999842711
1.0966530001041974
2.277253999864115
1.502931000004537
1.0469569999713713
1.2357930002053763
1.258988999779831
1.2036959999477403
1.066257000047699
1.284533999978521
1.0092400000303314
1.2934390001646534
1.7760539999471803
1.5265270001236786
1.1253699999542732
1.0986989998400531
1.4937150001514965
1.3909019999118755
1.0899730000346608
1.127633999885802
2.4628450000818702
1.7244129999198776
1.7249930001526081
1.0412970000288624
1.5685230000599404
1.1297539999759465
1.0897029999341612
1.201087000026746
1.2621880000551755
1.021786999899632
1.137908999908177
1.2318869999035087
1.5791129999342957
1.0922929998287145
1.065742000037062
1.1330390000239277
1.1922660000891483
1.4203429998360662
1.2352369999462098
1.0584419999304373
1.0963229999561008
1.3229109999883804
1.3181000001623033
1.671920000035243
1.1789259999659407
1.5577470001062466
1.1535349999576283
2.023682000071858
1.6281489999983023
1.0125010001047485
1.2107469999591558
1.1649949999537057
1.3066200001503603
1.4448740000716498
1.9055179998304084
1.0554519999459444
1.2275970000246161
1.2982200000806188
1.6475200000058976
1.070271999878969
1.1661549999644194
2.1064140000817133
1.0741329999746085
1.2063369999850693
1.772134000020742
1.1947049999889714
1.1066340000525088
1.5013950001048215
1.491999999871041
1.1180889998740895
1.0464559998126788
1.2881930001640285
2.2538590001204284
1.278658000046562
1.4297840000381257
1.17744599992875
1.5307769999708398
1.8547310000940342
1.1709299999438372
1.3866019999113632
2.163566000035644
1.1617750001278182
1.1436940001203766
1.2372480000522046
1.6467310001644364
2.0040540000536566
1.2966489998689212
1.1226950000491343
1.0923529998763115
1.789995000081035
1.6911809998418903
1.4306770001439872
1.9694919999437843
2.644409999902564
1.6286539998873195
1.0431510002035793
1.4235059998100041
1.495405000014216
1.59374800000478
1.2380269999994198
1.0253709999687999
1.435392999837859
1.1873960002048989
2.0160209999176004
1.1224539998693217
1.093472999855294
2.652791000173238
1.1675860000650573
1.2698479999926349
1.1481209999146813
1.619228999970801
1.6725650000353198
1.1377040000297711
1.2563700001919642
1.2842460000683786
2.029662000040844
2.153855999949883
1.143917000035799
1.5769750000345084
1.1229540000385896
1.2114680000649969
