Messages/sec=5.75
duration_sec=60.028
payload_size_bytes=15728640
total_messages=345
payload_throughput_MiB_sec=86.21
mean_rtt_ms=136.002
median_rtt_ms=131.547
stddev_ms=16.147
min_ms=122.839
max_ms=282.029
---raw_latencies_ms---
160.28585999993084
129.31704399943555
132.39720999990823
135.80135899974266
135.3882439998415
138.1186839998918
127.45175499912875
134.83667400032573
139.17811500050448
133.61032299962972
125.49144300010084
126.71063500056334
131.7037849994449
138.49584699983097
131.27342000007047
138.09889599997405
134.15487699967343
127.64658099968074
157.28612200018688
129.4274799993218
170.48662699926354
130.12941800025146
161.8380480003907
136.81134099988412
133.9963889995488
165.44437100037612
130.50930600002175
132.17343499945855
127.36078200032352
155.9679319998395
134.2856800001755
128.85742799971922
142.72720500048308
134.87801799965382
155.73274999951536
128.96306099992216
125.61568599994644
131.55821100008325
130.0617120004972
175.4508119993261
139.6122229998582
154.25470199988922
130.9098889996676
156.38100399974064
133.03096200070286
129.03141400056484
123.82686399996601
130.69032000021252
133.9480469996488
128.904450999471
134.80298400008905
129.1605440001149
127.19873799960624
122.83912800012331
133.43496699962998
140.31590499962476
133.7634919991615
128.65085799967346
135.14562099953764
127.79979100014316
123.9738389995182
131.07777000004717
131.17981499999587
135.27593300023
126.4198930002749
128.12455299990688
139.64140600000974
133.23748300081206
139.88367799993284
133.2584420006242
134.8763570003939
131.10146399958467
125.50774499959516
128.7144919997445
133.08863300062512
138.84834100008447
129.03398900016327
138.25081400045747
131.54667700018763
133.18012499985343
129.2884550002782
130.14707199999975
131.07882399981463
140.35777499975666
135.31346200034022
127.79854499967769
132.1932860000743
123.01873599972168
125.18047399953502
128.45109199952276
133.27365599980112
123.21471300037956
125.74644100004662
126.79501599996001
130.2308959993752
131.03854799919645
128.68158299988863
127.1507980000024
131.9417179993252
127.14859599964257
132.49913599975116
129.55796799997188
129.60167999972327
133.1214080000791
127.67058699955669
129.0133060001608
128.77077400025883
129.02163300077518
138.4600249994037
129.5158779994381
131.26847700004873
127.18573700021807
125.44498200077214
132.43803899968043
128.16695399942546
127.51208000008774
132.84164299966505
133.35602899951482
141.28166399950715
134.09878599941294
137.01542299986613
130.2434480003285
142.04925300055038
127.67871800042485
134.91810699997586
129.10227400061558
138.30078299997695
282.0285170000716
250.38370000038412
123.24746399917785
130.86274800025421
132.63529899995774
178.98934700042446
160.83443600018654
137.5133100000312
138.7970480000149
140.35944100032793
133.79351300045528
126.46477300040715
131.31929000064702
130.93316800041066
129.3109079997521
130.97943699995085
138.4994789996199
132.94842000050267
138.10382500014384
129.25273699966056
133.04582499949902
137.25189000069804
159.11198200046783
127.94455899984314
132.08915399991383
133.72995300051116
128.49535400073364
133.6107590004758
126.44746099977056
129.31780899998557
139.50865300012083
129.26223700014816
127.58771700009675
130.68862299951434
129.14395400002832
131.12851299956674
137.74593800008006
129.13160100015375
132.24597800035554
131.9649200004278
129.4061779999538
125.25936200017895
133.23558699994464
127.5898200001393
128.75060999976995
130.72156799989898
128.769738000301
131.56656699993619
128.90397399951325
127.45032299972081
127.09249499948783
219.0128000002005
151.00359600000957
137.02518599984614
129.33408200024132
128.98017200041068
142.1794999996564
173.3376619995397
174.55735800012917
176.38475300009304
170.83231799915666
171.66790000010224
171.2168610001754
181.29193400000077
174.25546600043162
169.5844859996214
169.7808039998563
181.32979900019564
172.763954000402
166.21999299968593
168.1083409994244
160.04098600024008
178.53230699984124
166.75885099994048
129.19631500062678
142.79854699998396
132.56011599969497
127.76649799980078
131.56071599951247
137.6169100003608
133.5155439992377
127.12817000010546
130.2435340003285
126.81919199985714
138.0692309994629
128.67650099997263
128.2864940003492
129.54328500018164
134.9608790005732
127.31984699985333
129.76763200003916
126.14014900009352
132.87049100017612
139.91384299970377
133.8580749998073
127.33064100029878
129.55963500007783
128.51127599969914
142.46236000053614
134.50979499975801
126.84821499988175
133.7402409999413
129.2483440001888
126.43150199983211
127.67684899972664
135.6373500002519
134.70300000062707
135.639373000231
129.0414180002699
131.2511549995179
151.00660499956575
134.0447580005275
129.4930510002814
132.1559440002602
127.41895999988628
136.5465540002333
130.89419600055407
126.77953000002162
130.07828799982235
132.80039399978705
134.167568000521
132.17291299952194
126.58335500054818
131.00956000016595
133.56612000006862
127.73767199996655
133.98953399973834
139.40376299979107
132.4362330005897
136.22320800004672
130.282537000312
128.14282100043783
129.63334600044618
125.01591700038261
124.78048099910666
137.53471600011835
127.49675200029742
131.6786069992304
124.77924399991025
126.17155400039337
127.90780700015603
137.78658599949267
129.08002200038027
136.78441299998667
127.04601400037063
131.3011499996719
126.46332300028007
129.66127000072447
138.23255999977846
133.48060499993153
126.69820599967352
132.17460400028358
125.16126900027302
127.21085499924811
130.58748499952344
128.2191749996855
128.16773099984857
131.19574800020928
137.99498000025778
133.097042999907
130.42077899990545
131.44795500011242
129.37140299982275
138.41552400026558
138.12286899974424
133.7520350007253
136.71737399999984
132.03650000014022
126.04822999946919
130.39395499981765
128.84714400024677
129.5044489997963
126.95391000033851
126.92162599978474
131.83669600039138
129.95352600046317
129.285336999601
129.9625069996182
130.29507200008084
140.8781979998821
131.74904100014828
137.45278699934715
128.18492100086587
135.76600599935773
130.30525899921486
125.70969900025375
136.99646999975812
126.54862700037484
194.04691500039917
127.03539999984059
132.07644300018728
125.5512980005733
123.18445599976258
133.09938600013993
132.43778200012457
124.84641399987595
129.36846999946283
127.76280499929271
133.5099829993851
139.6794989996124
138.2695739994233
133.53632599955745
130.2026069997737
133.8046969995048
136.66993999959232
138.3817480000289
126.49252900064312
136.21700899966527
130.729595000048
134.50728400039225
130.14862799991533
127.17404599970905
132.6071650000813
139.62962000005064
131.01237200044125
136.57449199945404
130.88507300017227
126.54253100026835
