payload_size_bytes=102400
runs=250
mean_ms=1.616
median_ms=1.313
stddev_ms=0.756
min_ms=0.946
max_ms=5.662
---raw---
2.213202999882924
2.273078999678546
2.1302499999364954
4.981907000001229
1.8556059999355057
1.796715000182303
1.6074289997050073
1.6939909996835922
2.225858000201697
2.063053000256332
2.125457000147435
5.661929999860149
5.459126000005199
2.8223860003890877
1.2222079999446578
1.1647350002021994
1.1656949995995092
1.0713719998420856
1.098434000141424
1.0783929997160158
1.0068609999507316
1.5657680000913388
1.075892999779171
1.0200309998253942
1.0315210001863306
1.1299640000288491
0.9777000000212865
1.0470020001775993
4.256878999967739
1.9439090001469594
2.2406279999813705
1.994970000396279
5.5386589997397095
1.1932460001844447
1.0195110003223817
1.0226809999949182
1.111463000142976
1.0166609999942011
1.0784029996102618
2.2465379997811397
1.1543259997779387
1.1271739999756392
4.564559999835183
2.1491950001291116
2.101703999869642
2.191377000144712
2.0444020001377794
2.048506999926758
1.9548440000107803
1.1033239998141653
1.0373230002187483
1.1180629999216762
1.6700930000297376
1.487515999997413
1.801294999950187
1.4177029997881618
1.0367310001129226
1.0449709998283652
2.822963000198797
1.159544999609352
1.3551110000662447
1.0857629999918572
2.3379109998131753
1.1378350000086357
1.0667230003491568
2.5999879999289988
1.5031959997031663
2.2351970001182053
1.2816419998671336
1.028978999784158
1.0387909997007228
1.0703719999582972
1.120115000048827
2.2203429998626234
2.190391000112868
2.842417000010755
2.097962999869196
2.303629999914847
3.0913000000509783
2.4759400002949405
2.0410229999470175
2.055471999938163
2.860397000404191
2.02571199997692
2.0260119999875315
2.0433120002962823
2.1049229999334784
3.0577530001210107
2.5537880001138547
2.1434999998746207
2.5209020000147575
2.1745259996350796
1.8934980002995871
1.8484949996491196
1.7641379999986384
2.250733999971999
1.8525059999774385
1.9810549997600901
2.2200630000952515
1.6961420001280203
2.383468000061839
2.57825300013792
1.9134290000693
1.9513390002430242
1.8054850002044986
2.000485000280605
1.8519260001994553
1.9727799999600393
2.0646030002353655
1.972489999843674
1.9236830003137584
2.1060639996903774
1.6811909999887575
2.2899949999555247
1.1419799998293456
1.546357999814063
1.4483439999821712
2.175905999592942
2.097176000006584
1.7383259996677225
1.7478039999332395
2.513276000172482
2.59635399970648
1.0339309997107193
1.4035330000297108
1.7236920002687839
1.724892000311229
1.4985859997977968
1.0236819998681312
1.5494280000893923
1.5577770000163582
1.2782290000359353
2.3330100002567633
1.30839300027219
1.2506379998740158
1.7441929999222339
1.1290349998489546
2.530856999783282
2.3915480001051037
2.2115080000730813
1.2786290003532486
1.6360100003112166
1.1211730002287368
1.0120809997715696
1.1768179997488915
1.3173180000194407
1.8885570002566965
1.597028000105638
1.2115770000491466
1.0552019998613105
1.0553729998719064
1.3063799997325987
1.0240510000585346
1.0302910000064003
1.050201999987621
1.2182070004200796
1.0557219998190703
1.217428000018117
1.0923729996648035
1.2965300002178992
1.5703879998909542
1.0618320002322434
1.0464509996381821
1.0000500001297041
1.435556999695109
1.0844610001186084
1.089084000341245
1.2967200000275625
1.072991999990336
1.0872829998334055
1.0121499999513617
1.0762529996100056
0.9970500000235916
1.0143009999410424
1.8586460000733496
1.5812680003364221
1.1116240002593258
2.246098999876267
1.3676019998456468
1.1659079996206856
1.185523000003741
0.9460289998060034
1.0009099996750592
1.0535619999245682
1.4025119999132585
1.022292000016023
2.806643999974767
1.282169000205613
1.5590379998684512
0.9745100001055107
1.0658520000106364
2.0354819998829043
1.3956029997643782
1.1437049997766735
1.030250999974669
1.1051430001316476
1.0487320000720501
1.5619969999534078
1.3234800003374403
1.2583980001181772
1.0429209996800637
1.2476380002226506
1.0355119998166629
1.1439350000728155
1.222847000008187
1.1056940002163174
1.2029969998366141
0.9958299997379072
1.0902629996962787
1.1004829998455534
0.9608589998606476
1.043821999701322
2.177036000375665
1.0852630002773367
1.9386879998819495
1.1740059999283403
1.023455999984435
1.1928209996767691
1.0824830001183727
1.0495530000298459
1.1105439998573274
1.1052429999836022
1.0278209997522936
1.3751409996984876
2.4153029999069986
1.2117559999751393
1.0415709998596867
1.055382000231475
1.2271579998923698
1.360681999813096
1.0354420001021936
1.3299799998094386
1.299530999858689
1.1655560001599952
1.3547010003094329
1.154413000222121
1.1251840001023083
1.0841029998118756
1.1362149998603854
1.0459720001563255
0.9998109999287408
1.1597880002227612
1.462641999751213
1.0348729997531336
1.1181619997842063
1.503927999692678
2.000698999836459
1.1487050001051102
1.2241169997651014
1.0234999999738648
