payload_size_bytes=102400
runs=250
mean_ms=1.874
median_ms=1.987
stddev_ms=0.519
min_ms=0.990
max_ms=3.665
---raw---
3.1409059997713484
2.164914999866596
1.7118319997280196
1.867137000317598
1.5555489999314887
2.1102219998283545
1.2291069997445447
1.680571000179043
1.294628999858105
1.4305830000012065
1.939328999924328
1.4892250001139473
1.6332590003003133
1.3258099997983663
1.1455239996394084
2.364181999837456
1.5455669999937527
1.3792320000902691
1.1452850003479398
0.9901809999064426
1.207898999837198
1.9826980001198535
2.589472999716236
2.3853830002735776
2.1433199999592034
1.7461630000070727
2.045021999947494
1.914838000175223
2.6734560001386853
1.638090000142256
1.8191610001849767
1.7970099997910438
1.8812780003827356
1.791174999652867
2.0957540000381414
1.737131999561825
1.1336940001456242
1.1373249999451218
1.9528100001480198
1.8266060001224105
1.618949000203429
2.024731999881624
2.5112409998655494
1.6397899998992216
2.015670999753638
2.212461999988591
2.334091000193439
2.1036739999544807
1.9852149998769164
2.2380839996003488
2.060662000076263
2.027247000114585
1.627683999686269
1.021330999719794
1.7777839998416312
1.983849999760423
1.8494569999347732
1.8876220001402544
1.75628399983907
1.7098119997172034
1.7298430002483656
1.7406279998795071
2.5715130000207864
1.9155139998474624
2.09680300031323
2.2840099995846685
2.0786430000043765
1.98252100017271
2.016021000144974
1.9893809999302903
2.1466059997692355
1.4538630002789432
1.1711359998116677
1.676901999871916
2.31921099975807
2.100524000070436
2.0172219997220964
2.197748000071442
1.9453889999567764
2.131669999926089
1.788578999821766
1.1548850002327526
1.1238540000704234
1.193176000015228
1.1389139999664621
1.4062039999771514
2.174266000110947
2.0096220000596077
2.387862999967183
2.543257000070298
2.2850339996693947
2.117368999734026
2.4980160001177865
2.1480950003933685
2.04506299996865
1.987969999845518
3.0336270001498633
2.307384999767237
2.780713999982254
2.0872340001005796
2.229211999747349
2.1271700002216676
2.743444000316231
2.0149010001659917
2.1313540000846842
2.5773389997993945
2.635654999721737
2.213822000157961
2.6647619997675065
2.198400999986916
2.194587000303727
2.341651999813621
2.0982040000490088
2.169385000343027
2.52564699985669
1.9448940001893789
2.0578269995894516
2.800924999974086
2.4306440000145813
2.0229910001035023
1.9599400002334733
2.5875479996102513
1.16763500000161
1.0718130001805548
1.156457999968552
0.9960580000552
1.8710160002228804
1.0825530002875894
1.245597999968595
1.0235919999104226
1.2802139999621431
2.4250179999398824
2.625220000027184
2.3736169996482204
2.0234459998391685
2.150926000012987
2.3683520003032754
2.33827600004588
2.079096999750618
2.3099960003492015
2.107294000325055
2.1888609999223263
2.077502999782155
2.459365000049729
2.1252950000416604
2.0613030001186416
2.3312909997912357
2.3736020002615987
2.2879500002090936
2.244148000045243
2.1679360002053727
2.0905739997942874
1.922727999954077
1.557378000143217
1.3176799998291244
1.496576000135974
1.0986829997818859
1.2543190000542381
1.6167989997484256
1.40862600028413
1.068972000211943
1.010251000025164
1.1620259997471294
1.0500020002837118
1.0910129999501805
1.4085430002523935
1.1997369997516216
1.1248440000599658
1.0588220002318849
1.0643919999893114
0.9994209999604209
1.0836629999175784
1.024550999773055
1.1181340000803175
1.30410000019765
1.406981999934942
1.0965930000566004
1.0166609999942011
1.0759820002022025
1.1344650001774426
1.7916039996634936
1.286198999878252
1.2337670000306389
1.2323109999670123
1.1896639998667524
1.0294710000380292
1.1057839997192787
1.1145630001010431
2.425814000162063
1.2450869999156566
1.0459919999448175
1.6197999998439627
1.3477200000124867
1.1245040000176232
1.054461999956402
1.0738649998529581
1.109512999846629
1.3175510002838564
2.9447639999489184
2.4481850000483973
2.161201000035362
2.559683000072255
2.2982799996498215
2.1023039998908644
3.0658619998575887
2.0860439999523805
2.3212900000544323
2.127903999735281
2.0049910003763216
1.7995450002672442
1.875491000191687
2.0076860000699526
1.6862920001585735
2.1324640001694206
1.8020399998022185
1.871847000074922
1.8895809998866753
2.275139999710518
1.8637570001374115
2.076329000374244
1.9576350000534148
1.914867999857961
1.7495490001238068
2.0132419999754347
1.9485490001898143
2.1502660001715412
2.2064270001465047
2.162526000120124
1.895977000003768
2.023011999881419
2.1675110001524445
2.081687999634596
2.1335749997888342
2.211076999628858
2.110879000156274
2.932318999683048
1.558438000301976
1.3452559996949276
2.1377739999479672
3.664786000172171
2.692338000088057
2.028956000231119
2.1912170000177866
2.304150000327354
2.5355769998895994
2.1758849998150254
2.0107760001337738
2.7633390000119107
2.3713319997114013
2.533916999709618
