payload_size_bytes=102400
runs=250
mean_ms=1.754
median_ms=1.277
stddev_ms=1.121
min_ms=0.942
max_ms=7.622
---raw---
1.7838339999798336
1.7944249998436135
1.8538760000410548
1.9150879998051096
1.8509060000724276
2.0482429999901797
1.711851999971259
2.4825079999573063
4.510296999796992
1.5720769997642492
1.9305670002722763
2.025851000325929
2.096642999731557
3.6017900001752423
2.2149270002955745
2.8611369998543523
5.714143999739463
1.0962129999825265
1.0169199999836565
4.610450000200217
2.2668390001854277
2.051741999821388
3.126865000012913
1.7706929997984844
2.8629770004044985
2.358872000058909
3.3498210000288964
1.1049439999624155
1.0424709998915205
4.284229999939271
2.653101000305469
3.607608999573131
4.584511000302882
1.1809850002464373
0.9488289997534594
0.9908299998642178
1.0140509998564085
6.544199000018125
1.0727330000008806
0.9946700001819408
1.0530209997341444
7.622372000241739
1.0211210001216386
1.0384309998698882
6.87671900004716
1.174194999748579
0.9908699998959491
1.086024000414909
7.207220000054804
1.1265839998486626
1.0620519997246447
1.069713000106276
6.709214000238717
1.1259140001129708
1.0269909998896765
0.9867700000540935
4.30626100023801
1.0432820004098176
1.0266109998156026
0.9828000002016779
1.1803559996224067
5.224508999617683
1.2165170001026127
1.0628029999679711
1.4396440001291921
4.641041000013502
1.2747589998980402
1.096952999887435
1.089375999981712
1.1792229997809045
4.531177999979263
1.1467949998404947
1.0365119997004513
1.1841860000458837
1.189296000120521
1.326312999935908
1.7891839997901116
2.2463880000032077
1.8145250000998203
1.6964630003712955
3.3797720002439746
1.7722960001265164
2.1695840000575117
1.8300449996786483
1.6651210003146844
2.3838229999455507
2.0366720000311034
2.2192300002643606
2.1731950000685174
2.5023309999596677
2.0964310001545527
2.767033000054653
3.2916099999056314
2.2358290002557624
1.9310930001665838
2.594743999907223
2.186690999678831
2.2614859999521286
2.430131000437541
2.8606699997908436
1.7142289998446358
2.234007999959431
1.9568399998206587
1.9577390003178152
1.8030450000878773
2.3738310001135687
2.0893740002065897
1.8078650000461494
1.9504580000102578
1.8354009998802212
2.1779540002171416
2.6956390001942054
2.2356090003086138
1.1483250000310363
1.7185920000883925
1.5492470001845504
1.8470059999344812
1.806485000088287
0.9898400003294228
1.118842999858316
1.281002000268927
1.2795859997822845
1.14695499996742
1.3080899998385576
1.988089999940712
1.1006640002051427
0.9864509997896675
1.1082430000897148
1.1546780001481238
1.190232999761065
1.4958349997868936
1.0886559998652956
1.005570999950578
1.14465399974506
1.0333720001654
1.2133270001868368
1.1937160002162273
0.9888999998111103
1.0195719996772823
1.0149909999199735
1.985819999845262
1.075313000001188
2.1645360002366942
1.18529600013062
1.0311820001334127
1.0576320000836859
1.0676219999368186
1.0823530001289328
1.4664839995930379
1.386181999805558
1.091482999981963
1.009250000151951
1.1713260000760783
0.9666089999882388
1.0674619998098933
0.9968809999918449
1.4496250000775035
1.8719859999691835
1.1142640000798565
1.0257710000587394
1.0268810001434758
1.0063110003102338
2.1438949997900636
1.2156969996794942
1.1761949999709032
1.2930000002597808
1.045531999807281
1.0970939997605456
1.1658449998321885
1.8881370001508913
1.8219049998151604
1.067984999735927
0.9516559998701268
1.1319549998916045
1.0727819999374333
1.0603619998619251
1.2270669999452366
1.689581999926304
0.9422889997949824
1.1591850002332649
1.0519329998714966
1.143424000019877
1.0754230002021359
1.100543000120524
1.0139009996237291
1.5049650000946713
1.6694209998604492
1.0873129999708908
1.1271840003246325
0.9804090000216092
1.0019710002779902
1.078513000265957
1.0555520002526464
1.6093489998638688
1.3328800000635965
1.113394000185508
1.046611999754532
1.2296580002839619
1.182369000161998
1.164222999705089
1.1010439998244692
1.1928550002267002
1.096346999929665
1.0894300003201352
1.0100599997713289
1.023441000143066
1.46810500018546
1.2466180000956228
0.9986599998228485
1.415563000136899
1.7154040001514659
1.1784739999711746
1.4694650003548304
1.5070959998411126
1.1629850000645092
1.1234969997531152
1.7042889999174804
3.3099329998549365
2.4107149997689703
2.2047019997444295
2.167566000025545
2.386248000220803
2.0635830001083377
2.237223000065569
2.555808000124671
2.175206000174512
1.450572999601718
1.9643989999167388
1.9204679997528729
2.2158870001476316
1.0294310000062978
1.0820529996635742
0.9564500001033593
0.991579000128695
1.0810429998855398
1.1798859995906241
2.00648000009096
1.0293310001543432
1.421983000000182
1.2059460000273248
1.159635000021808
1.5040650000628375
1.073561999874073
1.3201700003264705
1.0311719997844193
1.2224370002513751
1.053301000411011
1.0546520002208126
1.1208640003133041
1.550456999666494
