Payload size bytes: 10240
Runs: 200
Mean: 5.193 ms
Median: 5.114 ms
StandardDeviation: 0.463 ms
Min: 4.400 ms
Max: 7.996 ms
--- raw latencies ms ---
6.4829469997675915
6.208699000126217
5.450459999792656
6.740424000327039
4.923139000311494
5.180956999993214
5.365834999793151
4.993894000108412
5.162975000075676
5.086853999728191
5.191248999835807
6.057955999949627
5.077794000044378
5.154781999863189
5.052344999967318
6.457047999901988
5.191197999920405
5.057456999566057
6.142547999843373
4.8488899997209955
5.408107000221207
6.261251000069024
5.322104000242689
5.2273109999987355
4.866437999680784
6.003522999890265
5.787914999928034
4.796218000137742
5.120925000028365
5.027055000027758
5.1310779999766964
4.474547999961942
4.99589199989714
4.7350549998554925
4.7842949998084805
5.017952000343939
5.149035999693297
5.1153729996258335
4.917669000406022
5.112824999741861
4.712893000032636
4.830837000099564
5.257327999970585
5.036385000039445
4.682282999965537
4.829726000025403
5.164556999716297
4.788464999819553
5.269450000014331
5.132854999828851
4.878458999883151
7.996315000127652
5.0348940003459575
5.541569999877538
6.151155999759794
4.981671999757964
5.015191999973467
5.344621999938681
4.878789000031247
5.579419999776292
5.360572999961732
5.1685369999177055
4.950168999585003
4.705601000296156
5.215130000124191
5.216456000198377
6.149237000045105
4.974531000243587
4.860508000092523
5.1341809999030374
4.817796999759594
4.895468999620789
7.763984000121127
5.261649000203761
5.161055000371562
5.226431000210141
5.358342999898014
5.863467999915883
4.941197999869473
4.855498000324587
5.285367999931623
4.862148000029265
5.238838999957807
5.02137200010111
5.400948999977118
5.128215999775421
4.863208000188024
4.899878999822249
6.01241200001823
5.089883999971789
4.900218999864592
5.303491000177019
4.996192000362498
5.10533500028032
4.558729000109452
4.793660000359523
4.937331000292033
4.919940000036149
5.025673000091047
4.959770999903412
5.019712999910553
5.296591000387707
5.380761000196799
5.910418999974354
5.28822099977333
4.99232199990729
4.865787999733584
4.399733999889577
5.130660999839165
5.935958999998547
5.305380999743647
5.143576000136818
4.952050000156305
4.710492999947746
5.2718000001732435
5.101249999825086
5.136133999712911
4.876867999882961
5.302190999827872
5.351632999918365
5.374483000196051
5.208979000144609
5.026842999996006
4.793596000126854
4.885588999968604
5.300089999764168
4.983002000244596
4.811018000054901
4.9930390000554326
5.277521000152774
5.0345700001344085
4.8049860001810885
5.394232999606174
4.929308999635396
5.155137000201648
5.398903999775939
5.223887000283867
4.996779000066454
5.211449999933393
4.960710999966977
5.029412000112643
5.047273999934987
5.060723000042344
5.3188910001154
4.689133999818296
5.058864000147878
5.423464999694261
5.2033880001545185
4.961430000093969
5.336343000180932
5.026712000017142
4.92063000001508
4.671791999953712
5.214797999997245
5.341911999948934
4.9744709999686165
5.326463000074
5.022212999847397
5.1495259999683185
4.9788100000114355
4.954440000346949
4.961380000167992
4.875398999956815
5.026971000006597
5.609298999843304
5.2797590001318895
5.400963999818487
5.23910900028568
5.145825999989029
5.190187000152946
4.815917000087211
5.227469000146812
5.486845999712386
6.397333999757393
5.3961140001774766
5.427854000117804
5.774559999736084
5.383472999710648
5.424355000286596
5.402772999786976
4.990673000065726
5.0017319999824394
4.496785999890562
4.610651999882975
4.785574999914388
5.292929999995977
4.795118999936676
5.355272000088007
5.042823000167118
4.857336999975814
5.278009999983624
5.017411999688193
4.847867000080441
5.175947999759956
5.0389830003041425
5.336712000371335
5.241009000201302
4.975489000116795
5.057173999830411
4.661782999846764
