Payload size bytes: 10240
Runs: 200
Mean: 5.965 ms
Median: 5.776 ms
StandardDeviation: 1.121 ms
Min: 4.304 ms
Max: 14.181 ms
--- raw latencies ms ---
5.005171999982849
6.403203999980178
5.982903999665723
5.547208999814757
5.765334999978222
6.211173999872699
5.626075999771274
5.221364000135509
5.307191000156308
5.752874999870983
5.2017190000697155
8.392619000005652
5.709073999696557
6.67489800025578
7.062459000280796
6.468421000136004
6.351052999889362
5.443281000225397
5.191156999899249
6.218978999640967
6.146256999727484
7.493787999919732
5.432394999843382
5.328754999936791
5.125077999764471
5.592089999936434
6.369462999828102
5.225558999882196
5.935759999829315
14.180530999965413
8.473797000078775
7.807357999809028
7.464306000201759
5.872323000403412
6.331554000098549
5.80073099990841
5.398153999976785
5.404493999776605
5.400808999638684
5.656871000155661
5.229515999872092
5.070413000339613
5.365436999909434
6.445095999879413
5.0403529999130114
5.227658999956475
5.14939200002118
5.310331000146107
5.0965049999831535
5.195893999825785
5.406286000379623
11.103782999725809
5.384362999848236
5.310789999839471
6.370113000230049
5.179059000056441
5.224286000157008
9.553777999826707
5.409197000062704
5.540028999803326
5.944710999756353
5.484647999765002
5.741973999647598
10.877270000037242
6.086865000270336
6.717072000355984
5.820579000101134
7.032403999801318
4.953060999923764
4.934489999868674
4.760574000101769
4.77834499997698
7.620481000230939
4.30403300015314
4.922062000332517
4.983711000022595
4.586292000112735
4.857176999848889
4.333361000135483
5.014921999645594
4.9934930002564215
4.713632999937545
5.125455999859696
5.300701000123809
4.482585000005201
4.8600780000924715
5.565219999880355
5.598969999937253
5.7548449999558215
5.7864239997797995
5.692411000381981
5.2588090002245735
5.29075099984766
6.369058000018413
5.412250000063068
5.638211999666964
5.85743800002092
5.433934999928169
5.532696000045689
6.230089999917254
6.751521000296634
5.6742020001365745
5.813391000174306
5.609695000202919
4.828836000342562
5.0006209999082785
4.965791999893554
7.754405000014231
5.065364000074624
5.580210000061925
5.3489120000449475
7.059274999846821
5.868303000170272
5.351931999939552
6.404353000107221
6.266744999720686
5.862663000243629
5.572778999976435
6.810517999838339
8.352863999789406
6.059624000045005
7.298259999970469
6.141177000245079
6.681522999770095
5.989313000100083
5.797769999844604
6.08014399995227
6.893987999774254
6.593009999960486
6.168677000005118
5.830156999763858
6.939670999599912
5.3823130001546815
6.818771999860473
5.709262999971543
6.357105000006413
6.341171999793005
5.245808999916335
6.061075000161509
6.482766999852174
7.444256000326277
6.345953000163718
5.841217000124743
5.981004000204848
5.0923059998240205
6.111697000051208
5.3668330001528375
6.036934000348992
6.279105999965395
5.735253999773704
5.2520750000439875
6.278869999732706
6.234290000065812
6.74021700024241
6.216823000158911
6.54948900000818
6.149466000351822
6.421755999781453
5.036513000050036
5.945421000433271
5.85991300022215
6.439051000143081
6.255499999952008
6.718685000123514
6.147977000182436
5.565563999880396
5.069853999884799
5.075233000297885
6.197507999786467
6.048414999895613
6.708714000069449
8.109915999739314
6.29780099961863
6.012623000060557
6.772294000256807
6.062894000024244
6.362875999911921
6.848277000244707
5.348252000203502
6.099924999944051
5.699783000181924
6.144776999917667
7.26505000011457
5.338142000255175
6.211178999819822
6.070393999834778
5.156566000096063
5.127524000272388
5.1922370003012475
5.1176580000174
4.954389999966224
5.126148000272224
5.083307999939279
5.565438999838079
5.557175999911124
5.835578000187525
6.7159629998059245
5.754477999744267
5.9461719997671025
5.0213750000693835
