Payload size bytes: 10240
Runs: 200
Mean: 5.328 ms
Median: 5.147 ms
StandardDeviation: 0.641 ms
Min: 4.342 ms
Max: 8.483 ms
--- raw latencies ms ---
4.680955999901926
5.132205999871076
5.121992000113096
5.165817000033712
4.7351339999295305
6.197629000325833
5.220989000008558
4.4782459999623825
4.962896000051842
5.03713299985975
5.052123999575997
4.848515000048792
5.704591000267101
5.091963999802829
4.740293999930145
5.004461999760679
6.180977999974857
4.953619999923831
4.855037999732303
4.68990199988184
4.796124999757012
5.15717999996923
5.13024099973336
5.858077999619127
4.8706080001466034
4.820545999791648
5.041525000251568
4.929369999899791
4.710104999958276
4.476055999930395
4.381992999697104
5.241378999926383
4.702272000031371
5.115713000122923
4.947795999669324
4.863647999627574
4.34217100018941
4.774650000399561
5.05679300022166
4.39069499998368
4.710998000064137
4.6248399999058165
4.726754000330402
4.711903000043094
4.663992000132566
4.954411000198888
5.74739400008184
4.98556100001224
4.924951999782934
4.88363800013758
4.949239999859856
7.809596999777568
4.9079680002250825
5.024327999763045
4.767554999943968
4.557018000014068
4.667770999731147
4.795804999957909
5.086115000267455
4.659309000089706
5.034183000134362
5.223433000082878
4.867147999902954
4.880109000168886
4.621890000180429
5.255169000065507
6.015542000113783
5.610265000086656
5.161271999895689
6.2642949997098185
5.025012000260176
5.475936000038928
8.482556999751978
5.4554349999307306
4.9331700001857826
5.244249000043055
4.977206000148726
4.938349999974889
5.185819999951491
4.912979999971867
5.2300910001576995
5.3488920002564555
6.449362000239489
5.665999000029842
6.722075000197947
5.750783999701525
7.514597999943362
6.051513999864255
5.494606999945972
5.514587000106985
6.233541000256082
6.044293999821093
6.421115000193822
4.736526000215235
4.775394999796845
6.02754300007291
5.2394099998309684
5.271945999993477
5.205597999974998
5.512837000424042
5.182666999644425
5.303882000134763
5.430954999610549
5.188263000036386
5.231517999618518
6.208218000210763
5.578121999860741
5.306821999965905
5.865864999577752
6.411035000382981
4.831636000290018
5.547763999857125
6.123466000190092
5.163636999895971
5.127386000367551
5.092125000373926
5.379592999815941
4.948550000335672
6.26717999966786
5.744334000155504
5.328983999788761
6.121156000062911
5.817851999836421
6.479942000169103
6.0149129999444995
5.569768999976077
6.820296999649145
6.254030000036437
4.944369999975606
4.856337000092026
5.099305000385357
4.999671999939892
5.034422999870003
4.910259000098449
5.3999050001038995
6.118715999946289
6.267289999868808
5.1446960001158
5.899520999719243
6.1839749996579485
6.2822109998705855
5.941140999766503
5.989312000110658
5.929639999976644
5.137286999797652
5.894738999813853
5.265639999834093
4.948210999828007
4.901548999896477
6.287719999818364
5.481316999976116
5.556559000069683
5.850487999850884
5.932730000040465
5.398818000230676
5.708258999675309
6.437705000280403
7.000401999903261
5.363668999962101
5.397512999934406
5.115776999900845
5.123838000145042
7.255980000081763
5.253398999684578
5.328047000148217
4.780597999797465
4.776391000177682
4.761676999805786
4.763617000207887
5.63834099966698
4.916528000194376
5.163167000318936
5.546718999994482
5.021752000175184
5.458636000184924
5.06274300005316
5.199118000291492
5.500348999703419
4.916147000130877
5.17729800003508
5.072669000128371
4.942105000282027
4.803736000212666
5.212456000208476
5.0468630001887504
5.148895999809611
4.828276999887748
4.681093999806762
4.517466999914177
4.500993999954517
5.1323420002518105
4.760034999890195
6.264969999847381
4.705403000116348
4.885008000201196
5.125474999658763
5.023114000323403
5.388822999975673
4.857337999965239
5.593279999629885
