Payload size bytes: 10240
Runs: 200
Mean: 5.375 ms
Median: 5.231 ms
StandardDeviation: 0.648 ms
Min: 4.419 ms
Max: 7.977 ms
--- raw latencies ms ---
4.65344099984577
5.285540999921068
6.656942000063282
5.194607000248652
4.803725999863673
4.502281999975821
4.766635000123642
4.756995000207098
4.58233899962579
4.758555000080378
5.100225000205683
5.250649000117846
5.087373999685951
4.7224340000866505
4.768390000208456
4.779406000125164
4.741154999919672
4.983101000107126
4.474756000035995
4.920479999782401
5.1165230001970485
5.270500000278844
5.004652000025089
4.804529000011826
4.902538999886019
4.534627999873919
4.959290999977384
4.571659000248474
4.62333999985276
4.799833000106446
7.183539000379824
4.801644000053784
4.844150999815611
4.768344999774854
4.792016000010335
5.003465999834589
4.918669999824488
5.116776000249956
5.1919970001108595
5.038233000050241
4.820006000045396
4.811566000171297
4.9336440001752635
4.456485999980941
4.4191540000610985
5.245139000180643
4.455295000298065
4.633910999928048
4.929040000206442
4.642775000320398
4.79717600001095
7.4747859998751665
4.8188760001721676
4.723543000181962
4.766505000134202
5.216447999828233
4.609060000348109
4.690852000294399
4.833206999592221
4.67454199997519
4.8059509999802685
4.9964119998548995
4.783885000051669
4.815265999695839
4.884427999968466
4.819365999992442
4.738220000035653
4.9041479996958515
4.846367000027385
4.555098999844631
5.426624999927299
5.096164999940811
7.977120999839826
4.80935599989607
4.6800420000181475
4.806475999885151
4.9443309999333
5.096274000152334
4.816697000023851
5.60575899999094
6.679588000224612
5.008012999951461
5.08859499996106
5.075244000181556
5.561319000207732
5.5491590001111035
6.024652999712998
5.103410999709013
4.927320000206237
5.810440999994171
5.031112999859033
5.462166000143043
5.439725000087492
5.286691000037536
5.446995000056631
4.935175999889907
4.986581000139267
5.117754999901081
4.656281999814382
4.9088589998973475
5.461205999836238
5.214142999648175
5.336522000106925
5.813917000068614
5.65194299997529
5.129685999690992
5.331080999894766
5.591848999756621
5.908795000323153
6.748890999915602
6.30244199965091
5.549348999920767
5.441985000288696
6.064054000034957
5.7306040002913505
6.1898280000605155
5.4118789998938155
4.980380999768386
5.916618999890488
5.859158000021125
6.096884999806207
5.281879999984085
5.671401999734371
4.991131999759091
5.909918999805086
5.592379999598052
5.0528239999039215
5.325336000169045
5.074023999895871
5.184916999951383
5.699263000224164
5.436620000182302
4.934070000217616
5.03708300038852
5.15076500005307
5.5879499996080995
5.727033999846753
5.290630000217789
5.960560999938025
6.263819999730913
6.507562000024336
6.510508000246773
6.860419000076945
5.681144999925891
6.234739999854355
5.374212999868178
5.9610099997371435
6.21128900002077
5.844852999871364
7.611411000198132
5.496308999681787
5.862148999767669
5.950791000032041
5.212527999901795
5.021131999910722
5.371072999878379
6.29647699997804
5.962380000255507
6.068894000236469
5.730383999889455
5.614444999991974
5.5479789998571505
5.953758000032394
5.711234000045806
5.472361999636632
5.076953999832767
4.742405999877519
5.2468849999058875
5.371796999952494
5.903229999603354
5.394853999860061
4.950764999648527
6.008993000250484
5.4619760003333795
6.206227999882685
5.503316999693197
5.0610429998414475
6.669862999842735
6.022502999712742
6.382213000051706
6.414975000097911
6.280759999754082
4.815106000023661
5.639860999963275
5.736994000017148
5.431224999938422
4.885269000169501
5.7692549999046605
5.411434000052395
6.122735999724682
6.191987999955018
5.795145999854867
5.7864730001711
4.951600999902439
5.245955000191316
5.489586999829044
7.329784999910771
6.011621999732597
6.212564000179555
5.9312360003787035
