Payload size bytes: 10240
Runs: 200
Mean: 5.269 ms
Median: 5.077 ms
StandardDeviation: 0.698 ms
Min: 4.446 ms
Max: 9.517 ms
--- raw latencies ms ---
9.517091000361688
5.485648000103538
8.244411000305263
6.543536000208405
6.019271000241133
6.16199800015238
6.782427999951324
5.364025000289985
4.929451999942103
5.949301999862655
5.384445999879972
5.164559000149893
5.041434999839112
5.097427000237076
5.216868999923463
9.215102000325714
5.181809000077919
6.134232000022166
5.2943819996471575
6.362040000112756
6.659811999725207
5.662344000029407
5.579293000209873
5.266968000341876
6.059413999992103
5.029903999911767
6.6844239995589305
5.05914900031712
5.46881799982657
4.920779999793012
5.420444999799656
5.201909999868803
5.709113000193611
5.1490669998202065
6.758700999853318
5.866387999958533
5.319747000157804
5.249314999673516
5.053640999904019
4.948150000018359
4.925409999941621
4.971770999873115
5.204454000249825
5.044882999754918
4.984603000139032
4.923861999941437
5.612992999886046
5.5110170001171355
5.443536000257154
4.568586999994295
6.158456999855844
8.640672999717935
5.049743000199669
5.07414499998049
4.943607999848609
5.32215199973507
5.470155999773851
4.674641999827145
5.80208599967591
4.707114000211732
5.284979999942152
4.672821999974985
4.933734999667649
5.195722999815189
5.257089999759046
4.6156499997778155
4.763638999975228
5.521040000076027
5.269281999972009
5.525013999886141
6.028160000369098
4.9345150000590365
7.053365000047052
5.038991000219539
4.889988999821071
4.869098000199301
5.058450999968045
4.962215999967157
5.597760000000562
5.401352000262705
5.7024230000024545
4.933501999857981
4.968862000168883
4.486326999995072
4.962791000252764
5.093405000025086
4.4619579998652625
4.8342869999942195
4.763054999784799
5.263302000003023
5.442210000182968
5.915361000006669
4.9923820001822605
4.816315999960352
4.887169000085123
5.058584000380506
4.886237999926379
4.71890299968436
5.19609799994214
5.608174000371946
5.00184199972864
4.67496300007042
5.12873000025138
4.97159799988367
5.087273999833997
4.831838999962201
4.930939000132639
4.983533000086027
5.001981999612326
4.838477000248531
5.042465000315133
5.949257999873225
5.615680999653705
4.791135999766993
5.893539000226156
5.4270249997898645
4.879008999978396
5.478527000377653
4.978193000169995
4.919729999983247
4.523467000126402
4.919589000110136
5.1652349998221325
5.151496000053157
4.873937999946065
5.635091000385728
5.331051999746705
5.317149999882531
4.501086999880499
5.025611999826651
4.597719999765104
4.971981000380765
5.4480550002153905
5.568760000187467
4.501866999817139
5.188577999888366
5.264036999960808
5.079555000065739
4.769415000282606
4.964921000009781
4.890079000233527
5.333804999736458
5.054243000358838
5.0013519999083655
5.422504999842204
5.06260799966185
4.842206999910559
4.854298000282142
5.388933999711298
5.238778999682836
5.103734999920562
5.5607590002182405
5.072092999853339
5.210109000017837
5.949710000095365
5.354113000066718
5.020892000175081
5.082356000002619
4.867248000209656
5.004373999781819
5.218388000230334
5.15490400039198
5.08624400026747
5.4577179998887
4.842647999794281
4.982221999853209
5.1835280000887
4.93977799987988
4.6571410002798075
4.7134430001278815
4.8626669999976
5.066054000053555
5.166949000340537
5.095180000353139
4.519728999639483
5.353242999717622
5.045963000156917
5.036258000018279
5.247552000128053
5.512988000191399
4.445797000244056
5.092896999940422
5.150986999979068
4.802955999821279
4.93211799994242
4.9417310001445
5.0124599997616315
4.6559410002373625
4.774586999701569
4.674992000218481
4.60788100008358
4.658111000026111
4.951809999965917
4.685583000082261
5.038982999849395
5.041094000262092
5.320641999787767
5.03615500019805
5.002422000416118
6.1840769999435
