Payload size bytes: 10240
Runs: 200
Mean: 5.360 ms
Median: 5.064 ms
StandardDeviation: 1.025 ms
Min: 4.228 ms
Max: 13.727 ms
--- raw latencies ms ---
5.098814999655588
5.409293999946385
8.190524999918125
6.789636000121391
10.73497800007317
5.249611999715853
5.495846000030724
5.953882999619964
5.48675700019885
5.467188999773498
6.310052000117139
6.163273000311165
6.333453000024747
8.023048000268318
6.888832000186085
13.726786000006541
5.627151000226149
5.486632000156533
6.030413000189583
9.01291400032278
9.112797999932809
5.608070000107546
5.362032999983057
5.311836999680963
5.267474999982369
8.316302999901382
5.241490000116755
5.493131999628531
5.012279999846214
5.632073000015225
5.272580000109883
5.0051329999405425
4.95409799987101
5.525818000023719
6.985191999774543
5.238458999883733
4.940510999858816
4.882599000211485
4.835424000248167
4.996812000172213
4.8450459999003215
5.033171999912156
4.862947999754397
5.149501999767381
4.7852249999778
6.3928340000529715
5.23876899978859
5.3285510002751835
5.308381999839185
4.621145999863074
5.631780999920011
7.534229000157211
4.950880000251345
4.806125999948563
5.124100999637449
5.372013999931369
5.487112000082561
4.918620000353258
4.918368999824452
4.892628999641602
4.937819000133459
4.896981000001688
4.890633999821148
5.575379999754659
4.704922999735572
5.0646839999899385
4.773515000124462
8.09252600038235
4.797705999862956
4.411893999986205
5.029860999911762
4.793973000232654
7.68118299993148
5.222998999670381
5.162010000276496
4.935290000048553
4.75662500002727
5.190667999613652
5.06502600001113
4.762124000080803
4.82247699983418
5.349970000224857
5.189631000121153
5.2742200000466255
5.247018999853026
4.912776999844937
4.931959999794344
4.809086000022944
5.903879000015877
5.021393999868451
5.1787180000246735
4.702592999819899
4.935298999953375
4.723114999706013
5.063764000169613
5.300231000092026
4.855437999594869
5.467676000080246
4.964269000083732
6.597975000204315
4.6979730000202835
4.910869000013918
5.125805999796285
4.510726999797043
5.098245000226598
5.312070999934804
4.923250000047119
4.886981000254309
4.535948000011558
4.808456000318984
6.185537999954249
4.86438799998723
5.003701999612531
5.330685999979323
5.299600999933318
5.334722000043257
5.469044000165013
4.838797000047634
4.80747599976894
5.282538999836106
5.057093999766948
5.338032000054227
5.675080999935744
5.119284000102198
5.2959009999540285
5.508287999873573
4.699133000030997
4.799004999767931
4.523987000084162
4.898331000276812
4.927199999656295
5.782195999927353
5.781820999800402
5.051653000009537
5.056754000179353
5.052542999692378
4.932089999783784
5.524007000076381
5.5852499999673455
4.981641000085801
4.93699899971034
4.228179000165255
4.9618400003055285
5.4015939999771945
4.700961999787978
5.288359999667591
4.928580000068905
4.823087000204396
5.300406999594998
4.969190999872808
5.026193000048806
4.781835999892792
4.839986999741086
5.044214000008651
4.6388660002776305
4.946851000113384
5.198708000079932
5.058303000168962
5.389113000092038
4.877993000263814
5.213249000007636
5.2640650001194444
4.932270000153949
4.971780999767361
5.282500000248547
5.306968000240886
5.0325420002081955
5.042263999712304
5.142212000009749
5.05687900022167
5.224218999956065
5.1726420001614315
5.032612999912089
5.128656000124465
4.9206150001737115
5.7243689998358604
4.886438999619713
5.008152999835147
5.043582999860519
5.051893999734602
5.444405999696755
5.196608000005654
5.042802999923879
5.500623000443738
4.9553549997654045
5.355522999707318
4.959201000019675
4.904208999960247
5.358182000236411
4.950329999701353
4.821386999992683
5.324341999767057
5.133116000251903
4.909928999950353
4.831157000353414
4.922199999782606
4.833401999803755
4.90311900011875
4.943019999700482
5.425854999884905
