Payload size bytes: 10240
Runs: 200
Mean: 5.871 ms
Median: 5.692 ms
StandardDeviation: 0.837 ms
Min: 4.575 ms
Max: 11.332 ms
--- raw latencies ms ---
7.800099000178307
5.344141000023228
5.078794999917591
6.72557500001858
5.496219000178826
5.328564000137703
5.559500999879674
7.027489999927639
6.69458200036388
5.4722660001971235
5.489535999913642
6.330682999760029
5.9671219996744185
5.569785000261618
7.508268000037788
5.3282320000107575
5.374892999952863
5.647103000228526
7.743024999854242
6.803665999996156
5.665961999966385
10.615362000407913
7.219720999728452
5.485411999870848
11.33180299984815
5.7590950000303565
6.616284999836353
5.4127959997458674
5.50209699986226
5.58455899999899
5.6313229997613234
6.95200299969656
6.117314000221086
6.00911499986978
6.547509000029095
5.338212000424392
5.20673800019722
5.464043999836576
5.622504999792
6.228832000033435
4.895859000043856
4.910519000077329
6.624061999900732
5.2459189996625355
5.37189299984675
4.984441000033257
5.70691299981263
5.904839999857359
5.566183999690111
6.554263999987597
5.307581000124628
8.238000000346801
5.348412000330427
5.882917999770143
4.899510000086593
4.575298999952793
5.251409999800671
5.023747999985062
5.463067000164301
6.274231000134023
5.9342880003896425
4.965229999925214
5.214948000229924
5.5874969998512825
5.419494999841845
4.867426999680902
5.854187999830174
5.4491660002895514
6.099934999838297
5.321281999840721
6.750295000074402
5.2782000002480345
9.006163999856653
5.696292999800789
5.040488000304322
8.34758300015892
5.584491999798047
6.367081999997026
6.522270999994362
5.5534079997414665
6.099005000123725
5.353572999865719
5.859802000031777
5.459007999888854
6.40421999969476
5.4375250001612585
5.093339999802993
5.001301999982388
5.237238999598048
5.3515820000029635
6.100671000240254
5.180097999982536
5.814752000333101
5.646204999720794
4.952999999659369
5.613259999790898
6.03809199992611
5.234718999872712
5.764704999819514
5.828522000228986
6.428734000110126
6.0221629996704
6.1936980000609765
6.708842999614717
6.224199999905977
5.804985999930068
6.134355999620311
5.910634999963804
6.245693999971991
6.549412999902415
6.07603000025847
6.591380000372737
5.456787000184704
5.8873449997918215
5.838238999785972
6.156795999686437
5.688582999937353
6.608670999867172
5.908283999815467
6.4174350000030245
5.4579860002377245
5.888526000035199
5.634161000216409
6.036933999894245
5.881640000097832
4.85481699979573
5.480616000113514
5.883197999992262
5.84456600017802
5.502447000253596
6.605250000120577
5.094645000099263
5.648471000313293
6.225438999990729
5.99601400017491
6.110526000156824
6.375453999680758
5.005660999813699
5.992791999688052
5.440554999950109
5.625735999728931
5.306570999891846
5.864377999841963
5.628805000014836
5.584188999819162
5.408544000147231
5.807321999782289
6.082338000396703
5.447080000067217
5.295509999996284
4.8047609998320695
4.940950000218436
5.400072999691474
5.230569999639556
4.858166999838431
6.563969000126235
5.63375100000485
6.170177000058175
5.587470000136818
5.232628999692679
5.421704000127647
5.116906000239396
5.365113000152633
5.28561000010086
6.125217000317207
6.112325999765744
6.530067999847233
5.552809000164416
6.172111999603658
6.513238000025012
5.375312999603921
5.600459000106639
5.7807349999166036
5.32510099992578
5.890629000077752
5.74906399970132
5.450965999898472
5.828866999763704
5.068834000212519
5.8080059998246725
5.915199999890319
5.905444000291027
5.302835000293271
6.359332000101858
5.556878999868786
6.81787700023051
6.55323099999805
6.6444529998079815
6.580934999874444
6.705647999751818
5.994952000037301
5.205108999689401
6.010677000176656
6.2383800000134215
5.414763999851857
5.264039999929082
5.287131999921257
6.14809700027763
5.762015000073006
5.253269000149885
