Payload size bytes: 10240
Runs: 200
Mean: 5.440 ms
Median: 5.084 ms
StandardDeviation: 1.659 ms
Min: 4.313 ms
Max: 21.354 ms
--- raw latencies ms ---
5.230959000073199
5.040542999722675
4.966527999840764
5.2935600001546845
5.1331689996914065
7.888859000104276
5.595280000306957
5.071653999948467
5.559229000027699
6.028390000210493
6.678998000097636
8.688691999850562
5.430435000107536
7.032376000097429
5.794866000087495
7.472046999737358
9.002212999803305
5.862249000074371
4.799185000138095
5.322551999597636
7.230818999687472
5.339880000065023
5.204388000038307
5.025143000239041
5.635641000026226
4.933479000101215
4.971661000126915
4.991924000023573
5.37838299987925
5.772745999820472
6.403574999694683
5.607609999970009
5.569334000028903
5.103007000343496
5.682451999746263
5.49231199966016
6.790096000258927
21.353918999921007
6.111027999850194
6.028727999819239
6.676742999843555
5.5506589997094125
5.544843000279798
14.871661999677599
5.600101000254654
5.453884999951697
5.70006399993872
5.727613000090059
5.680394000137312
5.083863999971072
4.828715000257944
7.61100699992312
5.330879999746685
5.364140999972733
4.733944000236079
5.505108000306791
5.217559999891819
5.296680999890668
5.406185000083497
7.076045000303566
5.935770999712986
5.044773999998142
5.667102000188606
5.126784999902156
5.210349999742903
5.045703000178037
5.903027999920596
14.727096999649802
5.345603000023402
4.471977999855881
4.947963000176969
5.152677000296535
9.491457999956765
5.643502000111766
4.818047000298975
5.165647000012541
4.968480999650637
5.131025999617123
4.827727999781928
4.871519000062108
5.254650000097172
5.323802000020805
6.0431930000959255
5.049736000273697
5.412612000327499
5.274004000057175
4.780358000061824
5.269419000342168
5.616769999960525
5.214726999838604
5.396829999881447
5.094260000078066
5.023401000016747
6.243748999622767
4.769742000007682
5.22567899997739
4.990146999716671
5.06532999997944
5.097791000025609
5.0866740002675215
4.497287000049255
4.876589000105014
5.212858000049891
4.789829999936046
5.120801999964897
4.516225999850576
4.951200999585126
5.1199650001763075
4.746155000248109
4.929524000090169
4.91810700032147
4.837796000174421
4.663076000269939
5.34954300019308
4.759049999847775
4.8779790004118695
4.651218000162771
4.576569000164454
4.476341000099637
4.312591000143584
4.524928000137152
5.1868269997612515
4.810854999959702
4.7767750002094544
4.8911680000855995
4.843557000185683
4.433245000200259
4.917424999803188
4.768339999827731
4.732664000130171
5.120360999626428
5.0890050001726195
4.837152999698446
4.896204000033322
5.084536000140361
4.585199000302964
4.951039999923523
4.831172000194783
5.504578999989462
6.103555000208871
4.849457000091206
4.663362999963283
5.493415999808349
4.8733110002103786
4.393048000110866
4.9211270002160745
4.553983999812772
4.688822000389337
4.858297000282619
5.64372300004834
5.278630000248086
4.959911000241846
4.908329000045342
4.841849000058573
4.821214000003238
4.726484000002529
5.249080999874423
5.077404000076058
4.816069999833417
4.760183999678702
4.948249999870313
5.179930000394961
4.694061999998667
4.99881700034166
5.615460999706556
5.0208220000058645
5.532067999865831
6.413565999991988
4.535454000233585
4.378603000077419
5.438859999685519
5.258155000319675
4.705672999989474
4.970400999809499
4.779675000008865
4.916308999781904
5.0485010001466435
4.897629000424786
5.1783870003419
4.75025400010054
5.4773720003140625
4.956791000040539
5.196218000037334
5.221631000040361
4.904299000372703
4.440946999693551
5.356953000045905
4.874728000231698
4.667652000080125
4.759423999985302
4.71911300019201
4.945195000345848
4.9053490001824684
4.813336000097479
4.7867149996818625
4.397793999942223
4.80651600037163
4.838507000386016
4.960061000019778
4.721214999790391
