payload_size_bytes=10240
runs=1000
mean_ms=0.672
median_ms=0.368
stddev_ms=6.625
min_ms=0.238
max_ms=209.708
---raw---
0.3349600001456565
0.43654299952322617
0.4585639999277191
0.3708220001499285
0.28784900041500805
0.3896710004482884
0.28224899961060146
1.607748999958858
0.3949450001528021
0.33632800023042364
0.39664199994149385
0.3855120003208867
0.4302259994801716
0.4708719998234301
0.2778489997581346
0.31969999963621376
0.3374699999767472
0.2643079997142195
0.340480999511783
0.41714200051501393
0.3168700004607672
0.3578340001695324
0.36287900002207607
0.3349899998283945
0.8076739995885873
0.38798199966549873
0.39866200040705735
0.4015119993709959
0.3081300001213094
0.290568999844254
0.49941499946726253
0.3090489999522106
0.37747100031992886
0.34347000018897234
1.1162840000906726
2.124175000062678
0.9302179996666382
0.6593699999939417
3.4382539997750428
0.3928719997929875
0.3953220002586022
0.35209999987273477
0.3521409998938907
0.9783999994397163
2.9195880006227526
0.3375809992576251
0.3386999997019302
0.30725900069228373
0.3174600005877437
0.38298199979180936
0.30335899919009535
0.26619799973559566
0.28844900043623056
0.3069099993808777
0.2888290000555571
0.29872899995098123
2.3782729995218688
1.2042759999530972
1.6921209999054554
0.4649660004361067
0.5638449993057293
0.7156219999160385
0.3991919993495685
0.3445900001679547
0.6596000002900837
1.381610999487748
0.5317459999787388
0.3461209998931736
0.40104300023813266
0.25784799981920514
0.36215100044501014
0.2490780007065041
0.23786699966876768
0.24946800022007665
0.2829690001817653
0.3272100002504885
0.3812710001511732
0.30489900018437766
0.4184829995210748
0.30528000024787616
0.29964900022605434
0.3066789995500585
0.276708000455983
0.4083920002813102
0.3440609998506261
0.3399030001673964
0.30157600031088805
0.424232999648666
0.3076289995078696
0.33213999995496124
1.5107460003491724
0.6724510003550677
0.7681739998588455
0.4540740001175436
0.4662139999709325
0.28945800022484036
0.2928890007751761
0.33660000008239876
0.3427700003157952
0.6442820003940142
0.28698599999188446
0.3230900001653936
1.6754110001784284
0.7950440003696713
0.5404069997894112
0.27809899984276854
0.8202050003092154
0.7737129999441095
0.35611100065580104
0.24529699931008508
0.29913900016254047
0.3105200003119535
0.5616369999188464
0.7777939999868977
0.33000100029312307
0.30852999952912796
1.3021100003243191
0.5917279995628633
0.34266999955434585
0.2645880003910861
0.6617500002903398
1.2944989994139178
0.40064200038614217
0.5256660006125458
0.3628409995144466
0.34141000014642486
0.7272220000231755
4.186797000329534
2.536238000175217
0.4187719996480155
0.991309999335499
0.3787619998547598
0.7904330004748772
0.690741000653361
0.3656409999166499
0.3089789997829939
1.2969899999006884
0.37539199911407195
0.2628380007081432
0.3601910002544173
0.3583010002330411
0.4811649996554479
0.6576999994649668
0.3546509997249814
0.3387500000826549
0.34659099947020877
0.40680299935047515
0.4273750000720611
1.8904559992733994
0.6485399999291985
1.2823990000470076
0.41179300023941323
0.3535700006978004
0.7787540007484495
1.6770510001151706
2.611229000649473
1.0735030000432744
0.32513999940420035
0.6883799997012829
0.4587639996316284
0.32639999972161604
0.9917400002450449
0.8948370004873141
0.36045100023329724
0.3178189999744063
0.32159000056708464
0.7227920004879707
0.3669319994514808
0.35889099945052294
2.113714000188338
0.36458099930314347
0.40050200004770886
0.6960309992791736
0.4164930005572387
1.7358920003971434
0.31634000060876133
0.3715210004884284
1.2390880001476035
0.6393389994627796
0.41266300013376167
0.8417560002271784
0.41497199981677113
0.2717480001592776
0.4044919996886165
0.3940720007449272
0.35795100029645255
0.608188000114751
0.6181090002428391
0.4113929999221
0.5552769998757867
0.3922019996025483
0.37496200002351543
0.3288300003987388
0.41857299947878346
1.8373459997746977
0.6678810004814295
1.2727690000247094
2.175986000111152
0.7065620002322248
0.31790899993211497
0.6701299998894683
1.658821000091848
0.34210099966003327
0.355160000253818
0.38037200010876404
0.6448399999499088
0.41201200019713724
0.3833920000033686
0.3671409995149588
0.3299899999547051
0.33880000046337955
0.3736320004463778
0.4279929999029264
0.38770100036344957
0.5925979994572117
0.42646299971238477
1.3129899998602923
0.38279099953797413
0.38056100038375007
0.44954599979973864
0.3662589997475152
0.31410999963554787
0.32248000024992507
0.3759909996006172
0.32674900012352737
1.7662239997662255
1.9558990006771637
0.9714889993119868
0.3662409999378724
0.27761900037148735
0.417922999986331
0.6784209999750601
0.5185849995541503
0.32730000020819716
0.30475899984594434
0.38811200010968605
1.3523609995900188
0.37546099974861136
0.34512000001996057
0.3494610000416287
0.34602100004121894
2.097613999467285
0.38430099994002376
0.29033899954811204
0.36913099938828964
0.44719600009557325
0.3813009998339112
0.28073900011804653
0.44733799950336106
0.4072419997100951
0.34631499966053525
0.3125200000795303
0.3505000004224712
1.0477619998709997
0.37716099996032426
0.37409099968499504
0.3416800000195508
0.35195600048609776
1.7101069997806917
0.42589300028339494
0.4592139994201716
0.38416100051108515
0.35855099940818036
1.706001999991713
0.45914400016044965
0.3643809995992342
0.6447400000979542
0.415282999711053
0.7371929996224935
0.5171709999558516
0.3725159995155991
0.3145099999528611
0.3471609998086933
0.32797200037748553
1.0051509998447727
0.43895999988308176
0.36198099951434415
1.6690599995854427
1.7386139998052386
0.30383899957087124
0.40706199979467783
0.3272399999332265
0.8394850001423038
0.33554000037838705
0.45041299927106593
0.35098100033792434
0.4202229993097717
0.29684899982385105
0.7076310002958053
0.9293579996665358
0.33226000050490256
0.35592099993664306
0.3430799997659051
0.37795099979121005
0.35297099930176046
0.37824100036232267
0.37461400006577605
0.6117559996710042
0.4159919999437989
0.30675899961352115
0.38606199996138457
0.48606499967718264
0.40520200036553433
0.36801100031880196
1.7370530003972817
1.9489189999148948
0.4175630001554964
0.4557840002235025
0.6373690002874355
0.3433350002524094
0.31226000010065036
0.40057699970930116
0.7152519992814632
0.4177430000709137
0.44166299994685687
0.41238299945689505
0.31888000012259
0.3407200001674937
0.41530300040903967
0.45058399973640917
0.33521000023029046
0.484619999951974
0.45359399973676773
0.3875309994327836
0.4434440006662044
0.40027300019573886
0.40061700019577984
0.44090899973525666
0.47792999976081774
0.33870900006149895
0.3416600002310588
0.38085200048953993
0.43443299909995403
0.4583650006679818
0.6557390006491914
0.4124229999433737
0.4339420001997496
0.8710269994480768
0.42116199983865954
0.3903320002791588
0.7695639997109538
0.3767969992622966
0.3795319998971536
0.41615800000727177
0.384681000468845
0.3908620001311647
0.3740110005310271
0.342290000844514
0.39258200013136957
0.43866400028491626
0.39027200000418816
0.7763739995425567
0.36589100000128383
0.6496690002677497
0.3676509995784727
0.34273100027348846
0.2906179997808067
0.36924100004398497
0.7384430000456632
0.39838200063968543
0.36815099974774057
0.3904169998349971
0.295678999464144
0.34668599982978776
0.36851300046691904
0.35823899997922126
0.30946800052333856
0.821515000097861
0.4000130002168589
0.4674140000133775
0.7132810005714418
0.36180100050842157
0.34289099949091906
0.3202400002919603
0.3541610003594542
0.3368400002727867
0.3706460001922096
0.38998999934847234
0.4128799992031418
0.3431530003581429
0.34595800025272183
0.711311000486603
0.3386799999134382
0.3372000001036213
0.36815100065723527
0.31364999995275866
0.35997299983137054
0.3549109997038613
0.3312369999548537
0.3382199993211543
0.42243299958499847
0.743371999305964
0.388247000046249
0.4596190001393552
0.3730569997060229
0.34734000018943334
0.34978799976670416
0.35099099932267563
0.3164669997204328
0.48629399952915264
0.371471999642381
0.36493100014922675
0.6653999998889049
0.3989369997725589
0.31721999948786106
0.32715999986976385
0.32844499946804717
0.35299700084578944
0.39613300032215193
0.8349660001840675
0.814148999779718
0.6468199999289936
0.40336699930776376
0.4325830004745512
0.4691519998232252
0.2850559994840296
0.3734419997272198
0.38068199955887394
0.3752370002985117
1.291612999921199
0.36092099981033243
0.31029899946588557
0.29686899961234303
0.28340799963189056
0.3410600002098363
0.2977390004161862
0.3282899997429922
0.303380000332254
0.469464000161679
0.3912109996235813
0.31029000001581153
0.3943110004911432
0.3739909998330404
0.397142999645439
0.3219399995941785
0.7416130001729471
1.1192540005140472
0.4071319999638945
0.539278999895032
0.45194300037110224
0.3639979995568865
0.3492519999781507
0.40530200021748897
0.35222099995735334
0.40767599966784474
0.34353099999862025
0.8659239992994117
0.6992609996814281
0.424232999648666
0.35205099993618205
0.6085179993533529
0.4057059995830059
0.471352000204206
0.36368100063555175
0.39325199941231403
0.37215399970591534
0.356409999767493
0.8277450006062281
0.737670000489743
0.3733909998118179
0.39495199962402694
0.38157200015120907
0.3366999999343534
0.3569609998521628
0.3289500000391854
0.3988170001321123
0.4085569999006111
0.701141000718053
0.3458700002738624
0.43821399958687834
0.36259100033930736
0.32061999991128687
0.361471000360325
0.39358499998343177
0.394118999793136
0.35932100036006887
0.3967220000049565
0.7387919995380798
0.6662899995717453
0.39128700063884025
0.3555410003173165
0.3907059999619378
0.3797310000663856
0.4047520005769911
0.35643100000015693
0.3798219995587715
0.4272229998605326
0.40656800047145225
0.36366099993756507
0.3964569996242062
0.6355890000122599
0.3205299999535782
0.33246000020881183
0.34553099976619706
0.3305529999124701
0.39111899968702346
0.3440000000409782
0.3443810001044767
0.35231000038038474
0.32442499923490686
0.389601999813749
0.3612460004660534
0.3489299997454509
0.32466000084241387
0.3898820004906156
0.36343599913379876
0.342014999660023
0.37753399919893127
0.43221099986112677
0.3442999995968421
0.4248929999448592
0.33537000035721576
0.47998499940149486
0.3194290002284106
0.3471509999144473
0.4095519998372765
0.34480999966035597
0.38671200036333175
0.34165099987149006
0.4516930002864683
0.3465210002104868
0.3536200001690304
0.694200999532768
0.3872319994115969
0.3477000000202679
0.36877100046694977
0.45343400051933713
0.33985000027314527
0.33641500067460584
0.3663460001916974
0.3501009996398352
0.34108999989257427
0.32202999955188716
0.32159999955183594
0.3450799995334819
0.37548100044659805
0.4119829991395818
0.33261999942624243
0.36089100012759445
0.3626809993875213
0.3267800002504373
0.3275700000813231
0.3796820001298329
0.3630009996413719
0.3204399999958696
0.3329459996166406
0.37657699976989534
0.34878099995694356
0.34080000023095636
0.4369329999462934
0.6701109996356536
0.39157699939096346
0.4156929999226122
0.36478499987424584
0.3926519993910915
0.3044889999728184
0.36041099974681856
0.3489459995762445
0.36794200059375726
209.70774000033998
0.4342199999882723
0.5093360005048453
0.33539000014570775
0.3482649999568821
0.3121290001217858
0.40778199945634697
0.35292000029585324
0.4300479995436035
0.2795890004563262
0.4234429998177802
0.4494340000746888
0.41891300043062074
0.3807009998126887
0.39971200021682307
0.32002999978431035
0.338240000019141
0.3104289999100729
0.4405429999678745
0.2977599997393554
0.2594480001789634
0.427083000431594
0.3012389997820719
0.6717799997204565
0.3219400005036732
0.3009590000147
0.32650999946781667
0.29733900009887293
0.2759380004135892
0.2504879994376097
0.27641799988487037
0.6940709999980754
0.3750710002350388
0.36534999981086
0.4156830000283662
0.25971800005208934
0.28486900009738747
0.2775880002445774
0.28168799963168567
0.42138300068472745
0.31001499974081526
0.3713959995366167
0.4332030002842657
0.38103099996078527
0.3545010004017968
0.32452000050398055
0.27947899980063085
0.34630099980859086
0.37122200046724174
0.3570709995983634
0.8162049998645671
0.3052400006708922
0.25856100000964943
0.29006599925196497
0.3061890001845313
0.2897510003094794
0.2802660001179902
0.3236499997001374
0.3603610002755886
0.6331189997581532
0.3696710000440362
0.25992700011556735
0.3703909997057053
0.374271000509907
0.26358800005255034
0.2958289996968233
0.2725690001170733
0.3592260000004899
0.37371600046753883
0.3416600002310588
0.597608999669319
0.3894319997925777
0.5313060000844416
0.3986729998359806
0.34216099993500393
0.36824400012847036
0.3210200002286001
0.3031269998245989
0.2621280000312254
0.36088099932385376
0.27026800034946064
0.280548000773706
0.7855739995648037
0.41589200009184424
0.32304500018653926
0.38524699994013645
0.32869000006030547
0.37173100008658366
0.3225899999961257
0.30440899990935577
0.29465900024661096
0.2768479998849216
0.3168439998262329
0.3631210001913132
0.37206100023468025
0.3373649997229222
0.257138000051782
0.33833000088634435
0.3758910006581573
0.42086400026164483
0.32039899997471366
0.41122200036625145
0.4486439993343083
0.8144869998432114
0.751749999835738
0.5661659997713286
0.4426140003488399
0.41287299973191693
0.3877019998981268
0.42163399939454393
0.35435100016911747
0.5070859997431398
0.35211000067647547
0.9451589994569076
0.3221200004190905
0.37697399966418743
0.2665189995241235
0.2659960000528372
0.3281560002506012
0.36873600038234144
0.3002540006491472
0.39387200013152324
0.2991440005644108
0.29178800014051376
0.3529510004227632
0.6086879993745242
0.3427299998293165
0.6165989998407895
0.3374600000825012
0.3190400002495153
0.38861200027895393
0.38065199987613596
0.38248099917836953
0.39088199991965666
0.40008199994190363
0.3941230006603291
0.35376099913264625
0.3115520003120764
0.34701799995673355
0.3385800000614836
0.3561509993232903
0.311359000079392
0.28831899999204325
0.4755139998451341
0.9626190003473312
0.2749999994193786
0.4400910002004821
0.35110099997837096
0.9965299996110843
1.5754679998281063
0.40132399954018183
0.35787800061370945
0.30682200031151297
0.3513609999572509
0.3306700000393903
0.3757919994313852
0.32756499967945274
0.32923499929893296
0.3865909993692185
0.2928789999714354
0.3312539993203245
0.36617100067815045
0.39221699989866465
0.4664839998440584
0.4943649992128485
0.34450000021024607
0.6573999999091029
0.3159440002491465
0.321530000292114
0.3061699999307166
0.39954700059752213
0.3772410000237869
0.31276000026991824
0.3606409991334658
0.3745910007637576
0.34083999980794033
0.27037800009566126
0.30507900009979494
0.31005900018499233
0.5545289996007341
0.3622089998316369
0.435872999332787
0.31255199974111747
0.4423509999469388
0.45431400030793156
0.35342099999979837
0.30492900077661034
0.31810899963602424
0.464183999611123
0.7497729993701796
0.6243919997359626
0.30506899929605424
0.580105999688385
0.38162200053193374
0.2800580004986841
0.3003589999934775
0.4399939998620539
0.41660300030343933
0.39244399977178546
0.3315719995953259
0.3645309998319135
0.33856500067486195
0.3976919997512596
0.4045529994982644
0.3788009998970665
0.2631500001371023
0.3653489993666881
0.5560259996855166
0.7718140004726592
0.2933189998657326
0.2674879997357493
0.2843889997166116
0.2786290006042691
0.32368899974244414
0.25658800041128416
0.2664280000317376
0.8792859998720814
0.3352310004629544
0.3360110003995942
0.3360699993208982
0.26974800039170077
0.28585899963218253
0.288939999336435
0.3431510003792937
0.2833890002875705
0.2721880000535748
0.2920480001193937
0.36713100053020753
0.4122520003875252
0.44115400032751495
0.3393909992155386
0.4088530004082713
0.29882899980293587
0.3474730001471471
0.4008089999842923
0.9526690000711824
0.33763099963834975
0.38844200025778264
0.31544899957225425
0.3393010001673247
0.3048999997190549
0.34499599951232085
0.3274099999543978
0.4085869995833491
0.33845999951154226
0.30537900056515355
0.2822189999278635
0.2859289998013992
0.32129000010172604
0.7690640004511806
0.3578309997465112
0.27863800005434314
0.43798299975605914
0.5621170002996223
0.3620510005930555
0.45286900058272295
0.3249849996791454
0.3428310001254431
0.3484250000838074
0.4088670002602157
0.34065999989252305
0.35223099985159934
0.3381200003786944
0.4374689997348469
0.3894519995810697
0.3764869998121867
0.33621100010350347
0.45171399960963754
0.2834979995895992
0.3504610003801645
0.42355300047347555
0.2976989999297075
0.4151519997321884
0.4917349997413112
0.4103719993509003
0.34752099963952787
1.0442719994898653
0.7638319993930054
0.27618900003290037
0.33840100059023825
0.35453100008453475
0.3604599996833713
0.3181299998686882
0.3677019994938746
0.3083339997829171
0.36503600040305173
0.3131690000373055
0.28908900003443705
0.35502300033840584
0.3498579999359208
0.31063500046002446
0.34096600029442925
0.33324000014545163
0.3315600006317254
0.32760000067355577
0.29325899959076196
0.38915100049052853
0.3139400005238713
0.28238899994903477
0.40736200026003644
0.8912269995562383
0.27673800013872096
0.34137100010411814
0.369020999642089
0.4480640000110725
0.44091299969295505
0.3304350002508727
0.32821999957377557
0.43190900032641366
0.28490899967437144
0.4329729999881238
0.378200999875844
0.4289940006856341
0.41225299992220243
0.28066800041415263
0.3254250004829373
0.39299699983530445
0.35890100025426364
0.2766580000752583
0.28049800039298134
0.33027000063157175
0.24763700002949918
0.29655900016223313
0.5484059993250412
0.3849419999824022
0.4586040004141978
0.5606469994745567
0.2922690000559669
0.38181099989742506
0.27517800026544137
0.28457100052037276
0.3346679995956947
0.3675110001495341
0.26147900007345015
0.24032799956330564
0.2731490003498038
0.31942399982654024
0.4044679999424261
0.2967290001834044
0.36790099966310663
0.3770319999603089
0.3120889996353071
0.3167989998473786
0.3575410000848933
0.4401260002850904
0.3442010001890594
0.3247599997848738
0.36726899998029694
0.3955020001740195
0.3516549995765672
0.3516300002956996
0.738241999897582
0.3083889996560174
0.6250850001379149
0.38131200017232914
0.33517099927848903
0.3862920002575265
0.4081719998794142
0.35501100046531064
0.4105319994778256
0.494934999551333
0.4462930000954657
0.41349300045112614
0.373901999410009
0.4272919995855773
0.45557399971585255
0.38417099949583644
0.43520300005184254
0.3031290007129428
0.37902100029896246
0.39245199968718225
0.42385300002933946
0.3805110000030254
0.4465629999685916
0.3652010000223527
0.36787099998036865
0.43055300011474174
0.5021589995521936
0.41760000021895394
0.3371700004208833
0.34065999989252305
0.3571899997041328
0.5461359996843385
0.2955190002467134
0.35629000012704637
0.3375999995114398
0.33879300008266
0.310567000269657
0.3540500001690816
0.8082149997790111
0.34193000010418473
0.3263400003561401
0.3812019995166338
0.3768309998122277
0.263668000116013
0.39486100013164105
0.5134849998285063
0.4754350002258434
0.33962099951168057
0.33098099993367214
0.4810350001207553
0.34080000023095636
0.33292199987045024
0.3616579997469671
0.32350299989047926
0.3308770001240191
0.3942020002796198
0.3813659996012575
0.6040230000508018
0.33488999997643987
0.41758199949981645
0.4000270000688033
0.36251099936635
0.6239690001166309
0.3450499998507439
0.3134890002911561
0.35963699974672636
0.3596010001274408
0.399866999941878
0.36982599976909114
0.3138190004392527
0.34031999985018047
0.442543000644946
0.3940619999411865
0.46367400045710383
0.4586040004141978
0.356180999915523
0.36298200029705185
0.3142420000585844
0.3194370001438074
0.31592899995303014
0.3735609998329892
0.3710920000230544
0.3083080000578775
0.375521000023582
0.3546309999364894
0.3261900001234608
0.3211089997421368
0.34666100054892013
0.6295490002230508
0.3979220000474015
