payload_size_bytes=10240
runs=1000
mean_ms=0.525
median_ms=0.388
stddev_ms=0.378
min_ms=0.268
max_ms=3.937
---raw---
0.3923009999198257
0.36688199998025084
0.42634300007193815
0.4427740004757652
0.493943999572366
0.6906409998919116
0.7342250000874628
0.31714899978396716
0.4136629995628027
0.6248489999052254
0.6638370005020988
1.1703159998432966
0.32921000001806533
0.3345699997225893
0.30285899993032217
1.5259060000971658
1.1578649991861312
1.3620509998872876
0.66629000048124
0.5188060004002182
0.8188540004994138
0.36832099976891186
0.4155430005994276
0.32781000027171103
0.39478199960285565
0.3127589998257463
0.38524100000358885
0.9242580008503865
0.325199999679171
0.6995210005698027
0.3003390002049855
0.29931900007795775
0.4194729999653646
0.32059900058811763
0.3486810001049889
0.7252320001498447
0.41303299985884223
0.38061299983382924
0.3592509992813575
0.33847999930003425
0.38064199998188997
0.42176200076937675
0.33473999974376056
0.3442899997025961
1.7839649999586982
0.37433600027725333
0.8071450001807534
0.3012489996763179
0.3641160001279786
0.3788110007008072
0.3276249999544234
0.38514200059580617
0.35417599974607583
0.3902319995177095
0.34439000046404544
0.3477709997241618
0.37844100006623194
0.674020000587916
0.7944140006657108
0.3795020002144156
0.3518010007610428
0.4096180000487948
0.35185600063414313
0.3591009999581729
0.3633110000009765
0.37718700059485855
0.4587240000546444
0.3150649999952293
0.35783999919658527
0.4106030000912142
0.7802330001140945
0.39198200011014706
0.3934070000468637
0.3170099998897058
0.35157499951310456
0.3897520000464283
0.3103339995504939
0.3390649999346351
0.35518100048648193
0.8902370000214432
0.7522590003645746
0.3774009992412175
0.3428859999985434
0.3657409997686045
0.46548399950552266
0.37941200025670696
0.3142790001220419
0.3548499998942134
1.364342000670149
0.793499000792508
0.35441100044408813
0.3859819998979219
0.33153399999719113
0.3566510004020529
0.3708020003614365
0.39878199913800927
0.37530099962168606
0.3790620003201184
1.2563290001708083
0.34944100025313674
0.3201690005880664
0.3262489999542595
0.3825920002782368
0.33027999961632304
0.35701099932339275
0.35456100067676743
0.35730100080400007
1.4574349997928948
0.8096749998003361
0.39760200070304563
0.38774099994043354
0.4037119997519767
0.3380799998922157
0.3341000001455541
0.44301399975665845
0.3772410000237869
1.1718360001395922
0.7605330001752009
0.3170489999320125
0.32094000016513746
0.3492699997877935
0.3628009999374626
0.33489999987068586
0.3292210003564833
0.31077899984666146
0.3650520002338453
0.3585260001273127
0.7801340007063118
0.3343439993841457
0.3631310000855592
0.3690569992613746
0.36575600006472087
0.33349000023008557
1.8610870001793955
0.372910999431042
0.37139199957891833
0.4542639999272069
0.30071899982431205
0.37936100034130504
0.7067219994496554
0.3660709999167011
0.6520790002468857
0.3788720005104551
0.36046100012754323
0.47457499931624625
0.36544199974741787
0.39512199964519823
0.43530299990379717
0.31263899927580496
2.406012999927043
1.0410519998913514
1.3244900001154747
0.6397990000550635
0.3874020003422629
0.3246399992349325
1.1966570000367938
0.3340900002513081
0.34897099976660684
0.41083299947786145
0.36187200021231547
0.6382199999279692
0.4216919996906654
1.2966590002179146
0.33478999921499053
1.616669000213733
0.2995889999510837
0.3313099996375968
0.7153719998314045
0.3954419998990488
0.3772909994950169
0.36241099951439537
1.3272899996081833
0.32283000018651364
1.7299139999522595
0.302198999634129
0.3500010006973753
0.3861010000036913
0.3105299992967048
0.36292099957790924
0.35205099993618205
0.8197650004149182
0.798265000412357
0.3448899997238186
0.6748900004822644
0.3580610000426532
0.33677000010357006
0.33969000014622
0.39976199968805304
0.3698210002767155
0.9292479999203351
1.8032550005955272
2.1867759996894165
0.3816409998762538
0.428313000156777
0.4079330001331982
0.3373199997440679
0.6326589991658693
0.3478009994068998
0.4101029999219463
0.3478499993434525
0.35109099917463027
0.3224000001864624
0.5984780000289902
0.3486810001049889
0.34935999974550214
0.371871000425017
0.32639999972161604
0.7205319998320192
2.343161999306176
0.3412410005694255
0.40906200047174934
0.4785840001204633
0.3424010001253919
1.0737020002125064
0.8006540001588291
0.41137199968943605
0.7774840005367878
0.6807499994465616
0.43239299975539325
0.46082400058367057
0.5674170006386703
0.47636399995099055
0.5178459996386664
0.8443749993602978
0.37992200032022083
0.3829420002148254
0.3552610005499446
0.3738309997061151
1.2596679998750915
1.847655999881681
0.3612810005506617
1.7185319993586745
0.3547910000634147
0.32708100025047315
1.2308280001889216
0.36707100025523687
0.3263789994889521
0.7052320006550872
1.8969080001625116
0.5221860001256573
0.9997899996960768
0.6593099997189711
0.3951620001316769
1.9075580003118375
0.36743100008607144
0.35844099966197973
0.39584200021636207
0.7487430002584006
0.75108300006832
1.9929109994336613
0.40317200000572484
1.2627579999389127
0.6593899997824337
0.34448099995643133
0.8943869997892762
0.3601399994295207
0.3715519997058436
1.1927859995921608
0.3788619997067144
0.6960610007809009
0.3351300001668278
0.4728639996756101
0.31724000018584775
1.4758750003238674
0.28766899959009606
0.3788109997913125
0.34709100054897135
0.6868010004836833
0.315029999910621
0.375530999917828
1.5996279998944374
0.37899200015090173
0.3576009994503693
0.2794290003294009
0.3823409997494309
0.4412640000737156
0.7295619998330949
1.2496669996835408
3.936699999940174
0.6993309998506447
0.4089920003025327
0.3943819992855424
0.42353299977548886
0.3511810000418336
0.3911719995812746
0.6826409999121097
0.3749309998966055
0.3614309998738463
1.5631980004400248
0.3803809995588381
1.7913949996000156
0.3924920001736609
0.41269299981649965
0.2776280007310561
0.33956000061152736
0.959259000410384
0.38428100015153177
1.6918620003707474
0.3820219999397523
0.9295280005972018
0.33842100037873024
0.3619399994931882
0.4714249998869491
0.3429099997447338
0.35021099938603584
0.41361299918207806
0.40719200023886515
1.9189479999113246
0.5132759997650282
1.1732460006896872
0.3444109997872147
0.301949999993667
1.0974939996231114
1.9678990001921193
0.6421600000976468
0.42601299992384156
0.4002719997515669
0.38705200040567433
1.019890999486961
2.573559000666137
0.4839850007556379
0.4307430008338997
0.30925900045986054
0.6967409999560914
2.006261000133236
0.9413689995199093
0.3296690001661773
0.3699119997691014
0.3287800000180141
0.36817099953623256
0.6622709997827769
0.3758019993256312
0.38400099947466515
0.33075000010285294
0.356429999555985
1.2620580000657355
0.8960870000009891
1.0617719999572728
0.41099299960478675
1.549356999930751
0.367790999916906
0.5339259996617329
0.31129900071391603
0.40937199992185924
2.276968999467499
1.9719700003406615
1.7183529998874292
0.39093199939088663
1.559506999910809
0.9833889998844825
0.4173520001131692
0.3521110002111527
0.3548619997673086
0.36306099991634255
0.36877100046694977
0.2952779996121535
0.399972000195703
1.7160269999294542
0.32033000024966896
0.39527200078737224
0.9964300006686244
0.2979790006065741
0.3007989998877747
0.8417660001214244
0.37197199981164886
1.4158689991745632
0.3454709994912264
0.3643609998107422
0.3978419999839389
0.36402100067789434
0.9419689995411318
0.35765099983109394
0.3522609995343373
0.4005920000054175
0.4108729999643401
0.3854569995382917
0.4386529999464983
0.4017219998786459
0.3500060001897509
0.30745999993087025
0.5439570004455163
0.3815610007222858
0.3459210001892643
0.2935490001618746
0.3236600005038781
0.34052999944833573
0.33810900004027644
0.34279999999853317
0.3272200001447345
0.38197100002435036
2.496095999958925
0.3444099993430427
0.3923919994122116
0.3505409995341324
0.37906099987594644
0.38302200027828803
0.34718999995675404
0.3479510005490738
0.4306330001782044
0.41064299966819817
0.41259200042986777
0.4139619995839894
0.4500839995671413
0.3762910000659758
1.0204410000369535
0.4126519997953437
0.43366299996705493
0.3990320001321379
0.45585399948322447
0.39566699979332043
0.38704199960193364
0.3941470004065195
0.37573200006590923
0.4076929999428103
0.30391000018425984
2.0242720001988346
1.9988719996035798
0.38354099979187595
0.4200229996058624
1.1196939994988497
0.3168699995512725
0.29758900018350687
0.3788010008065612
0.877956999829621
0.730271999600518
0.40174199966713786
0.4383929999676184
0.9060880001925398
0.3958850002163672
0.4060989995195996
0.4251420004948159
0.45915400005469564
0.3455500000200118
0.4137880005146144
0.4845849998673657
0.4170380007053609
0.48459400022693444
0.4549690002022544
0.36100600027566543
0.35389099957683356
0.3565110000636196
0.3272100002504885
0.43218400060140993
3.676702000120713
0.3538710006978363
0.375511000129336
0.43251300030533457
0.7688280002184911
0.36979600008635316
0.37490199974854477
0.439883000581176
0.5054550001659663
0.45899399992777035
0.42369299990241416
0.48164399959205184
0.3505200002109632
0.3875820002576802
0.48964500001602573
0.501599999552127
0.441198000771692
0.38684199989802437
0.5133959994054749
0.4338329999882262
0.3534400002536131
0.3735410000444972
0.3971619998992537
0.34163100008299807
1.3826719996359316
0.3092090000791359
0.3669810002975282
0.41271299960499164
0.34595999932207633
0.3863020001517725
0.3452060000199708
0.5992129999867757
0.4764949999298551
0.43825299962918507
0.4164080000919057
0.5120699997860356
0.31576899982610485
0.829524999971909
0.42120299985981546
0.41643300028226804
0.3981520003435435
0.3808820001722779
0.5825179996463703
0.37501100086956285
0.4023319997941144
0.4660539998440072
0.4188680004517664
0.4029119991173502
0.40822299979481613
1.2350080005489872
0.33940599951165495
0.3685510000650538
0.36388999978953507
0.3674609997688094
0.48056800005724654
0.35905299955629744
0.3732920004040352
0.40642200019647134
0.37945199983369093
0.3963369999837596
0.5158249996384257
0.8007070000530803
0.4144590002397308
0.32204000035562785
0.3681110001707566
0.325239999256155
0.43361300049582496
0.41199200040864525
0.4370930000732187
0.3885320002154913
0.4172330000073998
0.5031749997215229
0.36272099987399997
0.5090849999760394
0.30694900033267913
0.34697999944910407
0.34588300059112953
0.3862289995595347
0.727803000700078
0.7652929998585023
0.48664499990991317
0.2899589999287855
0.4664689995479421
0.3780010001719347
0.46991500039439416
0.4189420005786815
0.3947220002373797
0.30780399993091123
0.31409999974130187
0.4859339996983181
0.4531840004347032
0.36600100065697916
0.4826639997190796
0.34141000014642486
0.3555109997250838
0.3486010000415263
0.37300100029824534
0.440113000877318
0.35407100040174555
0.3719510004884796
0.41891300043062074
0.3218100000594859
2.391991999502352
0.36592200012819376
0.7956740000736318
0.6793060001655249
0.3844860002573114
1.1230840000280295
0.37078699915582547
0.39509199996246025
0.3760619993045111
0.3888119999828632
0.35453500004223315
0.4607740002029459
0.4096330003449111
0.5498470000020461
0.3366600003573694
0.3885469996021129
0.6213689994183369
0.762484000006225
0.35452500014798716
0.37142100063647376
0.4084629999852041
0.4149729993514484
0.338134999765316
0.36725499921885785
0.3560309996828437
0.419562000388396
0.39961200036486844
0.8289249999506865
0.7814729997335235
0.37989199972798815
0.4020019996460178
0.3913569998985622
0.43965100030618487
0.4443710004125023
0.35879999995813705
0.43540400019992376
0.42942300024151336
0.32707100035622716
0.942808000218065
0.38632700034213485
0.37423100002342835
0.5032709996157791
0.4438940004547476
0.3983709993917728
0.42925900015688967
0.47054900005605305
0.460190000012517
0.4341670000940212
0.4701749994637794
0.380775999474281
0.47403000007761875
2.293470000040543
0.32493899925611913
0.4219880001983256
0.4128680002395413
0.446089000433858
1.0690830004023155
0.9109780003200285
0.4244329993525753
0.4552829996100627
0.5193710003368324
0.3682609994939412
0.4368979998616851
0.33040499965864
0.43245800043223426
0.4154579992245999
0.42234299962728983
1.011054999253247
0.3732609993676306
0.8246299994425499
0.49719500020728447
0.46860400016157655
0.5248870002105832
0.45237300037115347
0.44901900037075393
0.3782559997489443
0.36573100078385323
0.46100400049908785
0.3334599996378529
1.167315999737184
0.7478930001525441
0.4517939996731002
0.42773299992404645
0.41896200036717346
0.44618900028581265
0.34892500025307527
0.39336200006800937
0.3940820006391732
0.4622840006049955
0.5172949995539966
0.6986810003581923
0.4246379994583549
0.36772099974768935
0.39560700042784447
0.39631199979339726
0.3901720001522335
0.3762420001294231
0.457814000583312
0.3608209999583778
0.34813000002031913
0.4894249996141298
0.8876669999153819
0.488605000100506
0.36158199964120286
0.3941770000892575
0.4712840000138385
0.36050600010639755
0.38821099951746874
0.46409000060521066
0.34610000057000434
0.32031399950938066
0.44014300056005595
0.384281999686209
0.39106199983507395
0.6747409997842624
0.5325060001268866
0.5442359997687163
0.4029629999422468
0.31670899988966994
0.3774920005525928
0.46719400052097626
0.445213000602962
0.38812200000393204
0.34711100033746334
1.3276299996505259
0.9866000000329223
0.5364260005080723
0.9171890005745809
0.37456100017152494
0.3803370000241557
0.37254099970596144
0.37384600000223145
0.3298599995105178
0.4415040002641035
0.3979720004281262
0.7519580003645387
0.38811200010968605
0.32398999974248
0.4118470005778363
0.46330399982252857
0.3336749996378785
0.3603859995564562
0.343560000146681
0.4029970004921779
0.40260700006911065
0.47026500033098273
1.0112410000147065
0.8543409994672402
0.4606689999491209
0.4013819998363033
0.41060199964704225
0.34053000035783043
0.3718409998327843
0.41137800053547835
0.3708559997903649
0.47852400075498736
0.7978349995028111
0.7241010007419391
0.3567610001482535
0.40963799983728677
0.40639200051373336
0.3630559995144722
0.3223390003768145
0.3131200001007528
0.3833519995168899
0.32824000027176226
0.40496299970982363
1.1177440001119976
0.3171090002069832
0.3693809994729236
0.37479200000234414
0.4541039998002816
0.3596010001274408
0.3279000002294197
0.3861420000248472
0.4031409998788149
0.36740100040333346
0.40424199960398255
0.3893610000886838
0.37763699947390705
0.3914620001523872
0.327879999531433
0.3639659998952993
0.37159700059419265
0.3833170003417763
0.4657239996959106
0.4111819998797728
0.39802199989935616
0.6725699995513423
0.6668599999102298
0.3831020003417507
0.32774999999674037
0.3979719995186315
0.28018800003337674
0.2675680007087067
0.3809909994743066
0.3225800001018797
0.3747610007849289
1.1941559996557771
0.6577000003744615
0.41825300013442757
0.3710809996846365
0.2734280005824985
0.32079999982670415
0.3656610006146366
0.36524099959933665
0.37352599974838085
0.3191600007994566
1.0199650005233707
0.6459199994424125
0.3322200000184239
0.3893670000252314
0.31738400048197946
0.39041200034262147
0.3159199995934614
0.45257399960974
0.31054999999469146
0.3362500001458102
1.3250110005174065
0.6408090002878453
0.46021399975870736
0.6337240001812461
0.3639169999587466
0.3071589999308344
0.4092230001333519
0.3029990002687555
0.3764810007851338
0.6948010004634853
0.71240199940803
0.29885900039516855
0.3766309991988237
0.3139689997624373
0.37523599985433975
0.3352549992996501
0.31166000007942785
0.5254150000837399
0.39290199947572546
0.8209859997805324
0.6918110002516187
0.4030919999422622
0.38084599964349763
0.3435259995967499
0.36921599985362263
0.34653000057005556
0.3466059997663251
0.3542099993865122
0.4050030001963023
0.3273590000389959
0.4908049995719921
0.6590989996766439
0.4006119997939095
0.35751100040215533
0.37048099966341397
0.7083219998094137
1.6321299999617622
0.32270000065182103
0.39634200038562994
0.7262720000653644
0.33937999978661537
0.34520100052759517
0.3871379994961899
0.3402249994906015
0.3912780002792715
0.3496250001262524
0.3541210007824702
0.4186229998595081
0.3029790004802635
0.37403199985419633
0.35169599959772313
0.32127400027093245
0.2964889999930165
0.3787320001720218
0.28799899973819265
0.4340329996921355
0.3203690002919757
0.36829199962085113
0.2872380000553676
0.3108549999524257
0.35770000067714136
0.32435999946756056
0.33786600033636205
0.4022670000267681
0.3273940001236042
0.33738599995558616
0.33553400044183945
1.6065289992184262
1.048066999828734
0.32331399961549323
0.389582000025257
0.3186389994880301
0.3180499998052255
0.37809100012964336
0.3315499998279847
0.3855169998132624
1.1117829999420792
0.6588239994016476
0.4673240000556689
0.4063579999638023
0.31783400027052267
0.3049589995498536
0.31235899950843304
0.3267499996582046
0.3586610000638757
0.37180199979047757
0.3583699999580858
0.41494200013403315
0.3720220001923735
0.3593009996620822
0.663689999782946
0.43298300079186447
0.3259549994254485
0.36684199949377216
0.430867999966722
0.39537799966637976
0.4167180004515103
0.3985720004493487
0.36425199959921883
0.4445330005182768
0.39661199934926117
0.7235920002131024
0.35308599944983143
0.3632560001278762
0.3421600004003267
0.3517599998303922
0.3623510001489194
0.3786309998758952
0.4270130002623773
0.3960129997722106
0.325485000757908
0.6805709999753162
0.36005599940835964
0.31665000005887123
0.3518010007610428
0.34422600037942175
0.29048299984424375
0.4544339999483782
0.44860400066681905
0.4185520001556142
0.37509200046770275
0.32656999974278733
0.9738999997352948
0.4581240000334219
0.7899140000517946
0.6962509996810695
0.37840100048924796
0.35354600004211534
0.37647600038326345
0.34452999989298405
0.4329129997131531
1.6480399999636575
0.7143020002331468
0.3192100002706866
0.811174999398645
0.39286700030061183
0.3751360000023851
0.33183000050485134
0.3775610002776375
0.3463259999989532
0.3488609991109115
0.3223550002076081
0.3305749996798113
0.3569010004866868
0.6941709998500301
0.7657329997527995
0.3572209998310427
0.31462399965676013
0.3813069997704588
0.36780600021302234
0.358411999513919
0.2941490001830971
0.3171299995301524
0.2913389998866478
0.4579940004987293
0.9186679999402259
0.7808840000507189
0.38167099955899175
0.3083689998675254
0.3061990000787773
0.33898000037879683
0.34988100014743395
0.2681279993339558
0.3835320003418019
0.4403339999043965
1.6027279998525046
0.7843639996281127
0.32398999974248
0.32171000020753127
0.3466810003374121
0.3806410004472127
0.3531909997036564
0.3570300004867022
0.3679310002553393
0.37553199945250526
0.6470689995694556
0.6863810003778781
0.3794410004047677
0.32733999978518113
0.33136999991256744
0.43772799926955486
0.364016000276024
0.34341999980824767
0.33028000052581774
0.36170099974697223
1.27845899987733
0.4085419996044948
0.35362099970370764
0.4329530001996318
0.40656199962540995
0.3618520004238235
0.4303229998185998
0.393661000089196
0.39847199968789937
0.2743779996308149
0.31295899952965556
0.3055299994230154
0.3275090002716752
0.389333000384795
0.7172820005507674
0.35396000021137297
0.3585009999369504
0.3616719995989115
0.3256899999541929
0.3798319994530175
0.32868000016605947
0.4227380004522274
1.1983559998043347
0.38463700002466794
0.7283519998964039
0.31965900052455254
0.45990399939910276
0.40512300074624363
0.37363100000220584
0.3281300005255616
0.36930100031895563
0.4262829997969675
0.3312999997433508
1.0657330003596144
0.42354299966973485
0.42598799973347923
0.42317800034652464
0.34716599930106895
0.35768599991570227
0.3836010000668466
0.341930999638862
0.3697709998959908
0.34383099955448415
1.4303030002338346
0.7423669994750526
0.41714800045156153
0.364911999895412
0.39558200023748213
0.3784870004892582
0.3384809997442062
0.3536809999786783
0.3332149999550893
