payload_size_bytes=10240
runs=1000
mean_ms=0.434
median_ms=0.369
stddev_ms=0.216
min_ms=0.256
max_ms=2.341
---raw---
1.4441040002566297
0.4645750004783622
0.30148899986670585
0.5442070005301503
0.8203750003303867
0.8203350007534027
0.30400899959204253
0.3533409999363357
0.5941179997535073
0.335599999743863
0.3101600004811189
0.3591510003388976
0.3086100005020853
1.1679959998218692
0.9180510005535325
0.3136289997200947
0.3456090007603052
0.36554100006469525
0.34569099989312235
0.39138200008892454
0.31617999957234133
0.34406000031594886
0.5223309999564663
0.36880100014968775
1.008239999464422
0.5848479995620437
0.27782799952547066
0.3229200001442223
0.37992199941072613
0.35252099951321725
0.40052199983620085
0.3951419994336902
0.49957499959418783
0.3411960005905712
0.41057199996430427
0.3469599996606121
0.4106719998162589
0.3553909991751425
0.32994000048347516
0.36260899923945544
0.2984669999932521
0.5679480000253534
0.3615910000007716
0.8683759997438756
0.3635809998741024
0.8429650006291922
0.37236099979054416
0.3539509998518042
2.33773200034193
0.32764000025053974
0.44872399939777097
0.41031199998542434
0.3565400002116803
0.33737000012479257
0.32981999993353384
0.3014189996974892
0.3954919993702788
0.313989000460424
0.4453830006241333
0.3912720003427239
1.062192000063078
0.606787999458902
0.411506999625999
0.36165099936624756
0.45198399948276347
0.9597990001566359
0.28241899963177275
0.39013199966575485
0.4128320006202557
1.1338000003888737
1.8970780001836829
0.3864460004479042
1.754128999891691
0.3258400001868722
0.40687199998501455
0.3278400008639437
0.3556299998308532
2.01105100040877
0.37595100002363324
0.4081070001120679
0.40889800038712565
0.35553199995774776
0.3718110001500463
0.4057260002809926
0.40251000064017717
0.3876390001096297
0.32916399959503906
0.38723600027879
0.34444100037944736
0.3999129994554096
0.6891709999763407
0.34340100046392763
0.35851000029651914
0.35255100010544993
0.47278400052164216
0.7669229999009985
0.4527139999481733
0.405062000027101
0.42408199988130946
0.8180849999916973
0.36769100006495137
0.3450700005487306
0.3512310004225583
1.0067639996123035
0.41056999998545507
0.31651900008000666
0.5042749999120133
0.9012770005938364
0.3300700000181678
0.43918899973505177
0.3836270007013809
0.38533599945367314
0.38754700017307186
0.29899899982410716
0.37503099974856013
0.3233500001442735
0.3469009998298134
0.3394550003577024
0.3743070001291926
0.39323199962382205
0.401182000132394
0.3766820000237203
0.4004619995612302
0.36378200002218364
0.36401299985300284
0.45790399963152595
1.190492999739945
0.34956099989358336
0.37394099945231574
0.3694870001709205
0.3924570000890526
0.35374100025364896
0.34513999980845256
0.41577299998607486
0.42201700034638634
0.3028800001629861
0.358630999471643
0.7017010002527968
0.3756120004254626
0.3512309995130636
0.33246000020881183
0.3618359996835352
0.3548829999999725
0.6611470007555909
0.3534110001055524
0.3337899997859495
0.36635099968407303
0.43389800066506723
0.32924699917202815
0.2885489993786905
0.43086099958600244
0.6457399995269952
0.3395000003365567
0.3628510003181873
0.3834119997918606
0.7237809995785938
0.33344300027238205
0.3718009993463056
0.43758999981946545
0.43713600007322384
0.43441100024210755
0.30286899982456816
0.8015540006454103
0.29748900033155223
0.33555000027263304
0.8559460002288688
0.3348660002302495
0.3869160000249394
0.3088390003540553
0.5407019998528995
0.33036500008165604
0.38197100002435036
0.38750200019421754
0.3361999997650855
0.4002880004918552
0.3492799996820395
0.3528750003169989
0.3385800000614836
0.6549690006067976
0.3194150003764662
0.4297929999665939
0.41524799962644465
0.3796500004682457
0.32856999951036414
0.3224100000807084
0.3538709997883416
0.35499099976732396
0.37046200031909393
0.47338399963336997
1.181536000331107
0.3620159995989525
0.392516000829346
0.3864469999825815
0.3571190000002389
0.34141800006182166
0.4367040000943234
0.38128599953779485
0.33080499997595325
0.296211999739171
0.3377010007170611
0.37005299964221194
0.6365899998854729
0.3654989995993674
0.3657589995782473
0.2982789992529433
0.3854059996228898
0.36266600000089966
0.35053300052823033
0.3573180001694709
0.3846619993055356
0.414566000472405
0.6562570006281021
0.3919219998351764
0.3815610007222858
0.6771210000806605
0.2863079998860485
0.39030199968692614
0.5119059997014119
0.3112399999736226
0.3692899999805377
0.29820899999322137
0.3733710000233259
0.36744099998031743
0.34882100044342224
0.35917100012738956
0.3655009995782166
0.39601200023753336
0.3303599996797857
0.3282900006524869
0.32926900075835874
0.32589999955234816
0.3307699998913449
0.5931180003244663
0.37260200042510405
0.3967970005760435
0.6217029995241319
0.3521709995766287
0.4436740000528516
0.4340630002843682
0.3802920000453014
0.3615810001065256
0.31477999982598703
0.5694970004697097
0.5456069993670098
0.29280899980221875
0.42914300047414145
0.37752100070065353
0.44769399937649723
0.366561000191723
0.34186999982921407
0.3650110002126894
0.43472299967106665
0.3231089995097136
0.4333340002631303
0.36394199923961423
0.31304000003729016
0.3372810006112559
0.3709520005941158
0.3078700001424295
0.3087900004175026
0.3514300005917903
0.304809000226669
0.3342199997860007
0.3890010002578492
0.3455010000834591
0.3539560002536746
0.38173799930518726
0.3558510006769211
0.3971520000050077
0.3713120004249504
0.36011100019095466
0.3787260002354742
0.4264230001354008
0.3065150003749295
0.33040000016626436
0.2906790004999493
0.39392700000462355
0.32420000025012996
0.37015199995948933
0.34193000010418473
0.3786690003835247
0.30593999963457463
0.39041200034262147
0.34498999957577325
0.2693979995456175
0.46698900041519664
0.36710099993797485
0.3358110006956849
0.42949799990310566
0.4020830001536524
0.4335230005381163
0.3259589993831469
0.2931079998234054
0.3374500001882552
0.351319999936095
0.36274099966249196
0.3104799998254748
0.32590999944659416
0.374301000192645
0.3756609994525206
0.34539100033725845
0.3939320004064939
0.34155999946960947
0.417778000155522
0.38859600044816034
0.4734249996545259
0.8046839993767207
0.42392800060042646
0.3214999996998813
0.36843599991698284
0.367790999916906
0.3734460005944129
0.34617100027389824
0.3025189998879796
0.3467250007815892
0.31946499984769616
0.30429900016315514
0.37257599979056977
0.6333989995255251
0.3831569993053563
0.3535980004016892
0.4300700002204394
0.38814199979242403
0.5372860005081748
0.40440199973090785
0.2925590006270795
0.3558409998731804
0.3136489995085867
0.350995999724546
0.7053509998513618
0.3737659999387688
0.29273800009832485
0.34027099991362775
0.39979299981496297
0.3851929996017134
0.3720209997482016
0.3245799998694565
0.42633300017769216
0.2956790003736387
0.3866240003844723
0.3755089992409921
0.6897670000398648
0.33167399942612974
0.34071099980792496
0.3936550001526484
0.34695300018938724
0.35636500069813337
0.3588009994928143
0.3126999999949476
0.37872099983360386
0.383814000088023
0.39423500038537895
0.7183310008258559
0.32916999953158665
0.3726459999597864
0.3914220005754032
0.327830000060203
0.36727099995914614
0.43879399981960887
0.3685709998535458
0.3087999994022539
0.3539910003382829
0.3693509997901856
0.3651410006568767
0.36945099964214023
0.32086900046124356
0.37971199981257087
0.4092819999641506
0.3626509997047833
0.3648510000857641
0.3625310000643367
0.36075100069865584
0.34490100006223656
0.38867300008860184
0.3660140000647516
0.42856000072788447
0.3907119998984854
0.3480710001895204
0.3872950001095887
0.7407600005535642
0.3390499996385188
0.3657709994513425
0.3561200001058751
0.4612970005837269
0.5371150000428315
0.4028329994980595
0.3620610004873015
0.3559500000847038
0.3349899998283945
0.3267599995524506
0.3022400005647796
0.4124329998376197
0.38402100017265184
0.39912200008984655
0.4089820004082867
0.3642820001914515
0.35490000027493807
0.3032390004591434
0.43562900009419536
0.3556060000846628
0.35239299995737383
0.3484600001684157
0.3471079999144422
0.3734940000867937
0.33828300001914613
0.36262899993744213
0.3670610003609909
0.349879999703262
0.3308300001663156
0.3968519995396491
0.35096100054943236
0.43020300017815316
0.3025400001206435
0.3485610004645423
0.3798610005105729
0.8773769995968905
0.35771599959844025
0.4868890000579995
0.4116829995837179
0.3985520006608567
0.433946000157448
0.4264600001988583
0.3528000006554066
0.8874970008037053
0.3863020001517725
0.4248929999448592
1.225597000484413
0.3127919999315054
0.3154599999106722
0.4444840005817241
0.35804600065603154
0.3585109998311964
0.42655800007196376
0.3068790001634625
0.47089999952731887
0.361290999535413
0.363920999916445
0.3216089999114047
0.35683100031747017
0.36601100055122515
0.5800270000690944
0.3497850002531777
0.32536099934077356
0.3521210001053987
0.3521900007399381
0.41905299985955935
0.3813920002357918
0.29942800028948113
0.28505899990705075
0.4275439996490604
0.3918310003427905
0.27449899971543346
0.36243100021238206
0.3606609998314525
0.32191000082093524
0.8910870001272997
0.29996900047990493
0.32439999995403923
0.8285440007966827
0.42020399996545166
0.35835000016959384
0.32669000029272866
0.3814820001935004
0.3027989996553515
0.37922299998172093
0.3612099999372731
0.3515599992169882
1.3468319993990008
0.3381200003786944
0.40286200055561494
0.37160099964239635
0.6461089997173985
0.30721900020580506
0.39500300044892356
0.3935669992642943
0.37996900027792435
0.3410970002732938
0.33732500014593825
0.378306000129669
0.432193000051484
0.33856100071716355
0.3420510001888033
0.30368900024768664
0.39557200034323614
0.37112100017111516
0.32420000025012996
0.3642209994723089
0.7633929999428801
0.399952000407211
0.658330000078422
0.38549200053239474
0.3584810001484584
0.3589610005292343
0.3197189998900285
0.3328749999127467
0.38432899964391254
0.3552879998096614
0.3581910004868405
0.30523900022672024
1.6908999996303464
0.33893999989231816
0.28506899980129674
0.8704760002729017
2.341161999538599
0.42828799996641465
0.37886700010858476
0.2916690000347444
0.295021999590972
0.3771389992834884
1.223427000695665
0.26451800022186944
0.2936589999080752
0.42688400026236195
0.3768110000237357
0.3821419995801989
0.3426609991947771
0.3738920004252577
0.4696480000347947
0.31204700007947395
0.3880719996232074
0.3757960002985783
0.40202699983638013
1.252238000233774
0.29539399929490173
0.4454589998204028
0.36684399947262136
0.3476780002529267
0.37006700040365104
0.34688999949139543
0.39205699977173936
0.39682199985691113
0.33854499997687526
0.392156999623694
0.9547289992042352
0.7318670004679007
0.38261100053205155
0.3739160001714481
0.3290129998276825
0.3174090006723418
0.3802839992204099
0.3518599996823468
0.369010999747843
0.38194199987628963
0.2959490002467646
0.3690310004458297
0.35085800027445657
0.3845089995593298
0.506784999743104
0.3172189999531838
0.9255180002583074
0.7045219999781693
0.4331780000939034
0.372757000150159
0.35656100044434424
0.30344000060722465
0.271378000434197
0.8485250000376254
0.828010999612161
0.3783109996220446
0.3603909999583266
0.6829399999332963
0.4189929995845887
0.3713890000653919
0.33587999951123493
0.349097999787773
0.36782400002266513
0.7058889996187645
0.32047999957285356
0.28519900024548406
0.31891999969957396
0.388372000088566
0.4164420006418368
0.35593099983088905
0.3854220003631781
0.6898410001667798
0.39745200047036633
0.3802960000029998
0.304848999803653
0.37021899970568484
0.36469800033955835
0.33974000052694464
0.8638169992991607
0.6320590000541415
0.36555099995894125
0.39238099998328835
0.5022679997637169
0.36625800021283794
0.3912369993486209
0.3953519999413402
0.3472260004855343
0.9156979995168513
0.75838299926545
0.3184400002282928
0.3447399994911393
0.3576799999791547
0.3318499993838486
0.36918200021318626
0.3324529998280923
0.375492000785016
0.40193399945565034
0.37607099966407986
0.609468999755336
0.3961570000683423
0.3810719999819412
0.3445350002948544
0.3002339999511605
0.3826950005532126
0.36674199964181753
0.36420400010683807
1.0356610000599176
0.33850999989226693
0.3971639998781029
0.3459529998508515
0.36515600004349835
0.38250200032052817
0.3437589994064183
0.43689700032700785
0.3836189998764894
0.5021049992137705
0.7619329999215552
0.6602600005862769
0.2927289997387561
0.35704099991562543
0.4099630004930077
0.3588820000004489
0.3890010002578492
0.3544209994288394
0.2871589995265822
0.34898099966085283
0.42881299941655016
0.6939909999346128
0.34913099989353213
0.8386760000576032
0.35235099949204596
0.3270700008215499
0.32868000016605947
0.39911200019560056
0.31825899986870354
0.3325099996800418
0.3527409999151132
1.2580989996422431
0.3742620001503383
0.6184190006024437
0.3892419999829144
0.3868710000460851
0.36351099970488576
0.360041000021738
0.3686239997477969
0.34856999991461635
0.3060770004594815
0.36373999955685576
0.7662529997105594
0.4059020002387115
0.3579009999157279
0.39259200002561556
0.35258400021120906
0.40243900002678856
0.4094120004083379
0.5222959998718579
0.26060800064442446
0.8836279994284268
0.2892279999286984
0.3388309996807948
0.34839999989344506
0.44565400003193645
0.7602730001963209
0.4074320004292531
0.2847089999704622
0.38097200012998655
0.3907910004272708
0.39747500068187946
0.8449739998468431
0.3281799999967916
0.6226590003279853
0.4043849994559423
0.6972390001465101
0.35035100063396385
0.353720000020985
0.3756609994525206
0.352320999809308
0.3151199998683296
0.3663360002974514
0.36443099997995887
0.8142200003931066
0.3422800000407733
0.444764000349096
0.6396489998223842
0.29933899986644974
0.3432299999985844
0.363881000339461
0.3185800005667261
0.34098000014637364
0.3205900002285489
0.8906869998099864
0.36803100010729395
0.38861200027895393
0.42694300009316066
0.4696440000770963
0.4007969992017024
0.38534199939022074
0.3504659998725401
0.3584259993658634
0.3706719999172492
0.36253599955671234
0.3412200003367616
0.33645000075921416
0.777743999606173
0.7285120000233292
0.6953910005904618
0.3812319991993718
0.3715010006999364
0.34158400012529455
0.3693689995998284
0.36007400012749713
0.3634609993241611
0.3452680002737907
0.36734399964188924
0.32379899948864477
0.277908000498428
0.4943149997416185
0.6813600002715248
0.3953619998355862
0.43602599998848746
0.32848699993337505
0.40188799994211877
0.32096399991132785
0.3312600001663668
0.32590000046184286
0.3330999998070183
0.3619310000431142
0.9223590004694415
0.30409899954975117
0.3659210005935165
0.4785940000147093
0.3594210002120235
0.3835119996438152
0.38815199968667
0.3814410001723445
0.38149100055306917
0.33509999957459513
0.3419999993639067
0.32487000044056913
0.39729200034344103
0.5697179994967883
0.6594599999516504
0.3969019999203738
0.343120999787061
0.3356200004418497
0.3801909997491748
0.37267100015014876
0.8139849996950943
0.29056800030957675
0.370232000022952
0.3705609997268766
0.7473929999832762
0.38731199947505957
0.3012990000570426
0.31896999917080393
0.5427359992609126
0.31196000054478645
0.3514830004860414
0.9399259997735498
0.34210499961773166
0.30750000041734893
0.34895499993581325
0.35429000035946956
0.6579499995496008
0.3958970000894624
0.3423309999561752
0.30982000043877633
0.3536100002747844
0.5700379997506388
0.35301700063428143
0.3809909994743066
0.7760329999655369
0.8744659999138094
0.808925000455929
0.36766000084753614
0.3411030002098414
0.3348399995957152
0.32596699929854367
0.39393499992002035
0.8497740000166232
0.35039999966102187
0.32792999991215765
0.6053380002413178
0.369963000593998
0.41293999947811244
0.3424699998504366
0.34181299997726455
0.3833419996226439
0.3901690006387071
0.3757660006158403
0.30300899925350677
0.3485549996185
0.4192119995423127
0.3286600003775675
0.3851120000035735
0.33777099997678306
0.41666399920359254
0.495154999953229
0.6852300002719858
0.4369429998405394
0.3453409999565338
0.38039200080675073
0.38301600034174044
0.3981670006396598
0.43739800003095297
0.3652770001281169
0.3665509993879823
0.3203690002919757
0.4189829996903427
0.779213999521744
0.3108789996986161
0.5430569999589352
0.29715899927396094
0.5907280001338222
0.4079020000062883
0.3498309997667093
0.47304500003519934
0.3523459999996703
0.32802500027173664
0.34182099989266135
0.373300000319432
0.5597570007012109
0.9225789999618428
0.32920000012381934
0.36379199991642963
0.3432509993217536
0.40765199992165435
0.35455499983072514
0.4017119999843999
0.3830190007647616
0.29245600035210373
0.356180999915523
0.3504209998936858
0.33477000033599325
0.30924100065021776
0.38811200010968605
0.3356179995535058
0.34719999985100003
0.35700100033864146
0.3643710006144829
0.6152080004540039
0.33290999999735504
1.0021809994213982
0.39725199985696236
0.3320800005894853
0.36290099978941726
0.3453900008025812
0.35424099951342214
0.38682700051140273
0.33055000039894367
0.4373239999040379
0.9004019993881229
0.9831899997152505
0.5965679993096273
0.3733809999175719
1.0780740003610845
0.36044100033905124
1.729470999634941
0.30790999971941346
0.28570900030899793
0.42837299952225294
0.39432199992006645
0.33957999949052464
0.33368000003974885
0.3563009995559696
0.29576900033134734
0.37740200059488416
0.2800980000756681
0.3348699992784532
0.30185000014171237
0.30918199990992434
0.5795850001959479
0.3006790002473281
0.3186900003129267
0.30590999995183665
0.26525799967203056
0.2560279999670456
0.28968900005565956
0.8168140002453583
0.31668900010117795
0.47493400052189827
0.38735199996153824
0.2982599999086233
0.3728020001290133
0.3732110008058953
0.32903000010264805
0.40592200002720347
0.28378099977999227
0.358801000402309
0.4025919997729943
0.2972709999085055
0.3098659999523079
0.32842000018717954
0.8352159993592068
0.659599999380589
0.30298000001494074
0.4836349999095546
1.5038109995657578
0.42055999983858783
0.3996340001322096
0.34870599938585656
1.6300899997077067
0.3365319998920313
1.0845910001080483
0.3069619997404516
0.3421080000407528
0.8855569994921098
0.409942999795021
0.4082329996890621
0.3937720002795686
0.45391299954644637
0.3444200001467834
0.4279430004316964
0.3145299997413531
0.399982000089949
0.3275500002928311
0.36146999991615303
0.4110330000912654
0.3081800005020341
0.39246200049092295
0.6207309997989796
0.3707609994307859
0.45425099960993975
0.31757000033394434
0.35396000021137297
0.43674300013663014
0.35036099961871514
0.3643259997261339
0.3412450005271239
0.43302299945935374
0.3967620004914352
0.2910740004153922
0.34433099972375203
0.3560410004865844
0.5745819998992374
0.37219699970592046
0.6644700006290805
0.35940599991590716
0.3849519998766482
0.3717110002980917
0.34176000008301344
0.4473830003917101
0.3468310005700914
0.36526100029732333
0.36847100000159116
0.31744900024932576
0.3571999995983788
0.2858079997167806
0.40240199996333104
0.3501310002320679
0.2836089997799718
0.2635370001371484
0.3360699993208982
0.3593809997255448
0.2989590002471232
0.4530039996097912
0.348830000802991
0.3239109992136946
0.43548299981921446
0.34997999955521664
0.33941999936359935
0.3323699993416085
0.3007889999935287
0.4201929996270337
0.4270429999451153
0.525059999745281
0.371631000234629
0.41928999962692615
0.39271900004678173
0.43131300026288955
0.30461900041700574
0.3181889996994869
0.34064999999827705
0.37531100042542676
0.3243000001020846
0.3346599996802979
0.48853499993128935
0.3069499998673564
0.3757640006369911
0.44324299960862845
0.6095160006225342
0.7050510002954979
0.2734280005824985
1.2847990001318976
0.5525470005522948
0.5538670002351864
0.4994239998268313
0.39906300025904784
0.42154299990215804
0.28034800016030204
0.29884900050092256
0.345810999533569
0.3948859994125087
0.3662819999590283
0.358296999365848
0.6806700002925936
0.34344999949098565
