payload_size_bytes=10240
runs=1000
mean_ms=0.487
median_ms=0.379
stddev_ms=0.373
min_ms=0.263
max_ms=3.961
---raw---
0.36983199970563874
0.3712409998115618
1.5993980005077901
0.4526740003711893
0.4884550007773214
0.4405130002851365
1.0105210003530374
0.35311099964019377
0.6064879999030381
1.7354330002490315
0.383262000468676
0.6624099996770383
1.5401959999508108
0.3509600001052604
0.363901000127953
0.3920420003851177
0.3918450001947349
0.3555610001058085
0.4064900003868388
0.41567300013412023
0.3334499997436069
0.35873099932359764
0.630028999694332
0.4244329993525753
0.4125720006413758
0.4259330007698736
1.19854700005817
0.7517229996665264
0.2976790001412155
0.33402000008209143
0.32838999959494686
0.9633489999032463
0.5301669998516445
0.38751200008846354
0.37500100006582215
0.3780209999604267
1.260037999600172
0.41196199981641257
0.35591100004239706
0.31795900031283963
0.4191630005152547
0.43554399962886237
0.3875820002576802
0.3696610001497902
3.3099299998866627
0.3909309998562094
0.4940549997627386
0.3594509998947615
0.3463630000624107
0.3544770006556064
0.3812420000031125
0.5427559999588993
1.1514349998833495
1.980101000299328
0.34808999953384046
0.37767100002383813
0.5268260001685121
0.34666999999899417
0.4474730003494187
1.8193850000898237
0.3664010000647977
0.3954620005970355
0.3959519999625627
0.7640929998160573
0.4056429997945088
0.3397310001673759
0.3389210005479981
0.3327710001030937
0.45621400022355374
0.3446000000622007
0.3956720001951908
0.39134199960244587
0.39278199983527884
1.3279610002427944
0.3790319997278857
0.2981690004162374
0.34520100052759517
0.3737309998541605
0.3034700002899626
0.37959199926262954
0.3165600001011626
0.462914000308956
0.38914700053283013
0.4008720006822841
0.4991149999113986
0.3298900001027505
0.3913470000043162
1.7054419995474746
0.3824620007435442
0.3558409998731804
0.49724499967851443
0.41590199998609023
0.9780099999261438
0.4495530001804582
0.46026400013943203
0.4316829999879701
0.36647100023401435
0.43373400058044354
1.9266689996584319
0.3863519996230025
0.48071399942273274
0.4643239999495563
0.4241330007062061
0.777932999881159
0.4556139992928365
0.3815609998127911
0.42569299966999097
0.3665309995994903
0.38129199947434245
0.35006100006285124
0.7191320000856649
0.37898200025665574
0.38844200025778264
1.8620759992700187
0.3762819997064071
0.408932000027562
0.4160030002822168
0.3578609994292492
0.3815519994532224
0.40503199943486834
0.32887999986996874
0.35066100008407375
0.3378410001459997
0.3725019996636547
0.41741200038813986
0.3880320000462234
1.9807899998340872
0.3536100002747844
0.3731119995791232
0.34296000012545846
0.38794200008851476
0.3434809996178956
0.3685909996420378
0.35808099983114516
0.3585310005291831
0.3721709999808809
0.29200900007708697
0.38061100076447474
0.39833200025896076
0.38580199998250464
0.9120180002355482
0.3853719999824534
0.8781460001046071
0.32138999995368067
0.38851099998282734
0.3628309996202006
0.42866300009336555
0.32996000027196715
0.3559699998731958
0.3221300003133365
0.3662809995148564
0.36340099995868513
0.3738709992830991
0.3522509996400913
0.33213000006071525
0.3386999997019302
0.3442799998083501
0.33024000003933907
0.36397099938767496
0.35193100029573543
0.3558099997462705
0.3908950002369238
0.36784100029763067
0.44572099977813195
0.35716099955607206
0.3065900000365218
0.30521899952873355
0.6960210002944223
0.38670200046908576
0.3422600002522813
0.3755119996640133
0.41030200009117834
0.3869920001307037
0.3467400001682108
0.3906819993062527
0.35580099938670173
0.3845709998131497
0.66101999982493
1.3417109994406928
0.4202029995212797
0.3284499998699175
0.3107900001850794
0.30226900071284035
0.45620399941981304
0.8480650003548362
0.2971190006064717
0.7756040004096576
0.395911999476084
0.3416899999137968
0.36448100036068354
0.7907539993539103
0.7410119997075526
0.302188999739883
0.33441999948990997
0.40122500013239915
2.8396929992595688
0.38253200000326615
0.29313899995031534
0.30614900060754735
0.33136999991256744
0.29932899997220375
0.35288999970362056
0.31953000052453717
0.34858000071835704
0.3570810004021041
0.40439199983666185
0.7567229995402158
0.8020940003916621
0.38036200021451805
0.7809440003256896
0.390791999961948
0.2975819998027873
0.5789599999843631
0.47175899999274407
0.37351599985413486
0.3545810004652594
0.3850960001727799
0.33234300008189166
0.518832999659935
0.33351999991282355
0.3110589996140334
2.9547300000558607
0.4205349996482255
2.6854580000872375
1.109634000385995
0.8527559994035983
1.947849000316637
0.37415200040413765
0.3875010006595403
0.37531099951593205
0.3829520001090714
0.33474000065325527
1.7567929999131593
1.9466699995973613
2.0007709999845247
1.9412390001889435
0.3306399994471576
0.34386100014671683
0.3240589994675247
1.8908080000983318
1.8766979992506094
0.31779900018591434
0.42606299939507153
0.3674509998745634
0.3739809999387944
3.161015999467054
0.515746000019135
0.41270300062024035
0.39821200061851414
0.7246619998113601
0.38035200032027205
1.5346359996328829
0.34126999980799155
0.36694099981104955
0.3889319996233098
0.35696600025403313
0.4000469998572953
0.40313199951924616
0.47865400028967997
0.4652340003303834
0.4186730002402328
1.8626959999892279
0.46440400001301896
0.371700999494351
0.47782499950699275
0.4292679996069637
0.3530909998517018
0.34037000023090513
2.6626459994076868
0.3530710000632098
0.36555100086843595
0.36273099976824597
0.34830099957616767
0.40609199913888006
2.0300810001572245
1.7153930002677953
0.6617500002903398
0.36921199989592424
0.4915149993394152
1.940089000527223
2.328081000086968
2.004521000344539
1.9757499994739192
0.3059190003114054
0.36924100004398497
1.2407869999151444
0.3378100000190898
0.8171550007318729
0.6846709993624245
0.3626509997047833
2.182747000006202
0.38815199968667
0.3700910001498414
3.961249999520078
1.7007710002872045
0.37756200072180945
0.3485310007818043
0.33991000054811593
0.4132029998800135
0.32237999948847573
0.3533709996190737
0.33648999942670343
0.40471200009051245
0.4839140001422493
0.3820219999397523
0.33402000008209143
0.2933890000349493
0.5218160004005767
0.38402700010919943
0.7632930000909255
0.9375760000693845
0.3651610004453687
0.46331399971677456
0.5074459995739744
0.3289799997219234
0.40250999973068247
0.36180100050842157
0.3798909992838162
0.3920819999621017
0.8855369997036178
0.36133100002189167
0.9117480003624223
0.3199600005245884
0.27572900035011116
0.3536000003805384
0.3731809993041679
2.511996000066574
0.33695999991323333
0.4279830000086804
0.3649809996204567
0.7999350000318373
1.80255500072235
0.3819209996436257
0.4974849998689024
1.2234080004418502
0.3687309999804711
0.3693609996844316
0.7401519997074502
0.4148030002397718
1.963618999980099
0.33495000025141053
0.32797000039863633
0.3744309997273376
0.38440199932665564
0.38698099979228573
1.3714619999518618
0.39971200021682307
0.28441900030884426
0.7207029993878677
0.36524100050883135
0.3900120000253082
0.347440000041388
0.34191099985037
0.9371779997309204
0.32435999946756056
0.43400399954407476
0.5374069996832986
0.7499020002796897
0.340909999977157
0.3637609997895197
0.3247189997637179
0.3540010002325289
0.39869200008979533
0.3324509998492431
0.41927199981728336
0.38007199964340543
0.35565100006351713
0.35789000048680464
0.930767999307136
0.30655999944428913
0.3896529997291509
0.4159030004302622
0.4178520002824371
0.36545199964166386
0.7313830001294264
0.35559099978854647
0.4177330001766677
0.31624900020688074
0.3289500000391854
0.3364300000612275
0.3269199996793759
0.3526210002746666
0.5497570000443375
0.3770419998545549
0.7272720004039002
0.38872200002515456
0.36507299955701455
0.33826100025180494
0.38982199930615025
0.3950520003854763
0.33942200025194325
0.373338999452244
0.3202600000804523
0.39044200002535945
0.29776900009892415
0.4298330004530726
0.3413199992792215
0.7156319998102845
0.3664410005512764
0.5971190003037918
0.7064110004648683
0.34190999940619804
0.3674810004667961
0.3229300000384683
0.44506600079330383
0.364788000297267
0.39256700074474793
0.2816679998431937
0.4142500001762528
0.3654789998108754
0.36726100006490014
0.47376499969686847
0.39109199951781193
0.3938250001738197
0.4563709999274579
0.3119989996775985
0.33491999965917785
0.4199759996481589
0.7766400003674789
0.36230099976819474
0.3772119998757262
0.309968999317789
1.5267159997165436
0.4075820006619324
0.7642130003659986
0.5637670001306105
0.37754599998152116
0.3751169997485704
0.4839490002268576
0.348705000760674
0.34739100010483526
0.3860119995806599
0.3010989994436386
0.4618439998012036
0.2904579996538814
0.40574299964646343
0.4147419995206292
0.39664199994149385
0.402373000724765
0.7559530004073167
0.43394299973442685
0.3740010006367811
0.38671199945383705
0.38731199947505957
0.3313150000394671
0.6188490006024949
0.5587269997704425
0.33200000052602263
0.6814700000177254
0.4131820005568443
0.3724210000655148
0.37971199981257087
0.3215099995941273
0.4115649999221205
0.3329400005895877
0.3220799999326118
0.3672880002341117
0.6171180002638721
0.6025279999448685
0.7318620000660303
0.37585399968520505
0.36572099998011254
0.3986849997090758
0.3435379994698451
0.32614700012345565
0.3504610003801645
0.3543999991961755
0.3530710000632098
0.3615810001065256
0.30802899982518284
0.40256199918076163
0.3910570003426983
0.6587899997612112
0.3673820001495187
0.33133999932033475
0.34433099972375203
0.39083699994080234
0.3592610000850982
0.3961180000260356
0.30368900024768664
0.32637000003887806
0.31466899963561445
0.38316599966492504
0.7030409997241804
0.4497840000112774
0.38009099989722017
0.3657440001916257
0.34227699961775215
0.2719980002439115
0.36775100033992203
0.3260530002080486
0.450112999715202
0.7389419997707591
0.6934889997864957
0.42865300019911956
0.508727000124054
0.43051299962826306
0.41928000064217485
0.3883869994751876
0.3521610005918774
0.44153700036986265
0.3349600001456565
0.33367000014550285
0.4021820004709298
0.39971200021682307
0.3886419999616919
0.2909089998865966
0.3354999998919084
0.32174999978451524
0.4391429993120255
0.3584709993447177
0.40568500025983667
0.39638899943383876
0.3553610004018992
0.32036000084190164
0.378306000129669
0.3084599993599113
0.39880199983599596
0.3426610001042718
0.29122900014044717
0.368847000572714
0.3510850001475774
0.8327549994646688
0.37145100031921174
0.3550510000422946
0.5261509995762026
0.33521999921504175
0.36361599995871074
0.35655099964060355
0.3572109999367967
0.3397600003154366
0.4131879995838972
0.35092000052827643
0.33738999991328456
0.33304000044154236
0.3484500002741697
0.3719509995789849
0.31784000020707026
0.3097790004176204
0.3900219999195542
0.3686910004034871
0.5492109994520433
0.33041000006051036
0.438397999459994
0.3625110002758447
0.35007000042242
0.6669710001006024
0.3083399997194647
0.33058999997592764
0.31913000020722393
0.3904920004060841
0.31063900041772285
0.3362000006745802
0.33612999959586887
0.41742199937289115
0.38654199943266576
0.38067200057412265
0.4208469999866793
0.34014799985016
0.36384099985298235
0.377942000341136
0.3963550007028971
0.41241100007027853
0.40496099973097444
0.40472199998475844
0.33430999974370934
0.3842169999188627
0.3669179995995364
0.3705220005940646
0.3921389998140512
0.302389000353287
0.36092099981033243
0.38669200057483977
0.4267530002834974
0.37573200006590923
0.42480299998715054
0.4063520000272547
0.3526999998939573
0.36011099928145995
0.32717999965825584
0.4332830003477284
0.38715200025762897
0.3464009996605455
0.41500299994368106
0.35691599987330846
0.32407999970018864
0.3500060001897509
0.3469200000836281
0.4113380000489997
0.32423399989056634
0.4023120000056224
0.3599500005293521
0.43493399971339386
0.3051489993595169
0.3067190000365372
0.364101000741357
0.322969000080775
0.4473040007724194
0.3223190005883225
0.36538099993776996
0.3554420000000391
0.35375500010559335
0.4344930002844194
0.3727909997905954
0.3559810002116137
0.5782130001534824
0.43892300072911894
0.33241999972233316
0.33100999917223817
0.29205900045781163
0.3950219997932436
0.3733510002348339
0.3707610003402806
0.43251300030533457
0.3701310006363201
0.36665100014943164
0.4475329997148947
0.3297600005680579
0.3765239998756442
0.3779400003622868
0.32780400033516344
0.42907799979730044
0.358781000613817
0.3953120003643562
0.3309499998067622
0.3442999995968421
0.37198400059423875
0.3746290003618924
0.32528999963687966
0.37663199964299565
0.36593000004359055
0.33895000069605885
0.3235929998481879
0.43906100017920835
0.3786910001508659
0.6524820000777254
0.33505999999761116
0.3670409996630042
0.3703279999172082
0.3595409998524701
0.3545910003595054
0.33599000016693026
0.36343600004329346
0.37069099926156923
0.35732099968299735
0.49777000003814464
0.3712110001288238
0.35578100050770445
0.37172099928284297
0.3735509999387432
0.4063619999215007
0.3656509998108959
0.3834669996649609
0.4861289999098517
0.3901619993484928
0.3517110008033342
0.39113700040616095
0.3725120004673954
0.332941000124265
0.34308099930058233
0.3711120007210411
0.3975669997089426
0.35375099923840025
0.3192100002706866
0.3835220004475559
0.5887479992452427
0.38204199972824426
0.36212099985277746
0.3441400003794115
0.3572910000002594
0.362710999979754
0.31505000060860766
0.38176399993972154
0.44126300053903833
0.36746200021298137
0.3582190001907293
0.5039549996581627
0.41608300034567947
0.36671999987447634
0.5538969999179244
0.3471709997029393
0.36570099928212585
0.45961400064697955
0.47288699988712324
0.3508099998725811
0.36970900055166567
0.3354700002091704
0.4355670007498702
0.3043289998458931
0.44968400015932275
0.32702999942557653
0.406531999942672
0.33615800020925235
0.3596099995775148
0.6086060002417071
0.42680299975472735
0.4269230003046687
0.4076630002600723
0.3118599997833371
0.43254299998807255
0.41626300026109675
0.379621000320185
0.41005099956237245
0.37759200040454743
0.37209099991741823
0.3905220000888221
0.3619539993451326
0.39266900057555176
0.40604700006952044
0.3733909998118179
0.4058419999637408
0.343359999533277
0.318146999234159
0.40671199985808926
0.34660100027394947
0.3533199997036718
0.35468100031721406
0.34457499987183837
0.39360699975077296
0.3939219996027532
0.40691200047149323
0.35734099947148934
0.3637709996837657
0.4331459995228215
0.4127809997953591
0.41380300081073074
0.42728300013550324
0.3766410000025644
0.4145220000282279
0.3430199994909344
0.4296529996281606
0.4148460002397769
0.34401700031594373
0.8273999992525205
0.34016000063274987
0.37882900051045
0.5977450000500539
0.5575870000029681
0.3638909993242123
0.42294299964851234
0.3846439994958928
0.6040179996489314
0.40956300017569447
1.657828999668709
0.3888020000886172
0.37772200084873475
0.5882870000277762
0.3583110001272871
0.42937800026265904
0.38134100032038987
0.3891319993272191
0.3543049997460912
0.39026200010994216
0.4259940005795215
0.36042100055055926
0.42326499988121213
0.3234489995520562
1.1568830004762276
0.4307750004954869
0.3801359998760745
0.36743100008607144
0.4231610000715591
0.32994799948937725
0.4429440004969365
0.3872620000038296
0.3427700003157952
0.3367199997228454
0.32515000020794105
0.6968910001887707
0.3209889991921955
0.37765099932585144
0.408742999752576
0.33837899991340237
0.44397399960871553
0.3292190003776341
0.39960200047062244
0.3891120004482218
0.35952700000052573
0.482484000713157
0.6599409998671035
0.3208600001016748
0.41042000066227047
0.33778700071707135
0.3079489997617202
0.31360899993160274
0.5830709997098893
0.31810900054551894
0.4232700002830825
0.26298800003132783
0.846226000248862
0.7291319998330437
0.3217800003767479
0.3620409997893148
0.35290599953441415
0.33575499946891796
0.365216000318469
0.3644560001703212
0.3495299997666734
0.34990099993592594
0.7488929995815852
0.3386959997442318
0.3539750005074893
0.396217000343313
0.31506399955105735
0.3155800004606135
0.40964199979498517
0.3475559997241362
0.37150600019231206
0.7234810000227299
0.4046019994348171
0.3513709998514969
0.31567999940307345
0.35683100031747017
0.38318200040521333
0.3859919997921679
0.48527499984629685
0.3513410001687589
0.2881479995267
0.3959819996453007
0.3725220003616414
0.35715100057132076
0.37570199947367655
0.27806900016003055
0.3579860003810609
0.4487710002649692
0.4024599993499578
0.47181499940052163
0.4698940001617302
0.37634199998137774
0.4679240000768914
0.4057320002175402
0.4176320007900358
0.39441300032194704
0.40548199922341155
0.6255689995668945
0.34903599953395315
0.44457399962993804
0.4179600000497885
0.3465409999989788
0.33934899965970544
0.38547199983440805
0.37909200000285637
0.34533999951236183
0.3583610005080118
0.39802199989935616
0.3572839996195398
0.41235899971070467
0.3318700000818353
0.41317300019727554
0.3486989999146317
0.3826420006589615
0.31574900003761286
0.34184100059064804
0.39954299973032903
0.3742709996004123
0.3656610006146366
0.7242970004881499
0.3563110003597103
0.3746269994735485
0.2877289998650667
0.39016200025798753
0.34546999995654915
0.33886500023072585
0.39382199975079857
0.3443750001679291
0.4418090002218378
0.40002600053412607
0.4101860004084301
0.3109090002908488
0.6928610000613844
0.4268379998393357
0.37312899985408876
0.33713300035742577
0.5622110002150293
0.34645300002011936
0.4364629994597635
0.37345900000218535
1.4669649999632384
0.389466999877186
0.38204199972824426
0.3654910005934653
0.37216599957901053
0.32714999997551786
0.30119900020508794
0.60107099943707
0.3534480001690099
0.28596900028787786
1.2744989999191603
0.4394040006445721
0.7153910000852193
0.3999519994977163
0.40659199930814793
0.358831000085047
0.39100699996197363
0.41100700036622584
2.081802999782667
0.7315220000236877
0.3628310005296953
0.42851299986068625
0.3350410006532911
0.4102020002392237
0.37408099979074905
0.34378600048512453
1.2594729996635579
0.6838810004410334
0.3448810002737446
0.4082220002601389
0.36603099943022244
0.3650640001069405
0.37718900057370774
0.351300000147603
0.3196799998477218
0.4018830004497431
0.8788959994490142
0.3852019999612821
0.3609430004871683
0.3665409994937363
0.7345419999182923
0.3560599998309044
0.3930590000891243
0.35869099974661367
0.35528100033843657
0.33492000056867255
0.36166100016998826
0.3248490002079052
0.3514119998726528
0.4176219999862951
0.3397230002519791
0.35591899995779386
0.44451299982029013
0.4010419997939607
0.5275060002531973
0.7362430005741771
0.36995200025558006
0.3478700000414392
0.3966819995184778
0.38531199970748276
0.39047199970809743
0.42198499977530446
0.34741699982987484
0.3625409999585827
0.3391399995962274
0.5196860001888126
0.3394409995962633
0.6913220004207687
0.34702099947026
0.339565000103903
0.3236500006096321
0.34979999963979935
0.37149600029806606
0.5002950001653517
0.5105149994051317
0.3586809998523677
0.3491200004646089
0.3346699995745439
0.3627910000432166
0.5533470002774266
0.38468200000352226
0.43414599986135727
0.7306600000447361
0.3486010000415263
0.3555430002961657
0.4185230000075535
0.41718300053616986
0.3870010004902724
0.36410800021258183
0.3930319999199128
0.4079949994775234
0.3282000006947783
0.5529569998543593
0.2994370006490499
0.37214599979051854
0.364016000276024
0.9073170003830455
0.35606100027507637
0.3681210000650026
0.44084599994675955
0.3940819997296785
0.3123420001429622
0.3816420003204257
0.32891499995457707
0.33202299982804107
0.33146999976452207
0.4661049997594091
0.32078000003821217
0.3707979994942434
0.826616000267677
0.41775199952098774
0.3325200004837825
0.3837119993477245
0.4074019998370204
0.3431999994063517
0.6887809995532734
0.39710199962428305
0.34431099993526004
0.37546099974861136
0.4298330004530726
0.29402899963315576
0.3963720000683679
0.39538200053357286
