payload_size_bytes=10240
runs=1000
mean_ms=0.539
median_ms=0.383
stddev_ms=0.404
min_ms=0.239
max_ms=3.307
---raw---
0.4323329994804226
0.4173120005361852
0.38560200027859537
0.7382769999821903
0.42603300062182825
1.117114000408037
1.2691479996647104
0.5828379999002209
0.4377940003905678
0.4221320004944573
0.34847100050683366
0.6446690003940603
0.9152180000455701
0.37081099981151056
0.3867519999403157
0.38940099966566777
1.0761929997897823
0.36321100014902186
0.3897220003636903
0.34082999991369434
0.3407500007597264
0.31591900005878415
0.3765720002775197
0.3361199997016229
0.3610900002968265
0.43128299967065686
0.4128029995627003
2.0080909998796415
0.3887920001943712
0.6930010003998177
0.406273000407964
0.6843499995738966
0.35265099995740457
0.3434899999774643
0.36430099953577155
0.2978289994644001
0.4834339997614734
0.3705520002768026
0.34391999997751554
0.7539929993072292
0.38859199958096724
0.3411699999560369
0.36166100016998826
0.34277100075996714
0.39487300000473624
0.3879369996866444
0.4433129997778451
0.3957619992434047
0.37067100038257195
0.4378280000310042
0.38887200025783386
0.4559539993351791
0.45928399958938826
0.9780400005183765
0.5044049994467059
0.41853200036712224
0.42321299952163827
1.6151090003404533
1.5709780000179308
0.4729040001620888
0.4247229999236879
1.4352829994095373
0.47163500039459905
0.889777000338654
0.617149000390782
1.5443170004800777
0.44913300007465295
1.299489999837533
1.9613690001278883
0.6546499998876243
0.411592000091332
0.414043000091624
1.8267659997945884
0.7241220000651083
0.4983549997632508
1.2955889997101622
0.46252399988588877
0.38419100019382313
0.4194429993731319
0.6300890008787974
0.6426290001400048
0.3147289999105851
0.9584389999872656
0.2860489994418458
0.33583000004000496
0.3084090003540041
0.3424699998504366
0.5917580001550959
0.3332699998281896
0.3277000005255104
0.6626599997616722
0.4276629997548298
0.35128099989378825
0.3441700000621495
0.3880019994539907
0.9573289999025292
2.175026000259095
0.3351700006533065
0.2964189998237998
1.1054439992221887
0.9113880005315877
1.0317619999113958
0.3402399997867178
0.6829410003774683
0.8933279996199417
1.9816300000456977
0.6314089996521943
0.32792999991215765
0.3349799999341485
0.35531100002117455
1.6857769996931893
0.3962820001106593
1.1586660002649296
0.40601300042908406
0.33953999991354067
1.9014529998457874
0.5195449994062074
0.36695099970529554
0.37092200000188313
0.3859109992845333
0.6272290002016234
0.4035819993077894
0.37266100025590276
1.6933420001805644
0.3593809997255448
0.3590810001696809
0.3170099998897058
0.4378439998617978
0.687680999362783
1.6865009993125568
0.454143000752083
0.42507299986027647
2.818586000103096
0.6874809996588738
0.3859019998344593
0.6102079996708198
0.38048200076445937
0.2939489995696931
0.5621069994958816
0.3735209993465105
0.36632100000133505
1.8880569996326813
0.6376689998432994
0.4161730003033881
0.3444600006332621
0.47901400012051454
0.32765000014478574
1.1678460004986846
0.6475090003732475
0.4085419996044948
0.37235099989629816
0.30399899969779653
0.3606509999372065
1.3208809996285709
0.8517559999745572
0.7006010000623064
0.3467209999143961
1.0945740004899562
1.4966859998821747
0.3179889999955776
0.38687199958076235
1.4933150005163043
0.6652500005657203
1.2737090000882745
0.35140100044372957
1.4783139995415695
0.6288290005613817
0.35421099983068416
1.0621530000207713
0.3820020001512603
0.3541899995980202
0.735412999347318
0.3744309997273376
0.3397999998924206
0.3098500001215143
0.6775700003345264
0.586187999942922
0.3025189998879796
1.659030000155326
0.3258699998696102
0.3575909995561233
0.5586870001934585
0.3444499998295214
0.6401589998858981
1.6156689998751972
1.965069000107178
0.2849789998435881
0.38906200006749714
0.3012690003743046
0.46070400003372924
1.9946900001741596
0.3733319999810192
0.3776810008275788
1.2950400005138363
0.41834199964796426
0.38253200000326615
1.826585000344494
0.3077590008615516
1.637028999539325
0.32405000001745066
0.3924919992641662
1.1935359998460626
0.3352899993842584
1.5744780002933112
0.27725800009648083
0.38720200063835364
0.43034299960709177
0.35080099951301236
0.3446509999776026
0.336859999151784
0.38433100053225644
0.531035999301821
0.7272319999174215
1.9881400003214367
0.33572000029380433
0.39632199968764326
1.391542999954254
0.35521999961929396
0.2825089995894814
0.32517999989067903
0.6998810004006373
0.4144120002820273
0.45696399956796085
0.3737719998753164
0.36211099995853147
0.370431000192184
0.34035000044241315
0.36756099962076405
0.40065200028038817
0.3822110002147383
0.3610909998315037
0.3544210003383341
1.9935099999202066
1.9959909996032366
0.372920999325288
0.36136099970462965
0.40805300068313954
0.30350899942277465
0.36940100017091027
0.37438100025610765
0.34947999938594876
0.35798099997919053
0.37266100025590276
0.3911120002157986
1.750122999510495
0.38035200032027205
1.5312559999074438
0.7410319994960446
0.3420309994908166
0.6242589997782488
0.44548400001076516
0.3714009999384871
0.3940819997296785
0.36148099934507627
0.5209659993852256
0.3074289998039603
0.3707409996422939
0.4651239996746881
0.3300500002296758
0.3514300005917903
0.310919999719772
0.38431299981311895
0.3378410001459997
0.33490999976493185
0.33748900023056194
0.3952920005758642
0.3726920003828127
0.3727410003193654
0.392222000300535
0.39609299983567325
0.2972190004584263
0.38314199991873465
1.2303080002311617
1.580608000040229
0.3297100001873332
1.5858889992159675
0.32515000020794105
0.3611309994084877
0.37142100063647376
0.42551799924694933
1.534520999484812
0.3103700000792742
0.3328399998281384
0.3864410000460339
0.366521000614739
0.941168999816
0.3725619999386254
0.36011100019095466
0.41761200009204913
1.2940689994138665
0.676290999763296
0.38013099947420415
0.37811100082763005
1.3904329998695175
2.058322999801021
1.9700590000866214
0.3680709996842779
3.292460000011488
0.33655100014584605
0.34043100004055304
1.0228510000160895
0.37744200017186813
0.3764709999813931
0.3630009996413719
0.3392099997654441
1.6086089999589603
1.7120330003308482
0.31558899991068756
0.36322099913377315
0.3503110001474852
0.34291100018890575
0.38525099989783484
1.055652000104601
0.33388500014552847
0.4275580004104995
0.865336000060779
0.31270999988919357
0.47100499978114385
0.3374999996594852
0.3152700001010089
0.6289989996730583
0.3346290004628827
0.36695700055133784
0.3483599994069664
0.33507599982840475
1.8097040001521236
0.3166189999319613
0.4219129996272386
0.33865000023070024
0.39820199981477344
1.0823630000231788
0.3656010003396659
1.2814379997507785
1.2497779998739134
0.3662310000436264
0.47067400009837
0.3846019999400596
1.5799580005477765
0.3948319999835803
0.43271300000924384
0.402632000259473
0.3517300001476542
0.3645010001491755
0.3528709994498058
0.36051000006409595
0.8371359999728156
0.30688900005770847
0.33695999991323333
0.3602009992391686
0.3838259999611182
1.6713049999452778
0.3956020000259741
3.3071210000343854
0.3101600004811189
1.5845679999983986
0.41871299981721677
0.39342200034298
0.3957009994337568
0.6655999995928141
0.3033090006283601
0.3511810000418336
2.35267100015335
1.168716000393033
0.4043419994559372
0.3831209996860707
1.6808309992484283
0.3581510000003618
1.3287100000525243
1.9732300006580772
0.3815909994955291
0.34694099940679735
0.37083099960000254
0.35719100014830474
0.42358300015621353
0.4066219999003806
0.3574010006559547
0.7147309997890261
0.32126000041898806
0.31539999963570153
0.2739789997576736
0.32714000008127186
0.3502000008666073
0.3446099999564467
0.3445209995334153
0.2519169993320247
0.34248999963892857
0.3407000003790017
0.3824219993475708
0.338210000336403
0.37630200040439377
0.2978490001623868
0.39805200049158884
0.4782569994858932
0.31694799963588594
0.48070400043798145
0.3843909998977324
0.33098099993367214
0.28639799984375713
0.25503800043225056
2.64184000025125
1.959689000614162
1.0838829994099797
0.3502809995552525
0.3849519998766482
0.923208000131126
0.3945620001104544
0.34350099940638756
0.2801079999699141
0.41290199987997767
0.45185399994807085
0.35460999970382545
0.4073830004927004
0.29868699948565336
0.32796999948914163
0.39093200030038133
0.3009590000147
0.3532110004016431
0.2712679997785017
0.35273000048618997
0.33897999946930213
0.37064099979033927
0.3849320000881562
0.3227299994250643
1.153774999693269
1.749353000377596
0.3236899992771214
1.6637400003673974
0.36058099976798985
0.38592199962295126
0.34882100044342224
0.788173999353603
0.32489899967913516
0.315000000227883
0.3226789995096624
0.39734299934934825
1.1823710001408472
0.3706520001287572
0.7989850000740262
0.39782699968782254
0.30770900048082694
0.34171999959653476
0.4129620001549483
0.3981319996455568
0.34742099978757324
0.3352309995534597
0.3736320004463778
0.3889419995175558
0.3014289995917352
0.398647000110941
0.32355999974242877
0.3261499996369821
1.0277010005665943
0.7724629995209398
0.3609060004237108
0.6366589996105176
0.39278199983527884
0.3452600003583939
0.3605310002967599
0.3503010002532392
0.37392099966382375
0.45125399992684834
0.3588959998523933
0.33440500010328833
0.3392910002730787
0.36263099991629133
0.33732099927874515
0.3693610005939263
0.3869720003422117
0.5166149994693114
0.33600000006117625
0.41890299962688005
0.42430299981788266
0.3662310000436264
0.3597310005716281
0.31900900012260536
0.35995100006402936
0.3401399999347632
0.32886000008147676
0.35815199953503907
0.3178189999744063
0.3737110000656685
0.2871189999495982
0.36939100027666427
0.35438099985185545
0.6262189999688417
0.362480999683612
0.8240649995059357
0.48637400050211
0.32481000016559847
0.33245999929931713
0.35485100033838535
0.3509110001687077
0.35652099995786557
0.3260389994466095
0.4003430003649555
0.3386489997865283
0.3624010005296441
0.7236519995785784
0.3927509997083689
0.29961899963382166
0.36867099970550044
0.38141200002428377
0.30750899986742297
0.33196999993378995
0.3454999996392871
0.7284419998541125
0.396102000195242
0.6324890000541927
0.4262729999027215
0.4923249998682877
0.3266849998908583
0.33380000058969017
0.3557360005288501
0.3245289999540546
0.35751100040215533
0.37966699983371655
0.34278999919479247
0.637788999483746
0.6601349996344652
0.3578119994926965
0.31550999938190216
0.37247599993861513
0.2652930006661336
0.31280900020647096
0.4153729996687616
0.34822999987227377
0.35192100040148944
0.32762999944679905
0.7127619992388645
0.32237999948847573
0.7167220001065289
0.30911899921193253
0.48497500029043294
0.31532900084130233
0.3338900005473988
0.3811209999184939
0.34734000018943334
0.3120600003967411
0.3272000003562425
0.623919000645401
0.3936519997296273
0.7134819998100284
0.32297000052494695
0.31006999961391557
0.3489700002319296
0.3161899994665873
0.5066140001872554
0.3914319995601545
0.371631000234629
0.9853299998212606
0.7415530008074711
0.4130730003453209
0.34700600008363836
0.3648909996627481
0.36259500029700575
0.38918199970794376
0.36412099962035427
0.23873800000728806
0.37004099976911675
0.36651100072049303
0.4123479993722867
0.3600009995352593
0.3476510000837152
0.3976920006607543
0.35530500008462695
0.3775320001295768
0.3955770007451065
0.3547950000211131
0.39685699994151946
0.35010600004170556
0.30665999929624377
0.6228789998203865
0.29620900022564456
0.6838010003775707
0.42621299962775083
0.3878210000038962
0.5233660003796103
0.3194390001226566
0.35643100000015693
0.3743510005733697
0.3083100000367267
1.012081000226317
0.32854999972187215
0.6659199998466647
0.401182000132394
0.3214089992980007
0.35626099997898564
0.33005500063154614
0.40560599973105127
0.5170869999346905
0.7230259998323163
0.7110619999366463
0.37215200063656084
0.3670559999591205
0.3428149993851548
0.45482800032914383
0.39543200000480283
0.3592910006773309
0.3405700008443091
0.3223610001441557
0.32954899961623596
0.8744159995330847
0.6851709995316924
0.4659039996113279
0.3980769997724565
0.3596760006985278
0.30130899995128857
0.427083000431594
0.3854409997074981
0.3360499995324062
0.2832390000548912
0.8220449999498669
0.690590999511187
0.42107300032512285
0.35173100059182616
0.3449810001256992
0.41061199954128824
0.3682669994304888
0.4342680003901478
0.3320699997857446
0.3421910005272366
0.3611009997257497
0.7221619998745155
0.40876200000639074
0.3221199995095958
0.40261300000565825
0.33411999993404606
0.33659000018815277
0.49342000056640245
0.34689000040089013
1.2357730001895106
0.30704900018463377
0.633840000773489
0.3225189993827371
0.3326999994897051
0.3924920001736609
0.39241100057552103
0.32728999940445647
0.38092099930508994
0.3470499996183207
0.3326899995954591
1.430345999324345
0.3319710003779619
0.3595200005293009
0.41216199952032184
0.3151099999740836
0.36371100031828973
0.29807900045852875
0.2579080000941758
0.32539899984840304
0.385672000447812
0.6032490000507096
0.3685000001496519
0.4057629994349554
0.4021419999844511
0.9370880006827065
0.6700500007355004
0.3988819998994586
0.46942500011937227
0.33670099946903065
0.34322100054851035
0.5385659997045877
0.3471260006335797
0.4627640000762767
0.3442549996179878
0.3968820001318818
0.38095200034149457
0.3434999998717103
0.25999799981946126
0.3640609993453836
0.8952970001701033
0.36579599964170484
0.6903210005475557
0.40515700038668
0.434708000284445
0.3802559995165211
0.3384059991731192
0.4373140000097919
0.39571599972987315
1.469405000534607
0.37596699985442683
0.6992509997871821
0.3530550002324162
0.38146199949551374
0.35220100016886136
0.3221400002075825
0.3634710001279018
0.3860420001728926
0.3598359999159584
0.313894000100845
0.7471429998986423
0.6481890004579327
0.3321699996376992
0.41686300028231926
0.3534819998094463
0.3552710004441906
0.2839580001818831
0.37664200044673635
0.3628709991971846
0.3081699996982934
0.3480099994703778
0.37054099993838463
0.6424490002245875
0.7059709996610763
0.43147299948032014
0.40985400028148433
0.39135199949669186
0.39929200011101784
0.3379700001460151
0.31421899984707125
0.331729999743402
1.5121260003070347
0.67140000010113
0.3489600003376836
0.3163700002914993
0.5597569997917162
0.3992830006609438
0.27655899975798093
0.37174099998082966
0.35713000033865683
0.36693099991680356
0.35218099947087467
0.37854099991818657
0.7873039994592546
0.34191000031569274
0.3674019999380107
0.4018809995613992
0.3849120002996642
0.357371000063722
0.41827699988061795
0.3106200001639081
0.35235499944974435
0.7724729994151858
0.697881999258243
0.3859979997287155
0.3317949995107483
0.36476100012805546
0.3494100001262268
0.36942099995940225
0.5994189996272326
0.299709000501025
1.1167740003656945
0.6316389999483363
0.43688300047506345
0.2723180004977621
0.4004480006187805
0.28862899944215314
0.31593899984727614
0.33654500020929845
0.37569199957943056
0.7294320002984023
0.5902779994357843
0.39695199939160375
0.3339810000397847
0.5018649999328773
0.38571700042666635
0.2900079998653382
0.31071400007931516
0.34436999976605875
0.8307159996547853
0.29981900024722563
0.5642070000249078
0.3620309998950688
0.31078900065040216
0.3544810006133048
0.3225390000807238
0.27992899958917405
0.29820899999322137
0.2637779998622136
0.3447010003583273
0.32019999980548164
0.2901090001614648
0.963419000072463
0.3162889997838647
0.8016940000743489
0.6669899994449224
0.4414730001371936
0.6124680003267713
0.35668100008479087
0.40131199966708664
0.367810999705398
0.40650299979461124
0.3080199994656141
0.7411019996652612
0.9677799998826231
0.37352199979068246
0.3037790002053953
0.33056999927794095
0.30848900041746674
0.3486719997454202
0.9646700000303099
0.3380600001037237
0.3695599998536636
0.38068199955887394
0.7154610002544359
0.39056199966580607
0.3827720001936541
0.37974800034135114
0.3537359998517786
0.39545700019516516
0.3020590002051904
0.3588250001484994
1.2662489998547244
0.738462000299478
0.38771099934820086
0.34058100027323235
0.29925999933766434
0.35548699997889344
0.352464999195945
0.34404000052745687
0.32793999980640365
0.3879309997500968
0.3547910000634147
0.7223969996630331
0.7758239999020589
0.4148480002186261
0.37855099981243256
0.33852000069600763
0.3569609998521628
0.38574100017285673
0.3793320001932443
0.3427199999350705
0.35326099987287307
0.3407599997444777
0.3409709997868049
0.6863309999971534
0.3448899997238186
0.3664719997686916
0.49768499957281165
0.3457000002526911
0.40116200034390204
0.33642099970165873
0.31692999982624315
0.3275700000813231
0.39883199951873394
0.4088529994987766
0.35543099966162117
0.3643709997049882
0.4529839998212992
0.3202999996574363
0.3568319998521474
0.3117790001851972
0.3398410008230712
0.40338300004805205
0.34597099966049427
0.34630099980859086
0.36647100023401435
0.47281399929488543
0.36474100033956347
0.3097990002061124
0.4866249992119265
0.3976719999627676
0.4196820000288426
0.3372999999555759
0.39448200004699174
0.3581809996830998
0.39015199945424683
0.417913000092085
0.4259730003468576
0.3691020001497236
0.3906820002157474
0.3828210001302068
0.326630000017758
0.7727140000497457
0.4011529999843333
0.4108720004296629
0.353501000063261
0.5133259992362582
0.39180200019472977
0.3736519993253751
0.39171199932752643
0.41600199983804487
0.42787299935298506
0.40423199970973656
0.3143089998047799
0.4402029999255319
0.43424299929029075
0.41950299964810256
0.3745009998965543
0.4664940006477991
0.39494199972978095
0.37540999983320944
0.3829420002148254
0.3824619998340495
0.5147059991941205
0.6926409996594884
0.43812300009449245
0.3508910003802157
0.45208900064608315
0.43434800045361044
0.39583199941262137
0.39554200066049816
0.9305480007242295
0.4531439999482245
0.3026490003321669
0.6561400005011819
0.6715800000165473
0.4413739998199162
0.4345939996710513
0.38292099998216145
0.3689110008053831
0.36770100086869206
0.4612339998857351
0.366561000191723
0.3200189994458924
0.3629610000643879
0.3263099997639074
0.4082329996890621
0.3130900004180148
0.4583239997373312
0.385692000236304
0.4233429999658256
0.33849000010377495
0.7935639996503596
0.41368199981661746
0.37037100082670804
0.4361929995866376
0.3745009998965543
0.5267060005280655
0.36229699981049635
0.39014200046949554
0.4493240003284882
2.6032589994429145
0.3487409994704649
0.6092280000302708
0.3873920004480169
0.8513059992765193
1.6939910001383396
1.02836199948797
0.37182200048846425
0.3385499994692509
0.38100199981272453
0.363881000339461
0.3957819999413914
0.8171139998012222
0.3440310001678881
0.43658300000970485
0.35249100073997397
0.43784300032712054
0.4392730006657075
0.9215680001943838
0.3710909995788825
0.3925520004486316
0.3580009997676825
0.36926099983247695
0.3774520000661141
0.4298629992263159
0.8233349999500206
0.4068219996042899
0.3923920003217063
2.0548519996737014
0.3051789999517496
1.3596319995485828
0.7908340003268677
2.365657000154897
1.0042209996754536
0.47944400012056576
0.7454030001099454
0.40345200068259146
0.4409930006659124
0.3708710000864812
0.35316100002091844
0.4029520005133236
0.42015300005004974
2.1114439996381407
0.7707039994784282
0.48836500081961276
0.38733200017304625
0.3866220004056231
0.33399999938410474
0.5402859997047926
0.33711000014591264
0.5146459998286446
0.3919020000466844
0.3868609992423444
0.411363000239362
0.3918009997505578
0.752302999899257
0.470435000352154
0.4163630001130514
0.7746430001134286
0.44446299943956546
0.35704099991562543
0.9324980001110816
0.41938300000765594
0.39959199966688175
0.3158900008202181
0.7737229998383555
1.8814969998857123
0.3489909995550988
0.37229200006549945
0.36201100010657683
0.4573440000967821
0.9153379996860167
0.7346120000875089
2.3850330007917364
0.9092380005313316
0.3385109994269442
0.405282000428997
0.37673099996027304
