payload_size_bytes=10240
runs=1000
mean_ms=0.400
median_ms=0.362
stddev_ms=0.165
min_ms=0.242
max_ms=1.765
---raw---
0.4688340004577185
0.33224999970116187
0.3006289998666034
0.33723999968060525
0.5858969998371322
0.4119929999433225
0.38912100080779055
0.35469100021146005
0.42602499979693675
0.3251470006944146
0.33400000029359944
0.3313410006740014
0.4507239991653478
0.4984679999324726
0.41770999996515457
0.29228800030978164
0.3168900002492592
0.33861600059026387
0.40182900011132006
0.5776150001111091
0.3813539997281623
0.356837999788695
1.2699240005531465
0.39190699953906005
0.353082999936305
0.3997489993707859
0.29776900009892415
0.7004610006333678
0.294428999950469
0.3736219996426371
0.30427899946516845
0.3483000000414904
0.2914790002250811
0.2692079997359542
0.2778779999061953
0.34135100031562615
0.2998709996973048
0.291235999611672
0.3369799997017253
0.28363900037220446
0.3092380002271966
0.3415610008232761
0.27017899992642924
0.3157199998895521
0.35546100025385385
0.3136200002700207
0.3605109995987732
0.37157499991735676
0.557563999791455
0.4095799995411653
0.27464899994811276
0.32622999970044475
0.281837999864365
0.3174700004819897
0.4479139997783932
0.33176099987031193
0.5757460003223969
0.4465239999262849
0.43525399996724445
0.31397000020660926
0.2686320003704168
0.3268899999966379
0.37479599996004254
0.46200900032999925
0.390019999940705
0.4137599999012309
0.2977189997181995
0.3727209996213787
0.3616940002757474
0.42555299933155766
0.33623299987084465
0.36808200002269587
0.33133000033558346
0.35884499993699137
0.47814500067033805
0.3952850001951447
0.3048590006073937
0.3893510001944378
0.6224190001375973
0.27999600024486426
0.2776689998427173
0.8779289992162376
0.5627139998978237
0.31150999984674854
0.38407200008805376
0.39277199994103285
0.3711039998961496
0.4728359999717213
0.29945899950689636
0.33225999959540786
0.36128800002188655
0.563795000743994
0.3731599999809987
0.353321999682521
0.34978600069734966
0.39209699934872333
0.3231800001231022
0.3764709999813931
0.3288650004833471
0.35244999980932334
0.3407579997656285
1.7651409998507006
0.6016079996697954
1.1452640001152758
0.5687979992217151
0.2913289999924018
0.8042139997996856
0.312598999698821
0.3047820000574575
0.3450780004641274
0.374330999875383
0.31709000086266315
0.3365700003996608
0.3371519997017458
0.3034470000784495
0.3397799991944339
0.24848700013535563
0.29085799997119466
0.4105829993932275
0.25493700013612397
0.2423370005999459
0.28829100028815446
0.30923699978302466
1.4097839994064998
0.35029999980906723
0.389552000342519
0.3662709996206104
0.5372069999793894
0.3145890004816465
0.39909200040710857
0.3842920004899497
0.31516299986833474
0.4394709994812729
0.6831810005678562
0.32951000048342394
0.2805820004141424
0.4053329994349042
0.3220270000383607
0.3069690001211711
0.3491339994070586
0.40223999985755654
0.29080900003464194
0.34136300018872134
0.39206900055432925
0.31397999919136055
0.26062800043291645
0.3191299992977292
0.2809890002026805
0.2658579996932531
0.2589679997981875
0.28725899937853683
0.28642899997066706
0.27822900028695585
0.2772389998426661
0.439714000094682
0.3173590002916171
0.32817899955261964
0.31923999995342456
0.7188319996203063
0.36926099983247695
0.4223930000080145
0.33679999978630804
0.3610909998315037
0.34462299936421914
0.2908570004365174
0.4324929996073479
0.3411249999771826
0.303494000036153
0.3456510003161384
0.3777920001084567
0.3492899995762855
0.4077929997947649
0.5909270003030542
0.3073699999731616
0.32004199965740554
0.26479600001039216
0.2617780000946368
0.285449000330118
0.29978899965499295
0.31338999997387873
0.369211000361247
0.36826599989581155
0.33690399959596107
0.9782400002222857
0.3096569998888299
0.3391009995539207
0.2967990003526211
0.34960100038006203
0.3303400008007884
0.36712299970531603
0.3237370001443196
0.4458940002223244
0.3193239999745856
0.3334499997436069
0.3421159999561496
0.2683590000742697
0.321359999361448
0.2668779998202808
0.30814899946562946
0.4681450000134646
0.31571199997415533
0.29450900001393165
0.26618599986250047
0.4080030003024149
0.3519410001899814
0.41802200030360837
0.297108999802731
0.32930999987001996
0.29623899990838254
0.3120790006505558
0.3231800001231022
0.32933999955275794
0.2722180006458075
0.34786300057021435
0.30402700031118
1.1854960002892767
0.3652599998531514
0.3358650001246133
0.38711700017302064
0.29892000020481646
0.3601609996621846
0.40578199968877016
0.44500399962998927
0.4381440003271564
0.33196399999724235
0.3345599998283433
0.3695010000228649
0.33286999951087637
0.3417900006752461
0.38164699981280137
0.36872000055154786
0.4106129999854602
0.3611510001064744
0.34275100006198045
0.47518900009890785
0.6325049998849863
0.2683989996512537
0.2699329997994937
0.42952800049533835
0.3953630002797581
0.3855820004901034
0.3766010004255804
0.4647089999707532
0.3915510005754186
0.3733910007213126
0.3513409992592642
0.3697520005516708
0.32190000001719454
0.384291999580455
0.32095000005938346
0.3592709999793442
0.34438999955455074
0.35443000069790287
0.357506000000285
0.42104299973289017
0.4187220001767855
0.30021899965504417
0.3080989999943995
0.36357999942993047
0.4887250006504473
0.3854409997074981
0.4110629997740034
0.5931480000072042
0.44172300022182753
0.3683519998958218
0.29748900033155223
0.3571959996406804
1.013465999676555
0.3827209993687575
0.3798420002567582
0.34881099963968154
0.4476450003494392
0.3297599996585632
0.3816309999820078
0.34379000044282293
0.3473309998298646
0.3244839999752003
0.33271999927819706
0.3929370004698285
0.4255029998603277
0.4576190003717784
0.405177000175172
0.3974719993493636
0.39260199991986156
0.4151330003878684
0.370240999473026
0.37365599928307347
0.3567459998521372
0.30369900014193263
0.38283600042632315
0.3826419997494668
0.340985000548244
0.372767000044405
0.37345100008678855
0.48292500014213147
0.767763000112609
0.38282199966488406
0.37847200019314187
0.3852319996440201
0.3592909997678362
0.3768520000448916
0.3754519993890426
0.34296000012545846
0.3354299997226917
0.5195459998503793
0.4035100000692182
0.37445999987539835
0.3301999995528604
0.3266319999966072
0.32791200010251487
0.4057929991176934
0.38725099966541165
0.3412910000406555
0.31326899988926016
0.7686610006203409
0.4023769997729687
0.6110289996286156
0.7815339995431714
0.37390900070022326
0.37544099996011937
0.3578810001272359
0.3540210000210209
0.38663500072289025
0.3479309998510871
0.38365899945347337
0.3984499999205582
0.401754999984405
0.30316900028992677
0.3707010000653099
0.37624899960064795
0.34230099936394254
0.33078900014515966
0.34469000001990935
0.3491360002954025
0.4369830003270181
0.3467349997663405
0.3103720000581234
0.346628000443161
0.8392489999096142
0.33118999999715015
0.3888520004693419
0.3939239995816024
0.512313999934122
0.2740789996096282
0.27635900005407166
0.3274199998486438
0.3336399995532702
0.45299500015971716
0.38413099991885247
0.3077019991906127
0.38028899962228024
0.35554999976739055
0.31133999982557725
0.25646799986134283
0.31861000024946406
0.3219190002710093
0.41984299969044514
0.28606800060515525
0.2955190002467134
0.29996899957041023
1.484274999711488
0.6812110004830174
0.28696800018224167
0.3255100000387756
0.3636409992395784
0.3572349996829871
0.46743900020373985
0.2984789998663473
0.4028120001748903
0.3515500002322369
0.3827840000667493
0.40782999985822244
0.366790000043693
0.43145299969182815
0.4043930002808338
0.3511239992803894
0.28838600064773345
0.3977630003646482
0.3182500004186295
0.3824720006377902
0.41588200019759824
0.3135490005661268
0.3376399999979185
0.30658499963465147
0.3430899996601511
0.3708809999807272
0.3422700001465273
0.7495370000469848
0.44611400062422035
0.34082999991369434
0.2983490003316547
0.3012590004800586
0.44882299971504835
0.43726399962906726
0.37446999976964435
0.35841699991578935
0.4310329995860229
0.3963429999203072
0.4004520005764789
0.37678199987567496
0.34834100006264634
0.3720089998751064
0.3540210000210209
0.41227999918191927
0.3745220001292182
0.32733999978518113
0.34890599999926053
1.5117759994609514
0.6561099999089492
0.5498959999385988
0.40192199958255515
0.4941849992974312
0.38679099998262245
0.3540309999152669
0.3495399996609194
0.38120099998195656
0.4372329995021573
0.31622900041838875
0.4071399998792913
0.3704979999383795
0.3619540002546273
0.46953199944255175
0.5117259997859946
0.4257929995219456
0.4107630002181395
0.2760779998425278
0.3155710001010448
0.31257000046025496
0.3167140002915403
0.3642960000433959
0.3051940002478659
0.36785100019187666
0.33602999974391423
0.2859579999494599
0.2900989993577241
0.3658559999166755
0.6343499999275082
0.682779999806371
0.3384510000614682
0.3244499994252692
0.3850620005323435
0.4158729998380295
0.3419089998715208
0.4123620001337258
0.3129699998680735
0.33424100001866464
0.4631140000128653
0.3979319999416475
0.36549600008584093
0.37413199970615096
0.38175200006662635
0.344561000019894
0.4617889999281033
0.3812420000031125
0.3990969998994842
0.4279969998606248
0.3278500007581897
0.38392200076486915
0.4570340006466722
0.34607599991431925
0.3286299997853348
0.4207130004942883
0.3939059997719596
0.3257200005464256
0.6027320005159709
0.6561099999089492
0.5419970002549235
1.6280469999401248
0.4046619997097878
0.45419399975799024
0.46222399942053016
0.4166769995208597
0.36896099936711835
0.3772810005102656
0.3857470001094043
0.345751000168093
0.35888099955627695
0.397502000851091
0.4987300007996964
0.36474100033956347
0.335609999638109
0.3862369994749315
0.394661999962409
0.2715880000323523
0.3737110000656685
0.39213200034282636
0.36514400017040316
0.3245899997637025
0.3483179998511332
0.7975139997142833
0.36583099972631317
0.39091199960239464
0.44504399920697324
0.3407809999771416
0.3718010002558003
0.3855069999190164
0.3713159994731541
0.33576900023035705
0.4517739998846082
0.29115200050000567
0.4188149996480206
0.31542899978376226
0.3627460000643623
0.3247699996791198
0.38531399968633195
0.47419200018339325
0.5241480002950993
0.3296470003988361
0.43059600011474686
0.4516809995038784
0.3564509997886489
0.3711119998115464
0.33069999972212827
1.272628999686276
0.5621430000246619
0.4527910004981095
0.422630000684876
0.3629709999586339
0.3042700000150944
0.4128520004087477
0.3432710000197403
0.3408209995541256
0.3400549994694302
0.40259700017486466
0.36228099997970276
0.3655360005723196
0.40066600013233256
0.41286899977421854
0.3572060004444211
0.3329350001877174
0.39423699945473345
0.3031389996976941
0.37212600000202656
0.42611800017766654
0.39403200025844853
1.2567479998324416
0.31231899993144907
0.3774249998969026
0.4171999999016407
0.3663119996417663
0.35022500014747493
0.42726300034701126
0.4319279996707337
0.4159180007263785
0.39766699956089724
0.3048739999940153
0.3345599998283433
0.3788419999182224
0.3865970002152608
0.363777000529808
0.3546309999364894
0.36076099968340714
0.36146599995845463
0.32155999997485196
1.3577909994637594
0.31815000056667486
1.062461999936204
0.3255319998061168
0.32364700018661097
0.32471000031364383
0.3698210002767155
0.37854499987588497
0.30836600035399897
0.35998099974676734
0.36702200031868415
0.3397899999981746
0.31542899978376226
0.3473029992164811
0.3491280003800057
0.3478499993434525
0.4047249994982849
0.33291999989160104
0.2729480002017226
0.3501110004435759
0.3431410004850477
0.30835100005788263
0.37577099919872126
0.31831000069360016
0.31043999933899613
1.3342989996090182
0.46707600085937884
0.5003529995519784
0.647711000056006
0.6727179998051724
0.3393699998923694
0.33636100033618277
0.43125399952259613
0.379391000024043
0.31485899944527773
0.3742720000445843
0.3068040005018702
0.3821810005320003
0.3899969997291919
0.36329599970486015
0.3867309997076518
0.3751290005311603
0.4156830000283662
0.377972000023874
0.4045919995405711
0.36538299991661916
1.14804999975604
0.8521660001861164
0.3827320006166701
0.3712210000230698
0.38624199987680186
0.35896999997930834
0.37439100015035365
0.32682999972166726
0.42130200017709285
0.44612400051846635
0.3487800004222663
0.3463000002739136
0.3764120001505944
0.36576200000126846
0.3413900003579329
0.3205800003343029
0.3216900004190393
0.42131200007133884
0.3271309997217031
0.3157700002702768
0.2538680000725435
0.358610999683151
0.3482310003164457
0.3069730000788695
0.3096000000368804
1.137580000431626
0.32588999965810217
0.37578100000246195
0.32911900052567944
0.45847700039303163
0.36866099981125444
0.39990999994188314
0.38185099947440904
0.3632709995144978
0.35222099995735334
0.4813250006918679
0.396072000512504
0.38058100017224206
0.3272100002504885
0.33971999982895795
0.30474899995169835
0.41190699994331226
0.29217900009825826
0.32717999965825584
0.3353399997649831
0.4493890000958345
0.3485850002107327
0.34074099949066294
0.4111520001970348
0.8965320002971566
0.33816999984992435
0.38594199941144325
0.3274990003774292
0.46288399971672334
0.464144000034139
0.35420099993643817
0.4145119992244872
0.32918000033532735
0.289349000013317
0.3482410002106917
0.31327899978350615
0.37521200010814937
0.301740999930189
0.39216999994096113
0.2901580000980175
0.32184500014409423
0.27656799920805497
0.34879099985118955
0.3095089996349998
0.33734099997673184
0.36750600065715844
0.4059920001964201
0.3596759997890331
0.7711489997745957
0.7095909995769034
0.426634000177728
0.2874390002034488
0.30799900014244486
0.35640100031741895
0.4465339998205309
0.3434099999140017
0.5161449998922762
0.32920000012381934
0.3842010000880691
0.45340399992710445
0.33844999961729627
0.38124099955894053
0.2930589998868527
0.3620609995778068
0.36529999943013536
0.4926749998048763
0.42234299962728983
0.337000000399712
0.3735719992619124
0.3455500000200118
0.39182199998322176
0.3067600000576931
0.34623000010469696
0.36089100012759445
0.45560800026578363
0.34622600014699856
1.4465539998127497
0.3065290002268739
0.32361000012315344
0.3872209999826737
0.518225999257993
0.5325990005076164
0.37774199972773204
0.3858600002786261
0.29795899990858743
0.35927000044466695
0.42590300017764093
0.3062289997615153
0.3373300005478086
0.3855009999824688
0.31260000014299294
0.29806899965478806
0.2942690007330384
0.2979480004796642
0.31132999993133126
0.36353100040287245
0.328289000208315
0.38701199991919566
0.34288099959667306
0.3015180000147666
0.36406199978955556
0.3464209994490375
0.3410009994695429
0.30589000016334467
0.3185499999744934
0.2944509997178102
0.3626689995144261
0.3095500005656504
0.2770289993350161
0.29901900052209385
0.2929480006059748
0.6875510007375851
0.3420530001676525
0.41348500053572934
0.4029379997518845
0.28279800062591676
0.3701209998325794
0.3777510000873008
0.3763109998544678
0.32916999953158665
0.3162689999953727
0.3722559995367192
0.34346000029472634
0.366446000043652
0.4873140005656751
0.4365639997558901
0.4593640005623456
0.348640000083833
0.3922019996025483
0.38139099979161983
0.29871900005673524
0.33520000033604447
0.3351200002725818
0.2669279992915108
0.2938979996542912
0.3384430001460714
0.991269999758515
0.3951619992221822
0.8196759999918868
0.3308100003778236
0.40360200000577606
0.3424300002734526
0.3801419998126221
0.39650200051255524
0.31452900020667585
0.3368500001670327
0.31776900050317636
0.44610399982047966
0.3651710003396147
0.3185089999533375
0.31902899991109734
0.46358500003407244
0.35187099911127007
0.3965219993915525
0.4114840003239806
0.36011300016980385
0.3862789999402594
0.4354130005594925
0.266117999672133
0.7252719997268287
0.6849899991721031
0.3361709996170248
0.2550769995650626
0.3285100001448882
0.4827639995710342
0.2808679992085672
0.5017200001020683
0.33459999940532725
0.4368230002000928
0.4688890003308188
0.38644200049020583
0.35844099966197973
0.3289399992354447
0.39142100013123127
0.46648500028823037
0.3366589999131975
0.3583959996831254
0.38327199945342727
0.40263699975184863
0.35056599972449476
0.5056460004198016
0.3446810005698353
0.3530610001689638
0.4491809995670337
0.36150100004306296
0.39236900011019316
0.41860300007101614
0.3617510001276969
0.40332200023840414
0.36338100017019315
0.3402310003366438
0.3181199999744422
0.31991899959393777
0.3218789997845306
0.32378000014432473
0.4059919992869254
0.2928339999925811
0.4107730001123855
0.4416640003910288
0.3348400005052099
0.35038100031670183
0.3355979997650138
0.36439799987419974
0.41878799947880907
0.3892319991791737
0.6639910006924765
0.6746460003341781
0.35387000025366433
0.5514019994734554
0.4284570004529087
0.3799620008066995
0.34528400010458427
0.3119390003121225
0.5251360007605399
0.4927549998683389
0.4631260007954552
0.4031119997307542
0.38800900074420497
0.4309799996917718
0.34023500029434217
0.475908999760577
0.5944280001131119
0.320099999953527
0.2668879997145268
0.3358099993420183
0.35011999989364995
0.3384609999557142
1.001640000140469
0.6828300001870957
0.33367000014550285
0.3669010002340656
0.39881199973024195
0.3758510001716786
0.3083519995925599
0.5277330001263181
0.39181199917948106
0.46714899963262724
0.369669000065187
0.42740099979710067
0.3432510002312483
0.35470100010570604
0.32346999978472013
0.36601100055122515
0.3079090001847362
0.39233200004673563
0.3489500004434376
0.4114559997105971
0.3651189999800408
0.3833740001937258
0.4136689994993503
0.36758100031875074
0.3014189996974892
0.35369400029594544
0.6458580000980874
0.42787299935298506
0.3760209992833552
0.36075100069865584
0.3158289991915808
0.2947390003100736
0.3632360003393842
0.4169000003457768
0.36315800025477074
0.3476310002952232
0.2991189994645538
0.29775900020467816
0.3143599997201818
0.3350710003360291
0.34304899963899516
0.38607199985563057
0.3009920001204591
0.3334600005473476
0.35391100027482025
0.3824089999397984
0.3276899997217697
0.34254999991389923
0.41982299990195315
0.5374060001486214
0.41174299985868856
0.6738409992976813
0.3673510000226088
0.3661210002974258
0.353721000465157
0.3502300005493453
0.38364200008800253
0.2943190002042684
0.36307099981058855
0.34594999942783033
0.33982099921558984
0.3267599995524506
0.42199299969070125
0.3385400004844996
0.414043000091624
0.38867100010975264
0.3425510003580712
0.32454000029247254
0.36795600044570165
0.3812470004049828
0.33229000018764054
0.3623510001489194
0.6165389995658188
0.7494080000469694
0.4133120000915369
0.37248199987516273
0.3755569996428676
0.3828569997494924
0.36697100040328223
0.35168599970347714
0.3756500000235974
0.4258559993104427
0.3758290004043374
0.4217019995849114
0.2744690000326955
0.34801499987224815
0.3437649993429659
0.3738920004252577
0.3316000002087094
0.33199000063177664
0.3118700005870778
0.35823100006382447
0.32148099944606656
0.5324539997673128
1.432703999853402
0.8786120006334386
0.34218800010421546
0.39092199949664064
0.35243000002083136
0.37671900008717785
0.4395180003484711
0.4002819996458129
0.32187000033445656
0.34330599919485394
0.36212099985277746
0.3791760000240174
0.36019600065628765
0.36572099998011254
0.35851600023306673
0.3278800004409277
0.3362099996593315
0.3539260005709366
0.30224900001485366
0.3075020003961981
0.3698189993883716
0.2808380004353239
0.3773620001084055
1.4913250006429735
0.43763299981947057
0.33752000035747187
0.5110350002723862
0.4056919997310615
0.28570900030899793
0.260978000369505
0.3380799998922157
0.39545700019516516
0.34237599993502954
0.34817499999917345
0.40052999975159764
0.4034300000057556
0.3566899995348649
0.3474610002740519
0.3303599996797857
0.34350500027358066
0.3522850001900224
0.5609330000879709
0.4165109994573868
0.2840769993781578
1.0385510004198295
0.6402790004358394
0.32622999970044475
0.35563100027502514
0.30701000014232704
0.4156029999649036
0.4151420007474371
0.3564809994713869
0.3538509999998496
0.31948899959388655
