payload_size_bytes=10240
runs=1000
mean_ms=0.533
median_ms=0.387
stddev_ms=0.436
min_ms=0.239
max_ms=3.655
---raw---
0.41964299998653587
0.36371099940879503
0.3507110004647984
0.3476410001894692
0.6399489993782481
0.3192900003341492
0.4086620001544361
0.3466200005277642
0.35268100054963725
0.40608200015412876
0.3610109997680411
0.3611410002122284
0.42823300009331433
0.3729410000232747
0.35068099987256574
0.32425900008092867
0.3071199998885277
0.31865999972069403
0.38917199981369777
0.39277199994103285
0.3536909998729243
0.3194499995515798
0.7943439995869994
0.2952619997813599
0.31156700060819276
0.31707000016467646
0.32545999965805095
1.3071090006633312
0.3633310006989632
0.3139989994451753
0.28921899956912966
0.3206790006515803
0.511606000145548
2.014251000218792
0.5690669995601638
0.44405299922800623
0.3740210004252731
0.7425020003211102
0.8415459997195285
0.4060319997734041
0.33893999989231816
0.3164099998684833
0.4045230007250211
0.321349999467202
1.1130740003864048
0.4232929995851009
0.36802099930355325
0.3502199997456046
0.33555000027263304
1.2697380007011816
0.410133000514179
0.3894620003848104
0.32763000035629375
0.36460100000113016
0.32808000014483696
0.35484100044413935
0.35027000012632925
1.8307009995623957
2.0391429998198873
0.7066409998515155
0.35643100000015693
0.8318350000990904
0.38995199975033756
0.40099200032273075
0.34913099989353213
0.747451999814075
0.3442309998717974
2.010141000027943
1.589279000654642
0.33958000040001934
0.3576910003175726
1.7009909997796058
0.39416199979314115
0.34203999985038536
0.6821610004408285
0.3241499998694053
2.007891000175732
0.38749200029997155
0.34448099995643133
0.30825999965600204
0.3824420000455575
1.8215150003015879
0.3315799995107227
1.974079999854439
1.5742380001029233
0.37948099998175167
0.30147899997245986
0.4370030001155101
0.7981139997355058
0.6126790003690985
0.35770999966189265
0.3018490006070351
0.34757100002025254
0.408703000175592
0.3318799999760813
1.692281999567058
0.36041099974681856
0.7624930003657937
0.5521070006579976
0.36387099953572033
1.5972080000210553
0.3323500004626112
0.39618199934920995
0.3392910002730787
0.3700620000017807
1.9684299995788024
0.3721409993886482
0.3533910003170604
0.33154000084323343
0.35091999961878173
3.2436589999633725
0.32950000058917794
1.281878999179753
0.29686899961234303
1.9997910003439756
0.34727100046438864
1.2482680003813584
0.29979900045873364
1.646249999794236
0.6889799997225055
0.9971199997380609
0.30692900054418715
1.6269489997284836
0.2922390003732289
0.3795510001509683
0.734411999474105
0.3957920007451321
0.39108200053306064
1.6456410003229394
0.3450109998084372
0.3919119999409304
0.41680199956317665
0.33042999984900234
0.6634600003962987
0.37327100017137127
1.2854389997301041
0.33964100020966725
1.5945589993862086
0.3252690003137104
1.9736499998543877
0.39199200000439305
1.2194869996164925
2.384481999797572
0.42197299990220927
0.4386829996292363
0.6193689996507601
0.37370200061559444
1.9467789998088847
1.625879000130226
0.3475200001048506
0.35762100014835596
0.39741199998388765
0.37250100012897747
2.3911420003059902
0.5219059994487907
0.3740109996215324
1.025851000122202
1.976430000468099
1.9672900007208227
0.6435099994632765
0.38727100036339834
0.38079200021456927
0.44535400047607254
0.4307830004108837
0.4697340000348049
0.38298199979180936
0.6056180000086897
0.34885999957623426
1.6145390000019688
0.4260730001988122
0.42075300007127225
0.8410350001213374
0.3702910007632454
0.5156259994691936
0.38875200061738724
0.34878099995694356
0.39866200040705735
0.3810719999819412
0.42698299967014464
0.39418200049112784
1.6543199999432545
2.179076000174973
0.33815000006143237
0.40115200044965604
0.3452200007814099
0.4601339996952447
0.4429040000104578
0.38774099994043354
0.3743920005945256
0.4052619997310103
0.38316200061672134
1.9376090003788704
1.9926109998777974
1.9593999995777267
1.438903000234859
0.43988400011585327
0.39247200038516894
0.45403399963106494
0.3196300003764918
0.7528729993282468
0.4501230005189427
0.4809740003111074
0.4351429997768719
0.420352999753959
0.284428000668413
0.38408199998229975
2.095623999593954
0.3513310002745129
1.3657310000780853
0.33986000016739126
1.6336750004484202
0.3210989998478908
0.3721009998116642
0.92590799977188
0.39462200038542505
0.3667110004244023
0.39478200051235035
0.3789020001931931
0.3992420006397879
0.3589409998312476
0.4172630005996325
0.38887200025783386
0.4090729999006726
0.36443099997995887
0.3673310002341168
0.7231620002130512
0.6572160000359872
0.31578900052409153
1.5366070001618937
0.3139390000796993
2.1283850001054816
0.4010129996459
0.3995320003014058
0.3501900000628666
0.3812220002146205
0.4327429996919818
0.43253300009382656
0.33863999942695955
0.40547200023866026
0.37483100004465086
2.1938380004939972
1.9769289992837003
0.36104100036027376
0.3056390005440335
0.37059599981148494
0.3934620008294587
0.38285199934762204
0.3432299999985844
0.4376229999252246
0.4228930001772824
0.35901100000046426
1.531167000393907
0.3967419997934485
0.40252200051327236
0.44104300013714237
2.2543180002685403
0.779154000156268
0.44775300011679064
0.9539740003674524
0.5216560002736514
0.48009399961301824
0.6655100005446002
0.41846299973258283
2.0177710002826643
0.46614399980171584
0.9822499996516854
0.38298199979180936
0.37068100027681794
0.43035299950133776
0.3865119997499278
1.0351909995733877
0.3685310002765618
1.2295879996599979
0.4510239996307064
0.3455699998085038
0.383280999812996
0.758632999350084
0.3549209995981073
0.45666400001209695
0.3962519995184266
0.366531000508985
0.8123750003505847
0.5665970002155518
0.5353060005290899
0.4349729997557006
0.36401099987415364
0.43408300007286016
0.331729999743402
0.5217660000198521
0.4345130000729114
0.41998300002887845
0.3538509999998496
0.3906109996023588
0.7342529997913516
0.4397630000312347
0.3478299995549605
0.38581200078624533
0.48698500086175045
0.4157430003033369
0.47961400014173705
0.5434069998955238
0.43535299937502714
0.48742499984655296
0.6391299993993016
0.3628350004873937
0.7246010000017122
0.4524329997366294
0.4102530001546256
0.3224100000807084
0.34374999995634425
1.2281770004847203
2.343721000215737
1.6002789998310618
1.9294789999548811
0.3589309999370016
0.4291730001568794
0.6386490003933432
0.32533000012335833
0.3833410000879667
1.7199120002260315
1.99081099981413
2.368491999732214
0.4739050000353018
0.42775299971253844
2.046526999947673
0.48371499997301726
1.4569699997082353
0.879397000062454
0.39060199924279004
0.3658220002762391
2.0052099998792983
0.4612339998857351
0.559316999897419
0.38648699955956545
0.8772370001679519
0.4267129997970187
0.4236369995851419
0.40996799998538336
0.41138199958368205
0.354911000613356
0.3964520001318306
0.3967120001107105
0.3542710001056548
0.40005199934967095
0.44105300003138836
0.4253729994161404
0.3931319997718674
0.47188400003506104
0.3734210004040506
3.3913839997694595
0.37000199972681
0.34582100033730967
1.244592000148259
0.4118229999221512
0.4442529998414102
0.32624000050418545
0.4343230002632481
0.7079209999574232
0.4911640007776441
0.6838700001026154
0.9645500003898633
0.32248000024992507
0.6124290002844646
0.9792000000743428
0.34082000001944834
0.3548399999999674
2.2645079998255824
0.9570000001986045
0.370172000657476
0.6186789996718289
0.5177350003577885
0.38687199958076235
0.4231729999446543
0.2788179999697604
0.41086300007009413
0.3939160005757003
0.41635199977463344
0.3805619999184273
0.4028630000902922
0.3879020005115308
0.35717100035981275
0.3794720005316776
0.3555009998308378
0.43465299950185
0.3911220001100446
0.3927770003429032
0.3687610005727038
0.39132700021582423
0.4507530002229032
0.42602300072758226
0.3796050004893914
0.44711299960908946
0.426853000135452
0.5570370003624703
0.43160300083400216
1.2916190007672412
0.5090959994049626
0.39477200061810436
0.5338669998309342
0.3932740000891499
0.46280500009743264
0.4634139995687292
0.352480000401556
2.348832000279799
0.4411079999044887
0.5681779994120006
0.714030999915849
0.5666369997925358
0.9088370006793411
0.36491099945124006
0.3458299997873837
0.36616100078390446
0.42234299962728983
0.39305200061789947
0.36867099970550044
0.29409800026769517
0.38452199987659696
0.3258799997638562
0.3232589997423929
0.3656109993244172
3.6546319997796672
0.31500900058745174
1.401172999976552
0.8718569997654413
0.4035219999423134
1.3499810002031154
0.31381000007968396
0.38115200004540384
0.35702100012713345
0.34035000044241315
0.3416399995330721
0.38230100017244695
0.4287530000510742
0.37052700008644024
0.7458820000465494
0.7212020000224584
0.32562999967922224
0.39435200051229913
0.33526000061101513
0.36231099966244074
0.32190999991144054
0.34820499968191143
0.36044100033905124
0.41032199987967033
0.4081619999851682
0.3924920001736609
0.5125360003148671
0.4047619995617424
0.3848509995805216
0.3662610006358591
0.4086230001121294
0.3429409998716437
0.33647000054770615
0.6576400000994909
0.39698199998383643
0.36631100010708906
0.3866220004056231
0.36588099919754313
0.33845999951154226
0.3418500000407221
0.2468879993102746
0.34811000023182714
0.33235099999728845
0.36383099995873636
0.33987000006163726
0.3537860002325033
0.3499610002108966
0.37366600008681417
0.716421000106493
0.3092499991907971
0.34786099968187045
0.3427199999350705
0.31128899991017533
0.3861519999190932
0.37394099945231574
0.37300099938875064
0.3362499992363155
0.3897619999406743
0.6765600001017447
0.41354200038767885
0.3541109999787295
0.3023889994437923
0.39580300017405534
0.33903900020959554
0.30505900031130295
0.33426600020902697
0.3005090002261568
0.6399940002665971
0.6635500003540074
0.36693099991680356
0.32495999948878307
0.37445199996000156
0.3332189999127877
0.39634200038562994
0.3246100004616892
0.4156819995841943
0.36511100006464403
0.33146999976452207
0.29871900005673524
0.6488099998023245
0.38930699975026073
0.34849499934352934
0.32200999976339517
0.3166050000800169
0.3535759997248533
0.3834609997284133
0.39323200053331675
0.324180000461638
0.44157299998914823
0.45514399971580133
0.6745900000169058
0.3689209997901344
0.42106299952138215
0.43658300000970485
0.3844319999188883
0.3457200000411831
0.31399900035467
0.3835320003418019
0.37033099943073466
0.7797739999659825
0.4577839999910793
0.4448529998626327
0.4252640001141117
0.3480499999568565
0.35537199983082246
0.3666619995783549
0.33070000063162297
0.35171099989383947
0.3303299999970477
0.34419999974488746
0.38464099998236634
0.3516509996188688
0.37740200059488416
0.3760210001928499
0.36472200008574873
0.363911000022199
0.43486300000949996
0.4263480004738085
0.3206450001016492
0.41001199952006573
0.34204999974463135
0.39056199966580607
0.3503800007820246
0.4313929994168575
0.5035249996581115
0.41037299979507225
1.1170440002388204
0.31473000035475707
0.4350640001575812
0.43081299918412697
0.35565100006351713
0.3892619997714064
0.4100930000277003
0.339670000357728
0.35980099983135005
0.3662509998321184
0.3170990003127372
0.34801100082404446
0.27188900003238814
0.32762999944679905
0.40852299935068004
0.3442409997660434
0.30719899950781837
0.34731000050669536
0.3193099992131465
0.3688910001073964
0.3094590001637698
0.3349090002302546
0.36573099987435853
0.32485000065207714
0.29804899986629607
0.3277300002082484
0.3081300001213094
0.28988899975956883
0.38134100032038987
0.3923819995179656
0.5003750002288143
0.44494299982034136
0.3214699991076486
0.3801869997914764
0.29732899929513223
0.3991670000687009
0.30363900077645667
0.3700420002132887
0.33055000039894367
0.3736709995791898
0.6872610001664725
0.30825999965600204
0.40466300015395973
0.3270900006100419
0.4064229997311486
0.360001000444754
0.33675000031507807
0.3297610001027351
0.3932979998353403
0.33999100014625583
0.45373400007520104
0.38440200023615034
0.373111000044446
0.4191569996692124
0.3927220004698029
0.3418809992581373
0.337991000378679
0.3751519998331787
0.3686009995362838
0.3615709993027849
0.3763109998544678
0.380401999791502
0.36759100021299673
0.33649000033619814
0.3362709994689794
0.35551000019040657
0.37152200002310565
0.35950099936599145
0.4297030000088853
0.32575000022916356
0.3968720002376358
0.35952100006397814
0.38855200000398327
0.33392500063200714
0.30839000010018935
0.3803959998549544
0.3895370000464027
0.3631809995567892
0.3363999994689948
0.2601870000944473
0.44517399965116056
0.2877280003303895
0.3912620004484779
0.3321599997434532
0.3440709997448721
0.3231689997846843
0.32543999986955896
0.45187399973656284
0.36805099989578594
0.4714349997811951
0.32441899929835927
0.3336909994686721
0.3403210002943524
0.3909919996658573
0.35283099987282185
0.2641080000103102
0.36321099923952715
0.3912619995389832
0.3004689997396781
0.42424200000823475
0.27641800079436507
0.2976990008392022
0.30349899952852866
0.3923519998352276
0.358781000613817
0.7218219998321729
0.3263100006734021
0.30683000022690976
0.32594999993307283
0.3002190005645389
0.37079100002301857
0.36492100025498075
0.3487700005280203
0.35530100012692856
0.34909100031654816
0.32903000010264805
0.24750700049480656
0.27242800024396274
0.3903209999407409
0.3470310002740007
0.32806000035634497
0.2695380007935455
0.31947900060913526
0.42711300011433195
0.31916900024953065
0.28350899992801715
0.676499999826774
0.326630000017758
0.3344999995533726
0.40316200011147885
0.23894700007076608
0.3004789996339241
0.338450000526791
0.3462630002104561
0.2747879998423741
0.4296400002203882
0.3063789999941946
0.3804010002568248
0.3177400003551156
0.29805899976054206
0.34080999921570765
2.696542000194313
0.3874320000250009
0.40153099962481065
0.9160479994534398
0.3047099999093916
0.2841690002242103
1.915809999445628
1.6329170002791216
1.0037509991889237
0.456394000138971
0.3379800000402611
0.26574799994705245
0.3034820001630578
0.28079599996999605
0.29357899984461255
0.2632790001371177
0.35229100012657
0.32797000039863633
0.2930410000772099
0.3421279998292448
0.2710779999688384
0.2789709997159662
0.2838489999703597
0.33594700016692514
0.30429899925366044
0.34311999934288906
0.8045849999689381
0.39308200030063745
0.2910590001192759
0.3189190001648967
0.29618900043715257
0.33056000029318966
0.2949190002254909
0.24363699958485086
0.5930979996264796
0.3358710000611609
0.25878799988277024
0.2809190000334638
0.3481109997665044
0.3197799996996764
0.291979000394349
0.33720999999786727
0.31117999969865195
0.2769389993773075
0.33038999936252367
1.6709809997337288
0.29963900033180835
0.36904199987475295
0.30116900052234996
0.32233000001724577
0.3190399993400206
0.3872320003210916
0.36433100012800423
1.6292890004478977
0.3127999998469022
0.31279899940273026
0.4239230001985561
0.36681100027635694
0.2967889995488804
0.2987389998452272
0.340470999617537
0.2992890003952198
0.7471330000043963
0.38589099949604133
0.36199100031808484
0.2941590000773431
0.30186000003595836
0.4003329995612148
0.4605940002875286
0.3450700005487306
0.3687309999804711
0.5334160005077138
0.2656779997778358
0.327859999742941
0.3930809998564655
2.6645709995136713
0.35203100014769007
0.3907770005753264
0.3948519997720723
0.8264099997177254
0.41091200000664685
0.4482829999687965
2.422496000690444
1.6869689998202375
0.3866619999826071
0.3439600004639942
0.34805300037987763
0.3863419997287565
0.3285100001448882
1.0210880000158795
0.4522560002442333
0.3401510002731811
0.409399999625748
0.41258600049332017
0.3240770001866622
0.3599009996833047
0.3108789996986161
0.3370510003151139
0.42779199975484516
0.32633299997542053
0.38856200080772396
0.3313369998068083
0.43861300036951434
0.3742119997696136
0.5899230000068201
0.9129019999818411
0.40512500072509283
0.7767839997541159
0.384730999940075
1.0543749995122198
0.40020199958235025
0.30702999993081903
0.4383229997984017
0.3777109996008221
0.39723200006847037
0.49657499948807526
0.3119290004178765
0.3919020000466844
0.4261269996277406
0.3859019998344593
0.4473240005609114
0.46068400024523726
0.7268819999808329
0.37842100027773995
0.38631099960184656
0.408713000069838
0.41095299911830807
0.42443300026207
0.4243630000928533
0.33437000001868
0.44497299950307934
0.367771000128414
0.4048020000482211
0.37678199987567496
0.3490700000838842
0.4618240000127116
0.481113999740046
0.3962580003644689
0.46225000005506445
0.3590710002754349
0.3690710000228137
0.9649309995438671
0.41103999956249027
0.504144999467826
0.41384199994354276
0.3850920002150815
0.34713999957602937
0.3379099998710444
0.4294840000511613
0.40702200021769386
0.3869009997288231
0.3230600004826556
0.345790999745077
0.3574499996830127
0.6056689999240916
0.41309399966849014
0.36696099959954154
0.39900200044939993
0.39115100025810534
0.333160000081989
1.146665000305802
0.33340000027237693
0.4828750006709015
0.38326100002450403
0.34678100018936675
0.4043020007884479
0.3426299999773619
0.41283300015493296
0.421582999479142
0.43455299964989536
0.31386899991048267
0.3648110005087801
0.4121129995837691
0.41032200078916503
0.4120860003240523
0.5357039999580593
0.6485199992312118
0.4539930005194037
0.4934050002702861
0.5415659998107003
0.2631679999467451
0.33137999980681343
0.4711639994638972
0.669969999762543
0.3697120000651921
0.3669910001917742
0.36200100021233084
0.36197299959894735
1.0941630007437197
0.4623639997589635
0.5663960000674706
0.32530200041946955
1.867654000307084
0.36238200027582934
1.336480000645679
0.41544200030330103
0.4047820002597291
0.3597309996621334
0.4117620001125033
1.737551999212883
0.40246299977297895
1.3945020000392105
0.4622750002454268
1.7042210001818603
0.36960100078431424
0.41614799920353107
0.4525009999269969
0.31481899986829376
0.4343129994595074
0.6437199999709264
0.348440999914601
0.345999999808555
0.5114630002935883
0.43493399971339386
0.41135199990094407
0.38890199994057184
0.4115629999432713
0.3886819995386759
0.3968520004491438
0.43934299992542947
0.4973660006726277
0.4718530008176458
0.4027229997518589
0.2959650000775582
0.4105319994778256
0.4643140000553103
0.5243400000836118
0.8952280004450586
0.35626099997898564
1.2244330000612536
0.4331979998823954
0.3598909997890587
0.3795220000029076
0.5542670005524997
0.36179099970468087
0.5322260003595147
0.5479660003402387
0.3232399994885782
0.36024099972564727
0.44270600028539775
0.37095100014994387
0.2725589993133326
0.3842690002784366
0.48119400071300333
0.39242200000444427
0.36867099970550044
0.4213860001982539
0.45423099982144777
0.32982999982777983
0.4578439993565553
1.2168969997219392
0.375521000023582
0.38253399998211535
0.34424800014676293
0.3997830008302117
0.4146530000070925
0.2988989999721525
0.36700399959954666
0.44548000005306676
0.356190999809769
0.5012860001443187
0.5459560006784159
0.35196999942854745
0.4789750000782078
0.3846620002150303
0.372223999875132
0.2997559995492338
0.35246999959781533
0.3539509998518042
0.4100520000065444
0.3566410005078069
0.32280000050377566
0.35889099945052294
0.3749710003830842
0.33570999949006364
0.505355999848689
0.49036500058718957
0.3939440002795891
0.34176799999841023
0.3369799997017253
0.3533099998094258
0.3972019994762377
0.3169490000800579
0.3311499995106715
0.4094320001968299
0.37403200076369103
0.4983159997209441
0.37704100031987764
0.4567039995890809
0.49064400081988424
0.35695199949259404
0.34304899963899516
0.396121999983734
0.397302000237687
0.4270230001566233
0.3374309999344405
0.3860520000671386
0.42278299952158704
0.7716139998592553
0.4048020000482211
0.5238359999566455
0.4252419994372758
0.3314300001875381
0.4627739999705227
0.4517839997788542
0.3773620001084055
0.4735040001833113
0.40872200042940676
0.2796790004140348
0.3460810003161896
0.3712309999173158
0.425424000241037
0.33210999936272856
