payload_size_bytes=10240
runs=1000
mean_ms=0.424
median_ms=0.373
stddev_ms=0.209
min_ms=0.264
max_ms=3.063
---raw---
0.37254100061545614
0.4570239998429315
0.38132200006657513
0.501675000123214
0.9740989999045269
1.5928480006550672
0.4798849995495402
0.39135199949669186
1.0572419996606186
2.0801930004381575
0.9683589996711817
3.062693999709154
0.5909070005145622
0.40946300032373983
0.39839300006860867
0.4029519996038289
0.46474400005536154
0.44741400051862
0.8131650001814705
2.336570999432297
0.34991099983017193
0.3989120004916913
0.6350490002660081
0.42330399992351886
0.4747439998027403
0.5391270005929982
0.3009890006069327
0.9788540000954526
0.5058460001237108
0.35354999999981374
0.4839949997403892
0.5317559998729848
0.4538530001809704
0.3701919995364733
0.3581910004868405
0.4202030004307744
0.3581510000003618
0.3756810001505073
0.4725400003735558
0.4508029996941332
0.38635099917883053
0.4316829999879701
0.4661840002881945
0.8640759997433634
0.42839300022023963
0.3984320001109154
0.48419500035379315
1.3252500002636225
0.35917099921789486
0.3667310002128943
0.4112719998374814
0.37741199957963545
0.4287130004740902
0.4162029999861261
0.7352929997068713
0.48991499988915166
0.5657070005327114
0.45513399982155534
0.4187929998806794
0.47173399980238173
0.4222730003675679
0.3744610003195703
0.4341929998190608
0.4751050000777468
0.4136930001550354
2.451694000228599
0.4329330004111398
0.7852540002204478
0.4626640002243221
0.43701300000975607
0.5180159996598377
0.4857639996771468
0.4004520005764789
0.37554199934675125
0.3672620005090721
0.3771419997065095
0.44000300022162264
0.609448999966844
0.40105300013237866
1.537758000267786
0.7046709997666767
0.43207299950154265
0.3869220008709817
0.4512529994826764
0.32547999944654293
0.39836199994169874
0.3780719998758286
0.48008399971877225
0.37421099932544166
0.7079809993228992
0.4855350007346715
0.40161200013244525
0.3716319997693063
0.4604340001606033
0.4419530005179695
0.40674199954082724
0.3954129997509881
0.45877299999119714
0.9257980000256794
0.8248750000348082
0.4166119997535134
0.34080000023095636
0.349670999639784
0.39122199996199924
0.38827200023661135
0.2964389996122918
0.3317700002298807
0.5166050004845602
2.029711999966821
0.7511129997510579
0.3845569999612053
0.38237199987634085
0.3686150002977229
0.36185099997965153
0.3853620000882074
0.3784909995374619
0.3332599999339436
0.3982719999839901
1.2845700002799276
0.41681199945742264
0.6787310003346647
0.35190099970350275
0.37234100000205217
0.34142000004067086
0.38034200042602606
0.3611610000007204
0.35686100000020815
0.3660910006146878
0.3575410000848933
0.430933000643563
0.38470199979201425
0.4338529997767182
0.38927100013097515
0.4625139999916428
0.4356130002634018
0.32666999959474197
0.314990000333637
0.3367299996170914
0.34991099983017193
0.4049120007039164
0.4129620001549483
0.7221420000860235
0.45226900056150043
0.37684099970647367
0.31940000008034986
0.3340339999340358
0.38514199968631146
0.36250599987397436
0.3156200000375975
0.36944099974789424
0.32930999987001996
0.34431099993526004
0.3140499993605772
0.8622060004199739
0.30862899984640535
0.3889169993271935
1.3994230002936092
0.3787559999182122
0.3478110002106405
0.31725999997433973
0.3596159995140624
0.3377900002305978
0.4063320002387627
0.36622200059355237
0.3912780002792715
0.36788099987461464
0.6706100002702442
0.3780609995374107
0.40685200019652257
0.32430499959446024
0.5449770005725441
0.3769120003198623
0.3500399998301873
0.3991620005763252
0.34974099980900064
0.38284199945337605
0.3054489998248755
0.3564910002751276
0.47810899923206307
0.40667299981578253
0.6604250002055778
0.39093199939088663
0.2955589998236974
0.3362800007380429
0.35625100008473964
0.393442000131472
0.30332899950735737
0.33771999915188644
0.38909100021555787
0.3996219993496197
0.30604399944422767
0.37374099974840647
0.3364099993632408
0.339451000400004
0.34717000016826205
0.3724210000655148
0.4158330002610455
0.3152600002067629
0.41995700030383887
0.7022809995760326
0.32678499974281294
0.3802720002568094
0.32767899938335177
0.34233600035804557
0.4688140006692265
0.33117000020865817
0.3658010000435752
0.3868509993480984
0.36291099968366325
0.3494910006338614
0.5645470000672503
0.6230589997358038
0.3951919998144149
0.35536199993657647
0.34362999940640293
0.3676919995996286
0.36530199940898456
0.36889200055156834
0.38871200013090856
0.37810100002388936
1.6897109999263193
0.637529999949038
0.34586099991429364
0.33771999915188644
0.326590000440774
0.40346199966734275
0.46472400026686955
0.5214149996390915
0.35162099993613083
0.3455810001469217
0.41091200000664685
0.38304200006678
0.3853410007650382
0.6705699997837655
0.67362099980528
0.4470129997571348
0.3152700001010089
0.3350810002302751
0.42098799985978985
0.3950560003431747
0.40122300015354995
0.3603909999583266
1.028771000164852
0.42750800002977485
0.6875210001453524
0.4149230007897131
0.44102799984102603
0.3527809994920972
0.3850009998132009
0.340480999511783
0.39010199998301687
0.3891520000252058
0.42881300032604486
0.3724509997482528
0.38255200070125284
0.36029100010637194
0.39246199958142824
0.3933709995180834
0.3568520005501341
0.4293829997550347
0.5507469995791325
0.3443300001890748
0.36148099934507627
0.3710920000230544
0.34498999957577325
0.35239099997852463
0.35475999993650476
0.38624199987680186
0.30755899933865294
0.36412099962035427
0.4339480001362972
0.3389900002730428
0.2867579996745917
0.35082099930150434
0.33119999989139615
0.2844990003723069
0.4713240005003172
0.4766590000144788
0.4006320004918962
0.39696200019534444
0.39714200011076173
0.3551210002115113
0.30783900001551956
0.34619099915289553
0.32620999991195276
0.3309699995952542
0.358660999154381
0.3545850004229578
0.31124899942369666
0.3507010005705524
0.3204600006938563
0.3920460003428161
0.44334399990475504
0.3912330003004172
0.36088100023334846
0.32496000039827777
0.39676199958194047
0.366580999980215
0.36232500042387983
0.3405600000405684
0.3420610000830493
0.343454999892856
0.3357400000822963
0.355970999407873
0.35593099983088905
0.3851219998978195
0.3499909998936346
0.3667210003186483
0.3091389999099192
0.8535159995517461
0.6990110005062888
0.38844600021548104
0.39929200011101784
0.3899120001733536
0.3026990007128916
0.3399049992367509
0.3849219992844155
0.7309819993679412
0.2994390006278991
0.3402299998924718
0.37460200019268086
0.30582899944420205
0.35788999957730994
0.4299729998820112
0.3000209999299841
0.2639459999045357
0.3606609998314525
0.32172000010177726
0.29621899921039585
0.35079100052826107
0.30058900028961943
0.33522000012453645
0.30878899997333065
0.37203099964244757
0.281398999504745
0.35576099980971776
0.5738870004279306
0.3405110001040157
0.4344630006016814
0.3063590002057026
0.38175200006662635
0.29179800003475975
0.3300599992144271
0.31749899972055573
0.32222000027104514
0.3255000001445296
0.27843799944093917
0.3139589998681913
0.35928400029661134
0.5540750007639872
0.3430209999351064
0.32537900005991105
0.3690510002343217
0.34893100018962286
0.3221789993403945
0.3261500005464768
0.3345299992361106
0.31388900060846936
0.3314599998702761
0.3424400001676986
0.36665100014943164
0.2777780000542407
0.2782690007734345
0.31085999944480136
0.28920899967488367
0.2911889996539685
0.3277400001024944
0.3527900007611606
0.32454000029247254
0.29929900028946577
0.3034190003745607
0.26774800062412396
0.32334900060959626
0.8261059992946684
0.3918719994544517
0.3106100002696621
0.3230299998904229
0.2964489995065378
0.3119489992968738
0.30038900058571016
0.3233199995520408
0.3169290002915659
0.30376999984582653
0.2875780000977102
0.3538900000421563
0.4913950006084633
0.3555809998943005
0.30228899959183764
0.4216329998598667
0.34297000001970446
0.42743299945868785
0.26933800018014153
0.3089800002271659
0.3246989999752259
0.3315599997222307
0.31708000005892245
0.32980000014504185
0.3831020003417507
0.3415300006963662
0.3173989998686011
0.33769000037864316
0.634138999885181
0.404843000069377
0.3724110001712688
0.33773999984987313
0.35132999983034097
0.3476510000837152
0.39530100002593827
0.3314199993837974
0.33273999997618375
0.38671199945383705
0.30358999993040925
0.3261800002292148
0.2948989995275042
0.31727899931865977
0.3416899999137968
0.3178020006089355
0.32678699972166214
0.3690410003400757
0.7011210000200663
0.4186730002402328
0.33121999967988813
0.31622000005882
0.5221649998929934
0.7146520001697354
0.3853819998766994
0.3687210000862251
0.4131229998165509
0.36250999983167276
0.587868000366143
0.4162129998803721
0.30040899946470745
0.3692520003824029
0.37567199979093857
0.3845510000246577
0.3234710002288921
0.3436699998928816
0.4079430000274442
0.4117219996260246
0.4364589995020651
0.7494520004911465
0.8037249999688356
0.3571600000213948
0.3466300004220102
0.4004820002592169
0.4321229998822673
0.41703300030349055
0.3315599997222307
0.28898799973831046
0.3145600003335858
0.44951400013815146
0.42977300017810194
0.3691609999805223
0.3395000003365567
0.3260399998907815
0.3651119995993213
0.3824619998340495
0.3559700007826905
0.41764300021895906
0.36046100012754323
0.38440200023615034
0.40708300002734177
0.3594509998947615
0.3187689999322174
0.41415200030314736
0.34975100061274134
0.3216899995095446
0.4187419999652775
0.38128199958009645
0.34786499963956885
0.7206419995782198
0.34610000057000434
0.347430000147142
0.37252099991746945
0.3005190001204028
0.3521309999996447
0.37090599926159484
0.3261199999542441
0.3924920001736609
0.36207599987392314
0.3175589999955264
0.31868899986875476
0.30425899967667647
0.6556000007549301
0.370431000192184
0.3622109998104861
0.3477000000202679
0.36843599991698284
0.3555509993020678
0.37719100055255694
0.40863300000637537
0.37152200002310565
0.8751060004215105
0.34233599944855087
0.37363100000220584
0.804909000180487
0.37311699998099357
0.3424500000619446
0.4194780003672349
0.32654999995429534
0.4332629996497417
0.5793380005343352
0.4190419995211414
0.3836519999822485
0.3379299996595364
0.3541409996614675
0.3126900001007016
0.3060490007555927
0.3605410001910059
0.3926519993910915
0.4280029997971724
0.3723310001078062
0.3436110000620829
0.40541300040786155
0.3063789999941946
0.3298499996162718
0.343550000252435
0.4023120000056224
1.1737060003724764
0.6311389997790684
0.42729300002974924
0.5509669999810285
0.36446100057219155
0.4263219998392742
0.3796220007643569
0.36618100057239644
0.3055789993595681
0.7742440002402873
0.7045120000839233
0.4938550000588293
0.44249500024307054
0.4444389996933751
0.34362999940640293
0.3393300003153854
0.47376499969686847
0.3771269994103932
0.4224820004310459
0.7142220001696842
0.38195700017240597
0.2964790000987705
0.32419000035588397
0.33846000042103697
0.3971619998992537
0.36277100025472464
0.35988599938718835
0.38511099955940153
0.36509099936665734
0.3677220001918613
0.5081159997644136
0.38478100032079965
0.35007000042242
0.4379740003059851
0.41362699994351715
0.33290000010310905
0.4292679996069637
0.3751209997062688
0.33276999965892173
0.32078000003821217
0.5108010000185459
0.3546210000422434
0.3688509996209177
0.3521799999361974
0.34879099985118955
0.38471200059575494
0.30411899933824316
0.3401200001462712
0.33179000001837267
0.34506100018916186
0.3726269997059717
0.3874020003422629
0.3682120004668832
0.2825390001817141
0.3422499994485406
0.3770909997911076
0.3822310000032303
0.32674500016582897
0.82301499969617
0.6582199994227267
0.30452000009972835
0.4902699993181159
0.3680519994304632
0.43622399971354753
0.39137200019467855
0.40811199960444355
0.3416800000195508
0.4170720003457973
0.37883200002397643
0.38256199968600413
0.38872200002515456
0.38905200017325114
0.34010099989245646
0.3422009995119879
0.3996420000476064
0.449883999863232
0.3799420001087128
0.3617809998104349
0.33349000023008557
0.7067509995977161
0.34985999991477
0.35311099964019377
0.3235499998481828
0.34855000012612436
0.4789539998455439
0.3645010001491755
0.3762070000448148
0.37469099970621755
0.3515899998092209
0.3576760000214563
0.3250899999329704
0.3515010002956842
0.3210300001228461
0.49814500016509555
0.36630100021284306
0.3629709999586339
0.36259099942981265
0.29328900018299464
0.3984629993283306
0.381631999516685
0.3841719999400084
0.788163999459357
0.6870209999760846
0.4349130003902246
0.28235799982212484
0.32480999925610377
0.6367189998854883
0.33052100025088293
0.43051300053775776
0.39787200057617156
0.44307900043349946
0.33588000042072963
0.303609000184224
0.37130100008653244
0.3407699996387237
0.28526799997052876
0.3779119997489033
0.37856099970667856
0.334409999595664
0.36061099945072783
0.3243000001020846
0.37394099945231574
0.3759910005101119
0.38935200063860975
0.36059100057173055
0.34301000050618313
0.3892419999829144
0.4623790000550798
0.49125000077765435
0.3799659998549032
0.3708610001922352
0.3256010004406562
0.3874770000038552
0.31535999914922286
0.3133290001642308
0.3937420005968306
0.3365599995959201
0.40808799985825317
0.4883740002696868
0.33892999999807216
0.3598909997890587
0.3511500008244184
0.4198830001769238
1.0164409995923052
0.7659229995624628
0.4601939999702154
0.34021999999822583
0.38951199985604035
0.3628919994298485
0.3762110000025132
0.3460409998297109
0.38174200017238036
0.37963100021443097
0.8084940000117058
0.6867410002087126
0.39884199941297993
0.404882999646361
0.3400699997655465
0.3834810004264
0.6059789993742015
0.36353100040287245
0.3412910000406555
0.4223830001137685
0.3861519999190932
0.4276730005585705
0.2843189995473949
0.35739999930228805
0.7489719992008759
0.39112700051191496
0.34638999932212755
0.32482000005984446
0.34730999959720066
0.31908999972074525
0.41410300036659464
0.3555210005288245
0.3849770000670105
0.39354199998342665
0.3631310000855592
0.3805209998972714
0.36321100014902186
0.28662899967457633
0.2992689996972331
0.3479110000625951
0.3592409993871115
0.7926640000732732
0.42231299994455185
0.3083600004174514
0.34078999942721566
0.3252500000598957
0.3346350003994303
0.34714999947027536
0.3272100002504885
0.41377700017619645
0.42605299950082554
0.33086999974329956
0.3377599996383651
0.3524710000419873
0.338249999913387
0.3228900004614843
0.4059120001329575
0.39697200008959044
0.4013520001535653
0.3197289997842745
0.38500200025737286
0.33643999995547347
0.3006290007760981
0.3708260001076269
0.4106129999854602
0.32329999976354884
0.3403410000828444
0.30445300035353284
0.3929619997506961
0.7514830003856332
0.662170000396145
0.43330300013622036
0.3965070000049309
0.40926700057752896
0.39345300046988996
0.4473939998206333
0.36304100012785057
0.34252000023116125
0.40438199994241586
0.7866089999879478
0.3831710000667954
0.36421599997993326
0.3954620005970355
0.362661000508524
0.4011769997305237
0.36401699981070124
0.349650999851292
0.471923999612045
0.32529999953112565
0.4327830001784605
0.3729210002347827
0.40519199956179364
0.3307049992145039
0.37424099991767434
0.3226199996788637
0.2878679997593281
0.37467099991772557
0.41898800009221304
0.35808099983114516
0.3369109999766806
0.31122000018513063
0.34867100021074293
0.45930400028737495
0.4886840006292914
0.41080299979512347
0.40088300011120737
0.3853609996440355
0.3371299999344046
0.7956239996929071
0.29838899990863865
0.3707310006575426
0.37022099968453404
0.6673600000794977
0.3650310000011814
0.4196029995000572
0.4145519997109659
0.3139000000373926
0.41334299930895213
0.4239269992467598
0.39180200019472977
0.39726199975120835
0.3112999993390986
0.3559099995982251
0.3154400001221802
0.3777470001296024
0.3695109999171109
0.36118099978921236
0.3442999995968421
0.36433100012800423
0.29747900043730624
0.3693609996844316
0.3411010002309922
0.3194800001438125
0.3452199998719152
0.6755909998901188
0.39316700076597044
0.3120600003967411
0.34041100025206106
0.31529899933957495
0.30430900005740114
0.316210000164574
0.3331750003781053
0.4274240000086138
0.36757099951501004
0.5533459998332546
0.4025329999421956
0.6794499995521619
0.39000200013106223
0.4144570002608816
0.43861900030606193
0.39056199966580607
0.35363099959795363
0.3710410001076525
0.7245309998324956
0.7540030001109699
0.4094080004506395
0.35963100071967347
0.4222030001983512
0.32206400010181824
0.37085100029798923
0.4010719994766987
0.39851200017437804
0.35023999953409657
0.36890199953631964
0.6897510002090712
0.34878499991464196
0.38688200038450304
0.3443410005274927
0.36371100031828973
0.28725900028803153
0.41227800011256477
0.3180490002705483
0.4089129997737473
0.30051400062802713
0.34501000027375994
0.36300600004324224
1.499494999734452
0.39357199966616463
0.6435000004785252
0.5364569997254875
0.34997000057046534
0.3058889997191727
0.3427359997658641
0.3700060005940031
0.36005200036015594
0.5706769998141681
1.2376670001685852
0.7585419998576981
0.44797399914386915
0.37500100006582215
0.3295799997431459
0.35404099980951287
0.37735099976998754
0.3700860006574658
0.30949000029067975
0.3038640006707283
0.35283099987282185
0.48111499927472323
0.40386700038652634
0.39423700036422815
0.3384399997230503
0.6641399995714892
0.7229819993881392
0.3742220005733543
0.3567929998098407
0.35927800036006374
0.3768110000237357
0.32939099946815986
0.38778199996158946
0.40889199954108335
0.3945319995182217
0.3478899998299312
0.3141689994663466
0.3796220007643569
0.2770689998214948
0.35055999978794716
0.3045390003535431
0.37502100076380884
1.058083000316401
0.6850609997854917
0.36627600002248073
0.3527709995978512
0.3322099992146832
0.3679310002553393
0.31907999982649926
0.3440549999140785
0.38575199960177997
0.4284629994799616
0.40254200030176435
0.6231190000107745
0.37203099964244757
0.381871999707073
0.510644999849319
0.40049200015346287
0.3738710001925938
0.39053699947544374
0.3953320001528482
0.5871680004929658
0.6873310003356892
0.38813599985587643
0.2895739999075886
0.34286000027350383
0.3888969995387015
0.3745009998965543
0.327879999531433
0.3676110000014887
0.47168400033115176
0.46008400022401474
0.4195479996269569
0.3834809995169053
0.6714009996358072
0.4163029998380807
0.3466499993010075
0.31815999955142615
0.30578000041714404
0.3247499998906278
0.3132800002276781
0.4062170000906917
0.4559939998216578
0.30343000071297865
0.46995499997137813
0.3671810000014375
0.8255250004367554
0.3821020000032149
0.4589340005622944
0.4032769993500551
0.3099900004599476
0.3137539997624117
0.35888700040231925
0.3766709996853024
0.3184790002705995
0.3951819999201689
0.35311500050738687
0.3703720003613853
0.3120890005448018
0.734103000468167
0.36443100088945357
0.40370299939240795
0.32591000035608886
0.3489400005491916
0.2873580006053089
0.30582900035369676
0.3516309998303768
0.34039100046356907
0.3667009996206616
0.3326500000184751
0.3289300002506934
0.2999990001626429
0.3897870001310366
0.6435100003727712
0.35374100025364896
0.32507499963685405
0.31072999991010875
0.33995099965977715
0.3655010004877113
0.33075000010285294
0.3218000001652399
0.3193200000168872
0.43547299992496846
0.6292489997576922
0.3130090008198749
0.35207099972467404
0.3542499998729909
0.3250999998272164
0.45146299999032635
0.415282999711053
0.4507240000748425
0.4964949994246126
0.3986330002589966
0.30667999999423046
0.4562329995678738
0.6238890000531683
0.40100200021697674
0.39683200066065183
0.35744000069826143
0.37773199983348604
0.39554200066049816
0.42199299969070125
0.39324199951806804
0.37873099972784985
0.7113219999155262
0.43378300051699625
0.7420130004902603
0.4002919995400589
0.38447699989774264
0.3043730002900702
0.3875720003634342
0.3415199998926255
0.5562070000451058
0.3718819998539402
0.8139149995258776
0.32736100001784507
0.40647300011187326
0.6454499998653773
0.41286299983767094
0.39089199981390266
0.341920999744616
0.3216899995095446
0.3376910008228151
