payload_size_bytes=512000
runs=100
mean_ms=4.889
median_ms=4.475
stddev_ms=1.100
min_ms=3.995
max_ms=8.855
---raw---
6.6266020003240556
8.566069999687898
4.915884000183723
4.912899000373727
4.463236000447068
4.49131099958322
8.855270000822202
7.105034999767668
6.360723999932816
5.985680999401666
6.442240000069432
6.27923699994426
4.5930430005682865
4.354719999355439
6.037913000000117
4.640354000002844
4.6086880001894315
6.334835000416206
5.517708000297716
4.500281999753497
4.803831000572245
4.559946999506792
5.648577000101795
4.820790999474411
4.560089000733569
5.0952400006281096
4.411539999637171
4.192317000160983
4.631546000382514
4.153935999966052
4.206556000099226
3.9945839998836163
4.275359000530443
5.02076499924442
4.431082000337483
6.727406999743835
7.909115999609639
7.789256999785721
8.37909399979253
7.535194000411138
7.135142000151973
4.7353089994430775
4.111915000066801
4.59357199997612
4.267249999429623
4.1978500003097
5.064619000222592
4.413038999700802
4.190419999758888
4.4898389996888
4.1645310002422775
4.374422999717353
4.178502000286244
4.544541000541358
4.044362000058754
4.259649999767134
4.146384999330621
4.109749999770429
4.126929999983986
4.305464000026404
4.723263999949268
4.238192000229901
4.239844000039739
4.6527859994967
4.343737000453984
4.766930000187131
4.183457000181079
4.432040000210691
4.189651999695343
4.228072999467258
4.101028999684786
4.274664999684319
4.372220999357523
4.465015999812749
4.058857999552856
4.397038000206521
4.641653999897244
5.772407999756979
4.881723999460519
4.293765999136667
4.007714000181295
4.108300000552845
4.073458999300783
4.119274999538902
4.570188000798225
4.819011999643408
4.157561000283749
4.11739899936947
4.1115499998340965
4.68583200017747
4.430743999364495
4.288359999918612
4.090694999831612
5.1576269997895
4.4581980000657495
4.081822999978613
4.2376940000394825
4.558504000669927
4.858424000303785
4.484445999878517
