payload_size_bytes=512000
runs=100
mean_ms=4.615
median_ms=4.450
stddev_ms=0.634
min_ms=3.951
max_ms=7.706
---raw---
6.869479000670253
6.4405310004076455
5.972156000098039
4.465171000447299
5.375828999603982
4.533661999630567
4.064833999109396
5.273478999697545
4.160221000347519
3.9507009996668785
5.480926000018371
4.271699000128137
4.409023999869532
4.907610000373097
4.785436000020127
4.420758999913232
4.8483529999430175
5.209083000409009
4.671196999879612
4.484066999793868
4.657544999645324
7.7055949996065465
5.483006999384088
4.942184999890742
4.451300000255287
4.041333000714076
5.021482999836735
5.24854899958882
4.280375000234926
4.1863520000333665
4.142705000049318
4.447964999599208
4.568038999423152
4.479285999877902
4.208198999549495
4.615030000422848
4.122665000068082
4.0540230002079625
4.204337999908603
4.573418000290985
4.345663000094646
4.366322999885597
4.497775999880105
4.287718999876233
4.168608000327367
4.041002000121807
4.628221000530175
4.385498000374355
4.440369999429095
4.518113000813173
4.652876999898581
4.146625999965181
4.5436479995260015
4.557168999781425
4.338301000643696
4.597109000314958
4.277430000001914
5.108495999593288
3.9980000001378357
4.518406999522995
4.654031000427494
4.511168000135513
4.42449399997713
4.496376999668428
4.492691999985254
4.3049650003013085
4.868448999332031
4.667600999709975
4.5465379998859135
4.078014999322477
4.115994999665418
4.150530999140756
4.325681000409531
4.299340000216034
4.184067000096547
4.534412000793964
4.470016000595933
4.2170630003965925
4.199449000225286
4.2428190008649835
4.243858999871009
4.2774700004883925
4.928819999804546
4.367862999970384
4.366282999399118
4.291219999686291
4.283296000721748
4.238043000441394
4.316320999350864
4.315801000302599
4.598960000294028
4.291010000088136
6.938180999895849
5.892148000384623
4.302780999751121
4.385072000332002
4.6966230001999065
4.495217000112461
5.646141999932297
4.364352999800758
