payload_size_bytes=512000
runs=100
mean_ms=4.704
median_ms=4.447
stddev_ms=0.992
min_ms=4.000
max_ms=10.199
---raw---
10.199449999163335
5.582389000664989
8.264031999715371
4.294671000025119
4.60887100052787
4.519097000411421
4.181647999757843
4.731517999971402
4.535186999419238
4.649016000257689
4.445354999916162
4.307234000407334
4.370073000245611
4.842497000026924
4.973520999556058
7.388164000076358
5.58077899950149
5.656468999404751
4.807186000107322
5.117155999869283
4.278878999684821
5.841410000357428
4.921509000268998
9.976252999877033
4.881888000454637
4.458776999854308
6.288112999754958
4.8508979998587165
4.75681700027053
4.785357999935513
4.63328099976934
4.825889000130701
4.371132999949623
4.432415000337642
4.3765529999291175
4.567199000121036
4.6618110000054
4.698103999544401
4.560287999993307
5.179757999940193
4.606679000062286
4.29197099947487
4.475200999877416
4.691412999818567
5.30181799967977
4.167054000390635
4.252341999745113
4.231908999827283
4.288629999791738
4.285973000150989
4.191324999737844
4.553459999442566
4.265528000360064
4.2098309995708405
4.11862500004645
4.526387000623799
4.321680999964883
4.271870000593481
4.14056600038748
4.215257999931055
4.235780999806593
4.214477000459738
4.8392280004918575
4.243289000442019
4.213253000671102
4.00005599931319
4.5383179995042155
4.461177000848693
4.586109000229044
4.538086999673396
4.218384000523656
4.395959000248695
4.2114789994229795
4.076058999999077
4.449513000508887
4.25810900014767
4.371302999970794
4.255732000274293
4.424835000463645
4.156701000283647
4.296514999623469
4.305714000111038
4.190996999568597
4.487632000746089
4.208336000374402
4.157091000706714
4.192893000436015
4.238313999849197
4.312072000175249
4.667805999815755
4.462457999579783
5.695985000784276
4.318956999668444
4.6027589996811
4.457388999981049
4.251077999469999
4.107810000277823
4.467290000320645
4.328841999267752
4.165567000200099
