payload_size_bytes=512000
runs=100
mean_ms=5.008
median_ms=4.357
stddev_ms=1.412
min_ms=3.901
max_ms=9.171
---raw---
9.170558999358036
7.400184999823978
4.5448379996742005
4.438945000401873
4.957880999427289
4.285441000320134
4.288090000045486
4.042253000079654
5.806386000585917
4.265370000211988
4.4360540005072835
4.564418999507325
4.2761949998748605
4.340017000686203
4.547847999674559
4.306327000449528
4.858362000049965
4.506962000050407
4.221641999720305
4.724014000203169
4.227699000693974
4.041882999445079
4.367436999928032
4.809446000763273
4.625395999937609
4.3108059999212855
4.330326999479439
4.407108999657794
4.262510000444308
4.074262999893108
4.795896999894467
5.3902630006632535
4.245314000399958
4.2170379992967355
4.140986000493285
4.536759000075108
4.402851999657287
4.203232999316242
3.90115899972443
3.996895999989647
4.586940000081086
4.307076000259258
4.104808999727538
4.156385999522172
4.193812999801594
3.9094889998523286
4.204568000204745
4.137550999985251
4.0770639998299885
4.198816999632982
4.279851999854145
4.533397000159312
4.347217000031378
4.059713000060583
4.252634999829752
5.122225999912189
4.4694750004055095
4.4127490000391845
4.547063999780221
4.505652000261762
4.582374999699823
4.1216549998353
4.215758999635
4.128284999751486
5.090190999908373
7.01306700011628
7.913460000054329
8.149588999913249
7.923131000097783
7.581948999359156
7.9529310005455045
7.949866999297228
8.019048000278417
8.3576439992612
7.873720000134199
8.159066999724018
8.101816999442235
8.029773999624013
8.000283000001218
7.981347999702848
3.970171000219125
4.17642699994758
4.0886639999371255
4.110883999601356
4.325060999690322
4.028571999697306
4.063003999362991
4.2443490001460304
4.051214000355685
4.168847000073583
4.23575299919321
4.446519999873999
4.913139000564115
4.409545000271464
4.2835690001084
4.211098000268976
4.601210000146239
4.204457000014372
6.67640199935704
4.739889000120456
