payload_size_bytes=512000
runs=100
mean_ms=4.816
median_ms=4.409
stddev_ms=1.024
min_ms=4.040
max_ms=8.781
---raw---
8.334176000062143
7.0619130001432495
7.670856999538955
6.991346999711823
8.781127000474953
7.6959039997746
7.92224199994962
4.148435999923095
5.171916000108467
7.588659999782976
5.35152299926267
4.954740999892238
5.281759999888891
6.544894999933604
6.306731999757176
4.331822000494867
6.6727989997161785
6.126555000264489
4.386114000226371
4.6467809997920995
4.052252000292356
4.420014000061201
4.453206000107457
4.1348849999849335
4.188977000012528
4.382584000268253
4.268028999831586
4.230540000207839
4.283689999283524
4.715612999461882
4.7936850005498854
4.759263999403629
4.5652289991267025
4.135565999604296
4.284210999685456
4.465256000003137
4.154355999162362
5.633832000057737
6.101804999161686
4.9733400001059636
4.731994000394479
4.3826040000567446
4.2250830001648865
4.177451999566983
4.52874199982034
5.235094999989087
4.268985000635439
4.113549999601673
4.694573000051605
4.265269999450538
4.686181999204564
4.202197000267915
5.027762999816332
4.278164999959699
4.273484999430366
4.781765999723575
4.248708999512019
4.040442999212246
4.253918999893358
4.599859999871114
4.276781000044139
4.212603999803832
4.702428000200598
4.230309000377019
4.451835000509163
4.3083360005766735
4.213133000121161
4.199273000267567
4.273509999620728
4.061057999933837
4.536847000053967
4.282210000383202
4.245480000463431
4.346046999671671
4.175731000032101
4.225008000503294
4.481922000195482
4.625189999387658
4.611819999809086
4.185546999906364
4.286065000087547
4.513436999332043
4.209757999888097
4.7714949996588985
4.368521999822406
4.778491000251961
4.3972579996989225
4.313730999456311
4.671581999900809
4.609055999935663
4.764010000144481
4.115595000257599
4.4870059991808375
4.672230999858584
4.095195000445528
4.126125999391661
4.202277999866055
4.351020999820321
4.898508999758633
4.374412999823107
