payload_size_bytes=512000
runs=100
mean_ms=4.565
median_ms=4.364
stddev_ms=0.733
min_ms=3.969
max_ms=9.622
---raw---
7.387353999547486
9.62203299968678
5.76726500003133
6.018417999257508
5.08988900037366
4.647581000426726
4.14831200032495
6.099299999732466
4.770945000018401
4.440441000042483
4.836486999920453
5.254444999991392
4.209986999740067
4.268200000296929
4.623185000127705
4.6822679996694205
3.9690399999017245
4.328541999711888
4.394658000819618
4.445550000127696
4.270440000254894
4.119284999433148
4.276884999853792
4.55328299995017
4.231703999721503
4.261394999957702
5.144085999745585
6.272359999456967
5.564629999753379
4.368932999568642
4.369063000012829
4.279695000150241
4.116689000511542
4.545658000097319
4.046872999424522
4.139807000683504
4.259749999619089
4.576543000439415
4.106749999664316
4.345192000073439
4.155746999458643
4.174950000560784
4.179796999778773
4.04414300010103
4.450970000107191
4.456890000255953
4.268935000254714
4.618628000571334
4.417219000060868
4.297125000448432
4.815676999896823
4.266730000381358
4.250074000083259
4.086539000127232
4.12497799970879
4.663845999857585
4.719604000456457
4.395694000777439
4.388411000036285
4.7252040003513684
4.727432999970915
4.321071000049415
4.21134800035361
4.499269999541866
4.459066999515926
4.041537000375683
4.119401999560068
4.414631999679841
4.074284000125772
4.06304900025134
4.22058299955097
4.358434999630845
4.469501000130549
4.208325000035984
4.618689000380982
4.288420000193582
4.196347999823047
4.3467330006023985
4.352146000201174
4.716942000413837
4.142490000049293
4.8941659997581155
5.014594999920519
4.2405839994899
4.481640999983938
3.9855309996710275
4.207967999718676
4.2135859994232305
4.119624999475491
4.154717000346864
4.404653000165126
4.18078799975774
4.8077050005304045
4.642826999770477
4.437224999492173
5.213958000240382
4.820332000235794
4.329913999754353
4.780031999871426
4.327397000452038
