payload_size_bytes=512000
runs=100
mean_ms=4.618
median_ms=4.404
stddev_ms=0.921
min_ms=4.010
max_ms=10.210
---raw---
10.210061000179849
9.593271000085224
6.764255999769375
4.493045999879541
5.178278000130376
5.06605899954593
4.914744999950926
4.50565600021946
4.462825999326014
4.377272999590787
4.064748000018881
4.246263999448274
4.22668800001702
4.335531999458908
4.147912000007636
4.43392900069739
4.4758900003216695
4.557667999506521
5.462455999804661
4.402264000418654
4.858586999944237
4.51152700043167
4.598941000040213
4.269999999451102
4.333122999923944
4.4319199996607495
4.0977090002343175
4.306900999836216
4.395603000375559
4.302991000258771
4.7903559998303535
4.479887000343297
4.792571000507451
4.3948180000370485
4.164056999798049
4.328191999775299
4.533187999186339
4.577519000122265
4.791215999830456
4.091620000508556
4.149391000282776
4.428440000083356
4.41270400006033
4.393289000290679
4.637050999917847
4.523376999713946
4.725818999759213
4.1903669998646365
4.554707999886887
4.317674999583687
4.311731000598229
4.242719000103534
4.611645000295539
4.3499960002009175
4.110864999347541
4.568469000332698
4.515579000326397
4.370521999589982
4.094324000107008
4.204328000014357
4.502967000007629
4.235024999616144
4.4399839998732205
4.405169000165188
4.097549000107392
4.233503999785171
4.523333000179264
4.383317999781866
4.472861000067496
4.461980000087351
4.484336000132316
4.475696000554308
4.351333000158775
4.364976999568171
4.3404919997556135
4.460656000446761
4.364348000308382
4.180222000286449
4.516662000241922
5.334292000043206
4.1939980001188815
4.218177000439027
4.292401000384416
4.5637679995707
4.939996000757674
4.345555999861972
4.049733000101696
4.747745000713621
4.291379999813216
8.237091000410146
5.1596069997685845
4.3625219996101805
4.0102220000335365
4.332452000198828
4.7661349999543745
5.038387000240618
4.252855000231648
4.144734999499633
4.151576999902318
4.351317000327981
