payload_size_bytes=1048576
runs=50
mean_ms=10.738
median_ms=9.424
stddev_ms=3.393
min_ms=8.332
max_ms=23.159
---raw---
13.676112000212015
9.610598000108439
16.745329000059428
11.361975999989227
10.861361000024772
12.298696000016207
10.529411000334221
11.993224000434566
10.592412000278273
9.671192999576306
10.869743000057497
12.638665999929799
10.098187000039616
10.995714999808115
9.192470000016328
8.9084430001094
9.06610499987437
9.422217000064848
9.130418000040663
9.054694000042218
9.498907999841322
9.105146999900171
9.42625500010763
8.521869000105653
8.70300499991572
9.003732000110176
9.386795999944297
9.192790000270179
8.951881000029971
8.976284000254964
8.683856000061496
8.331730999998399
9.592171000349481
9.804669000004651
9.006654000131675
9.65797399976509
9.447617000205355
9.215681000114273
8.477317000142648
23.15941400001975
20.882503999928304
20.87416399990616
18.4393600002295
8.991112999865436
10.056105000330717
8.597590999670501
9.164837999833253
9.22381000009409
8.810410000023694
8.999845000289497
