payload_size_bytes=1048576
runs=50
mean_ms=17.814
median_ms=18.466
stddev_ms=2.861
min_ms=8.598
max_ms=23.626
---raw---
15.293544000087422
20.232845000464295
20.943046999491344
20.99216799979331
19.613635000496288
23.62616699974751
18.02174800013745
20.77447600004234
19.81698200052051
18.730627999502758
18.06105800005753
18.493670999305323
19.25000400024146
18.693992999942566
18.20853899971553
15.187670000159414
15.047857999888947
19.755170000280486
18.66433700070047
19.93632100038667
18.85694200063881
20.00742700056435
17.824831000325503
18.862763000470295
18.72057400032645
19.547544000488415
18.504571999983455
18.15199999964534
18.009188000178256
18.441420000272046
18.490860999918368
18.625972000336333
17.270219000238285
19.181946999196953
18.10810599999968
18.417410000438394
17.801511000470782
17.525552999359206
19.46968099946389
18.109571000422875
18.561623000096006
18.13451999987592
17.725037999298365
18.367528000453603
13.105396999890218
14.442068999414914
12.005608999970718
11.828429000161123
8.666343000186316
8.598462999543699
