payload_size_bytes=1048576
runs=50
mean_ms=15.729
median_ms=17.804
stddev_ms=3.819
min_ms=6.995
max_ms=19.798
---raw---
12.17216900022322
8.381542999813973
9.682912999778637
8.9374310000494
7.73507400026574
8.828097999867168
6.995333999839204
18.67987199966592
15.556404000562907
12.57356099995377
8.701874000507814
9.34917399990809
10.984203000589332
13.3096449999357
14.058767000278749
13.958653999907256
13.979339000798063
13.30122399940592
14.64280699929077
14.753978000044299
17.86139199975878
17.62148099987826
18.889975999627495
18.38912299990625
18.72766300039075
17.10358200034534
18.318299000384286
19.187963999684143
19.110182000076747
17.633895000471966
19.797881000158668
18.46882599966193
18.33169200017437
18.55310299924895
17.985176999900432
18.463162999978522
18.642805999661505
18.542336999416875
18.3214640001097
18.957266000143136
18.611474999488564
18.157023000640038
19.305165000332636
18.03798299988557
17.746384000020043
18.908478999946965
18.49125999979151
19.27129999967292
17.122511999332346
15.321579999181267
