payload_size_bytes=1048576
runs=50
mean_ms=16.775
median_ms=18.070
stddev_ms=2.744
min_ms=12.485
max_ms=22.206
---raw---
19.619247999798972
20.706629000414978
20.07671899991692
19.251947000157088
18.084123999869917
22.206159000234038
19.08190399990417
20.06488899951364
21.626095999636163
18.097360000865592
18.601630999910412
18.682431999877736
18.78188000046066
18.888908000008087
18.139311000595626
18.17380700049398
18.289090000507713
18.419711999740684
16.81929599999421
12.702729999546136
12.48451900028158
14.599914999962493
14.694456000142964
16.17987100053142
18.055513000035717
17.714241999783553
18.92947499982256
12.75197599989042
15.704442000242125
18.473621000339335
19.33453199944779
18.693207999604056
18.535816000621708
18.6003470007563
18.111134999344358
17.99052800015488
15.657480000299984
13.626319000650255
13.136964000295848
14.086750000387838
13.570541000262892
13.190805999329314
13.758537999819964
13.367745000323339
13.735406999330735
12.69698000032804
14.22139199985395
13.43163799992908
13.549133999731566
13.57582899981935
