payload_size_bytes=1048576
runs=50
mean_ms=17.773
median_ms=18.281
stddev_ms=2.679
min_ms=10.013
max_ms=22.766
---raw---
16.735279000386072
12.745438000820286
22.540105000189214
21.807867999996233
21.515893000469077
20.038878000377736
21.1413420001918
21.299496999745315
17.84324700020079
18.527791000451543
19.1915670002345
18.719132999649446
18.1374859994321
19.842914999571803
18.26423900001828
19.145246000334737
18.06400700024824
19.869877000019187
13.46498899965809
17.827608999141376
16.953794000073685
18.932628000584373
18.19648800028517
18.25168899995333
18.608226000651484
19.254984000326658
18.580029000077047
18.298551000043517
17.99737799956347
18.3165860007648
18.783390999487892
17.683602000033716
19.166617000337283
18.63710599991464
17.098004999752447
18.808194000484946
22.76636399983545
19.169967000379984
18.063493999761704
10.013189999881433
13.704520999453962
14.104427999882319
13.62023300043802
13.286034000884683
13.817879999805882
13.995264999721257
15.37183699929301
18.695946999287116
16.100040999845078
15.653917999770783
