payload_size_bytes=1048576
runs=50
mean_ms=15.235
median_ms=14.261
stddev_ms=2.988
min_ms=7.201
max_ms=20.828
---raw---
20.827932000429428
13.602152999737882
11.646158999610634
10.385745999883511
18.82080399991537
11.256384999796865
17.190714000207663
16.03801199962618
16.344406999451166
13.883554999665648
14.322515000458225
16.725118000067596
8.361004000107641
7.200559000011708
19.27378599975782
19.315257000016572
19.463431000076525
19.741719999728957
18.493937000130245
17.89501700022811
18.41092899940122
18.808013999660034
18.600968000100693
18.38088299973606
17.54427699961525
19.495993999953498
14.471303999926022
13.514775999283302
17.407507000825717
13.561881999521574
13.446967999698245
13.957995999589912
13.492854999640258
13.681755000106932
13.525741000194103
13.291148999996949
13.685127999451652
13.808550000248943
13.200053999753436
14.057686000342073
14.98238499971194
14.25576200017531
13.303595000252244
14.251413000238244
17.67311699950369
15.389018999485415
13.408755999989808
13.439528000162682
14.26682700002857
13.649239000187663
