payload_size_bytes=1048576
runs=50
mean_ms=14.179
median_ms=13.987
stddev_ms=1.285
min_ms=11.095
max_ms=19.033
---raw---
16.413438999734353
14.543782000146166
14.3984480000654
15.70182700015721
13.710831000025792
14.203810999788402
14.65565400030755
13.991114999953425
13.861161000022548
14.037281000128132
15.272402999471524
14.703757000461337
15.031146999717748
14.963166000597994
14.503266000247095
11.09507700039103
14.29348400051822
13.793568999972194
13.153939000403625
13.224631999946723
13.26358300048014
13.127559000167821
14.4364179996046
13.19792999947822
13.571741999840015
13.39926699984062
13.966483999865886
13.55049100038741
15.595304000271426
13.795500000014727
13.244192999991355
14.055325999834167
14.10577899969212
13.347824000447872
13.344874000722484
14.055627000743698
15.369046999694547
19.032558000617428
18.597575000057986
13.367415000175242
12.826775000576163
14.02271099959762
13.882951000596222
13.976254000226618
13.323874999514373
13.370831000429462
13.983204000396654
13.249372999780462
14.213002000360575
14.119649000349455
