payload_size_bytes=1048576
runs=50
mean_ms=16.312
median_ms=18.349
stddev_ms=5.077
min_ms=6.520
max_ms=28.963
---raw---
17.494345999693905
16.80078500066884
13.977724000142189
16.6058040003918
15.532412000538898
24.513615000614664
28.963210000256367
19.449991000328737
20.254636000572646
7.289451999895391
7.7121790000092005
13.610727999548544
8.57246000032319
7.328230999519292
7.219680000162043
7.669472000088717
7.0092160003696335
6.5203180001844885
7.065974000397546
6.870419000733818
19.725554000615375
19.199491999643215
19.135915000333625
18.60799499991117
18.76646399978199
18.28845000000001
19.360348000191152
18.488357000023825
18.260083999848575
18.286591000105545
19.14068599944585
18.683788000089407
19.45207200060395
19.52529299978778
18.278525999448902
18.83526200072083
17.68855699992855
19.244293999690854
19.20272300048964
18.694228000640578
16.00865100044757
13.508740999895963
18.467160999534826
18.384572999821103
18.4667809999155
17.991446999985783
18.841832000362047
18.606075999741734
19.674295999720925
18.312455999875965
