payload_size_bytes=1048576
runs=50
mean_ms=14.787
median_ms=14.096
stddev_ms=4.181
min_ms=7.660
max_ms=24.499
---raw---
15.334925999923144
8.898750000298605
7.99801499942987
8.070815000792209
7.66018600006646
8.882039000127406
8.439987000201654
7.827899000403704
8.0027029998746
22.629377000157547
24.49893500033795
19.52124199942773
10.761626999737928
9.572794999257894
20.802942000045732
19.042437999814865
19.69494399963878
18.906993999735278
20.409845000358473
19.376467999791203
19.12051999988762
18.79583099980664
18.190213000707445
19.164872000146715
18.276304999744752
18.303185000149824
18.57091900001251
18.328586999814434
13.585847999820544
13.798808000501595
14.705565999975079
13.718875999984448
13.650564999807102
14.229262000299059
14.081586999964202
13.560606999817537
14.269163999415468
13.338788999135431
13.399020999713684
13.865312000234553
13.736038000388362
13.342350000129954
13.540860999455617
13.574211999184627
13.942323999799555
13.075007999759691
14.371797000421793
14.110638000602194
14.13789900016127
14.248753999709152
