payload_size_bytes=1048576
runs=50
mean_ms=6.562
median_ms=5.561
stddev_ms=2.998
min_ms=3.642
max_ms=22.317
---raw---
10.168339000301785
7.596999999805121
9.31457299975591
10.79615799972089
6.934913999430137
6.893499000398151
10.312162999980501
22.31655800005683
9.728695999910997
8.743805999984033
11.324904000503011
7.073818999742798
7.891248000305495
8.1293570001435
7.143147000533645
7.287731000360509
8.404745999541774
7.194198999968648
5.710596000426449
5.776435999905516
6.0130940000817645
5.119094999827212
5.748796999796468
4.825956999411574
5.35483200019371
5.202886999541079
5.412214999523712
4.392914000163728
5.2680489998238045
5.373947999942175
4.335092000474106
4.3535619997783215
5.7678449993545655
4.64583200027846
4.063123999912932
5.043372999352869
4.390145999423112
4.81592600044678
4.266309999366058
4.939620999721228
4.76949899984902
6.559317999744962
4.853466999520606
6.8779290004385985
4.961902000104601
3.9785150001989678
4.557388999273826
5.000403999474656
4.827548999855935
3.6415919994396972
