payload_size_bytes=1048576
runs=50
mean_ms=6.333
median_ms=6.196
stddev_ms=1.141
min_ms=4.031
max_ms=9.868
---raw---
8.280581999315473
8.636712000225089
8.14380700012407
7.4866790000669425
7.551718999820878
8.213828999942052
7.079953999891586
6.657031999566243
7.418834999953106
7.653234999452252
7.04529500035278
7.85275799989904
9.868240000287187
6.603341000300134
6.291233999945689
6.688303000373708
5.221929000072123
5.684882999958063
6.086418000450067
5.884840999897278
6.413799999791081
5.476948000250559
6.343759999253962
6.066836999707448
6.634066000515304
6.190197999785596
6.438175999392115
5.780827999842586
5.195777999688289
5.643591999614728
6.3660630003141705
5.430174999673909
6.550592999701621
5.347502000404347
4.031391999888001
5.965254000329878
6.088453999836929
6.0085969998908695
5.846328000188805
5.770249999841326
5.9191820000705775
6.202612999913981
6.441515000005893
4.942863999531255
5.274649999591929
5.690992999916489
6.503887000690156
4.23726799999713
4.634781000277144
4.8736710004959605
