payload_size_bytes=1048576
runs=50
mean_ms=6.242
median_ms=5.514
stddev_ms=1.807
min_ms=4.222
max_ms=10.618
---raw---
8.03880700004811
9.077275999516132
10.617662000186101
9.787226999833365
7.410856000205968
7.265240000378981
8.063844999924186
7.686042999921483
7.303182000214292
10.356843999943521
8.006502999705845
8.436406000328134
5.030743000133953
9.365494000121544
4.760318999615265
4.751164000481367
5.039553000642627
4.597568999997748
7.136876999538799
4.708182000285888
5.328260999704071
6.126446000052965
5.107779999889317
4.257489000337955
5.115676000059466
4.331852000177605
4.222399000354926
5.029902999922342
10.340155000449158
4.39752399961435
4.645791999791982
4.800396000064211
5.311920999702124
5.736583999350842
6.150397000055818
5.4464949998873635
5.677882999407302
8.001375999810989
5.628122999951302
5.836246999933792
5.581209000411036
5.908929999350221
7.025053000688786
5.145695999999589
4.934959999445709
4.7979379996831995
4.763284000546264
5.119724999531172
4.613032999259303
5.295801000102074
