payload_size_bytes=1048576
runs=50
mean_ms=5.021
median_ms=4.947
stddev_ms=1.446
min_ms=2.894
max_ms=9.111
---raw---
8.681023999997706
4.451414999493863
3.600018999350141
3.240099000322516
3.3356419999108766
4.19212700035132
3.9133789996412816
3.825865999715461
3.90524100021139
9.110587000577652
5.278099999486585
3.4044029998767655
5.863927999598673
4.2133380002269405
6.34180299948639
5.291970999678597
5.231338999692525
5.510750000212283
4.92370000029041
4.937650000101712
4.662781000661198
5.726314000639832
5.787384999166534
4.669206999096787
4.521396999734861
5.386151999118738
6.4939190006043646
5.599719999736408
6.146746999547759
6.6590420001375605
6.024953000633104
5.239520000031916
6.148896999548015
4.956020999998145
5.730834000132745
7.3214920003010775
4.634770999473403
2.894147999541019
7.378123999842501
5.064603999926476
5.000225000003411
3.306865000013204
3.1035149995659594
3.7268830001266906
3.291670000180602
3.655111000625766
3.847887000119954
3.5586679996413295
3.461187000539212
7.776746000672574
