payload_size_bytes=1048576
runs=50
mean_ms=4.620
median_ms=4.532
stddev_ms=0.965
min_ms=2.877
max_ms=6.936
---raw---
5.95200499992643
5.077964000520296
3.0577030001950334
4.4687449999401
4.035114000544127
3.801434999331832
2.877117000025464
3.252018999774009
6.746193999788375
4.090294999514299
4.811666000023251
3.4988160005013924
3.1486419993598247
4.015390999484225
3.5581679994720616
5.000162000214914
4.879879000327492
5.040152999754355
5.954881000434398
6.127485999968485
4.729083000711398
4.724383000393573
4.197557000225061
3.8782589999755146
4.183555999588862
4.497828999774356
4.120995000448602
4.417344000103185
5.0736240000333055
4.4345400001475355
4.566497999803687
4.412733999743068
4.236943000250903
6.936290999874473
4.63990099979128
5.700663999959943
6.9263210007193265
5.16107200019178
5.083990000457561
3.6960970001018723
3.1351650004580733
4.038351999952283
3.4191340000688797
5.456935999973211
5.356052000024647
4.455825999684748
4.639320999558549
5.176101999495586
5.107125999529671
5.22470899977634
