payload_size_bytes=1048576
runs=50
mean_ms=5.292
median_ms=5.280
stddev_ms=1.026
min_ms=3.052
max_ms=8.750
---raw---
8.749787999477121
4.120625000723521
3.9309490002779057
3.0516330007230863
3.290581999863207
5.381193000175699
6.162416999359266
6.332787999781431
5.16702200002328
4.797236000740668
4.599929000505654
5.103303999931086
5.451990999972622
5.178336999961175
6.094354999731877
4.761184000017238
4.743545000565064
5.097366999507358
6.08891499996389
6.552988999828813
4.624801000318257
3.87329699969996
4.629080999620783
4.405407999911404
4.608156000358576
4.697302999375097
5.668032000357925
4.456399999980931
4.937489999974787
4.440307000550092
6.00088200008031
5.397313999310427
5.566038999859302
6.022672999279166
5.549518999941938
4.930916999910551
5.710022999664943
5.424275000223133
4.813395999917702
5.503862000296067
4.32603100034612
5.570709000494389
6.313752000096429
5.586500000390515
8.437536000201362
5.786105999504798
5.713692999961495
5.149327000253834
5.921820000367006
5.886668999664835
