payload_size_bytes=1048576
runs=50
mean_ms=5.023
median_ms=4.982
stddev_ms=1.137
min_ms=2.473
max_ms=9.496
---raw---
9.496325000327488
6.853714000499167
5.810057000417146
5.1719900002353825
6.3743360005901195
3.2984509998641443
3.2239980000667856
2.472856999702344
3.4329140007685055
5.678702000295743
4.355131999545847
5.5982600006245775
5.96665499961091
5.936880000263045
4.3011690004277625
4.5401270008369465
6.244140000490006
7.589140000163752
5.0279649994990905
4.8704979999456555
5.802405999929761
5.001502000595792
4.723897000076249
4.855776999647787
4.526337000243075
4.094523999810917
4.3768219993580715
4.995341999347147
5.360735000067507
5.118475000017497
4.022101999908045
5.25781000033021
4.281081000044651
5.02930299990112
5.550793000111298
4.770536000251013
4.950585000187857
4.52091199986171
5.4055529999459395
5.614662999505526
3.9477800000895513
5.295390000355837
5.610520000118413
4.786444999808737
4.969651999999769
4.212158000882482
4.410814000038954
5.30280099974334
3.428670000175771
4.698688000644324
