payload_size_bytes=1048576
runs=50
mean_ms=5.202
median_ms=5.051
stddev_ms=1.502
min_ms=2.890
max_ms=11.122
---raw---
11.122226999759732
3.0688529996041325
3.0409720002353424
3.3744530001058592
3.341173999615421
5.46104800014291
4.283684999791149
4.575930999635602
5.107990999931644
2.890313000534661
3.064602999984345
3.8213690004340606
4.6728699999221135
4.927727999529452
5.801154000437236
5.622712999866053
5.215717999817571
5.042633999437385
4.549772999780544
5.074283000794821
5.560733000493201
6.8764480001846096
5.542390999835334
5.489800999384897
7.654822000404238
5.00077099968621
5.8604030000424245
8.607580999523634
5.731663000005938
6.978290999541059
5.504242999450071
3.679321999698004
4.060763999405026
5.463626000164368
4.572109000037017
4.359282999757852
5.058386999735376
4.518587000347907
4.852236999795423
4.9666960003378335
6.481276000158687
8.020432999728655
4.583410000122967
5.168288999811921
6.66780200026551
5.136918000061996
6.034754000211251
4.740825999761
4.940830000123242
3.924910000023374
