payload_size_bytes=10240
runs=1000
mean_ms=0.455
median_ms=0.390
stddev_ms=0.187
min_ms=0.309
max_ms=1.878
---raw---
0.4348940001364099
0.32148000036613666
0.3449800001362746
0.3092490001108672
0.3698610003084468
0.4287629999453202
0.8719759998712107
0.4550339999696007
0.3167600002598192
0.40220200025942177
0.4389830000945949
0.32850999969014083
0.4027320001114276
0.3658310001810605
0.31408900031237863
0.3481209996607504
0.37523099990721676
0.37053100004413864
0.3720719996636035
0.3124720001324022
0.40881999984776485
1.6358699999727833
0.4171529999439372
0.3450609997344145
0.35336100017957506
0.4041319998577819
1.2310580000303162
0.38791199995102943
0.908096999864938
0.36709200003315345
0.5641369998556911
0.37469099970621755
0.3757029999178485
0.5258979999780422
0.39992899974095053
0.6190890003381355
0.5029260000810609
0.3553510000529059
1.240518000031443
0.5246859996077546
0.7055510000100185
0.4140930000176013
0.4300180003156129
0.6915310000294994
0.4697039998973196
0.36338700010674074
0.6369899997480388
0.3364799999872048
0.36050100015927455
0.3845410001304117
0.40660200011188863
1.1395849996915786
0.38258099993981887
0.35802100001092185
0.376870999843959
0.33550999978615437
0.3500409998196119
0.41790299974309164
0.4163119997429021
0.40372200010097004
1.2750579999192269
0.37748200020359945
0.3685010001390765
0.3478809999251098
0.3832219999821973
0.3538900000421563
0.3858909999507887
0.36143100032859365
0.3636710002865584
0.7772930002829526
0.3460109996922256
0.3907539999090659
1.0001480000028096
0.41052300002775155
0.35680000019056024
0.3462109998508822
0.3698820000863634
0.3298900001027505
0.33815100005085696
0.42901300002995413
0.35700100033864146
0.4245340001034492
0.36549100013871794
0.33252000002903515
0.44586300009541446
0.372642000002088
0.34945100014738273
0.8969470000010915
0.4981160000170348
0.3677899999274814
0.39874300000519725
0.3396299998712493
0.4471639999792387
0.34873100003096624
0.3827810000984755
0.3848720002679329
0.37635099988619913
0.5741069999203319
0.39847199968789937
0.34873000004154164
0.3382999998393643
0.8442059997832985
0.4143829996792192
0.5884070001229702
0.35049100006290246
0.370325999938359
0.39219700011017267
0.41616199996497016
0.36015099976793863
0.3692810000757163
0.36832099976891186
0.5556520000027376
1.487570000335836
0.798947000021144
0.5735499998991145
0.399089999973512
0.38734999998268904
0.4406479997669521
0.37131699991732603
0.3751219996956934
0.37766200011901674
0.3748520002773148
0.3718130001288955
0.35795800022242474
0.42579199998726835
0.3768219999074063
0.6132280000201717
0.8567559998482466
0.44240399984118994
0.5181450001146004
0.45782400002281065
0.35902099989471026
0.41417300008106395
0.3514199997880496
0.3623140000854619
0.40863499998522457
0.43796099998871796
0.6252670000321814
0.3869820002364577
0.4167440001765499
0.3826689999186783
0.610759000210237
0.46055499979047454
0.41445299984843587
0.41383200004929677
0.4265870002200245
0.4042180003125395
0.3515610001159075
0.4143329997532419
0.4285529998924176
0.41289299997515627
0.3423309999561752
0.41392299999643
0.3577130000849138
0.4774919998453697
0.3597709996938647
0.35149099994669086
0.3786120000768278
0.8197449997169315
0.44908400013810024
0.3424300002734526
0.42745300015667453
0.4049819999636384
0.43851300006281235
0.5027050001444877
0.45571400005428586
0.3569810000954021
0.41309299967906554
0.41922299988073064
0.3662409999378724
0.3662009999061411
0.32013999998525833
0.8397749998039217
0.5174359998818545
0.4591150000123889
0.37276099965311005
0.4383730001791264
0.4861499996877683
0.3843959998448554
0.3594909999264928
0.3698909999911848
0.38971200001469697
0.8151649999490473
0.3610810003920051
0.49573499973121216
0.3598710000005667
0.627500000064174
0.9096280000449042
0.6737599996995414
0.4454529998838552
0.47776499968676944
0.38930199980313773
0.38113200025691185
0.37943100005577435
0.38195700017240597
0.3625979998105322
0.6841929998699925
0.41651299989098334
0.4260929999873042
0.35613099998954567
0.394791999951849
0.6500790000245615
0.83710000035353
0.35353600014786934
0.33234000011361786
0.3717919998962316
0.33064099989132956
0.38391199996112846
0.3338700003041595
0.35847099979946506
0.3772210002352949
0.3339300001243828
0.3581809996830998
0.3807760003837757
0.3635709999798564
0.43043300001954776
0.3231499999856169
0.46363399997062515
0.6098789999668952
0.35325300041222363
0.34461300037946785
0.3567849998944439
0.40406199968856527
0.33114300003944663
0.325309999880119
0.32908200000747456
0.3181000001859502
0.7929190001050301
0.4247329998179339
0.33505999999761116
0.36493100014922675
0.7110510000529757
0.41602299961596145
0.3550460000951716
0.327969999943889
0.3374010002517025
0.3256200002397236
0.3235690001019975
0.41881100014506956
0.3441710000515741
0.34662000007301685
0.3685410001708078
0.38253200000326615
0.3643109998847649
1.2002660000689502
0.3894759997820074
0.3706709999278246
0.34592099973451695
0.3349309999975958
0.376646999939112
0.3929069998775958
0.4394409997985349
0.37258899965308956
0.8103240002128587
0.4623640002137108
0.3347100000610226
0.7978640001056192
0.44401799959814525
0.3856689995700435
0.354388000232575
0.3693859998747939
0.3522210004121007
0.3216000000065833
0.38101199970697053
0.8944080000219401
0.37118599993846146
0.33351000001857756
0.7625129996995383
0.36426400038180873
0.36013099997944664
0.3734179999810294
0.33733999998730724
0.42737599960673833
0.35314100023242645
0.4590869998537528
0.938982999741711
0.5611569999928179
0.3951270000470686
0.379181999960565
0.42921800013573375
0.35157600041202386
0.34108999989257427
0.35226099998908467
0.3577610000320419
0.793674000306055
0.5949379997218784
0.38427900017268257
0.366460999885021
0.34043000005112845
0.3170489999320125
0.3724409998540068
0.33626300000833
0.3295599999546539
0.8954719996836502
0.6951709997338185
0.3928820001419808
0.35920299978897674
0.4162229997746181
0.3603099999054393
0.39546500011056196
0.3224499996576924
0.34335100008320296
1.476259999890317
0.8335360003002279
0.40693599976293626
0.4151349999119702
0.3827209998235048
0.3502079998725094
0.336909999987256
0.4405829999996058
0.3357430000505701
0.32406999980594264
0.38057900019339286
0.7596909999847412
0.39184499973998754
0.35496999998940737
0.5311660002007557
0.34351100021012826
0.3633990004345833
0.34955299997818656
0.419123000028776
0.35933900016971165
0.32462899980600923
0.7396750002044428
0.40681200016479124
0.38850900000397814
0.3332500000396976
0.39410699992004083
0.34479000032661133
0.3329200003463484
0.36483099984252476
0.41843200006042025
0.33702999962770264
0.5294360003063048
0.34512100000938517
0.3505310000946338
0.3700010001921328
0.32520000013391837
0.343459999839979
0.3506309999465884
0.313680000090244
0.3201489998900797
0.7006609998825297
0.36130099988440634
0.6835149997641565
0.6292889997894235
0.3645859997050138
0.3698310001709615
0.3234800001337135
0.37029100030849804
0.36338600011731614
0.6066089999876567
0.4261529998075275
0.9767490000740509
0.9312009997302084
1.0465889999977662
0.38932200004637707
0.3710920000230544
0.3751519998331787
0.38680199986629304
0.3841510001620918
0.3822720000243862
0.34601100014697295
0.338340000325843
0.36692399999083136
0.38710900025762385
0.5354270001589612
0.6121380001786747
0.40638200016474
0.3366700002516154
0.346980999893276
0.34377999963908223
0.3230499996789149
0.3426010002840485
0.3845840001304168
0.405071999921347
0.3548909999153693
0.3310520000923134
0.41904999989128555
0.39863999973022146
0.40109300016411
0.8129349998853286
0.45700600003328873
0.9365289997731452
0.3461210003479209
0.32422699996459414
0.34507100008340785
0.34237999989272794
0.366441000096529
0.3899969997291919
0.3561000003173831
0.32749999991210643
0.3257399998801702
0.44937899974684115
0.342119999913848
0.37288100020305137
0.427325999680761
0.36781300013899454
0.43753999989348813
0.8052839998526906
0.3405000002203451
0.32035999993240694
0.3607610001381545
0.41008500011230353
0.35200799993617693
0.35394099995755823
0.3198100002919091
0.3928160003852099
0.3285899997536035
0.4336329998295696
0.45855400003347313
0.4279730001144344
0.376831000266975
0.5625869998766575
0.9431080002286762
0.33943100015676464
0.3245499997319712
0.3195099998265505
0.33258099983868306
0.33101999997597886
0.37015099997006473
0.34989100004167994
0.49158899992107763
0.372796999727143
0.813804999779677
0.35277999995741993
0.32870999984879745
0.34954600005221437
0.33424399998693843
0.42276299973309506
0.3442000001996348
0.33682799994494417
0.35943099965152214
0.42246300017723115
0.3698160003295925
0.6391870001607458
0.37521900003412156
0.3467339997769159
0.40627999987918884
0.38633300027868245
0.44743399985236465
0.3705239996634191
0.3813009998339112
0.3541109999787295
0.7258569999066822
0.703380999766523
0.4477740003494546
0.3765920000660117
0.39016100026856293
0.4469229997994262
0.348301000030915
0.43961399978798
0.3902409998772782
0.4233529998600716
0.36369099962030305
0.8221840002988756
0.3429900002629438
0.3577809998205339
0.8595760000389419
0.4318430001148954
0.4579339997690113
0.41983399978562375
0.5080860000816756
0.41570000030333176
0.4104820000065956
0.37934199963274295
0.35631999980978435
0.3602219999265799
0.36939100027666427
0.39394199984599254
0.37676200008718297
0.39928200021677185
0.4119750001336797
0.6035579999661422
0.40183200007959385
0.4050799998367438
0.4337929999564949
0.531216000126733
0.37623099979100516
0.3935119998459413
0.40692299990041647
0.34995099986190326
0.41804400007094955
0.7763880003039958
0.3742570002032153
0.43769300009444123
0.38269200013019145
0.45833399963157717
0.5826379997415643
0.45711399980064016
0.4060119999849121
0.3950609998355503
0.4363329999250709
0.39724199996271636
0.39463200027967105
0.36571100008586654
0.3245999996579485
0.3594909999264928
0.3717829999914102
0.4990530001123261
1.1884360001204186
0.4073029999744904
0.8825419999993755
0.4723600000033912
0.4222229999868432
0.40797200017550495
0.3560599998309044
0.5940289997852233
0.46986700044726604
0.44753100019079284
0.45474299986381084
0.38517200027854415
0.6813810000494414
0.7030410001789278
0.5602869996437221
0.4404940000313218
0.3893520001838624
0.46784899996055174
0.4445979998308758
0.4154230000494863
0.34396000000924687
0.41749299998627976
0.4093820002708526
1.2703080001301714
0.6132589996923343
0.5085669999971287
0.3876020000461722
0.3676009996524954
0.42910499996651197
0.3428390000408399
0.3403609998713364
0.3932419999728154
0.3896419998454803
0.3497600000628154
0.3400199998395692
0.38313200002448866
0.37567099980151397
1.8778869998641312
0.3816220000771864
0.37190100010775495
0.3629510001701419
0.36709200003315345
0.3777860001719091
0.38331699988702894
0.38409199987654574
0.3956119999202201
0.43240299964963924
0.7330919997912133
0.5757579997407447
0.8190399998966313
0.353186999745958
0.3670119999696908
0.35632099979920895
0.35156099966116017
0.35432100003163214
0.36365300002216827
0.41926999983843416
0.3694609999911336
0.34471999970264733
0.6892910000715347
0.4256930001247383
0.36097299971515895
0.438612999914767
0.3702590001921635
0.35874100012733834
0.37068100027681794
0.34551999988252646
0.3489109999463835
0.3693819999170955
0.3471330001048045
0.40784199973131763
0.41463099978500395
0.7205219999377732
0.37384200004453305
0.3488899997137196
0.6795409999540425
0.36710099993797485
0.3456510003161384
0.3400710002097185
0.3602010001486633
0.5471559998113662
0.338129999818193
0.3598210000745894
0.36780400023417315
0.35823799998979666
0.3409999999348656
0.35412100032772287
0.907649000055244
0.36069099996893783
0.36682100017060293
0.3534610000315297
0.35745100012718467
0.3602309998314013
0.34781999966071453
0.3849939998872287
0.4181529998277256
0.44079300005250843
0.3918520001207071
0.37927999983367044
0.9287180000683293
0.3673810001600941
0.4155329997956869
0.5078459998912876
0.3648609999800101
0.36538099993776996
0.33478000023023924
0.5433559999801219
0.3594310001062695
0.3516499996294442
0.4351130000941339
0.36656399970524944
0.8372830002372211
0.3456209997239057
0.3505810000206111
0.33523999991302844
0.4903750000266882
0.35049100006290246
0.3472100001999934
0.3899520002050849
0.34762999985105125
0.39957199987838976
0.383843999770761
0.3550510000422946
0.4143020000810793
0.35149399991496466
0.7592309998472047
0.4467829999157402
0.35895100018024095
0.5323870000211173
0.4063619999215007
0.35288099979879917
0.3328709999550483
0.3453499998613552
0.35351100041225436
0.3721009998116642
0.33357999973304686
0.3587699998206517
0.4443540001375368
0.3687909998006944
0.9407190000274568
0.3981129998464894
0.49769400038712774
0.3490709996185615
0.37098099983268185
0.356190999809769
0.3438310000092315
0.3528600000208826
0.44502400032797595
0.34991099983017193
0.3588909999052703
0.41520699960528873
0.3887169996232842
0.8848869997564179
0.35919099991588155
0.3520600002957508
0.7627929999216576
0.3554699997039279
0.3647409998848161
0.36805199988521053
0.33463099998698453
0.4116329996577406
0.35127000001011766
0.36924100004398497
0.4221630001666199
0.7275520001712721
0.3578710002329899
0.3290099998594087
0.7848939999348659
0.4529740003818006
0.373111000044446
0.3578999999263033
0.3625509998528287
0.3365799998391594
0.36200400018060463
0.36112799989496125
0.3385500003787456
0.9204829998452624
0.39349600001514773
0.3405110001040157
0.398652000058064
0.4878949998783355
0.35460199978842866
0.3785720000450965
0.33736900013536797
0.33950999977605534
0.3437909999775002
0.3981519998887961
0.43619400003080955
0.3394509999452566
0.3368100001353014
0.8241199998337834
0.4150469999331108
0.3733839998858457
0.8018610001272464
0.43372299978727824
0.3558509997674264
0.3388699997231015
0.37500100006582215
0.3283800001554482
0.3438700000515382
0.46181400011846563
0.33539000014570775
0.6110889999035862
0.7836630002202583
0.3432600001360697
0.405062000027101
0.35486200022205594
0.3568409997569688
0.44051599979866296
0.3986390001955442
0.3694760002872499
0.4077819999110943
0.4283179996491526
0.43149400016773143
0.363114000265341
0.4735719999189314
0.39413500007867697
0.4665310002565093
0.3876920000038808
0.3619110002546222
0.3465860004325805
0.6220490004125168
0.7355419998020807
0.4372329999569047
0.4065799998898001
0.5673720002050686
0.4147930003455258
0.3897619999406743
0.3863120000460185
0.5249910000202362
0.38274100006674416
0.3746410002349876
0.39564500002597924
0.35166999987268355
0.3819089997705305
0.34568000000945176
0.34977999985130737
0.3449910000199452
0.3888769997502095
0.602043000071717
0.3843070003313187
0.3324799999973038
0.32465999993291916
0.331729999743402
0.34337999977651634
0.38772700008848915
0.3795020002144156
0.4003240001111408
0.34125999991374556
0.3406780001569132
0.47673500012024306
0.45356400005402975
0.34086200003002887
0.34912299997813534
0.8506009999109665
0.37550100023509003
0.5015159999857133
1.120093999816163
0.41201700014426024
0.3787870000451221
0.3747609998754342
0.37955399966449477
0.4038010001750081
0.3734909996637725
0.3967519996876945
0.6030280001141364
0.4289130001779995
0.3538340001796314
0.7797099997333135
0.46572400015065796
0.5068149998805893
0.8103979998850264
0.8264650000455731
0.4091600003448548
0.4253449997122516
0.41024400024980423
0.4227180002089881
0.3579860003810609
0.4031379999105411
0.44066300006306847
0.38422200032073306
0.5294259999573114
0.426334999701794
0.39277899986700504
0.5090950003250327
0.44078300015826244
1.3163300000087474
0.9069170000657323
0.3803220001827867
0.3857609999613487
0.4145029997744132
0.3692860000228393
0.44736400013789535
0.34895999988293624
0.4154299999754585
0.4068219996042899
0.39718900006846525
0.37498200026675477
0.39072699973985436
0.597932999880868
1.041526999870257
0.8327030000145896
0.5264260003059462
0.5237440000200877
0.42462300007173326
0.4306640003051143
0.3976670000156446
0.39513699994131457
0.3868759999932081
0.41631800013419706
0.46117299962133984
0.4454139998415485
1.315619999786577
0.7250550002027012
0.4682940002567193
0.4150200002186466
0.39256599984582863
0.38639700005660416
0.37170099994909833
0.36420100013856427
0.3934709998247854
0.43037300019932445
0.41868299967973144
0.41953300024033524
0.5050559998380777
0.4947750003339024
0.6970219997128879
0.4797349997716083
0.36627100007535773
0.41363699983776314
0.3581659998417308
0.35154000033799093
0.39711500039629755
0.41357500003869063
0.3984370000580384
0.3667500000119617
0.4716499997812207
0.4467879998628632
0.5149050002728472
0.37721200033047353
0.6173589999889373
0.8994520003398065
0.9156930000244756
0.42656300001908676
0.43520300005184254
0.4486660000111442
0.4200600001240673
0.40215100034401985
0.41323300001749885
0.41251299990108237
0.3762639998967643
0.3848289998131804
0.39640200020585326
0.8278299997073191
1.6468750000058208
0.7621170002494182
0.5461910000121861
0.4095830004189338
0.4277920002095925
0.37965199999234756
0.44139900001027854
0.3710260002662835
0.38275099996099016
0.38944700008869404
0.38230700010899454
0.403513000037492
0.4230119998283044
0.523235999935423
0.367557000117813
0.40942699979495956
0.35519999983080197
0.6905610002831963
0.38814199979242403
0.3403810001145757
0.39174200037450646
0.3166299998156319
0.4337880000093719
0.3450659996815375
0.45059599960950436
0.4405310000947793
0.4644440000447503
0.3785720000450965
0.36437100015973556
0.5226759999459318
0.3838220000034198
0.40082600025925785
0.34003600012511015
0.3681220000544272
1.250798000000941
0.37573200006590923
0.38424100011980045
0.3770409998651303
0.3988220000792353
0.407611999889923
0.4434369998307375
0.4605759995683911
0.3947370000787487
0.4083170001649705
0.44117800007370533
0.37483699998119846
0.37624099968525115
0.39120700012063025
0.3799119999712275
0.7354429999395506
0.4102220000277157
0.37252199990689405
0.6286899997576256
0.46591399996032123
0.38508099987666355
0.40449200014336384
0.4063619999215007
0.3537210000104096
0.4142020002291247
0.3957120002269221
0.3857919996335113
0.41828199982774095
0.37736099966423353
0.9563789999447181
0.8147140001710795
0.7972070002324472
0.7587599998259975
0.3992819997620245
0.3855120003208867
0.3991970002061862
0.4492190000746632
0.4046170001856808
0.35205599988330505
0.6389420000232349
0.36520799994832487
0.4425039996931446
0.3753239998331992
0.8285120002256008
0.5113359998176747
0.7211120000647497
0.5345770000531047
0.40726199995333445
0.46163700017132214
0.3407280000828905
0.34331100005147164
0.5389769999055716
0.398657000005187
0.41295700020782533
0.46132899979056674
0.8112099999380007
0.3950520003854763
0.3919719997611537
0.719155000297178
0.38214899996091845
0.3760439999496157
0.4464629996618896
0.431630000093719
0.4076929999428103
0.4144680001445522
0.3772559998651559
0.47153900004559546
0.37360600026659085
1.7778789997464628
0.9135329996752262
0.4073320001225511
0.6112099999882048
0.4765950002365571
0.3548599997884594
0.4651189997275651
0.36561099977916456
0.403876999826025
0.42811299999812036
0.3473899996606633
0.871907000146166
0.5399159999797121
1.08253300004435
0.3568930001165427
0.36093800008529797
0.4419839997353847
0.3480949999357108
0.3412979999666277
0.3862520002257952
0.4294809996281401
0.6316799999694922
0.39007199984553154
0.5053460004091903
0.4035219999423134
0.3817960000560561
0.5023349999646598
0.45291399965208257
0.6587699999727192
0.3701010000440874
0.5557620002036856
0.4287890001251071
0.31906999993225327
0.45664300023418036
0.3622759995778324
0.4167430001871253
0.3995920001216291
0.4252730000189331
0.39635200027987594
0.3762320002351771
0.3863219999402645
0.5942180000602093
0.5235160001575423
0.4580939998959366
