payload_size_bytes=10240
runs=1000
mean_ms=0.452
median_ms=0.399
stddev_ms=0.196
min_ms=0.277
max_ms=2.931
---raw---
0.38025100002414547
0.3363509999871894
0.3386949997548072
0.3602159999900323
0.3824170003099425
0.37847600015084026
0.37958700022500125
1.0896580001826806
0.39832500033298857
0.3969120002693671
0.3229600001759536
0.35823100006382447
0.3354600003149244
0.3158770000482036
0.35858299997926224
0.28787900009774603
0.27668900020216824
0.41582300036679953
1.0950840000987228
0.3645189999588183
0.37390099987533176
0.658460000067862
0.7989740001903556
0.41958300016631256
0.4283430002942623
0.40821199991114554
0.31288899981518625
1.0077100000671635
0.5805979999422561
1.0697519996938354
0.457743999959348
0.39927200032252586
0.3308999998807849
0.3298399997220258
0.3706410002450866
0.41576200010240427
0.35416099990470684
0.3480300001683645
0.8376559999305755
0.5247559997769713
1.0342020000280172
0.46960400004536496
0.431962999755342
0.42752299987114384
0.46235500030888943
0.39867300029072794
0.362710999979754
0.818985000023531
0.510175999806961
1.0339420000491373
0.42093199999726494
0.34662999996726285
0.35397100009504356
0.3685110000333225
0.4571140002553875
0.5951880002612597
0.32389999978477135
0.42457300014575594
1.0158400000364054
0.44068399984098505
0.3694920001180435
0.35547100014809985
0.3433509996284556
0.3124089998891577
0.37623199978042976
0.3774809997594275
0.33445999997638864
0.3750210003090615
0.35381999987293966
0.3734509996320412
0.32620999991195276
0.33517000019855914
0.34258100004080916
0.31409999974130187
0.32073900001705624
0.31319000026996946
0.3087199997935386
0.40631199999552337
0.4640039996957057
0.40188200000557117
0.3063090002797253
0.36589100000128383
0.338210000336403
0.36600099974748446
0.5282059996716271
0.603238000167039
0.3774510000766895
0.3487109997877269
0.3270889997111226
0.392112000099587
0.5842780001330539
0.36532100011754665
0.3372910000507545
0.3698519999488781
0.3829509996648994
0.4409630000736797
0.34929100002045743
0.3322200000184239
0.3303399998912937
0.7847540000511799
0.5821069999001338
0.3747609998754342
0.40091199980452075
0.6075489995964745
0.38904200027900515
0.3451010002208932
0.4043619996991765
0.40206199992098846
0.3719710002769716
0.39975199979380704
0.3708110002662579
0.3210589998161595
0.4014830001324299
0.8552170002076309
0.38347100007740664
0.35206099983042805
0.3839810001409205
0.4394929997033614
0.4390940002849675
0.35967100029665744
0.38387199992939713
0.3509699999995064
0.4108429998268548
0.8853469998939545
0.4396129997985554
0.3325700004097598
0.40861299976313603
0.4235130004417442
0.3936319999411353
0.8208149997699365
0.42757299979712116
0.3557110003384878
0.35214100034863804
0.3571510001165734
0.35728099965126603
0.3536610001901863
0.3247999998166051
0.3994020003119658
0.3638010002759984
0.32752000015534577
0.33256100005019107
0.46847499970681383
0.3789709999182378
0.4242530003466527
0.38500100026794826
0.8863070002007589
0.4260330001670809
0.36837100014963653
0.35796100019069854
0.4082820000803622
0.3180099997734942
0.3424400001676986
0.4327529995862278
0.29924900036348845
0.33743000039976323
0.30718900006831973
0.4087219999746594
0.3354600003149244
0.3427299998293165
0.47823400018387474
0.33622000000832486
0.31272999967768556
0.6021489998602192
0.3837809999822639
0.38304200006678
0.32917900034590275
0.3118099998573598
0.32363900027121417
0.33523000001878245
0.3424699998504366
0.3313399997750821
0.37790199985465733
0.3523509999467933
0.3432700000303157
0.3205399998478242
0.5459559997689212
0.36308099970483454
0.4128429995944316
0.3709509996951965
0.3276000002188084
0.3657810002550832
0.29937899989818106
0.3561200001058751
0.3840519998448144
0.3311000000394415
0.3097089997936564
0.33618999987083953
0.32145000022865133
0.45687300007557496
0.3339499999128748
0.3204700001333549
0.3167790000588866
0.350980999883177
0.39819199992052745
0.4018630002065038
0.4183220003142196
0.39899199964565923
0.3085399998781213
0.3725520000443794
0.37517200007641804
0.6175980001899006
0.5891880000490346
0.33120999978564214
0.3592809998735902
0.3033389998563507
0.4357230000096024
0.33650000023044413
0.3015289998984372
0.426892999712436
0.8166849997905956
0.48366500004703994
0.532286000179738
0.32909999981711735
0.3204800000276009
0.6055879998712044
0.34796099998857244
0.8534059998055454
1.1367550000613846
0.6030479999026284
0.38845200015202863
0.9408979999534495
0.7150820001697866
0.5636870000671479
1.3136100001247542
0.39337199996225536
0.559177000013733
0.7216910003080557
0.33617000008234754
1.1126160002277174
0.6621669999731239
0.7748329999230918
0.5991480002194294
0.4619540000021516
0.49697500026013586
0.48912400006884127
0.5752480001319782
0.4411029999573657
0.501464999615564
0.6230889998732891
0.6603510000786628
0.40975299998535775
0.43798399974548374
0.3791220001403417
0.8141749999595049
0.7121740000002319
0.39099900004657684
0.35842099987348774
0.3471509999144473
0.3233400002500275
0.3752830002667906
0.366561000191723
0.3746970000975125
0.4201369997645088
0.36165600022286526
0.37137599974812474
0.3778039999815519
0.33539700007167994
0.8206949996747426
2.263544000015827
0.4734739995910786
1.2402120000842842
0.9275080001316383
1.0319509997316345
0.9287289999519999
0.7400909998978022
0.7107950000317942
0.38919900043765665
0.3817720003098657
0.4443450002327154
0.4455839998627198
0.41205300021829316
0.35133999972458696
0.48318399967683945
0.4014329997517052
0.5273570000099426
0.38690200017299503
0.3525609999996959
0.42247300007147714
0.3860420001728926
0.3536899998834997
0.3401899998607405
0.34658100003071013
2.9305880002539197
0.5329870000423398
0.5720680001104483
0.4080420003447216
0.6724909999320516
0.5234759996710636
0.36941100006515626
0.425343999722827
0.6226390000847459
0.5388660001699463
0.41518199986967375
0.3601029998208105
0.4618910002136545
0.40527300006942824
0.41279300012320164
0.37080099991726456
0.38648199961244245
0.4132770000069286
0.4067419999955746
0.35300599984111614
0.3714399999807938
0.39831299955039867
0.44340299973555375
0.34729099979813327
0.9258080003746727
0.5093350000606733
0.4023020001113764
0.4057730002386961
0.45961399973748485
0.3478610001366178
0.42275299983884906
0.3655309997157019
0.4096620000382245
0.4067630002282385
0.35846099990521907
0.47308400007750606
0.4402149997986271
0.3761289999602013
0.3992120000475552
0.374200999885943
0.847416000397061
0.7668140001442225
0.4050530001222796
0.41720600029293564
0.4966750002495246
0.35809099972539116
0.5348469999262306
0.4047099996569159
0.3706460001922096
0.40360699995289906
0.408713000069838
0.49311900011161924
0.36951700030840584
0.3493009999147034
0.3969919998780824
0.36859100009678514
0.8170850001079089
0.5818469999212539
0.4478440000639239
0.41090300010182546
0.37740199968538946
0.4956549996677495
0.3915620000043418
0.5442269998638949
0.34663099995668745
0.3604609996727959
0.44621300003200304
0.4274829998394125
0.41223300013371045
0.3741410000657197
0.7786940000187315
0.6525599997075915
0.37312099993869197
0.3915709999091632
0.37022199967395863
0.3939920002267172
0.4139140000916086
0.38076000009823474
0.35651999996844097
0.3788820004047011
0.3357400000822963
0.43094300008306163
0.44240299985176534
0.3618010000536742
0.35316999992573983
0.34234100030516856
0.3549009998096153
0.34684000002016546
0.3820020001512603
0.5451259999063041
0.379181999960565
0.4162029999861261
0.39370200011035195
0.3673110004456248
0.3630309997788572
0.412732999848231
0.4512059999797202
0.38148799967530067
0.3890309999405872
0.4668449996643176
0.380851000045368
0.41900299993358203
0.8759069996813196
0.5726669996874989
0.40683199995328323
0.4659449996324838
0.35293000019009924
0.44626399994740495
0.34661100016819546
0.3589409998312476
0.48475400035385974
0.3494409997983894
0.4811549997612019
0.37842100027773995
0.35420099993643817
0.3437199998188589
0.3532410000843811
0.8175550001396914
0.6592810000256577
0.39088199991965666
0.47121399984462187
0.42019400007120566
0.36589100000128383
0.3860009996969893
0.5264759997771762
0.43315299990354106
0.45993399999133544
0.43097800016766996
0.4023569999844767
0.3589910002119723
0.33900999960678746
0.3580910001801385
0.6189590003486956
0.43861799986189
0.4354930001682078
0.38251700016189716
0.4856150003433868
0.41018299998540897
0.4039020000163873
0.40293200027008425
0.39059200025803875
0.39723200006847037
0.3565709998838429
0.4224149997753557
0.3684410003188532
0.38230100017244695
0.7971039999574714
0.6092580001677561
0.41302299996459624
0.36472100009632413
0.396121999983734
0.36145600006420864
0.3968359997088555
0.3727610001078574
0.4357319999144238
0.3971729997829243
0.3433700003370177
0.4150150002715236
0.3594310001062695
0.4409409998515912
0.34064999999827705
0.8940170000641956
0.5816179996145365
0.3544010000950948
0.38352199999280856
0.3591109998524189
0.37370099971667514
0.3562000001693377
0.4309079999984533
0.4749300001094525
0.42200200005027
0.3638819998741383
0.45765400000163936
0.4032920001009188
0.41091299999607145
0.3511810000418336
0.7878189999246388
0.37446099986482295
0.38468200000352226
0.3922999999304011
0.4092530002708372
0.4320610000831948
0.4487129999688477
0.3529609998622618
0.4033029999845894
0.36402099976839963
0.4172029998699145
0.3853419998449681
0.3419310000936093
0.5441559997052536
0.39338199985650135
0.38763099973948556
0.3517659997669398
1.5381019998130796
0.35393100006331224
0.3499610002108966
0.3864330001306371
0.4031019998365082
0.4249529997650825
0.36811599966313224
0.38757199990868685
0.4278110000086599
0.3897390001839085
0.40039200030150823
0.42964900012520957
0.37924700018265867
0.42542499977571424
0.8409880001636338
1.622715000394237
0.4131619998588576
0.38364200008800253
0.45156500027587754
0.49809700021796743
0.3897490000781545
0.38141200002428377
0.42456800019863294
0.3978520003329322
0.4001069996775186
0.3953469999942172
0.443798000105744
0.36013399994772044
0.717099000212329
1.0541530000409693
0.5008149996683642
0.4685839999183372
0.36964099990655086
0.34148999975514016
0.3478700000414392
0.4154729999754636
0.4085229998054274
0.34336099997744896
0.414141999954154
0.38759199969717884
0.3613319995565689
0.42098299991266686
0.3983720002906921
0.33871000005092355
0.38851099998282734
1.5141550002226722
0.42419300007168204
0.4247179999765649
0.35150599978805985
0.4366030002529442
0.3367509998497553
0.4283530001885083
0.4067830000167305
0.44299299997874186
0.35747099991567666
0.3927820002900262
0.4534760000751703
0.41882999994413694
1.3143549999767856
0.5442120000225259
0.47303400015152874
0.36770099995919736
0.39255100000445964
0.42642299968065345
0.46060499971645186
0.35281000009490526
0.50408500010235
0.3889829999934591
0.470713999675354
0.36730200008605607
0.4231729999446543
0.38507199997184216
0.9584389999872656
0.4801139998562576
0.4230529998494603
0.3606210002544685
0.4669540003305883
0.3703269999277836
0.4557780002869549
0.43910600015806267
0.38538900025741896
0.36770399992747116
0.5633450000459561
0.38831200026834267
0.36201100010657683
0.4067820000273059
0.6479989997387747
0.357380999957968
0.41819200032477966
0.6290690002970223
0.44316200001048855
0.43730900006266893
0.40604000014354824
0.3884519996972813
0.38517100028911955
0.35419999994701357
0.3571100000954175
0.3656610001598892
0.33740999970177654
0.7951739999043639
0.4924250001749897
0.38805200028946274
0.3916820000995358
0.39896499993119505
0.3982500002166489
0.36903099999108235
0.3605410001910059
0.3955420002057508
0.4150620002292271
0.4336140000305022
0.4030120003335469
0.39436499992007157
0.36010900021210546
0.34259299991390435
0.9945679998963897
0.586647000091034
0.3657420002127765
0.42216199972244794
0.39036300040606875
0.4765249996125931
0.3811720002886432
0.3457899997556524
0.34278099974471843
0.45269299971550936
0.3944320001210144
0.3446409996286093
0.4086220001227048
0.335579999955371
0.38302200027828803
0.34962999961862806
0.3604230000746611
0.8461030001853942
0.41733499983820366
0.36200900012772763
0.40346199966734275
0.43675300003087614
0.326620000123512
0.381832000130089
0.39007199984553154
0.360011000339
0.35272099967187387
0.3871920002893603
0.41406199989069137
0.3398099997866666
0.354831000095146
0.352480000401556
0.33617999997659354
0.3738620002877724
0.5850770003235084
0.44585400019059307
0.3969629997300217
0.38119100008771056
0.45082300039211987
0.4147339996052324
0.4502929996306193
0.6587819998458144
0.3757019999284239
0.4520019997471536
0.8107059998110344
0.3478100002212159
0.4995149997739645
0.5793979998998111
0.3554009999788832
0.38270100003501284
0.39568200008943677
0.4397679999783577
0.37143700001252
0.4570839996631548
0.380750999738666
0.4937450003126287
0.42174200007139007
0.4172029998699145
0.4370830001789727
0.4462830002012197
0.43907400004172814
0.38845200015202863
0.4239029999553168
0.4579739998007426
0.36462099978962215
0.35106999985146103
0.37726200025645085
0.4127629999857163
0.49065499979406013
0.43733300026360666
0.4785940000147093
0.44898299984197365
0.3908370003955497
0.7691790001445042
0.3673709998111008
0.41403299974263064
0.713104000169551
0.5780970000159869
0.4349099999672035
0.3772209997805476
0.4085079999640584
0.38662099996145116
0.3875069996865932
0.4107959998691513
0.41206500009138836
0.4105970001546666
0.35542100022212253
0.3781320001507993
0.3656419999060745
0.3913319997081999
0.3632310003922612
1.4543440001943964
0.6241910000426287
0.40631999991092016
0.3836819996649865
0.43668300031640683
0.3770260000237613
0.3750910000235308
0.4018269996777235
0.41324499989059404
0.5857259998265363
0.5196400002205337
0.41102300019701943
0.8960780000961677
0.38883100023667794
0.4303030000301078
0.46398199992836453
0.43034099962824257
0.4313459999139013
0.48677399990992853
0.39559000015287893
0.4210020001664816
0.394782000057603
0.3918019997399824
0.4332329999670037
0.6420499998966989
0.45393400023385766
0.4204069996376347
0.8910149999792338
0.6662949999736156
0.5185859999983222
0.4762540002047899
0.4330279998612241
0.36947099988537957
0.39551199961351813
0.5133579998073401
0.4007300003650016
0.4590430003190704
0.44107399980930495
0.4145919997426972
0.38242399978116737
0.4053520001434663
0.4615520001607365
0.43808300006276113
0.4436359999999695
0.8385430000998895
0.7655480003450066
0.5820469996251632
0.4102630000488716
0.37968099968566094
0.39891000005809474
0.37408399975902284
0.36556099985318724
0.39834800008975435
0.40919200000644196
0.4141960002925771
0.3891350002049876
0.4408790000525187
0.36271100043450133
0.8629120002296986
0.37638599997080746
0.5133250001563283
0.39217699986693333
0.43230800019955495
0.3860019996864139
0.40615299985802267
0.3910570003426983
0.40764699997453135
0.4021869999633054
0.37843100017198594
0.40785999999570777
0.37113300004421035
0.4331280001679261
0.6549920003635634
0.48476500023753033
0.3536909998729243
0.4930469999635534
0.5070699999123462
0.41090800004894845
0.3742390003935725
0.39976899961402523
0.39178299994091503
0.3712520001499797
0.3587609999158303
0.5792800002382137
0.37041099994894466
0.36133100002189167
0.6019259999447968
0.41671300004963996
0.3431000000091444
0.5291759998726775
0.5612670001937659
0.3591509998841502
0.4510229996412818
0.4221829999551119
0.3987019999840413
0.4188129996691714
0.44093300039094174
0.34158100015702075
0.3639719998318469
0.43393299984018086
0.372870999854058
0.4512129999056924
0.34324100033700233
0.35978100004285807
0.39630199989915127
0.5302859999574139
0.5763870003647753
0.3880719996232074
0.41084200029217754
0.39696200019534444
0.39088199991965666
0.40341199974136543
0.3634810000221478
0.44136400038041756
0.36051100005352055
0.3620710003815475
0.3932919998987927
0.3895710001415864
0.32651999981681
0.3677599997899961
0.3908639996552665
0.904515000001993
0.49063500000556814
0.361371000053623
0.4099019997738651
0.4677739998442121
0.4030320001220389
0.5738069999097206
0.34347000018897234
0.40608200015412876
0.3489810001156002
0.33037000002877903
0.3841819998342544
0.4384839999147516
0.39358399999400717
0.5834679996041814
0.3811690003203694
0.37267600009727175
0.544180999895616
0.4168629998275719
0.4045929999847431
0.367672000265884
0.3757419999601552
0.4422030001478561
0.40111099997375277
0.34311100034756237
0.376880999738205
0.3513500000735803
0.4110619997845788
0.35586000012699515
0.34941099966090405
0.35511099986251793
0.34895999988293624
0.5792480001218792
0.3623210000114341
0.41154299970003194
0.35010999999940395
0.41077199966821354
0.44608300004256307
0.401331999910326
0.3957620001528994
0.3836419996332552
0.35449200004222803
0.4273740000826365
0.340919999871403
0.3633510000327078
0.3475999997135659
0.42494300032558385
0.3295300002719159
0.3424599999561906
0.9173780003948195
0.4310130002522783
0.40573199976279284
0.3901320001205022
0.44415599995772936
0.3588680001485045
0.4426629998306453
0.4364530000202649
0.5859780003447668
0.33506099998703576
0.444914000127028
0.38208200021472294
0.41000199962581974
0.3871639996759768
0.8616840000286174
0.44876399988424964
0.42620299973350484
0.3397600003154366
0.4201050001029216
0.36353800032884465
0.4121629999644938
0.4346740001892613
0.4033930003970454
0.4225719999340072
0.3326510000078997
0.36564100037139724
0.45832400019207853
0.3381200003786944
0.38646199982395046
0.46170299992809305
0.43347300015739165
0.3610919998209283
0.34751000021060463
0.41015299984792364
0.3472799999144627
0.40697300028114114
0.4229250002936169
0.3651489996627788
0.46812399978080066
0.34832000028472976
0.3415899996070948
0.38731200038455427
0.3674510003293108
0.5055460001130996
0.8795869998721173
0.3994419998889498
0.38662199995087576
0.37387599968496943
0.4221180001877656
0.4629039999599627
0.44106599989390816
0.4047009997520945
0.5363969999052642
0.3383009998287889
0.5020760004299518
0.42054300001836964
0.35127099999954225
0.33414999961678404
0.4637639999600651
0.4743039999084431
0.3383900002518203
0.6026910000400676
0.36301799991633743
0.34989100004167994
0.4217239998069999
0.43380600027376204
0.36747900003319955
0.43161299981875345
0.4020910000690492
0.3696859998854052
0.3841869997813774
0.7421379996230826
0.3428160002840741
0.34153000024161884
0.39537199972983217
0.33230000008188654
0.44377399990480626
0.4791350002051331
0.3698810000969388
0.4234039997754735
0.40797300016492954
0.4409729999679257
0.3452699997978925
0.4209430003356829
0.4170519996478106
0.42403299994475674
0.3907020000042394
0.6215789999259869
0.33312999994450365
0.37250100012897747
0.38874399979249574
0.38584899994020816
0.4289919997972902
0.4206130001875863
0.3954019998673175
0.9497389996795391
0.3743510001186223
0.3256600002714549
0.3754819999812753
0.3088990001742786
0.3749509996850975
1.859655999851384
0.3372709998075152
1.7664440001681214
0.3976119996877969
0.33407999990231474
0.43333599978723214
0.4108789999008877
0.9794799998417147
0.6385089996001625
0.3723540003193193
0.4115400001865055
0.4469789996619511
0.37792200009789667
0.3920819999621017
0.4403689999890048
0.4674130000239529
0.40843199985829415
0.44376400001056027
0.42889299993476016
0.42142299980696407
0.425763000293955
0.45489400008591474
0.3721510001923889
0.37212200004432816
0.3818810000666417
0.33733100008248584
0.31958999989001313
0.46611400011897786
0.475655000172992
0.361341000370885
0.4916739999316633
0.371422000171151
0.4270529998393613
0.4367760002423893
0.38904900020497735
0.6382199999279692
0.391017000310967
0.4467280000426399
0.38407200008805376
0.3683009999804199
0.3824519999398035
0.3572610003175214
0.3877520002788515
0.33794499995565275
0.3495979999570409
0.668749999931606
0.36128900001131115
0.7566730000689859
0.6196490003276267
