payload_size_bytes=10240
runs=1000
mean_ms=0.468
median_ms=0.392
stddev_ms=0.338
min_ms=0.297
max_ms=6.755
---raw---
0.34729999970295466
1.162795000254846
0.37961199996061623
0.36268099984226865
0.37413199970615096
0.3716420001182996
0.33221299963770434
0.3626980001172342
0.32921000001806533
0.37938200011922163
0.33662299983916455
0.4083190001438197
0.4174129999228171
0.3505710001263651
0.35316999992573983
0.628668999979709
0.33104999965871684
0.4310730000725016
0.3161100003126194
0.6036379995748575
0.3703419997691526
1.5052660000947071
0.8100639997792314
1.1653359997580992
1.1764050000238058
0.3596510000534181
0.4010329998891393
1.570038000409113
1.0634719997142383
0.6317590000435302
0.9139329999925394
0.7879189997765934
0.9136880003097758
0.3952319998461462
0.8063539999056957
0.4350530002739106
0.48588399977234076
0.3571610000108194
0.37947100008750567
0.37563399973805645
0.3802890000770276
1.2471169998207188
0.4507060002651997
0.6382290002875379
0.5516070000339823
1.2291250000089349
0.3797919998760335
0.44630400043388363
0.34623000010469696
0.36626100018111174
0.9274789999835775
0.3924620000361756
2.0218409999870346
1.337590000275668
0.3870820000884123
0.37418100009745103
0.36383099995873636
0.35958099988420145
0.40431300021737115
0.5417369998212962
0.45586300029754057
0.9454989999539976
0.4372939997665526
0.3581609998946078
0.4261530002622749
0.3748819999600528
0.33679099988148664
0.4054030000588682
0.32132999967871
0.362710999979754
0.3376310000930971
0.3920220001418784
0.4600739998750214
0.3262800000811694
0.3276399997957924
0.35681100007423083
0.3940219999094552
0.35344099978829036
0.6869409999126219
0.47443399989788304
0.3336299996590242
0.3849619997708942
0.3321099998174759
0.3316600000289327
0.35277100005259854
0.33599000016693026
0.3918620000149531
0.3844810003101884
6.755246000011539
0.5188459999772022
0.35005100016860524
0.7305819999601226
0.347319999946194
0.46347399984369986
0.4067320001013286
1.4459429999078566
0.39736200005791034
0.8626660001027631
0.5996479999339499
0.45241399993756204
0.38372199969671783
0.9234189997187059
1.209646999996039
0.3662009999061411
0.3839740002149483
0.5799959999421844
0.34573999982967507
0.3370700001141813
0.37335199976951117
0.34531099981904845
5.179516999760381
0.4363230000308249
0.44368300041242037
0.37544099996011937
0.36133100002189167
0.3416899999137968
0.34292999998797313
0.35109999998894637
0.3353899996909604
0.3992020001533092
0.42903300027319347
0.386931999855733
0.37589200019283453
0.35640100031741895
0.36773099964193534
0.35771000011664
0.3766919999179663
0.3571309998733341
0.4378929997983505
0.4618240000127116
0.38275099996099016
0.3451099996709672
0.3489800001261756
0.33983000002990593
0.371670999811613
0.3594710001380008
0.35903099978895625
0.3748909998648742
0.33888999996634084
0.33577000021978165
0.35049000007347786
0.3511710001475876
0.3658220002762391
0.3788419999182224
0.424232999648666
0.4030820000480162
0.3782019998652686
0.3856520002045727
0.3388299996913702
0.36841200017079245
0.37323200012906455
0.3720119998433802
0.35244099990450195
0.7855240000935737
0.5920479998167139
0.38064099999246537
0.359920999926544
0.3533399999469111
0.3863120000460185
0.33146100031444803
0.3407409999454103
0.36192099969412084
0.33659000018815277
0.4934550001962634
0.5210049998822797
0.3193499996996252
0.3893520001838624
0.3507599999466038
0.37883200002397643
0.4427940002642572
0.6905019999976503
0.47087500024645124
0.3886220001731999
0.3425699997023912
0.37888099996052915
0.34507999998822925
0.34466999977667
0.35497099997883197
0.3340900002513081
0.3187299998899107
0.36304100012785057
0.3307000001768756
0.34253100011483184
0.43897299974560156
0.4202330001135124
0.5112150001878035
0.5422859999271168
0.48172500009968644
0.8000640000318526
0.4742650003208837
0.36327099996924517
0.35159100025339285
0.40510300004825694
0.3328709999550483
0.34103999996659695
0.3280599999015976
0.3610909998315037
0.3488809998088982
0.36663200035036425
0.4390230001263262
0.47258500035241013
0.37077199976920383
0.456504000339919
0.32306000002790825
0.3810719999819412
0.4055130002598162
0.5413670000962156
0.4393839999465854
0.3537309999046556
0.3585310000744357
0.3365309999026067
0.35978100004285807
0.3480300001683645
0.31962000002749846
0.31792999971003155
0.4123419998904865
0.34237999989272794
0.4210120000607276
0.5036850002397841
0.3787410000768432
0.3577409997888026
0.3427299998293165
0.38036200021451805
0.5332659998202871
0.42466299964871723
0.3473010001471266
0.3249389997108665
0.39110199986680527
0.33711100013533724
0.408852999953524
0.3580910001801385
0.32188900013352395
0.3598710000005667
0.39021200018396485
0.3918420002264611
0.39105199994082795
0.36710099993797485
0.3647310004453175
0.36035099992659525
0.34188099971288466
0.5103359999338863
0.3970820002905384
0.38351200009856257
0.3541199998835509
0.35221099960836
0.3386909997971088
0.34412100012559677
0.39348200016320334
0.3551909999259806
0.3489810001156002
0.4801649997716595
0.423211999986961
0.3989319998254359
0.37328100006561726
0.31187900003715185
0.3221099996153498
0.36765100003322004
0.6638299996666319
0.37133100022401777
0.35607100016932236
0.33152000014524674
0.3260999997110048
0.35543099966162117
0.3418510000301467
0.3475409998827672
0.3766919999179663
0.352630000179488
0.3656210001281579
0.37245100020300015
0.47928399999364046
0.38597200000367593
0.3853120001622301
0.4011519999949087
0.369150999631529
0.38331399991875514
2.056451000044035
0.4401840001264645
0.4415040002641035
0.7758629999443656
0.43928400009463076
0.6482499998128333
0.6453989999499754
0.475793999612506
0.6048079999345646
0.6102679999457905
0.34994999987247866
0.3355100002409017
0.5968979999124713
0.5238270000518241
0.4029629999422468
0.7896040001469373
0.37661099986507907
0.35574999992604717
0.33192000000781263
0.36340099995868513
0.34724099987215595
0.3260789999330882
0.33655000015642145
0.42155299979640404
0.39336700001513236
0.43985899992549093
0.3541409996614675
0.34806999974534847
0.34525000000940054
0.34862099983001826
0.34548099984021974
0.34071099980792496
0.3797609997491236
0.3909919996658573
0.34779499992509955
0.43463900010465295
0.38658199991914444
0.3458319997662329
0.3364780000083556
0.3448319998824445
2.3874700000305893
0.359920999926544
0.44916299975739093
0.8482660000481701
0.38380100022550323
0.38158200004545506
1.0600229998090072
0.4097830001228431
0.3442010001890594
0.401201999920886
0.3833410000879667
0.42499300025156117
0.43385500021031476
0.3920700000890065
0.4241719998390181
0.39300199978242745
0.3424000001359673
0.41096199993262417
0.3811120000136725
0.34630099980859086
3.779605000090669
0.8655169999656209
0.8993479996206588
0.417913000092085
0.3538609998940956
0.35650099971462623
0.7186509997154644
0.7606829999531328
0.435714000104781
0.42481499986024573
0.38389900009860867
0.38480400007756543
0.4397110001264082
0.4136669999752485
0.38719599979231134
0.45839399990654783
0.37339200025598984
0.44430800016925787
0.3809360000559536
0.40698300017538713
0.40891300022849464
0.36493100014922675
1.5388669999083504
1.2503279999691586
1.2415180003699788
1.6967420001492428
0.435933000062505
0.48823500037542544
0.9436279997316888
0.4452860002857051
0.44851100028608926
0.36621099980038707
0.39099200012060464
0.39696500016361824
0.40047499987849733
0.4202569998597028
0.40395199994236464
0.47900700019454234
0.4015649997199944
0.8102929996312014
0.3976920002060069
0.4520730003605422
1.0590319998300401
0.7143160000850912
0.45035299990558997
0.4917050000585732
0.3739859998859174
0.43559300002016244
0.3820070000983833
0.3678359998957603
0.3979369998887705
0.4096869997738395
0.3866709998874285
0.4480340003283345
0.4224529998282378
0.34469000001990935
0.4028620001008676
0.46262400019259076
0.5683099998350372
0.7806059998074488
0.4145479997532675
0.36725100017065415
0.4185939997114474
0.3726489999280602
0.3571310003280814
0.3930269999727898
0.5574169999817968
0.42224800017720554
0.4883940000581788
0.3863819997604878
0.7309779998649901
0.47376499969686847
0.49814500016509555
0.3755269999601296
1.0561150002104114
0.4342100000940263
0.6176010001581744
0.5245960001047933
0.46601499980170047
0.45457699980033794
0.39025700016281917
0.37544199994954397
0.3678359998957603
0.4206730000078096
0.4731799999717623
0.4652339998756361
0.43973399988317396
0.33877099986057146
0.40998299982675235
0.3338699998494121
0.8354579999831913
0.6974389998504193
0.3901420000147482
0.3789209999922605
0.40411800000583753
0.3818790000877925
0.4127199999857112
0.3810140001405671
0.41056999998545507
0.35735600022235303
0.3830020000350487
0.42060799978571595
0.3649609998319647
0.6885210000291409
0.37190200009717955
0.3789510001297458
0.36185099997965153
0.410163000196917
0.873336000040581
0.6309539999165281
0.3695960003824439
0.4206230000818323
0.38734200006729225
0.3863120000460185
0.3714429999490676
0.6349889999910374
0.38424900003519724
0.3967819998251798
0.4053330003443989
0.48382900013166363
0.46838400021442794
0.40315200021723285
0.4828000000998145
0.3840419999505684
0.6278589999055839
0.708231999851705
0.4131669998059806
0.44923900031790254
0.41982299990195315
0.39120200017350726
0.4347730000517913
0.4379980000521755
0.41959300006055855
0.4884099998889724
0.46532500027751666
0.8827959995869605
0.41135299989036866
0.44444400009524543
0.331729999743402
0.7485149999411078
0.4351200000201061
0.41454300026089186
0.394681999750901
0.3952120000576542
0.38646199982395046
0.37196999983279966
0.4162259997428919
0.5029260000810609
0.4212529997857928
0.39744399964547483
0.38275599990811315
0.3651710003396147
0.35680100017998484
0.42154299990215804
0.43261299970254186
0.6887210001877975
0.8172749999175721
0.40920199990068795
0.4063719998157467
0.4047519996674964
0.35050099995714845
0.42463199997655465
0.3653009998743073
0.3703910001604527
0.3813920002357918
0.4120820003663539
0.4023520000373537
0.3571229999579373
0.3584880000744306
0.39294199996220414
0.8326550000674615
0.3605810002227372
0.4184119998171809
0.4029829997307388
0.3487199996925483
0.4060119999849121
0.34275999996680184
0.3567799999473209
0.6566099996234698
0.4788149999512825
0.4482660001485783
0.3688290003083239
0.371761000224069
1.1775860002671834
0.43169300033696345
0.4160309999861056
0.36575200010702247
0.38481199999296223
0.36634099978982704
0.4106219998902816
0.4005880000477191
0.36675599994850927
0.43985399997836794
0.48808500014274614
0.5965569998807041
0.34024100023088977
0.38990199982436025
0.3425099998821679
0.7980059999681544
0.5383940001593146
0.36577099990608986
0.3826050001407566
0.4586710001603933
0.35603000014816644
0.3835640000033891
0.36816399961026036
0.5044900003667863
0.3660409997792158
0.4553540002234513
0.4164919996583194
0.3652810000858153
0.3613200001382211
0.34326099967074697
0.33849000010377495
0.3582899998946232
0.3602739998314064
0.5172629998924094
0.41396300002816133
0.42287299993404304
0.39180200019472977
0.423017999764852
0.3832669999610516
0.34451100009391666
0.3531399997882545
0.4260230002728349
0.4134929999963788
0.40934200023912126
0.3862219996335625
0.8785869999883289
0.3961420002269733
0.4073919999427744
0.4196730001240212
0.46958500024629757
0.39316199990935274
0.342129999808094
0.34396000000924687
0.4502239999055746
0.43348300005163765
0.3693120002026262
0.4520830002547882
0.3631519998634758
0.4144730000916752
0.4345769998508331
0.3868369999509014
0.6245990002753388
0.35839100019074976
0.3879120004057768
0.3516309998303768
0.7916039999145141
0.42448299973329995
0.46514399991792743
0.38768100012021023
0.3786219999710738
0.4474630000004254
0.4527359997155145
0.359608000053413
0.5934579999120615
0.3416909999032214
0.3660010002022318
0.3728309998223267
0.40222400002676295
0.4349440000623872
0.6923209998603852
0.8481239997308876
0.46641399967484176
0.34081300009347615
0.3493089998301002
0.4472430000532768
0.3478110002106405
0.37811399988640915
0.3527910002958379
0.33688800021991483
0.4529439997895679
1.045470999997633
0.523466000231565
0.3918019997399824
0.38401200026783044
0.39703199990981375
0.3531909997036564
0.3819009998551337
0.37106100035089185
0.39300199978242745
0.37254099970596144
0.3543609996086161
0.33949099997698795
0.368872000308329
0.3316199999972014
0.35858100000041304
0.36085100009586313
0.8682059997227043
0.5846779999956198
0.3777019996960007
0.352733999989141
0.40742200008025975
0.38141999993968057
0.35143100012646755
0.3910720001840673
0.3500509997138579
0.3434999998717103
0.37595100002363324
0.35487100012687733
0.3603209997891099
0.34237999989272794
0.686560999838548
0.43823400028486503
0.3718160000971693
0.38175700001374935
0.3537910001796263
0.46630499991806573
0.4140830001233553
0.4635529999177379
0.4044030001750798
0.38577200029976666
0.3801319999183761
0.3530700000737852
0.3770609996536223
0.6772629999431956
0.3495280002425716
0.5346359998839034
0.3795140000875108
0.3993199998149066
0.34451000010449206
0.4093229999853065
0.39117100004659733
0.37522000002354616
0.4164160000073025
0.420342999859713
0.3431079999245412
0.34373100015727687
0.36050100015927455
0.34933100005218876
0.33450000000811997
0.6697799999528797
0.5313560000104189
0.4364930000519962
0.364021000223147
0.4602449998856173
0.3940719998354325
0.4250730003150238
0.42093199999726494
0.39773800017428584
0.39237200007846695
0.3773560001718579
0.4191929997432453
0.38410699971791473
0.4524989999481477
0.4254450000189536
0.7905520001258992
0.7878640003582404
0.49041800002669333
0.47866200020507677
0.5673300001944881
0.4519799999798124
0.4385540000839683
0.43315399989296566
0.3503600000840379
0.5594869999185903
0.3833260002465977
0.3556659999048861
0.40337300015380606
0.37656199992852635
0.5029660001127922
0.5460860002131085
0.48426500006826245
0.6517840001833974
0.3338100000291888
0.36365699997986667
0.38774099994043354
0.34309200009374763
0.4108230000383628
0.39995699989958666
0.35575499987317016
0.36865099991700845
0.4239330000928021
0.34741099989332724
0.3485900001578557
0.4001250003966561
0.3763540003092203
0.4124970000702888
0.34312500019950676
0.45268099984241417
0.3520879999996396
0.3512409998620569
0.348320999819407
0.3276799998275237
0.3571600000213948
0.32449999980599387
0.32155999997485196
0.37738399987574667
0.3466880002633843
0.36766199991689064
0.3341300002830394
0.39747199980411096
0.4198619999442599
0.3826219999609748
0.33263999966948177
0.4106749997845327
0.3919020000466844
0.3575539999474131
0.44890400022268295
0.45585800035041757
0.338050999744155
0.3822319999926549
0.36806099979003193
0.360031000127492
0.3562309998415003
0.3938119998565526
0.4077829999005189
0.3555710000000545
0.3863219999402645
0.4295869998713897
0.3620210000008228
0.3727490002347622
0.36629800024456927
0.3573260000848677
0.41106000026047695
0.3432369999245566
0.4080819999217056
0.40263799974127323
0.43742799971369095
0.3475559997241362
0.4062169996359444
0.3563810000741796
0.33606999977564556
0.7706340002187062
0.35885099987353897
0.410291999742185
0.35520099982022657
0.35975099990537274
0.4986949998055934
0.38393199974962045
0.47873299990897067
0.3994730000158597
1.3423899999907007
0.3116589996352559
0.4146350001974497
0.326620000123512
0.30552999987776275
0.9405870000591676
0.4666539998652297
0.589062000017293
0.42474300016692723
0.37675700014005997
0.5857520000063232
0.5245140000624815
0.37909100001343177
0.3351929999553249
0.40802200010148226
0.3431779996390105
0.3425129998504417
0.41461699993305956
0.34236999999848194
0.35238100008427864
0.36710099993797485
0.4360340003586316
0.41003299975272967
0.7324520001930068
0.4984180000064953
0.4224009999234113
0.4174179998699401
0.35010100009458256
0.39514699983556056
0.40400699981546495
0.4080019998582429
0.391708999814
0.39358499998343177
0.34357899994574836
0.8720589999029471
0.35882599968317663
0.47635400005674455
0.6592300001102558
0.3610899998420791
0.40798300005917554
0.3781460000027437
0.36338900008558994
0.3780740003094252
0.36534599985316163
0.34264599980815547
0.36014899978908943
0.46458399992843624
0.39564200005770545
0.4672439999922062
0.37378799970611
0.3648370002338197
0.42478300019865856
0.674801000059233
0.4505540000536712
0.3430809997553297
0.3252500000598957
0.3857389997392602
0.41964499996538507
0.39565199995195144
0.4241879996698117
0.353092999830551
0.3598479997890536
0.4092819999641506
0.34524600005170214
0.48812200020620367
0.5342029999155784
0.35299599994687014
0.3580500001589826
0.7320529998651182
0.3224389997740218
0.35531599996829755
0.4991969999537105
0.48002699986682273
0.6242140002541419
0.3820010001618357
0.48056700006782194
0.34975099970324663
0.3914490002898674
0.4453560000001744
0.38673900007779594
0.3792439997596375
0.342572999670665
0.8268259998658323
0.3389900002730428
0.3333909999128082
0.43095099999845843
0.42348099987066234
0.37231599981168984
0.37381600031949347
0.41566800018699723
0.40746800004853867
0.3385899999557296
0.4526639995674486
0.40104700019583106
0.3390050001144118
0.45583600012832903
0.3898539998772321
0.3301599999758764
1.0865290000765526
0.3874419999192469
0.3644759999588132
0.3166699998473632
0.37355899985414
0.341342999945482
0.405730000238691
0.473353999950632
0.4115430001547793
0.4611990002558741
0.4735300003630982
0.41753199957383913
0.39193200018416974
0.40760699994280003
1.1235189999752038
0.35316299999976764
0.4242710001562955
0.512267999965843
0.3554729996722017
0.445003000095312
0.41926999983843416
0.3625630001806712
0.3449410000939679
0.3768390001823718
0.4431009997460933
0.3442229999564006
0.37231099986456684
0.4368899999462883
0.4118830001971219
0.3478319999885571
0.32792000001791166
1.4536240000779799
0.35375800007386715
0.34275300004082965
0.39154900014182203
0.40460199988956447
0.4470460003176413
0.4208410000501317
0.43271699996694224
0.6462450000981335
0.3705659996739996
0.42342300002928823
0.3689990003294952
0.3686109998852771
1.200663999952667
0.33483300012449035
0.40764300001683296
0.3917200001524179
0.5102160002934397
0.42659299970182474
0.34336999988227035
0.3778109999075241
0.5148380000719044
0.36533299999064184
0.34735500003080233
0.5375069999900006
0.44513399961942923
0.6798609997531457
0.3464299998086062
0.3201490003448271
0.39255199999388424
0.34203199993498856
0.33416000042052474
0.35913100009565824
0.43388599988247734
0.40067200006888015
0.35251099961897125
0.42245800023010815
0.35933100025431486
0.44508600012704846
0.493242000175087
0.41865299999699346
0.42729300002974924
0.6528300000354648
1.5941609999572393
0.7974939999257913
0.42496500009292504
0.4427980002219556
0.4551450001599733
0.39380600037475233
0.3964870002164389
0.51351899992369
0.3960650001317845
0.5139710001458297
0.8504450001964869
0.37755199991806876
0.35039099975620047
0.9357389999422594
0.3968319997511571
0.4135070003030705
0.41989799956354545
0.40783199983707163
0.3932750000785745
0.4237150001245027
0.38602699987677624
0.5325850002009247
0.3620029997364327
0.4105500001969631
0.44881399981022696
0.8536160003131954
0.5803379999633762
0.42175299995506066
0.4581339999276679
0.36929600037183263
0.36439699988477514
0.39565199995195144
0.39410199997291784
0.36301299996921443
0.44779100016967277
0.3858219997709966
0.42584299990267027
0.370551000287378
0.7309369998438342
0.7962439999573689
0.7087969997883192
0.34551499993540347
0.3900269998666772
0.3732610002771253
0.35029299988309504
0.3235690001019975
0.37360900023486465
0.39894200017442927
0.36748299999089795
0.3805409996857634
0.4116520003663027
0.37559900010819547
0.45588400007545715
0.33307500007140334
0.5057349999333383
0.40659200021764264
0.6144439998934104
0.7387770001514582
0.3688910001073964
0.2973089999613876
