payload_size_bytes=10240
runs=1000
mean_ms=0.431
median_ms=0.379
stddev_ms=0.172
min_ms=0.282
max_ms=1.711
---raw---
0.4212419999021222
0.41016699969986803
0.7526180002059846
0.291888999981893
0.31636999983675196
0.2883990000555059
0.5491120000442606
0.3322000002299319
0.34897499972430523
0.34600100025272695
0.7123020000108227
0.36770099995919736
0.6282689996623958
0.5621770001198456
0.33981000024141395
1.3415809999060002
0.5234459999883256
0.9124769999289128
0.6546200002048863
0.3327800000079151
0.385692000236304
0.35459999980957946
0.4791060000570724
0.41037299979507225
0.3762510000342445
0.36435100037124357
0.41580199967938825
0.29936900000393507
0.44503800017992035
0.4367879996607371
0.507755999933579
0.8469559998047771
0.6370890000653162
0.39216200002556434
0.40922199968917994
0.3470510000624927
0.33814100015661097
0.40804299987939885
0.40534199979447294
0.5601390002993867
0.3549490002114908
0.3304599999864877
0.3792419997807883
0.4487129999688477
0.45278700008566375
0.3897789997608925
0.8132149996527005
0.6856310001239763
0.6190590002006502
0.37425099981192034
0.47513500021523214
0.4027529998893442
0.32787000009193434
1.0046500001408276
0.7650649999959569
0.6226370001058967
0.5098960000395891
0.5578169998443627
0.6303300001491152
1.199266999719839
0.7043850000627572
0.4114299999855575
0.513395000325545
0.43568300043261843
0.39752700013195863
0.33866500007206923
0.4138530002819607
0.3655119999166345
0.3206100000170409
0.6119189997662033
0.3384530000403174
0.3635289999692759
0.36842100007561385
0.39469200009989436
0.8839590000206954
0.9821970002121816
1.1622660003922647
0.4454539998732798
0.35702100012713345
0.42152300011366606
0.3364210001564061
0.3981719996772881
0.38366200033124187
0.331700000060664
0.36032100024385727
0.3352900002937531
0.3427299998293165
0.32831199996508076
0.34796899990396923
0.41057299995372887
0.8542860000488872
0.6007980000504176
0.4310330000407703
0.439704000200436
0.3434000000197557
0.358831000085047
0.403962000291358
0.3462249997028266
0.39368700026898296
0.33346999998684623
0.3837510002995259
0.3453710000940191
0.3435109997553809
0.46463399985441356
0.3890020002472738
0.37000199972681
1.2610480002877011
1.115843999741628
0.426673999754712
0.39166199985629646
0.3984929999205633
0.41111200016530347
0.3708710000864812
0.40914300006988924
0.3734219999387278
0.3420799998821167
0.3634109998529311
0.35555099975681514
1.6943309997259348
0.6103789996814157
0.40737300014370703
0.38354099979187595
0.37485099983314285
0.36162400010653073
0.3353570000399486
0.3531309998834331
0.44044400010534446
0.3919119999409304
0.33679499983918504
0.3696160001709359
0.3524510002534953
0.3360800001246389
0.5995179999445099
0.36415100021258695
0.4595640002662549
0.6297589998212061
0.6711200003337581
0.5032149997532542
0.3583110001272871
0.4324330002418719
0.33855999981824425
0.3551200002220867
0.392251999983273
0.337130000389152
0.40116300033332664
0.3448810002737446
0.3502399999888439
0.36146200000075623
0.39294199996220414
0.3847020002467616
0.9180380002362654
0.8844019998832664
0.8271899996543652
0.38659099982396583
0.5166460000509687
0.41512200004945043
0.37329099995986326
0.3635709999798564
0.4234129996802949
0.3526610003063979
0.38044199982323335
0.39300199978242745
0.41137199968943605
0.3438200001255609
0.884852000126557
0.3616359999796259
0.3257299999859242
0.5523659997379582
0.4926410001644399
0.3455250002843968
0.3631809995567892
0.3154149999318179
0.317434999942634
0.47477500038439757
0.34252600016770884
0.2996299999722396
0.36716599970532116
0.31476499998461804
0.3194390001226566
0.37097699987498345
0.49687499995343387
0.3523069999573636
0.35354100009499234
0.32759999976406107
0.2996789999087923
0.7618680001542089
0.35184999978810083
0.35315000013724784
0.3519110000524961
0.3729620002559386
0.3173800000695337
0.3728269998646283
0.31148400012170896
0.35300099989399314
0.35400099977778154
0.3309599997010082
0.34120999998776824
0.31830899979468086
0.3876829996443121
0.3845320002255903
0.37175599982219865
0.3067140000894142
0.3151650003019313
0.3469999996923434
0.3222349996576668
0.31573900014336687
0.30690899984620046
0.3501900000628666
0.29722899989792495
0.3327800000079151
0.3433700003370177
0.2986190002047806
0.38608099976045196
0.3166599999531172
0.34587099980853964
0.37307100001271465
0.37782200024594204
0.38213100015127566
0.4086929998265987
0.30091899998296867
0.370222000128706
0.4970349996256118
0.3484600001684157
0.3137399999104673
0.3297250000287022
0.33214499990208424
0.3716309997798817
0.40201199999501114
0.31388999968839926
0.31148000016401056
0.35684100021171616
0.9737700002006022
0.3509500002110144
0.3714310000759724
0.40130099978341605
0.3022850000888866
0.31676499975219485
0.39880299982542056
0.3102390001004096
0.3162799998790433
0.4034220000903588
0.3942220000681118
0.34296100011488306
0.39159600009952555
0.33281999958489905
0.3845010000986804
0.30880900021657
0.33004499982780544
0.4677240003729821
0.34613599973454257
0.3088989997195313
0.3350309998495504
0.32888999976421474
0.3197000000909611
0.3737269998964621
0.498014000186231
0.3194400001120812
0.35995100006402936
0.32981499998641084
0.3490849999252532
0.44053399960830575
0.39608199995200266
0.37234100000205217
0.3683619997900678
0.33622499995544786
0.4107170002498606
0.41166200026054867
0.3038690001631039
0.4211119999126822
0.32394999971074867
0.45143900024413597
0.4134270002396079
0.6823100002293359
0.4461829998945177
0.4830050002055941
0.35804099979941384
0.3264709998802573
0.37522100001297076
0.34665099974517943
0.3260899998167588
0.45500399983211537
0.31823000017539016
0.3836119999505172
0.3498099999887927
0.3571610000108194
0.39083199999367935
0.37214199983282015
0.33256999995501246
0.44602400021176436
0.8521059999111458
0.4415429998516629
0.5161359999874549
0.34296000012545846
0.33505999999761116
0.3608609999901091
0.36095099994781776
0.474683999982517
0.3863010001623479
0.31841899999562884
0.3921919997083023
0.3461500000412343
0.41162200022881734
0.3793519999817363
0.3534729999046249
0.3406279997761885
0.8082269996521063
0.40139300017472124
0.40222300003733835
0.7453110001733876
0.5553659998440708
0.3335510000397335
0.3481399999145651
0.36575100011759787
0.3687809999064484
0.3720019999491342
0.3253390000281797
0.3504109999994398
0.41149199978463
0.3391899999769521
0.32178099991142517
0.32334999968952616
0.460404000023118
0.6613600003220199
0.5959430000075372
0.4312480000407959
0.5762870000580733
0.39582199997312273
0.3519899996717868
0.34158000016759615
0.37443200017150957
0.3297600001133105
0.32290199987983215
0.344022999797744
0.30076399980316637
0.3926520003005862
0.3668209997158556
0.5606770000667893
0.39185199966595974
0.8673309998812329
0.6273669996517128
0.4216699999233242
0.3718419998222089
0.3632520001701778
0.3670509995572502
0.31078899974090746
0.3324300000713265
0.3328699999656237
0.3446109999458713
0.3685110000333225
0.3507300002638658
0.3748909998648742
0.3526800001054653
0.32724100037739845
0.46074500005488517
0.8515610002177709
0.5409170003076724
0.38735099997211364
0.31387399985760567
0.405192000016541
0.35481099985190667
0.33489999987068586
0.3915219999726105
0.3179250002176559
0.3269400003773626
0.40414700015389826
0.3995019997091731
0.3813319999608211
0.36531600017042365
0.38523700004589045
0.40588799993201974
0.35288099979879917
0.40129699982571765
0.3456510003161384
0.3467809997346194
0.3260100002080435
0.34910000022136956
0.9683389998826897
0.34703199980867794
0.32774999999674037
0.3607620001275791
0.3223799999432231
0.30927500029065413
0.3256939999118913
0.3455709997979284
0.3036799998881179
0.3596250003283785
0.3256840000176453
0.35769099986282527
0.3870310001730104
0.3540809998412442
0.33927000004041474
0.30935999984649243
0.3281760000390932
0.30446500022662804
0.326740000218706
0.3183559997523844
0.3043549995709327
0.31416000001627253
0.30800900003669085
0.3036739999515703
0.3300450002825528
0.35945100034950883
0.28760799978044815
0.4480729999158939
0.32002999978431035
0.9597599996595818
0.3065400001105445
0.33328600011373055
0.28675300018221606
0.33235999990210985
0.32715099996494246
0.33406900001864415
0.308480000057898
0.3280500000073516
0.326281000070594
0.36621099980038707
0.3689410000333737
0.9309479996773007
0.3115700001217192
0.36658000044553773
0.3094650001003174
0.2889430002142035
0.32366000004913076
0.3199200000381097
0.3299149998383655
0.357486000211793
0.341881000167632
0.29524399997171713
0.3566649997992499
0.3285899997536035
0.37882100014030584
0.31314000034399214
0.3363099999660335
0.41463199977442855
0.323874999594409
0.35145499987265794
0.3801130001193087
0.2959690000352566
0.33677999999781605
0.4255930002727837
0.318998999773612
0.3288800003247161
0.3399610000087705
0.3458700002738624
0.33328000017718296
0.33720999999786727
0.34642099990378483
0.3544109999893408
0.32614000019748346
0.3579099998205493
0.35615099977803766
0.31774999979461427
0.38895199986654916
0.32367999983762274
0.3413599997657002
0.3679320002447639
0.3288289999545668
0.38015100017219083
0.9882300000754185
0.35045100003117113
0.34623000010469696
0.3569609998521628
0.36881599999105674
0.37005599961048574
0.35536099994715187
0.4013520001535653
0.3530460003275948
0.37967199978083954
0.3230299998904229
0.3627910000432166
0.33682999992379337
0.4374180002741923
0.7888290001574205
0.32426999996459926
0.32787999998618034
0.37929199970676564
0.3289450000920624
0.3571010001905961
0.41838300012386753
0.4143719997955486
0.5305469999257184
0.35293600012664683
0.8549959998163104
0.3549109997038613
0.3494309999041434
0.3181299998686882
0.3400049999982002
0.3791170001932187
0.3449900000305206
0.33969000014622
0.3986219999205787
0.6338000002870103
0.4025230000479496
0.3767019998122123
0.36240100007489673
0.3147900001749804
0.33772999995562714
0.3415199998926255
0.36570100019162055
0.39764299981470685
0.3168900002492592
0.32538999994358164
0.42155799974352703
0.3544930000316526
0.9478070001023298
0.36720600019179983
0.4715149998446577
0.8785159998296876
0.318769999921642
0.35277899996799533
0.32032000035542296
0.38048899978093687
0.3424719998292858
0.39951999997356324
0.34136500016757054
0.40919200000644196
0.5609570002889086
0.4123369999433635
0.43276799988234416
0.34956099989358336
0.35491600010573165
0.4044480001539341
0.33198999972228194
0.3199299999323557
0.35166999987268355
0.33721999989211326
0.3561550001904834
1.3635969999086228
0.38641699984509614
0.6105039997237327
0.38152700017235475
0.43067299975518836
0.3594939998947666
0.33602999974391423
0.42275299983884906
0.3482600000097591
0.3470999999990454
1.3249070002530061
0.33887100016727345
0.3834559997812903
0.39492999985668575
0.5235349999566097
0.32659999988027266
0.3384470001037698
0.3459730000940908
0.32614000019748346
0.36926099983247695
0.36758400028702454
1.208831999974791
0.3604329999689071
0.4281900000933092
0.404285000058735
0.3550129999894125
0.3216999998585379
0.34911100010504015
0.398652000058064
0.4245629997967626
0.43769800004156423
0.3332100000079663
0.3901869999936025
1.275894000173139
0.3622560002440878
0.33944500000870903
0.3544060000422178
0.40549200002715224
0.40749199979472905
0.415919999795733
0.4075520000696997
0.390474000141694
0.3661680002551293
0.3937349997613637
0.3483709997453843
0.349869999809016
0.3542409999681695
0.3733060002559796
0.41303799980596523
0.3382469999451132
0.3440509999563801
0.343887999861181
0.5384890000641462
0.3835709999293613
0.5504040000232635
0.41667799996503163
0.31706900017525186
0.40382199995292467
0.3936489997613535
0.3635379998740973
0.4054619998896669
0.39592799976162496
0.3581709997888538
0.41650000002846355
0.3656710000541352
0.3718689999914204
0.3319599995847966
0.37053100004413864
0.863061000018206
0.32617999977446743
0.49855099996420904
0.428303000262531
0.39222199984578765
0.43231300014667795
0.3891549999934796
0.43343000015738653
0.34528000014688587
0.5466469997372769
0.4587429998537118
0.43602799996733665
0.4015919998892059
0.36825899996983935
0.39143200001490186
0.3508109998620057
0.38237099988691625
0.37213199993857415
0.3655409996099479
0.378734000150871
0.5836370000906754
0.3892599997925572
0.37938300010864623
0.41164000003846013
0.42906299995593145
0.3525060001265956
0.3357380001034471
0.35232000027463073
0.5566840000028606
0.33892300007209997
0.8507379998263787
0.3584910000427044
0.39398199987772387
0.47330400002465467
0.33447099986005924
0.38080900003478746
0.3907440000148199
0.321309999890218
0.320080000165035
0.3365399998074281
0.31663000027037924
0.32671999997546664
0.8248809999713558
0.48602500010019867
0.4505029996835219
0.6977010002628958
0.3722309998011042
0.4656959999920218
0.3762300002563279
0.38542199990843073
0.4253120000612398
0.36631100010708906
0.44847300023320713
0.45590399986394914
0.6075979999877745
0.7503729998461495
0.4953650000061316
0.5599569999503728
0.442133999968064
0.37196099992797826
0.44754400005331263
0.37793199999214266
0.36438200004340615
0.4351630000201112
0.3677100003187661
0.3932929998882173
0.5526869999812334
0.39814199999455013
0.42324300011387095
0.3802009996434208
1.711182000235567
0.5458870000438765
0.5506669999704172
0.4198720002932532
0.3789919996961544
0.39503200014223694
0.35449100005280343
0.3898819995811209
0.3317409996270726
0.38277199973890674
0.40128299997377326
0.40383599980486906
0.3946080000787333
1.5652270003556623
0.5758570000580221
0.5026160001762037
0.6793210000068939
0.4186770001979312
0.41677799981698627
0.4185120001238829
0.3671210001812142
0.37833399983355775
0.36013799990541884
0.394681999750901
0.4283530001885083
0.43867400017916225
0.48817499964570743
0.4147530003137945
0.7151770000746183
0.6013439997332171
0.3405329998713569
0.3480979999039846
0.3641909997895709
0.433274000442907
0.42345300016677356
0.3430300002946751
0.421763000304054
0.35641100021166494
0.3642510000645416
1.2291279999772087
0.5251980001048651
0.4640520000975812
0.48890500011111726
0.42528300036792643
0.34042000015688245
0.43573400034802034
0.4079230002389522
0.3482809997876757
0.4086919998371741
0.3570609997041174
0.36671099996965495
0.3493009999147034
0.9273289997508982
0.3719419996741635
0.3577809998205339
0.3706110001076013
0.4303729997445771
0.4401340002004872
0.46657299981234246
0.4078430001754896
0.44619400023293565
0.41937200012398534
0.3971609999098291
0.38387199992939713
0.3899819998878229
0.39255499996215804
0.44201399987287004
0.8622440000181086
0.6811849998484831
0.6943359999240784
0.4518139999163395
0.40576199990027817
0.3803920003520034
0.3774110000449582
0.3799209998760489
0.3855119998661394
0.3718409998327843
0.43802499976663967
0.3244069998800114
0.3675959997053724
0.38678100008837646
0.3810859998338856
0.36670100007540896
0.6229189998521178
0.32113999986904673
0.2822080000441929
0.336580999828584
0.6303689997366746
0.5197460000090359
0.5188149998502922
0.5362379997677635
0.377519000267057
0.43229300035818596
0.3718309999385383
0.4329739999775484
0.3607710000324005
0.39801200000511017
0.3777619999709714
0.3519909996612114
0.3583749999052088
0.34851600003094063
1.077563000308146
0.7743930000287946
0.36367099983181106
0.45574499972644844
0.34959099957632134
0.396021999677032
0.3681110001707566
0.3564529997674981
0.39342200034298
0.34536799967099796
0.36550100003296393
0.37982200001351885
0.36732099988512346
0.38509199976033415
0.343191000411025
0.38685099980284576
0.3637410000010277
0.4029819997413142
0.39475199992011767
0.4480939996938105
0.416578000113077
0.3453809999882651
0.4160680000495631
0.40476699996361276
0.40895000029195216
0.4285200002414058
0.3509010002744617
0.3540829998200934
0.37877899967497797
0.41308199979539495
0.4571240001496335
0.36081099960938445
1.1948360001952096
0.8035440000639937
0.4635340001186705
0.3744309997273376
0.39585200011060806
0.36315200031822314
0.3794619997279369
0.40781200004857965
0.4133719999117602
0.34099300000889343
0.3744219998225162
0.3772699997171003
0.4470039998523134
0.6665900000371039
0.5840819999320956
0.5344619999050337
0.39436499992007157
0.38014900019334164
0.41408299966860795
0.3690019998430216
0.6625149999308633
0.3791610001826484
0.36267599989514565
0.42020499995487626
0.34629999981916626
0.8932850000746839
0.3571209999790881
0.4055829999742855
0.5649319996336999
0.37168200015003094
0.40166700000554556
0.448664000032295
0.37739099980171886
0.465699000415043
0.3905070002474531
0.4509559998950863
0.35765899974649074
0.46862399995006854
0.45279799996933434
0.4390229996715789
0.37767100002383813
0.3447300000516407
0.3595509997467161
0.3222199998162978
0.3285650000179885
0.35120100028507295
0.384581000162143
0.4976449999958277
0.3550159999576863
0.39271200012080953
0.39847699963502237
0.41441399980612914
0.3459449999354547
0.44795900021199486
0.42248299996572314
0.3573150002011971
0.43564799989326275
0.39853199996287003
0.8187100002032821
0.34779999987222254
0.5206929999985732
0.3606430000218097
0.33041999995475635
0.42778299985002377
0.41296000017609913
0.41788199996517505
0.354840999989392
0.3581089999897813
0.475893999919208
0.33958300036829314
0.4160689995842404
0.39450199983548373
0.431733999903372
0.3400209998289938
0.6345199999486795
0.41007700019690674
0.3408880002098158
0.36941100006515626
0.39184899969768594
0.35216100013713003
0.3448259999458969
0.530857000285323
0.40353700023842975
0.39720599988868344
0.43183299976590206
0.3646340001068893
0.3359600000294449
0.4039099999317841
0.6761329996152199
0.3497109996715153
0.46039799963182304
0.42751299997689785
0.41876700015563983
0.3768420001506456
0.37441899985424243
0.37145200030863634
0.49135300014313543
0.43326800005161203
0.37276099965311005
0.49749999971027137
1.3702449996344512
0.45050700009596767
0.3907120003532327
0.3604509997785499
0.4750400003104005
0.380851000045368
0.46078499963186914
0.44066300006306847
0.36723400035043596
0.4148719999648165
0.3765189999285212
0.6452190000345581
0.4850850000366336
0.6881029999021848
0.8228669998970872
0.407611999889923
0.3940420001526945
0.37563099976978265
0.41907699960574973
0.3904049999619019
0.3820239999186015
0.3864919999614358
0.38197899993974715
0.4397510001581395
0.4237739999553014
0.4008819996670354
1.4346480002132012
0.8578909996685979
0.42662599980758387
0.40060500032268465
0.3874160001942073
0.41573499993319274
0.3520780001053936
0.4966300002706703
0.42263700015610084
0.37311200003387057
0.40186199976233183
0.4044219999741472
0.6385990000126185
0.3696710000440362
0.42577500016705017
1.0122979997504444
0.4303819996493985
0.43343300012566033
0.36167200005365885
0.37732400005552336
0.44280099973548204
0.3751210001610161
0.5011449998164608
0.4222319998916646
0.36714099996970617
0.4851160001635435
0.3940169999623322
0.9099870003410615
0.9674340003584803
0.3882629998770426
0.43856799993591267
0.38816699998278636
0.3645909996521368
0.6206479997672432
0.3788019998864911
0.4467030003070249
0.3748610001821362
0.44007299993609195
0.708342000052653
0.6231889997252438
0.33346000009260024
0.3436010001678369
0.36849099979008315
0.3590710002754349
0.32926999983828864
0.41186299995388254
0.37820700026713894
0.399109999762004
0.40981199981615646
0.4866520002906327
0.3971339997406176
0.47291700002460857
0.41426199959460064
0.3743470001609239
0.4514339998422656
1.0226269996564952
0.35399099988353555
0.36378100003275904
0.40237700022771605
0.44020800032740226
0.3355280000505445
0.36102299964113627
0.3562050001164607
0.4193380000288016
0.3793989999394398
0.3525699999045173
0.38062199973865063
0.4252080002515868
0.4136500001550303
0.35702700006368104
0.3669059997264412
0.40359700005865307
0.38620199984507053
0.43913299987252685
0.3528460001689382
0.40653699988979497
