payload_size_bytes=10240
runs=1000
mean_ms=0.462
median_ms=0.383
stddev_ms=0.360
min_ms=0.290
max_ms=5.645
---raw---
0.4380639998089464
0.32279999959428096
0.3283900000496942
2.5611579999349487
0.980020000042714
0.3202799998689443
1.5030649997243017
0.383051999961026
0.3729320001184533
0.9196280002470303
0.3698919999806094
2.6783120001709904
0.8937669999795617
0.35763100004260195
0.3186099997947167
0.35050099995714845
0.3606410000429605
0.31691899994257255
0.3031789997294254
0.31513900012214435
0.3007489999617974
0.34004100007223315
0.2971989997604396
2.5036360002559377
0.424332999955368
0.8852370001477539
0.3535700002430531
0.33491999965917785
0.30699900025865645
0.3210200002286001
0.32074999990072683
0.3231599998798629
0.2979990003950661
0.3276699999332777
0.3455500000200118
0.3526610003063979
2.6885120000770257
0.39835200004745275
0.9841599999163009
0.3432100002100924
0.3641909997895709
0.3306700000393903
0.3090889999839419
0.3698410000652075
0.2992190002260031
0.29758900018350687
0.3765820001717657
0.3201699996679963
0.32843000008142553
0.3752709999389481
0.3498109999782173
0.32250999993266305
2.890647999720386
0.34049099986077636
0.3834619997178379
0.37928199981251964
0.36408099958862294
0.2980889998980274
0.3336400000080175
0.39237100008904235
0.3650210001069354
0.3823810002359096
0.299528999676113
0.540065999757644
0.4378829999041045
0.34033099973385106
0.33310000026176567
0.3388099999028782
0.33058999997592764
0.35250099972472526
0.32428999975309125
0.3780519996325893
0.3332609999233682
0.38127199968585046
0.3453799999988405
0.3125100001852843
0.41760200019780314
0.33710000025166664
0.3103700000792742
0.354811000306654
0.33125999971161946
0.3642810002020269
0.3394010000192793
0.3270600000178092
0.3745409999282856
0.3252500000598957
0.352190999819868
0.3749020002032921
0.4401529999995546
0.3210999998373154
0.38235200008784886
0.315128999773151
0.32537000015508966
0.3124189997834037
0.30059900018386543
0.32288000011249096
0.31150899985732394
0.3310600000077102
0.4003720000582689
0.3516109995871375
0.3762119999919378
0.3616109997892636
0.34774100004142383
0.32415000032415264
0.36615099998016376
0.3233799998270115
0.3685709998535458
0.3787910000028205
0.39785199987818487
0.342119999913848
0.32446999966850854
0.34739000011541066
0.3385810000509082
0.3953720001845795
0.3607610001381545
0.35839100019074976
0.35706100015886477
0.3311000000394415
0.32080999972095015
0.3027299999303068
0.5596400001195434
0.3793759997279267
0.33605499993427657
0.33023000014509307
0.33606499982852256
0.3150289999211964
0.37812099981238134
0.3345400000398513
0.607017999755044
0.3364200001669815
0.36782600000151433
2.0157730000391894
0.42796299976544105
0.3897920000781596
0.34279999999853317
0.5176560002837505
0.3079699999943841
0.3737510000973998
0.37099099972692784
0.33600000006117625
0.3348199998072232
0.3416110002945061
0.3088990001742786
0.33141999983854475
0.28971899973839754
0.359920999926544
0.3048690000468923
0.30574899983548676
0.3437299997131049
0.3106999997726234
0.3697209999700135
0.39031199958117213
0.33380999957444146
0.3238700001020334
0.34448099995643133
0.31310899976233486
0.3258789997744316
0.30400899959204253
0.30542899958163616
0.32288900001731236
0.3387900001143862
0.31663900017520064
0.34120999998776824
0.3679609999380773
0.3307299998596136
0.3637209997577884
0.3260500002397748
0.3334299999551149
0.37496100003409083
0.31148900006883196
0.3346499997860519
0.35720100004255073
0.3131889998257975
0.32310999995388556
0.3667920000225422
0.321530000292114
0.3320300002087606
0.33937999978661537
0.32713000018702587
0.3539209997143189
0.33363000011377153
0.4393839999465854
0.3318600001875893
0.33777999988160445
0.4156220002187183
0.34225099989271257
0.41783300002862234
0.3887019997819152
0.32962000022962457
0.3348000000187312
0.39155200011009583
0.33562099997652695
0.34569099989312235
0.32852999993338017
0.3453100002843712
0.3555610001058085
0.34169100035796873
0.37058099997011595
0.32831999988047755
0.33133000033558346
0.3595910002331948
0.3695509999488422
0.3791419999288337
0.3089199999521952
0.32959999998638523
0.3323299997646245
0.34634100029506953
0.3349309999975958
0.32304000023941626
0.31731899980513845
0.3198090003024845
0.31227999988914235
0.32664999980625
0.3272899998592038
0.39974199989956105
0.31609999996362603
0.32682900018699
0.3525110000737186
0.32948999978543725
0.3449900000305206
0.36105100025451975
0.3269700000601006
0.322760000017297
0.3551909999259806
0.3366609998920467
0.3685619999487244
0.33649000033619814
0.3962720002164133
0.3516910001053475
0.37090100022396655
0.424443000156316
0.33413999972253805
0.3282700004092476
0.3337100001772342
0.33097000005000154
0.34026999992420315
0.3529509999680158
0.33181099979628925
0.35768099996857927
0.3676110000014887
0.31403899993165396
0.3400699997655465
0.37265100036165677
0.3707309997480479
0.3552100001797953
0.33135000012407545
0.34818999984054244
0.3284299996266782
0.31554999986838084
0.3956020000259741
0.3372910000507545
0.3292199999123113
0.3273900001659058
0.39337199996225536
0.3472700000202167
0.3281700001025456
0.31708899996374385
0.35042100034843315
0.32045999978436157
0.33113000017692684
0.3216000000065833
0.3407100002732477
0.31601900036548614
0.5179559998396144
0.33250000024054316
0.3243599999223079
0.3521609996823827
0.3355599997121317
0.3088200001002406
0.31961900003807386
0.35965099959867075
0.3705509998326306
0.3292200003670587
0.3867020000143384
0.37715200005550287
0.3337699999974575
0.32842000018717954
0.33146999976452207
0.32694999981686124
0.3628009999374626
0.329189999774826
0.33489999987068586
0.3803719996540167
0.3276299999015464
0.3530909998517018
0.3388599998288555
0.32208900029218057
0.33617999997659354
0.3554109998731292
0.3231900000173482
0.4063320002387627
0.34434999997756677
0.3646710001703468
0.33152000014524674
0.3068199998779164
0.36092099981033243
0.4214129999127181
0.30725999977221363
0.3430209999351064
0.31917000023895525
0.30573000003641937
0.36495099993771873
0.3312300000288815
0.3536200001690304
0.3334899997753382
0.31309899986808887
0.3439300003265089
0.3216300001440686
0.31670999987909454
0.32913000040935003
0.350980999883177
0.30573899994124076
0.3348800000821939
0.3764520001823257
0.30589000016334467
0.34242099991388386
0.3157800001645228
0.30513999990944285
0.3373799995642912
0.34778300005200435
0.423570999828371
0.6965010002204508
0.34391000008326955
0.3445729998929892
0.35067099997831974
2.502933999949164
0.40942299983726116
0.45931500017104554
0.33385100005034474
0.3351109999130131
0.3500909997455892
0.34004000008280855
0.33240999982808717
0.33095000026150956
0.31198900023809983
0.8847869999044633
0.36731399995915126
0.3654319998531719
0.3387500000826549
0.3791789999922912
0.33468899982835865
0.3693109997584543
0.3849969998555025
0.35865799964085454
0.3338799997436581
0.3454800003055425
0.33402000008209143
0.3455900000517431
0.36723900029755896
0.3496599997561134
0.3507800001898431
0.3192899998794019
0.9453289999328263
0.3568299998732982
0.3481109997665044
0.3206500000487722
0.32167000017579994
0.318890000016836
0.578457999836246
0.3300500002296758
0.32248000024992507
0.3520200002640195
0.33366000025125686
0.3256999998484389
0.3209800001968688
0.5258979999780422
0.33548799956406583
0.3198340000380995
0.3299999998489511
0.3612149998843961
0.39220300004672026
0.34580500005176873
3.4486829999877955
0.5229260000305658
0.46258400016085943
0.3495900000416441
1.5051630002744787
0.5284959997879923
1.384731999678479
1.5691979997427552
2.6810710000972904
0.6509400000140886
0.4453930000636319
0.379282000267267
0.363820999609743
0.42347299995526555
0.3585409999686817
0.4268229999979667
0.46657399980176706
0.3904219997821201
0.3595409998524701
0.7757829998809029
1.1574150003070827
1.1040729996238952
0.3631909999057825
0.6073180002204026
0.3634710001279018
0.528435999967769
0.48290499989889213
0.4974849998689024
0.47423400019397377
0.5758070001320448
1.034692000303039
0.678801000049134
0.40847299987945007
0.42425299989190535
0.37384200004453305
0.3294099997219746
0.3650310000011814
0.3491700003905862
3.741482999885193
1.077303000329266
0.9402579999004956
0.6225590000212833
0.6811210000705614
0.5890580000595946
0.848795999900176
0.533506000010675
0.38197200001377496
0.3900820001945249
0.39991199992073234
0.39106199983507395
0.44362399967212696
0.4612739999174664
0.3607209996516758
0.3647910002655408
0.3992619999735325
0.4411029999573657
0.3815520003627171
0.37118099999133847
0.5329959999471612
5.645221999657224
0.6478499999502674
0.6916610000189394
0.7771440000396979
0.44742399995811866
0.4301030003261985
0.432825000189041
0.4138899998906709
0.4032970000480418
0.3955769998356118
0.4062220000378147
0.4001550000793941
0.40946000035546604
0.37986500001352397
0.38247400016189204
0.3706709999278246
0.3573899998627894
0.5907029999434599
0.5701770000996476
0.36106100014876574
0.4201229999125644
4.574588999730622
1.442434000182402
0.6679100001747429
0.3764309999496618
1.048335000177758
0.4434809998201672
0.40294500013260404
0.4086410003765195
0.4082320001543849
0.36803100010729395
0.4314630000408215
0.36714399993797997
0.3939039997931104
0.4193419999865
0.41960799990192754
0.5316910001056385
0.473344000056386
0.38487699976030854
0.4206580001664406
0.4284010001356364
0.5950350000603066
0.8697069997651852
0.40073199988910346
0.35587000002124114
0.4390039998725115
0.3838120001091738
0.3803619997597707
0.39413400008925237
0.47905100018397206
0.40022700022745994
0.5117109999446257
0.4005570003755565
0.40295200005857623
0.4757140000037907
0.3605360002438829
0.41860300007101614
0.821905000066181
0.6907830002091941
0.4865319997406914
0.4434339998624637
0.48232500012090895
0.3906940000888426
0.39336200006800937
0.3715610000654124
0.43083099990326446
0.38501400013046805
0.3966839999520744
0.36918600017088465
0.703137000073184
1.5771450002830534
0.6546169997818652
0.3598339999371092
0.40320000016436097
0.42864300030487357
0.3853409998555435
0.3850029997920501
0.38773999995100894
0.3929019999304728
0.36666400001195143
0.3944340000998636
0.518281000040588
0.37731200018242816
0.6916860002093017
0.4661039997699845
0.792522000210738
0.7340239999393816
0.45244900002217037
0.4784150000887166
0.37301600013961433
0.38563199996133335
0.40061200024865684
0.3750460000446765
0.38003400004527066
0.37422800005515455
0.3789219999816851
0.41463199977442855
0.4117130001759506
0.8305239998662728
0.5854490000274382
0.8225850001508661
0.3658209998320672
0.35342099999979837
0.3674509998745634
0.41462199988018256
0.4496139999901061
0.40592200002720347
0.3520710001794214
0.4394029997456528
0.43127299977641087
0.3826520000984601
0.41012300016518566
0.3568910001376935
0.8036950002860976
0.5952980000074604
0.38802099970780546
0.41235199978473247
0.41511500012347824
0.4065500002070621
0.43221199985055136
0.49842799990074127
0.41134299999612267
0.3854320002574241
0.3836139999293664
0.4764290001730842
0.5009849996895355
0.581363000037527
0.8753239999350626
0.4556310000225494
0.4062230000272393
0.3851320002468128
0.3608509996411158
0.4347140002209926
0.38293099987640744
0.37678099988625036
0.36704200010717614
0.4055150002386654
0.43655500030581607
0.4177770001660974
0.42751399996632244
0.8464359998470172
0.3534100001161278
0.44763400001102127
0.6677699998363096
0.46362400007637916
0.42098299991266686
0.3943910000998585
0.4129330000068876
0.3299929999229789
0.4252530002304411
0.38198599986571935
0.386921999961487
0.3748809999706282
0.3849869999612565
0.3922609998880944
0.3604509997785499
0.9234809999725258
0.5048130001341633
0.37156600001253537
0.4229230003147677
0.6448799999816401
0.4630139997061633
0.38413599986597546
0.4189319997749408
0.38328700020429096
0.36498100007520407
0.40665999995326274
0.3744890000234591
0.4703139998127881
0.3908670000782877
0.4264829999556241
0.38019700014046975
0.37418200008687563
0.4099930001757457
0.35994100016978336
0.4603439997481473
0.33655100014584605
0.4360730004009383
0.42790499992406694
0.5553639998652216
0.4467040002964495
0.6509500003630819
0.37313099983293796
0.3972110002905538
0.3886519998559379
0.4223370001454896
0.3784359996643616
0.3743140000551648
0.45711399980064016
0.38680099987686845
0.3562209999472543
0.4111630000807054
0.5132410001351673
0.47487899973930325
0.40630200010127737
0.5062150003141141
0.8553679999749875
0.363920999916445
0.3835410002466233
0.42168800018771435
0.40338300004805205
0.37454700031958055
0.3799360001721652
0.3745409999282856
0.38224100035222364
0.3938019999623066
0.37511600021389313
0.41418299997530994
0.4038629999740806
0.5170790000192937
0.44306099971436197
0.3693809999276709
0.3785720000450965
1.1144680001962115
0.40904200022851
0.3917419999197591
0.3711610002028465
0.37276099965311005
0.44149800032755593
0.376054000298609
0.36976799992771703
0.43277399981889175
0.40317299999514944
0.45739400002275943
0.46288599969557254
0.386031000289222
0.7568500000161293
0.4247130000294419
0.5162659999768948
0.6849809997220291
0.44831400009570643
0.3645909996521368
0.6023089999871445
0.3653609996945306
0.37965699993947055
0.5801029997201113
0.4766540000673558
0.39930599996296223
0.3847419998237456
0.3729220002242073
0.3666160000648233
0.38594200032093795
0.638980000076117
1.4446049999605748
0.42662199984988547
0.47553700005664723
0.38054400010878453
0.38719599979231134
0.39519700021628523
0.36914600013915333
0.47010400021463283
0.438244000179111
0.39742199987813365
0.3341599999657774
0.39984200020626304
0.3407499998502317
1.3017599999329832
0.531314999989263
0.41887299994414207
0.3961610000260407
0.40373299998464063
0.41887299994414207
0.429503000304976
0.44663400012723287
0.398322999899392
0.39340199964499334
0.35117099969284027
0.35858999990523444
1.3985030000185361
0.6391910001184442
0.4342259999248199
0.36222900007487624
0.416039999890927
0.41328199995405157
0.4718039999715984
0.42827300012504566
0.4469539999263361
0.3420809998715413
0.49914700002773316
0.3683009999804199
0.5726370000047609
0.39826199963499676
0.38858099969729665
0.3557710001587111
0.3971539999838569
0.35796900010609534
0.4316630001994781
0.5008450002605969
0.3553810001903912
0.45776400020258734
0.40759300009085564
0.38647199971819646
0.5642270002681471
0.4823149997719156
0.43194299996685004
0.4559640001389198
0.564757000120153
0.35531100002117455
0.35727999966184143
0.3530909998517018
0.38757399988753605
0.40024000008997973
0.3464900000835769
0.4054419996464276
0.40838199993231683
0.43191300028411206
0.3952820002268709
0.4231520001667377
0.37025199981144397
0.3820209999503277
0.34795100009432645
0.45028400018054526
0.502664999658009
0.5150450001565332
0.429422999786766
0.414714999806165
0.5703460001313942
0.4507140001805965
0.45411400014927494
0.4873269999734475
0.41009000005942653
0.6121890000940766
0.374190999991697
0.40213399961430696
0.3995500001110486
0.7888340001045435
0.37423200001285295
0.371412000276905
0.37457200005519553
0.4232819997014303
0.3540600000633276
0.41535299988026964
0.35624100019049365
0.38911199999347446
0.3970520001530531
0.38382099955924787
0.41186199996445794
0.36686200019175885
0.33362000021952554
0.3659510002762545
0.5034760001763061
0.4467839999051648
0.3682209999169572
0.3391999998711981
0.38587099970754934
0.43360399968150887
0.4050020002068777
0.37795099979121005
0.4298179997022089
0.42650800014598644
0.40328199975192547
0.34862099983001826
0.394691999645147
0.8811169996079116
0.3745210001397936
0.7508829999096633
0.45948400020279223
0.36823100026595057
0.37090100022396655
0.44781399992643856
0.4438440000740229
0.3950519999307289
0.40085199998429744
0.4501139997046266
0.4061620002175914
0.4191220000393514
0.3592759999264672
0.3859619996546826
0.35553999987314455
0.5196120000618976
0.3631220001807378
0.3644909998001822
0.3833410000879667
0.3486999999040563
0.41596199980631354
0.3610609996940184
0.42265299998689443
0.4632959999071318
0.35758800004259683
0.41013300005943165
0.3963720000683679
0.8788869999989402
0.3593110000110755
0.627709000127652
0.425761999849783
0.3610310000112804
0.4021049999209936
0.4097209998690232
0.3603409995776019
0.39740300007906626
0.33931100006157067
0.36787099998036865
0.34795100009432645
0.3661810001176491
0.37003099987487076
0.6612209999730112
0.4128730001866643
0.3665910003292083
0.5159259999345522
0.41744200007087784
0.4386829996292363
0.36472100009632413
0.3484399999251764
0.36678099968412425
0.3618010000536742
0.34944000026371214
0.4629350000868726
0.45373900002232403
0.5505070002982393
0.3601559997150616
0.3432600001360697
0.6317689999377762
0.41037199980564765
0.3555199996299052
0.43871600018974277
0.439031000041723
0.42435300019860733
0.39375200003632926
0.3653609996945306
0.41390199976376607
0.41628300004958874
0.5419569997684448
0.3963719996136206
0.448784000127489
0.5630970003949187
0.3873119999298069
0.33610900027269963
0.35819100003209314
0.3667510000013863
0.34137000011469354
0.34701000004133675
0.403832000301918
0.40915299996413523
0.37116099974809913
0.343420000262995
0.37803100030942005
0.599108000187698
0.6317320003290661
0.9207149996655062
0.41771299993342836
0.46561399994971
0.43846400012625963
0.3724839998540119
0.40875500008041854
0.4626089998964744
0.40899499981605913
0.47178399972835905
0.41942999996535946
0.8183639997696446
0.5373869998948066
0.6914239997968252
0.7815009998921596
0.43531399978746776
0.39005700000416255
0.42559299981803633
0.45301099999051075
0.39042900016283966
0.4032270003335725
0.39872700017440366
0.37262200021359604
0.3769630002352642
0.4633690000446222
1.892912000130309
0.5691999999726249
0.8890049998626637
0.3865719995701511
0.3848870001093019
0.4430130002219812
0.4004020001957542
0.40842199996404815
0.48156899993045954
0.3853469997920911
0.3938569998354069
0.354860999777884
0.40692299990041647
0.40472199998475844
1.4697639999212697
0.6944140000086918
0.8665440000186209
0.47692599991933093
0.41324299991174485
0.37716099996032426
0.40108199982569204
0.43432299980850075
0.3845019996333576
0.5015850001655053
1.3121799997861672
0.6605150001632865
0.5950579998170724
0.39230200036399765
0.44653800023297663
0.3912520000994846
0.39437499981431756
0.3939890002584434
0.39221199995154166
0.3770339999391581
0.38913199978196644
0.38890199994057184
0.407522999921639
0.8138349999171623
0.40680200027054525
0.4223730002195225
0.44265300039114663
0.3604409998843039
0.6104429999140848
0.4092030003448599
0.3827289997389016
0.4149199999119446
0.4115420001653547
0.3513410001687589
0.5573470002673275
0.396773999909783
0.3915799998139846
0.393351999719016
0.5822580001222377
0.39889100025902735
0.8042649997150875
0.4657039999074186
0.34812000012607314
0.4104919999008416
0.49956499969994184
0.4505830002017319
0.6809209999119048
0.43686399976650137
0.5076749998806918
0.5046749997745792
0.3884249999828171
0.41693100001793937
0.42408299987073406
0.43774899995696614
0.8518909999111202
0.5937180003456888
0.3591059999052959
0.3734760002771509
0.35265599990452756
0.3254199996263196
0.34276999986104784
0.41223700009140885
0.3529609998622618
0.42620299973350484
0.39161199993031914
0.3430599999774131
0.4302230004213925
0.39529700006823987
0.33920600026249303
0.3405949996704294
0.3334479997647577
0.36338900008558994
0.33505100009278976
0.4720649999399029
0.34622600014699856
0.42058200006067636
0.42386799987070845
0.3027489997293742
0.3648110000540328
0.3795709999394603
0.3683410000121512
0.4233429999658256
0.3660630000013043
0.49859199998536496
0.33311500010313466
0.36594599987438414
0.32947999989119126
0.2932689999397553
0.5587979999290837
0.3357559999130899
0.35287499986225157
0.3540510001585062
0.7567130001007172
