payload_size_bytes=10240
runs=1000
mean_ms=0.489
median_ms=0.386
stddev_ms=0.337
min_ms=0.288
max_ms=4.363
---raw---
0.368781999895873
0.8005439999578812
0.6277130000853504
0.34700900005191215
0.5301490000420017
0.4061419999743521
1.6035459998420265
0.8195750001505075
0.5143950002093334
0.4085819996362261
0.6168189997879381
0.3265700001975347
1.8069150000883383
1.8465960001776693
3.5251269996479095
0.5164659996808041
0.5191860000195447
0.3502599997773359
4.362693000075524
0.47382399998241453
0.4902149998997629
0.4003230001217162
0.3852009999718575
0.6505000001197914
0.6280890002017259
0.466924000193103
1.0881829998652393
1.976080000076763
2.1127449999767123
0.752312999793503
0.49189500032298383
1.415833000010025
2.726961999997002
1.0252409997519862
0.5218460000833147
0.45278400011738995
1.916438000080234
1.5716570001131913
0.5994690000079572
1.4098319998083753
0.5455169998640486
0.3940619999411865
0.3843710001092404
0.421783000092546
0.33445999997638864
0.8121350001601968
0.7445919995916483
0.6674500000372063
0.6153089998406358
0.7661730001018441
0.6036380000296049
0.34968099998877733
0.4083120002178475
0.43742299976656795
0.4380039999887231
0.549017000139429
0.42081299989149556
0.29896899968662183
0.30805999995209277
0.3959509999731381
0.34257100014656316
0.3718210000442923
0.45860399995945045
0.39670199976171716
0.416612999742938
0.528445999862015
0.3941820000363805
0.43388399990362814
0.554126999759319
0.3615910000007716
0.37508199966396205
0.5059250001977489
0.3546610000739747
0.4960850001225481
0.7339119997595844
0.3363199998602795
0.36961099976906553
0.3602609999688866
0.5729770000471035
0.33545999986017705
0.3397509999558679
0.290558999950008
0.40378199992119335
0.34099100003004423
0.3889520003212965
0.3631810000115365
0.8054039999478846
1.4369539999279368
0.45257400006448734
1.5513170001213439
1.6727109996281797
0.45008300003246404
0.6065590000616794
0.4771740000251157
0.3561110002010537
0.6625599999097176
0.8270550001725496
0.6464000002779358
0.45820400009688456
0.6138990002000355
0.40085199998429744
0.4119519999221666
0.33811000002970104
0.7497830001739203
0.6602600001315295
0.7290629996532516
0.43135400028404547
1.0645319998729974
0.6435389996113372
0.4466840000532102
0.37674099985451903
0.547797000308492
0.6087789997764048
0.5844580000484711
0.5401369999162853
0.6131990003268584
0.5644070001835644
0.5707770001208701
0.9663290002208669
0.6216890001269348
0.3119400003015471
0.5774070000370557
0.5525569999917934
3.5358279997126374
1.602267999714968
1.940678999744705
0.5321459998413047
0.5230259998825204
0.7811840000613302
0.39706199959255173
0.49000500030160765
0.3577210000003106
0.42801299969141837
0.6656710002062027
0.3824909999821102
1.2638889998015657
0.4856239997934608
0.3073489997404977
3.125445000023319
0.6860309999865422
0.4759139997077
0.4606839997904899
0.7675530000597064
0.8206740003515733
0.4608939998433925
0.45632699993802817
0.5239430001893197
0.3924819998246676
0.5155759999979637
0.4507140001805965
1.1444850001680607
0.4736239998237579
0.4765940002471325
0.5279159995552618
1.5287060000446218
0.854935999996087
0.6616310001845704
0.3857629999401979
0.4045319997203478
0.6260290001591784
0.5529270001716213
0.5467210003189393
0.36199100031808484
0.3411210000194842
0.37153099992792704
0.3364260001035291
0.3166000001328939
0.360050999915984
0.9092579998650763
1.7222559999936493
0.48599499996271334
0.9324140000899206
0.4566339998746116
0.8597659998486051
0.4460129998733464
0.6386589998328418
0.5815480003548146
0.6268090000958182
0.4033619998153881
0.34080100022038096
0.3516800002216769
0.916817999950581
0.402202999794099
0.3308100003778236
0.3890020002472738
0.3884319999087893
0.4012629997305339
0.3772919999391888
0.32598999996480416
0.32485999963682843
0.392571000247699
0.3460409998297109
0.39132100027927663
0.3668009999273636
0.4864450002060039
0.3845230003207689
3.356941000220104
0.8013640003809996
0.49654500026008463
0.4772349998347636
1.3969529995847552
0.33964300018851645
0.7857509999666945
0.4422830002113187
1.033021000239387
0.39415199989889516
0.33766000024115783
0.3726039999492059
0.333578000208945
0.3664430000753782
0.3521230000842479
0.3483659997982613
0.37958100028845365
0.33369099992341944
0.43702299990400206
0.40300199998455355
0.37696199979109224
0.35958099988420145
0.31035999973028083
0.37671100017178105
0.5314760001056129
0.34967100009453134
0.31615899979442474
0.7843339999453747
0.771333999637136
0.37360100031946786
0.41916300006050733
0.3976030002377229
0.3364600001987128
0.4093029997420672
0.35143100012646755
0.3563909999684256
0.37726300024587545
0.5033829997955763
0.34181999990323675
0.5136249997121922
0.38773200003561215
1.489324999965902
0.8712970002306974
0.358831000085047
0.3494110001156514
0.33152000014524674
0.3255719998378481
0.6101859999034787
0.3601609996621846
0.3414490001887316
0.37445099997057696
0.3594710001380008
0.3306620001239935
0.4193209997538361
0.3615810001065256
0.49090499987869407
0.41120399964711396
0.3512579996822751
0.4915069998787658
0.5763250001109554
0.8902899999156944
0.369897999917157
0.3846719996545289
0.42181199978585937
0.4273590002412675
0.4165909999755968
0.33314699976472184
0.32703000033507124
0.3360400000929076
0.3942120001738658
0.31791399987923796
0.8218999996643106
1.1167949996888638
0.7026160001259996
0.604573000146047
0.3853719999824534
0.40421199992124457
0.3907420000359707
0.4087120000804134
0.4107329996259068
0.35088100003122236
0.37142099972697906
0.3532600003381958
0.3540819998306688
0.3489109999463835
0.3269199996793759
0.46602499969594646
0.32190999991144054
1.0215500001322653
0.7538760000898037
0.6195969999680528
0.3405219999876863
0.3395779999664228
0.35780100006377324
0.3894120000040857
0.3278900003351737
0.37417300018205424
0.3405180000299879
0.38014200026736944
0.3255000001445296
0.38049199974921066
0.41631200019764947
0.34441100024196203
0.4104829999960202
1.0566620003373828
0.4925439998260117
0.5729370000153722
0.4005420000794402
0.36112099996898905
0.3415299997868715
0.6181310000101803
0.40007999996305443
0.4116729996894719
0.37500400003409595
0.3246379997108306
0.3585300000850111
0.3351609998389904
0.29638900014106184
0.4261530002622749
0.4276529998605838
0.4388329998619156
0.3084190002482501
0.3572810001060134
0.414262000049348
0.30375899996215594
0.5719979999412317
0.5777379997198295
0.36681200026578153
0.334389999807172
0.37977100009811693
0.3480110003692971
0.3642910000962729
0.35093999986202107
0.37426099970616633
0.33010999959515175
0.33838099989225157
0.3361409999342868
0.37014200006524334
0.7265620001817297
0.6114330003583746
0.6576549999408599
0.5364769999687269
0.3770839998651354
0.2876260000448383
0.9354879998682009
0.31344999979410204
0.30048200005694525
0.35521899962986936
0.4681549999077106
0.30602500009990763
0.381827000182966
0.5115359999763314
0.38307100021484075
0.7511159997193317
0.6419870001082018
0.3839609998976812
0.3917320000255131
0.35890100025426364
0.33328000017718296
0.3656700000647106
0.3434509999351576
0.3581109999686305
0.3679510000438313
0.34641299998838804
0.36676899981102906
0.323869999647286
0.34088999973391765
0.3305799996269343
0.3405209999982617
0.44265300039114663
0.5375579999054025
0.3669689999696857
0.3569900000002235
0.38468100001409766
0.650749999749678
0.3498510000099486
0.34281999978702515
0.3855220002151327
0.34044099993479904
0.32991999978548847
0.3372810001565085
0.39650199960306054
0.43392399993535946
0.3945650000787282
0.3272280000601313
0.354831000095146
0.3360800001246389
0.36356100008561043
0.3450409999459225
0.30180900012055645
0.932557999931305
0.701821999882668
0.3808810001828533
0.40245299987873295
0.31708899996374385
0.32222000027104514
0.3273500001341745
0.3955030001634441
0.37812099981238134
0.3248500001973298
0.37235099989629816
0.3735909999704745
0.3142900000057125
0.3926520003005862
0.31073899981493014
0.3372000001036213
0.4563140000755084
0.3944519999095064
0.7567990001007274
0.5141059996276454
0.45187799969426123
0.4835650001950853
0.3451910001786018
0.3115600002274732
0.35630100001071696
0.3480810000837664
0.3695420000440208
0.39315200001510675
0.3158489998895675
0.37811099991813535
0.3758919997380872
0.36864100002276246
0.31400899979416863
0.39775200002623023
0.3716010000971437
0.39594199961356935
0.7481130000996927
0.3950519999307289
0.39426200009984314
0.32784100039862096
0.37843200016141054
0.32998000006045913
0.33766000024115783
0.4623539998647175
0.32429900011266
0.3990019999946526
0.3663600000436418
0.43215400000917725
0.3928420001102495
0.37380100002337713
0.3546709999682207
0.33253199990213034
1.042019000124128
0.49488500008010305
0.30950900008974713
0.3687619996526337
0.39807200028008083
0.43216399990342325
0.348431000020355
0.34656100024221814
0.39007099985610694
0.38045199971747934
0.42268500010322896
0.3017469998667366
0.36749099990629475
0.3034400001524773
0.325319999774365
0.3434109999034263
0.2996690000145463
0.7050740000522637
0.5568249998759711
0.370320999991236
0.30910900022718124
0.3880320000462234
0.38452099988717237
0.38587199969697394
0.4099820002920751
0.31897000008029863
0.3773510002247349
0.3055990000575548
0.38654200034216046
0.33181099979628925
0.3150999996250903
0.3569909999896481
0.34403999961796217
0.8189849995687837
0.6241789997147862
0.39028199989843415
0.4777950002790021
0.36286099975768593
0.35894000029657036
0.3621609998845088
0.32204900026044925
0.40117300022757263
0.32560999989073025
0.3641029998107115
0.3520590003063262
0.3449599998930353
0.6645710000157123
0.3764110001611698
0.7153539995670144
0.5985050001982017
0.47688400036349776
0.35939100007453817
0.3548039999259345
0.342648000241752
0.33578000011402764
0.3430709998610837
0.32980000014504185
0.4643549996217189
0.42716200005088467
0.33411300000807387
0.4119220002394286
0.41341199994349154
0.37223100025585154
0.8472669996990589
0.6755209997209022
0.4977250000592903
0.34628999992492027
0.415152999721613
0.3056490004382795
0.3218490001017926
0.40008199994190363
0.2980590002152894
0.5202649999773712
0.3442799998083501
0.38618200005657854
0.49843099986901507
0.3845569999612053
0.4507350004132604
0.3200880000804318
0.3183720000379253
0.3752990000975842
0.3338040000926412
0.36147099990557763
0.3202600000804523
0.3427900001042872
0.3423900002417213
0.3130600002805295
1.1497850000523613
0.35552600002120016
0.3293849999863596
0.32356399970012717
0.32194300001719967
0.3365299999131821
0.3683999998429499
0.3374010002517025
0.29130899974916247
0.4217760001665738
0.3216170002815488
0.33641099980741274
0.3418400001464761
0.2987990001201979
0.3840009999294125
0.3245100001549872
0.40683199995328323
0.3837320000457112
0.322769999911543
0.3251289999752771
0.37346499993873294
0.34871100024247426
0.8515639997312974
0.35913100009565824
0.33836099964901223
0.37198699965301785
0.3639859996837913
0.3337159996590344
0.33934099974430865
0.3548099998624821
0.33196799995494075
0.33789100007197703
0.3648739998425299
0.33049999956347165
0.49643100010143826
0.3476709998722072
0.39871600029073306
0.33258499979638145
0.4100769997421594
0.36191599974699784
0.33173000019814936
0.33002999998643645
0.37617699990732945
0.7550330001322436
0.33752800027286867
0.3831089998129755
0.3741140003512555
0.4294830000617367
0.37102399983268697
0.33024699996531126
0.405610000143497
0.3862940002363757
0.4028189996461151
0.38044599978093174
0.3504759997667861
0.4722240000774036
0.375427000108175
0.35282099997857586
1.0245690000374452
0.6014649998178356
0.4366739999568381
0.3940139999940584
0.4542510000646871
0.392251999983273
0.36771099985344335
0.392461000046751
0.4044269999212702
0.4220380001243029
0.4061020003973681
0.42235299997628317
0.36809099992751726
0.5621960003736604
0.6129190001047391
0.4153119998591137
0.7995779997145291
0.7079590000103053
0.4248230002303899
0.3764319999390864
0.44448300013755215
0.36350399977891357
0.4477810002754268
0.45461399986379547
0.3627320002124179
0.3813409998656425
0.3898629997820535
0.44666399980997085
0.3344910001032986
0.40399199997409596
0.37593200022456585
1.2450770000214106
0.5579970002145274
0.3992619999735325
0.5402259998845693
0.38604299970756983
0.4058549998262606
0.4060299997945549
0.39759199989930494
0.35722100028579007
0.37585199970635585
0.343659000009211
0.3644520002126228
0.53243599995767
0.38446200005637365
1.2527379999482946
0.7980770001267956
0.49590199978410965
0.43951299994660076
0.4269329997441673
0.4271029997653386
0.3694960000757419
0.3722659998857125
0.3934169999411097
0.37684099970647367
0.3732289997060434
0.3894749997925828
0.37098899974807864
0.43314999993526726
0.581348000196158
0.5227959995863785
0.3824420000455575
0.9937499999068677
0.5089249998491141
0.5987479999021161
0.42695699994510505
0.42741799961731886
0.4150170002503728
0.39586699995197705
0.4007570000794658
0.3962720002164133
0.44193100029588095
0.43391100007283967
0.43850400015799096
0.4062920002070314
0.39082700004655635
0.7666829997106106
0.39510199985670624
0.43224800037933164
0.4879880002590653
0.7192710004346736
0.3971000001001812
0.6523919996652694
0.48780499992062687
0.42756999982884736
0.37174099998082966
0.4185630000392848
0.4144270001233963
0.47344199992949143
0.38312900005621486
0.390921999951388
0.7902940001258685
1.7255170000680664
0.4977349999535363
0.39271200012080953
0.3924370003005606
0.3714810000019497
0.3748859999177512
0.3743389997907798
0.46535399997083005
0.38276999976005754
0.41070199995374423
0.3997420003543084
0.42695299998740666
0.9377889996358135
0.49102499997388804
0.5446959999062528
0.666200000068784
0.39894300016385387
0.44761299977835733
0.3668059998744866
0.37571700022454024
0.37912099969616975
0.3772509999180329
0.4633439998542599
0.3797519998443022
0.48293500003637746
0.6728299999849696
0.36581100039256853
1.2119119996896188
0.43831299990415573
0.7981720000316272
0.411363000239362
0.4934349999530241
0.38196900004550116
0.4815850002160005
0.4022520001853991
0.4094830001122318
0.3607809999266465
0.49029699994207476
0.400559999889083
0.4824739999094163
0.4101119998267677
0.36649399999078014
0.7291450001503108
0.3790800001297612
0.4438260002643801
0.3481509997982357
0.38051199999245
0.3665879999061872
0.3638600001067971
0.3426759999456408
0.330509999912465
0.35050499991484685
0.4320230000303127
0.3666459997475613
0.46067800030868966
0.4037129997414013
0.48718500011091237
0.3826570000455831
0.7926490002319042
0.6531700000778073
1.0242140001537337
0.5076880001979589
0.36283600002207095
0.3743219999705616
0.36728399982166593
0.36348799994812
0.3858969998873363
0.4122279997318401
0.39374600009978167
0.36281900020185276
0.39796999999452964
0.34314399999857415
0.33700799986036145
0.3687519997583877
0.3469509997557907
0.6133679999038577
0.3457650000200374
0.3250800000387244
0.36381600011736737
0.40650299979461124
0.37368399989645695
0.39368200032185996
0.3100260000792332
0.39582299996254733
0.30197900014172774
0.36975100010749884
0.3045990001737664
0.33512999971208046
0.4737439999189519
0.3052600000046368
0.5916879999858793
0.316229999953066
0.3897470000993053
0.3748819999600528
0.3847190000669798
0.34149699968111236
0.30591399990953505
0.4343710002103762
1.2344149999989895
0.36649599996962934
0.354961000084586
0.350956000147562
0.37774199972773204
0.5558360003306007
0.34936299971377593
0.34036800025205594
0.33835999965958763
0.3471199997875374
0.34897099976660684
0.32917999988058
0.3801609996116895
0.3309200001240242
0.5404109997471096
0.6713500001751527
0.3648659999271331
0.34744999993563397
0.37017100021330407
0.46280400010800804
0.3411799998502829
0.38098200002423255
0.33412099992347066
0.3605910001169832
0.3287999998065061
0.3297709999969811
0.3636710002865584
0.34314799995627254
1.11633400001665
0.6247380001696001
0.6834499999968102
0.47347400004582596
0.40208299969890504
0.36263399988456513
0.3550110000105633
1.4228310001271893
0.36668100028691697
0.37365600019256817
0.7111759996405453
1.6898459998628823
0.5221309997978096
0.35455399984130054
0.3900289998455264
0.3890819998559891
0.34952499981955043
0.35221000007368275
0.3627979999691888
0.3358930002832494
0.404838000122254
0.3786319998653198
0.3915219999726105
0.7280820000232779
0.37723199966421816
0.36763100024472806
0.3935219997401873
0.3889939998771297
0.4295010003261268
0.41848299997582217
0.3500399998301873
0.44354300007398706
0.3683609998006432
0.4015919998892059
0.3553009996721812
0.38795099999333615
0.43817300002046977
0.39752400016368483
0.34646799986148835
0.369664000118064
0.8788769996499468
1.6124759999911475
1.0137210001630592
0.35690599997906247
0.3975419999733276
0.444828999661695
0.35836600000038743
0.3528960000949155
0.5995900000925758
0.36980400000174996
0.4700720000982983
0.426300000071933
0.3745210001397936
0.34740999990390264
0.40827299972079345
1.0693030003494641
0.6453910000345786
0.45318399997995584
0.37870100004511187
0.38584699996135896
0.6348239999169891
0.4488330000640417
0.4724149998764915
0.3976819998570136
0.3270000001975859
0.36832199975833646
0.3384100000403123
0.316320000365522
0.40898299994296394
0.41162200022881734
0.3480400000626105
0.3324250001242035
0.4174129999228171
0.731692000044859
0.43058000028395327
0.3423399998609966
0.3742740000234335
0.36616499983210815
0.3786770002989215
0.4076189998158952
0.35601800027507124
0.3400700002202939
0.3618159998950432
0.39293200006795814
0.36943599980077124
0.32371999986935407
0.49044500019590487
0.6970069998715189
0.6607000000258267
0.40179200004786253
0.39519700021628523
0.37402599991764873
0.33726500032571494
0.42601499990269076
0.35211799968237756
0.35111999977743835
0.3455059995758347
0.3610869998738053
0.3867319996970764
0.36577199989551445
0.4376130000309786
0.6745299997419352
0.43972499997835257
0.34951099996760604
0.5297539996718115
0.4324030001043866
0.5613169996649958
0.381952000225283
0.3852219997497741
0.3640959998847393
0.38905700012037414
0.3776810003728315
0.3677310000966827
0.4024249997200968
0.35619100026451633
0.42823000012504053
0.3859619996546826
0.4169620001448493
0.3606240002227423
0.41938999993362813
0.330529999700957
0.33932099995581666
0.33578900001884904
0.7724439997218724
0.32708000026104855
0.38806700013083173
0.30761400012124795
0.3241750000597676
0.3114669998467434
0.31298700014303904
0.37290099999154336
0.3814240003521263
0.37311899995984277
0.36463999958868953
0.32714999997551786
0.37201100030870293
0.33251100012421375
0.3137200001219753
0.3934510000362934
0.3288299999439914
0.34906100017906283
0.3903219999301655
0.3745919998436875
0.3659009998955298
0.3077090000260796
0.33220399973288295
0.3410660001463839
0.3046189999622584
0.32305900003848365
0.4297230002521246
0.3397599998606893
0.366561000191723
0.34933999995701015
0.3996020000158751
0.38919199960218975
0.3671210001812142
0.3475199996501033
0.41421500009164447
0.3768699998545344
0.4191749999336025
0.35670799979925505
0.3766010004255804
0.3321599997434532
0.3588999998100917
0.3182349996677658
0.3152690001115843
0.37314099972718395
0.48471399986738106
0.43820299970320775
0.36532600006466964
0.3499919998830592
0.3461030000835308
0.3402870001991687
0.3448509996815119
0.3773920002458908
0.36808599998039426
0.34878599990406656
0.35666099984155153
0.3635240000221529
0.40949999993245
0.3586759999052447
0.36729900011778227
0.7511310000154481
1.60781800013865
0.3857609999613487
0.3743909996956063
0.3496909998830233
0.3507000001263805
0.47851699991952046
0.41904999989128555
0.3728120000232593
0.36130299986325554
0.3527479998410854
0.35381099996811827
0.361471000360325
0.3829510001196468
0.6562100002156512
1.6029479997996532
0.470465000034892
