payload_size_bytes=10240
runs=1000
mean_ms=0.452
median_ms=0.385
stddev_ms=0.246
min_ms=0.274
max_ms=3.143
---raw---
0.4515840000749449
0.39709499969831086
0.43978100029562484
0.3550609999365406
0.3476609999779612
0.4400930001793313
0.4167930001131026
0.42235299997628317
0.38659199981339043
1.8257359997733147
0.6571500002792163
0.4566339998746116
0.42069300025104894
0.7000040000093577
0.47886199990898604
0.4549939999378694
0.6089690000408154
0.5207460003475717
0.32765000014478574
1.412343000083638
0.39855300019553397
0.5126959999870451
0.36122100027569104
0.37356100028773653
0.4181330000392336
0.36694099981104955
0.3286199998910888
0.37289200008672196
0.3942120001738658
0.35928100032833754
0.35865099971488235
0.3349899998283945
0.521935999586276
0.3349630001139303
0.36128800002188655
0.3327099998386984
0.744641999972373
0.5184660003578756
0.3504209998936858
0.3488110000944289
0.35056099977737176
0.37511400023504393
0.39514899981440976
0.345222999840189
0.3959220002798247
0.39587899982507224
0.39236200018422096
0.3822220000984089
0.342552999882173
0.3656190001493087
0.3630309997788572
0.36777099967366667
0.3738610002983478
0.3938519998882839
0.4457840000213764
0.6479589997070434
0.6265990000429156
0.5053159998169576
0.3434029999880295
1.7205200001626508
0.523714999872027
0.9722600002533
0.9772090002115874
0.553036999917822
1.1025639996660175
0.5489670002134517
1.2315769999986514
1.4863050000712974
1.7254829999728827
1.7223220002051676
0.7889230000728276
3.1433949998245225
0.5959889999758161
0.4186230003142555
0.421763000304054
0.6060380001144949
0.34524100010457914
0.4969149999851652
0.7248319998325314
0.6168390000311774
0.5346359998839034
0.48641400007909397
0.8734670000194455
0.42711300011433195
0.34103999996659695
0.37786200027767336
0.4089029998795013
0.37629099961122847
0.4353330000412825
0.41945299972212524
0.381952000225283
0.3599210003812914
0.566006999633828
0.5622970002150396
0.4415329999574169
0.35300099989399314
0.45174299975769827
0.606548999712686
0.48545499976171413
0.43099300000903895
0.4068420003022766
0.38419200018324773
0.4093920001650986
0.3851619999295508
0.3601109997362073
0.39095199963412597
0.3751210001610161
0.41124300014416804
0.3847909997602983
0.4264429999238928
0.5813779998788959
0.4058519998579868
0.4611240001395345
0.4691039998760971
0.38716200015187496
0.40724300015426707
0.35184999978810083
0.708332000158407
1.4694559999952617
1.0860729998967145
2.3590619998685725
0.4870749999099644
1.0621819997140847
0.49377499999536667
0.7399629998872115
0.6465199999183824
0.4353230001470365
0.40379199981543934
0.6999709999035986
0.44404400023267954
0.6463889999395178
0.738381999781268
1.1902470000677567
0.41781300024013035
0.6485800004156772
0.4060119999849121
0.629019000371045
0.4326630000832665
0.4094619998795679
0.6886809997013188
0.41708300022946787
0.43405299993537483
0.5054359999121516
0.4730639998342667
0.5506470001819253
2.0935239999744226
0.5820080000376038
0.3574409997781913
0.5793980003545585
0.5685480000465759
0.8561360000385321
0.5737380001846759
0.5728880000788195
0.5525370002033014
0.43027299989262247
2.167455999824597
1.0028110000348534
0.49986600015472504
2.4469140003020584
0.5377160000534786
0.4208629998174729
0.3452700002526399
0.3581099999792059
0.3391800000827061
0.33173000019814936
0.40375200023845537
0.43314300000929506
0.32898000017667073
0.33020000000760774
0.2944180000667984
0.3455609999036824
0.31481999985771836
0.3019189998667571
0.33598000027268426
0.3371399998286506
0.3337099997224868
0.30203899996195105
0.36030100000061793
0.4271129996595846
0.3483099999357364
0.3052389997719729
0.36068100007469184
0.31343000000561005
0.42291199997634976
0.39316199990935274
0.32794999970064964
0.3547200003595208
0.30590000005759066
0.3107890001956548
0.3403099999559345
0.3295100000286766
0.30169899991960847
0.34347000018897234
0.29955899981359835
0.2837679999174725
0.31841000009080744
0.285459000224364
0.3191490000062913
0.33206000034624594
0.32825000016600825
0.3696010003295669
0.4742840001199511
0.30784999989919015
0.3326410001136537
0.3096599998571037
0.3089199999521952
0.33137999980681343
0.32764000025053974
0.28566799983309465
0.3400709997549711
0.302289000046585
0.34566600015750737
0.3489700002319296
0.34817100004147505
0.3042600001208484
0.3691719998641929
0.29867499961255817
0.32520000013391837
0.3174589996888244
0.30683900013173115
0.28442900020309025
0.35181100020054146
0.30411000034291646
0.385721999919042
0.35454999988360214
0.29955899981359835
0.33577000021978165
0.3270000001975859
0.2831990000231599
0.3261399997427361
0.31919000002744724
0.30978999984654365
0.3082000002905261
0.3044989998670644
0.3162799998790433
0.3282190000390983
0.3348800000821939
0.28885900019304245
0.33140100003947737
0.34587099980853964
0.29759900007775286
0.32025899963628035
0.37888099996052915
0.3266600001552433
0.3388799996173475
0.2859579999494599
0.3079690000049595
0.335579999955371
0.2940089998446638
0.2785790002235444
0.30401999993046047
0.3152899998895009
0.27732899980037473
0.32408899960501003
0.2930589998868527
0.2779680003186513
0.3508199997668271
0.3291000002718647
0.3125200000795303
0.2957689998766
0.3221300003133365
0.29505900010917685
0.32788999988042633
0.2909890004048066
0.27998900031889207
0.33593100033613155
0.31306999972002814
0.2924790001088695
0.3657109996311192
0.3231900000173482
0.28444899999158224
0.30635899975095526
0.308590000258846
0.3308050004307006
1.071033000243915
0.3724260000126378
0.3338110000186134
0.3496300000733754
0.3333899999233836
0.3233929996895313
0.3532430000632303
0.309913999899436
0.3432529997553502
0.300415999845427
0.30861300001561176
0.33336799970129505
0.35471099999995204
0.32655399991199374
0.30720700033270987
0.35838800022247597
0.3613819999372936
0.335810000251513
0.35685100010596216
0.8038840001063363
0.33389000009265146
0.3144900001643691
0.30144999982439913
0.302289000046585
0.30200900027921307
0.32672999986971263
0.28444899999158224
0.2936490000138292
0.3241200001866673
0.2863789995899424
0.31531000013274024
0.3148499999952037
0.3021389998139057
0.3587709998100763
0.29926900015198044
0.5711669996344426
0.30629999992015655
0.29097900005581323
0.2784389998851111
0.29557899961218936
0.38729200014131493
0.28406899991750834
0.314890000026935
0.3214389998902334
0.2928989997599274
0.5123759997331945
0.3213189997950394
0.44366400015860563
0.33524099990245304
0.7770970000819943
0.3227320003134082
0.3546100001585728
0.37074100009704125
0.3596010001274408
0.44973800004299846
0.3868349999720522
0.4002020000370976
0.44544100001076004
0.39061200004653074
0.3597610002543661
0.37267100015014876
0.31606000038664206
0.38651100021525053
0.4054030000588682
0.6257390000428131
0.3469210000730527
0.2954189999400114
0.31187900003715185
0.31764899995323503
0.30065900000408874
0.281808000181627
0.34043000005112845
0.30221899987736833
0.27438799997980823
0.4625639999176201
0.3698420000546321
0.30844000002616667
0.2813090000017837
0.3324999997857958
0.3076790003433416
1.678310999977839
0.31779000028109294
0.3878219999933208
0.2961589998449199
0.31637999973099795
0.48796500004755217
0.3256499999224616
0.8058549997258524
0.3568910001376935
0.3123689998574264
0.4399560002639191
0.40111999987857416
0.3316229999654752
0.43892099984077504
0.3885410001203127
0.36417399996935274
0.37672799999199924
0.3043820001948916
0.4357609996077372
0.3389799999240495
0.3050089999305783
0.3108000000793254
0.5538479999813717
0.33772100005080574
0.38606099997196
0.29080900003464194
0.3698210002767155
0.7442420001098071
0.41860500004986534
0.3515879998303717
0.32846000021891086
0.3959150003538525
0.37764900025649695
0.38696199999321834
0.3508059999148827
0.34938799990413827
0.37522899992836756
0.4466880000109086
0.4333270003371581
0.35100100012641633
0.42635299996618414
0.3897920000781596
0.39239199986695894
0.40433699996356154
0.3552899997885106
0.798783999925945
0.3416000004108355
0.3242900002078386
0.34215100004075794
0.37557199993898394
0.405720000344445
0.3805799997280701
0.4463440000108676
0.39436099996237317
0.4888870003014745
0.42054300001836964
0.3573210001377447
0.37853999992876197
0.3923139997823455
0.4003450003438047
0.39625199997317395
0.34120500004064525
0.3366200003256381
0.36128600004303735
0.8147420003297157
0.3473409997241106
0.34120100008294685
0.3622609997364634
0.35262599976704223
0.40643200009071734
0.401221999709378
0.3855420000036247
0.43122799979755655
0.36114599970460404
0.4580790000545676
0.4560289999062661
0.34601800007294514
0.43786099968201597
0.33479100011390983
0.3796870000769559
0.33129000030385214
0.8889880000424455
0.3659710000647465
0.7494400001633039
0.35951400013800594
0.3498789997138374
0.3245779998906073
0.34508599992477684
0.33877799978654366
0.3381009996701323
0.36723100038216216
0.3330019999339129
0.3770369999074319
0.37108700007593143
0.3334499997436069
0.3529159998834075
0.3542060003383085
0.42923299997710274
0.3845100000035018
0.3332269998281845
0.7958599999255966
0.5689380000148958
0.33870000015667756
0.3581510000003618
0.721537000117678
0.36344099999041646
0.36090599996896344
0.4903389999526553
0.4338989997449971
0.3848620003736869
0.42080799994437257
0.38692699990861
0.398543000301288
0.39076200027921004
0.38696199999321834
0.3907320001417247
0.34897499972430523
0.3534799998305971
0.3638410003077297
0.3455910000411677
0.3966129997934331
0.3650929998002539
0.39142200012065587
0.3385770000932098
0.33811000002970104
0.34739600005195825
0.4195600004095468
0.40609400002722396
0.4692490001616534
0.4176379998170887
0.430728000083036
0.3584860000955814
0.47872999994069687
0.34394399972370593
0.34098800006177044
0.7560029998785467
0.33659099972283
0.42552300010356703
0.3324300000713265
0.927117999708571
0.35043100024267915
0.41075499984799535
0.42285500012440025
0.38833700000395766
0.3393250003682624
0.4456239998944511
0.3855909999401774
0.3465009999672475
0.34119000019927626
0.34778600002027815
0.4995000003873429
0.34220799989270745
0.43353099999876576
0.3368410002622113
0.8146449999912875
0.40593399990029866
0.7803810003679246
0.3643209997790109
0.3529159998834075
0.4446840002856334
0.3519360002428584
0.3353399997649831
0.38048099986554007
0.3805209998972714
0.4046270000799268
0.4418510002324183
0.3625889999057108
0.3579609997359512
0.40919499997471576
0.4915019999316428
0.438268999914726
0.6218339999577438
0.331719999849156
0.3923139997823455
0.33545099995535566
0.7639410000592761
0.37324200002331054
0.38791199995102943
0.3133789996354608
0.34502500011512893
0.3540279999469931
0.35130299966112943
0.3295779997642967
0.36979400010750396
0.3388380000615143
0.44152599957669736
0.39991699986785534
0.35417999970377423
0.35652099995786557
0.3923169997506193
0.40687799992156215
0.41906299975380534
0.40470200019626645
0.4128919999857317
0.3415129999666533
0.680787999954191
0.7243150002977927
0.3484379999463272
0.6693599998470745
0.35873100023309235
0.38998200034257025
0.41672199995446135
0.3990220002378919
0.3702630001498619
0.3841940001620969
0.36189799993735505
0.35031800007345737
0.4032619999634335
0.40628300030221
0.6344690000332776
0.7389320003312605
0.5559589999393211
0.9088350002457446
0.38658199991914444
0.39927800025907345
0.373015999684867
0.40643200009071734
0.3886409999722673
0.3797120002673182
0.37020099989604205
0.6864960000712017
0.38131100018290454
0.3701859995999257
0.36732399985339725
0.3808390001722728
0.43663299993568216
0.7694830001128139
0.40422199981549056
1.257698000245
0.36111100007474306
0.42691799990279833
0.41709800007083686
0.3927870002371492
0.38599900017288746
0.41578999980629305
0.36071100021217717
0.4133050001655647
0.38430099994002376
0.41224200003853184
0.3801739999289566
0.6633849998252117
0.8147099997586338
0.35243100001025596
1.064636999672075
0.3976719999627676
0.4025230000479496
0.3870630002893449
0.42348199986008694
0.40786799991110456
0.3872620000038296
0.3951919998144149
0.3968670002905128
0.5145260001881979
0.40672199975233525
0.37174099998082966
1.6887210003915243
0.9079999999812571
0.4902249997940089
0.3994519997831958
0.3795339998760028
0.37336599962145556
0.39608200040675
0.39620200004719663
0.37756199981231475
0.4389740001897735
0.40646200022820267
0.3955420002057508
0.3675210000437801
0.4069919996254612
0.641878999886103
0.999021000097855
0.36781400012841914
0.35304099992572446
0.3199900002073264
0.45622100014952593
0.35575099991547177
0.37578100000246195
0.3739240000868449
0.36417899991647573
0.3793519999817363
0.3993220002485032
0.39747199980411096
0.4873349998888443
0.8452160000160802
0.39043400010996265
0.35321299992574495
0.527130999671499
0.37750399997094064
0.778711000293697
0.3676810001707054
0.3621310002017708
0.4085729997314047
0.42175299995506066
0.3875920001519262
0.4137729997637507
0.4285929999241489
0.40343199998460477
0.41954300013458123
0.4462339998099196
0.35172499974578386
0.3558280000106606
0.3585009999369504
0.35801100011667586
0.7652120002603624
0.5962079999335401
0.3820239999186015
0.41466500033493503
0.5807929996990424
0.4991680002603971
0.39507500014224206
0.4376839997348725
0.4046379999635974
0.3891520000252058
0.3825510002570809
0.3705009999066533
0.3974150004069088
0.3962339997087838
0.8301500001834938
0.6615100000999519
0.7518330003222218
0.43600300023172167
0.3642510000645416
0.40411700001641293
0.453979000212712
0.3898419995493896
0.3812909999396652
0.40594199981569545
0.38115100005597924
0.3897520000464283
0.39161299991974374
0.4092450003554404
1.5746180001769972
0.8722060001673526
0.38486099992951495
0.4002649998255947
0.38978499969744007
0.354855999830761
0.3781469999921683
0.3675460002341424
0.4154030002609943
0.35353400016902015
0.4824719999305671
0.3583809998417564
0.3822730000138108
0.7772539997858985
0.7150920000640326
0.3628709996519319
0.4530830001385766
0.4739450000670331
0.37882200012973044
0.3467410001576354
0.3594210002120235
0.3546610000739747
0.4523829998106521
0.42618499992386205
0.5714380004064878
0.4292099997655896
0.3689519999170443
0.47231400003511226
0.4044229999635718
0.4727340001409175
0.42230300005030585
0.3385500003787456
0.34009999990303186
0.9428090002074896
0.38895499983482296
0.41606000013416633
0.3817910001089331
0.3919519999726617
0.36365400001159287
0.4091309997420467
0.3760919998967438
0.43880399971385486
0.4461889998310653
0.36012600003232365
0.4510039998422144
0.3402499996809638
0.49251400014327373
0.3645759998107678
0.5222059999141493
0.36451099958867417
0.33741499964889954
0.3760240001611237
0.3792890001932392
0.38831200026834267
0.40475200012224377
0.3569769996829564
0.3756069995688449
0.35353100020074635
0.34824999966076575
0.3959250002480985
0.38352199999280856
0.3578999999263033
0.3911999997399107
0.38036600017221645
0.36184600003252854
0.4190540003037313
1.6796999998405227
0.5665069998030958
0.3676309997899807
0.3524109997670166
0.43526299987206585
0.3893819998666004
0.3606400000535359
0.353621000158455
0.4751139999825682
0.4333530000621977
0.6027670001458318
0.8172100001502258
0.6577699996341835
0.409942999795021
0.3863479996653041
0.493795000238606
0.397560999772395
0.3820269998868753
0.3523659997881623
0.43166299974473077
0.3905369999301911
0.4115669999009697
0.544926999737072
0.39332200003627804
1.3339020001694735
0.7251490001181082
0.40340199984711944
0.3714559998115874
0.44394399992597755
0.38229200026762555
0.4133369998271519
0.3850870002679585
0.38002100018275087
0.405062000027101
0.3842710002572858
0.5299130002640595
0.4002219998255896
0.40627999987918884
0.8995200000754267
0.34929100002045743
0.43790300014734385
0.49196500003745314
0.3388709997125261
0.6530800001200987
0.4074119997312664
0.5604900002253999
0.37793100000271806
0.3651189999800408
0.3569010000319395
0.4419030001372448
0.3892149998137029
0.3822819999186322
0.39349700000457233
0.4137769997214491
0.622249000116426
0.9737399996083695
0.6681699996988755
1.0681449998628523
0.39139499995144433
0.40050699999483186
0.3685769997900934
0.4026500000691158
0.407159000133106
0.4030830000374408
0.4142020002291247
0.3882269998030097
0.38325900004565483
0.38037400008761324
0.37581599963232293
0.6103710002207663
0.9980780000660161
0.668759999825852
0.3770419998545549
0.42325300000811694
0.3915209999831859
0.4011649998574285
0.39061899997250293
0.4093720003766066
0.4285050004000368
0.4484910000428499
0.3976719999627676
0.3788019998864911
0.9062379999704717
0.628370999947947
0.510071999997308
0.4079450000062934
0.3754090002985322
0.3836020000562712
0.4193529998701706
0.4170429997429892
0.39196200032165507
0.4440339998836862
0.40591400011180667
0.36179099970468087
0.3488679999463784
0.3446099999564467
0.6590600000890845
0.500234999890381
0.37308099990696064
0.3474909999567899
0.40853200016499613
0.3809119998550159
0.37374199973783107
0.3360710002198175
0.39690200037512113
0.3300800003671611
0.3686920003929117
0.3864220002469665
0.39968200007933774
0.42285600011382485
0.3452699997978925
0.3635789998952532
0.6379189999279333
0.4934449998472701
0.325499000155105
0.3934219998882327
0.3582720000849804
0.33721999989211326
0.3394099999241007
0.3611810002439597
0.4096630000276491
0.3490300000521529
0.34828300022127223
0.3890789998877153
0.37778199975946336
0.4071819998898718
0.3883319996020873
0.371781000012561
0.47464499994021025
0.3596210003706801
0.51730499990299
0.3743510001186223
0.3324300000713265
0.3326199998809898
0.35204100004193606
0.35613099998954567
0.35746100002143066
0.33490999976493185
0.34486100003050524
0.36288100000092527
0.3582809999898018
0.46180400022421964
1.1262150001130067
0.3510309998091543
0.5164659996808041
0.434642999607604
0.37845099996047793
0.33967999979722663
0.3555910002432938
0.3358809999554069
0.37905199997112504
0.42734299995572655
0.3482010001789604
0.36798200017074123
0.4124930001125904
0.3843320000669337
0.9402079999745183
0.6717300002492266
0.44857400007458637
0.3611009997257497
0.3362600000400562
0.3443700002208061
0.3572109999367967
0.34807199972419767
0.4249409998919873
0.3386810003576102
0.3970719999415451
0.3595009998207388
0.3770220000660629
0.35642100010591093
0.3762420001294231
0.3458309997768083
0.3619809999690915
0.32617999977446743
0.4246530002092186
0.6582400001207134
0.3552709999894432
0.35251999997854
0.37427600000228267
0.35315600007379544
0.39095199963412597
0.4058330000589194
0.3552709999894432
0.37477100022442755
0.3499199997349933
0.38463100008812035
0.6174490004013933
0.37366200012911577
0.6737700000485347
0.5063049998170754
0.3731520000656019
0.347201000295172
0.4169720000390953
0.3619210001488682
0.35736100016947603
0.36495099993771873
0.3531199999997625
0.3956720001951908
0.4093219999958819
0.3829910001513781
1.1991470000793925
0.9820790000958368
0.4112619999432354
0.415371999679337
0.38258099993981887
0.40477299990016036
0.3698909999911848
0.39853199996287003
0.40913200018621865
0.36533100001179264
0.43810300030600047
0.7676029999856837
1.6338440000254195
0.5613970001832058
0.3872969996336906
0.4124970000702888
0.3731890001290594
0.4278199999134813
0.4272480000508949
0.3779010003199801
0.4209599997011537
0.4085149998900306
0.38643099969704053
0.3808920000665239
0.41384699989066576
0.3820249999080261
0.37263400008669123
0.7472369998140493
0.4814650001208065
0.37555100016106735
0.7109670000318147
0.8246649999819056
0.3939069997613842
0.3951520002374309
0.3750720002244634
0.3784109999287466
0.6080799998926523
0.42601299992384156
0.39774000015313504
0.3577419997782272
0.3555799999048759
0.5358260000321025
0.3470730002845812
0.3636490000644699
1.0054600002149527
0.6027109998285596
0.388805000056891
0.3507460000946594
0.6131879999884404
