payload_size_bytes=10240
runs=1000
mean_ms=0.522
median_ms=0.399
stddev_ms=0.837
min_ms=0.294
max_ms=15.782
---raw---
0.644399000066187
0.4709540003204893
5.310982000082731
1.1879160001626587
0.5322259999047674
0.5258549999780371
0.48638499993103324
0.49938599977394915
0.461495000308787
0.3648020001492114
0.3652010000223527
4.846927000016876
15.782268999828375
1.5794380001352692
1.9629190001069219
1.9599889997152786
2.000140999825817
8.277340999939042
1.6852409999046358
3.9915110000947607
1.7742539998835127
2.14474499989592
10.021845000210305
3.821576000063942
1.6491999999743712
0.9642889999668114
0.415491999774531
1.179006000256777
0.7863249998081301
5.648381999890262
4.03873199957161
0.43656300022121286
0.43702399989342666
0.3486909999992349
0.3560499999366584
0.37019100000179606
0.3148490000057791
0.6399299995791807
0.5560570002671739
1.1174240003128943
1.0358720001022448
0.7571930000267457
1.112503999593173
1.0263060003126157
0.8512560002600367
0.633994000054372
0.4166230000919313
0.5822269999953278
2.0479830000112997
0.8849159999044787
0.32764000025053974
13.27039199986757
0.4971100001966988
0.4608140002346772
0.3011090002473793
0.3270699999120552
0.3154099999846949
0.3129789997728949
0.33847000031528296
0.354850999883638
0.3224299998692004
0.30956999989939504
0.326969000070676
0.3803519998655247
0.3611810002439597
0.3290550002930104
0.3706010002133553
0.3160659998684423
0.3090569998676074
0.356832999841572
0.2991690003000258
0.30163900009938516
0.3182149998792738
0.2999850003106985
0.3599910000957607
0.30611900001531467
0.30398899980355054
0.34147999986089417
0.42832700000872137
0.32439500000691623
0.30373900017366395
0.39918699985719286
0.33013000029313844
0.5054380003457482
0.33411699996577227
0.38094700039437157
0.34152800026276964
0.32078599997475976
0.34587099980853964
0.34514599974500015
0.3437750001467066
0.34661500012589386
0.3477109999039385
0.3323510004520358
0.5638620000354422
0.2997850001520419
0.32665000026099733
0.3432349999457074
0.3033240000149817
0.2990590000990778
0.3482849997453741
0.2938439997706155
0.299520000226039
0.3340250000292144
0.3010839996022696
0.29721900000367896
0.36995100026615546
0.29857899971830193
0.35686599994733115
0.34788000039043254
0.49383500027033733
0.29993399994054926
0.4377680002107809
0.33484300001873635
0.32013000009101233
0.3146670001115126
0.4613170003722189
0.36338400013846694
0.3016139999090228
0.3347649999341229
0.3710559999490215
0.3114789997198386
0.3287899999122601
0.3262300001551921
0.3095840002060868
0.3251150001233327
0.312264999593026
0.35765499978879234
0.3107049997197464
0.3856370003632037
0.36677099978987826
0.31897400003799703
0.4393590002109704
0.31784200018591946
0.31344199987870525
0.3305400000499503
0.3523290001794521
0.9133910002674384
0.3293350000603823
0.320443999953568
0.3289900000709167
0.29940499962322065
0.3485830002318835
0.4209249996165454
0.3672910002023855
0.5022929999540793
0.40510000007998315
0.34273300025233766
0.3613110002333997
0.3248870002607873
0.33463099998698453
0.32574900023973896
0.3242499997213599
0.33695100000841194
0.3687210000862251
0.36323099993751384
0.34268000035808655
0.3808920000665239
0.4280529997231497
0.354725999841321
0.48254900002575596
0.3560199997991731
0.40379299980486394
0.34878099995694356
0.40453200017509516
0.35903399975723005
0.34333800022068317
0.33085299992308137
0.3477079999356647
0.395254999602912
0.34570999969218974
0.5744770001001598
1.4896350003255066
0.35919499987357995
0.35862899994754116
0.3896149996762688
0.4150770000705961
0.3492960004223278
0.3950669997720979
0.3437710001890082
0.3932770000574237
0.3521309999996447
0.4965799998899456
0.36781100016014534
0.3997019998678297
0.3478909998193558
0.45102500007487833
0.33445100007156725
0.4010399998151115
1.0955230000035954
0.3859939997710171
0.4648010003620584
0.3590540000004694
0.3682319998006278
0.6323369998426642
0.4655270004150225
0.38485899995066575
0.4810250002265093
0.8992780003609369
0.4685040003096219
0.3607730000112497
0.3811289998338907
0.6203789998835418
0.4322830000091926
0.5359679998946376
0.35796900010609534
0.563047000014194
0.39042200023686746
0.3422110003157286
0.48835500001587206
0.3940319998037012
0.42119199997614487
0.4740750000564731
0.6633099997088721
0.33500000017738785
0.3544609999153181
0.3227689999221184
0.31615999978384934
0.3656509998108959
0.3552909997779352
0.5746169999838457
0.4377229997771792
0.41904299996531336
0.4037119997519767
0.3502519998619391
0.4359029999250197
0.39100200001485064
0.4048109999530425
0.36769200005437597
0.4187529998489481
0.7723830003669718
0.34221099986098125
0.44509400004244526
0.41751299977477174
0.3990420000263839
0.35641100021166494
0.44811400039179716
0.4445440004019474
0.48158499976125313
0.443803000052867
0.44082400017941836
0.397322000026179
0.36018099990542396
0.3459909999037336
0.33285000017713173
0.6102079996708198
0.4017119999843999
0.3721810003298742
0.40586200020698016
0.3482609999991837
0.5113759998494061
0.44156500007375143
0.35237900010542944
0.3802410001298995
0.4148829998484871
0.43992300015816
0.4055720000906149
0.4015419999632286
0.44180299983054283
0.3947420000258717
0.48545399977228954
0.40297200030181557
0.6106989999352663
0.3301599999758764
0.43327299999873503
0.4837940000470553
0.4045720002068265
0.3597099998842168
0.3594120003072021
0.41280300001744763
0.34291000019948115
0.4166529997746693
0.42014300015580375
0.5676870000570489
0.40843199985829415
0.46689400005561765
0.4277930001990171
0.6163689999993949
0.5553569999392494
0.36378200002218364
0.37997100025677355
0.3783520000979479
0.415282999711053
0.3623809998316574
0.40229299975180766
0.5249859996183659
0.39669199986747117
0.35576099980971776
0.4270529998393613
0.37134400008653756
0.9471859998484433
0.3406309997444623
0.6229290002011112
0.36400099997990765
0.35084000001006643
0.37483100004465086
0.3881520001414174
0.37643200039383373
0.3662110002551344
0.39066399995135725
0.44024599992553703
0.45976199999131495
0.4278229998817551
0.43734300015785266
0.4807229997823015
0.3409599999031343
0.36092099981033243
0.34406000031594886
0.37445099997057696
0.7634330004293588
0.41285699990112334
0.4611700001078134
0.46989499969640747
0.35756100032813265
0.3471300001365307
0.4231520001667377
0.354831000095146
0.40311200018550153
0.3760720001082518
0.7887430001574103
0.46090400019238587
0.530995999724837
0.3574410002329387
0.3538410001056036
0.4242730001351447
0.36632000001191045
0.4312529999879189
0.43794400016849977
0.37692100022468367
0.4080829999111302
0.417922999986331
0.4490629999054363
0.6858259998807625
0.3443160003371304
0.334160999955202
0.709802000073978
0.3560199997991731
0.36261100012779934
0.34008000011453987
0.41046300020752824
0.3797609997491236
0.42478300019865856
0.3566109999155742
0.39819199992052745
0.4195429996798339
0.3990430000158085
0.8251049998762028
0.41804300008152495
0.3965219998462999
0.46004399973753607
0.46953400033089565
0.35493099994710064
0.38235200008784886
0.43565399982981035
0.42507199987085187
0.3700610000123561
0.4183430000921362
0.37594100012938725
0.4320329999245587
0.42516300027273246
0.366590999874461
0.37924200023553567
0.5135559999871475
0.6421490002139763
0.39721299981465563
0.4349430000729626
0.4472430000532768
0.40320200014321017
0.3465400000095542
0.4093319998901279
0.46728400002393755
0.4023530000267783
0.35410100008448353
0.3828220001196314
0.3401610001674271
0.827095000204281
0.5873779996363737
0.4576940000333707
0.3554109998731292
0.41190699994331226
0.3951670000787999
0.4370940000626433
0.34375099994576885
0.35901100000046426
0.40759300009085564
0.4332230000727577
0.48065499959193403
0.6480989995907294
0.5096160002722172
0.47154000003502006
0.3654090000964061
0.4479509998418507
0.34646999984033755
0.36056199996892246
0.37864200021431316
0.4361030000836763
0.39640100021642866
0.3407100002732477
0.37214199983282015
0.4185319999123749
0.6836009997641668
0.5342959998415608
0.45978299976923154
0.48770500006867223
0.4264260001036746
0.38047899988669087
0.43391400004111347
0.34719999985100003
0.4104929998902662
0.34458999971320736
0.38861100028952933
0.5195879998609598
1.327598000443686
0.4511140000431624
0.36511100006464403
0.3942220000681118
0.3544010000950948
0.4361329997664143
0.40473199987900443
0.39630199989915127
0.40483199973095907
0.39333199993052403
0.35951100016973214
0.42042199993375107
0.3998319998572697
0.45161400021243026
0.496354999995674
0.4181829999652109
0.4508029996941332
0.3807009998126887
0.34874099992521224
0.4369730004327721
0.36268199983169325
0.42455800030438695
0.39058700031091576
0.47712400009913836
0.3537910001796263
0.3427700003157952
0.6916039997122425
0.53307300004235
0.35447600021143444
0.44936999984201975
0.4035120000480674
0.41208199991160654
0.3645239999059413
0.36648900004365714
0.43582499984040624
0.3632990001278813
0.4491830000006303
0.35374100025364896
0.4082220002601389
1.1612359999162436
0.7101740002326551
0.6420469999284251
0.37842600022486295
0.39726799968775595
0.4144429999541899
0.41666300012366264
0.3741310001714737
0.5768480000369891
0.3466600001047482
0.36865099991700845
1.5298759999495815
0.735372999770334
0.657019999835029
0.3777920001084567
0.4074630001014157
0.40783199983707163
0.33842000038930564
0.3558810003596591
0.3743809998013603
0.43622299972412293
0.3789320003306784
0.3540110001267749
0.39561200037496747
0.37617199996020645
0.4020220003440045
0.5083450000711309
0.3721610000866349
0.3897520000464283
0.34877999996751896
0.5801379998047196
0.333169999976235
0.44980899974689237
0.37325099992813193
0.4493390001698572
0.3687909998006944
0.3521849998833204
0.34260499978699954
0.3594959998736158
0.36423599976842524
0.39375699998345226
0.41733699981705286
0.35189099980925675
0.34607099996719626
0.3556209999260318
0.4073529999004677
0.3595420002966421
0.39354699993054965
0.36842100007561385
0.37903100019320846
0.6715899999107933
0.40474900015397
0.3392300000086834
0.3892990002896113
0.35602600019046804
0.42826800017792266
0.3680109998640546
0.35509600002114894
0.432058000114921
0.34665499970287783
0.3876689997923677
0.41384499991181656
0.36923900006513577
0.41945299972212524
0.3430530000514409
0.432197999998607
0.33578000011402764
0.37003099987487076
0.3809309996540833
0.7120810000742495
0.36423599976842524
0.3415259998291731
0.33263999966948177
0.393452000025718
0.4593139997268736
0.40867199959393474
0.4161370002293552
0.3968419996454031
0.39514199988843757
0.39036200041664415
0.3982520001954981
0.3969419999521051
0.3998519996457617
0.4117919997952413
0.3557260001798568
0.3679909996208153
0.4854199996771058
0.35509100007402594
0.34354099989286624
0.8736619997762318
0.3904219997821201
0.37515400026677526
0.39413900003637536
0.4333530000621977
0.37799699975948897
0.3710510000018985
0.41436700030317297
0.38096100024631596
0.42053300012412365
0.34350100031588227
0.3552299999682873
0.6138489998193108
1.1925469998459448
0.3730260000338603
0.3727190000972769
0.37045400040369714
0.5662720000145782
0.4359079998721427
0.4053699999531091
0.39475199992011767
0.45372600015980424
0.41206700007023755
0.3862720000142872
0.38490499991894467
0.43237999989287346
0.464274000023579
0.39000200013106223
0.3573609997147287
0.32423999982711393
0.3894110000146611
0.34525299997767434
0.3449180003372021
0.4206630001135636
0.7488820001526619
0.5515279999599443
0.41648500018709456
0.4411059999256395
0.5012550000174087
0.41844699990178924
0.44672399963019416
0.3513020001264522
0.3527310000208672
0.4154630000812176
0.34892000030595227
0.8134650001920818
0.44370400019033696
0.3616399999373243
0.4406340003697551
0.480884999888076
0.38928200001464575
0.3992219999418012
0.46340300013980595
0.39509699990958325
0.4115520000596007
0.38608599970757496
0.40233200024886173
0.38984699995125993
0.4623600002560124
0.35709299982045195
1.4240919999792823
0.39571699971929775
0.35362999960852903
0.41278700018665404
0.36421100003281026
0.37459200029843487
0.3864110003632959
0.3576810004233266
0.418112000261317
0.40686300008019316
0.4223330001877912
0.3765910000765871
0.3610310000112804
0.37172000020291307
0.8289349998449325
0.34994099996765726
0.38806200018370873
0.6702210002913489
0.47839500030022464
0.4003640001428721
0.3866790002575726
0.424328000008245
0.4414730001371936
0.39394699979311554
0.44804299977840856
0.3994819999206811
0.3621440000642906
0.3845470000669593
0.4132779999963532
0.8242949998020777
0.6177590003062505
0.365241000054084
0.33693000023049535
0.34550999998828047
0.39546200014228816
0.47291400005633477
0.40285299974129885
0.4081419997419289
0.3367509998497553
0.4072409997206705
0.4711950000455545
0.5637269996441319
0.4070019999744545
0.34833100016840035
0.34471999970264733
0.3176199998051743
0.47970499963412294
0.3579009999157279
0.39878200004750397
0.37328100006561726
0.3374600000825012
0.34370000003036694
0.40259200022774166
0.5588960002569365
0.4174630003035418
0.40283199996338226
0.5035959998167527
0.41074399996432476
0.4872829999840178
0.38703199970768765
0.37749100010842085
0.3401399999347632
0.6489399997917644
0.48995500037563033
0.3945720000047004
0.40572699981566984
0.6212540001797606
0.36141099963060697
0.3906519996235147
0.4439029999048216
0.4277530001672858
0.4448330000741407
0.3650610001386667
0.3389199996490788
0.3475800003798213
0.7785840002725308
0.3757419999601552
0.9264880000046105
0.4276230001778458
0.42418800012455904
0.49077000039687846
0.4195719998278946
0.44222399992577266
0.4581729999699746
0.38641199989797315
0.34186999982921407
0.34965000031661475
0.3877520002788515
0.3882350001731538
0.34533799998826
0.35184599983040243
0.586955000017042
0.4936149998684414
0.39230900028996984
0.43497300021044794
0.380721000055928
0.36711399980049464
0.44106099994678516
0.4057529999954568
0.3757409999707306
0.42561200007185107
0.36327099996924517
0.45572399994853185
0.4361319997769897
0.4079129998899589
0.4515589998845826
0.7838840001568315
0.6058660001144744
0.8660210000925872
0.3852090003420017
0.4159550003350887
0.41207799995390815
0.4174829996372864
0.3966219996982545
0.39084199988792534
0.4039129999000579
0.4010229999948933
0.40634299966768594
0.44945400031792815
0.3803709996645921
0.4268620000402734
0.4625240003406361
0.6573499999831256
0.7079030001477804
0.39459199979319237
0.4587909998008399
0.3998269999101467
0.44337300005281577
0.39088199991965666
0.43732900030590827
0.40283299995280686
0.40085699993142043
0.4000529997938429
0.40177200025937054
0.43159799997738446
0.37677399996027816
0.7811010000295937
0.42407299997648806
0.3686409995680151
0.40902199998527067
0.3452000000834232
0.8561760000702634
0.40179200004786253
0.39755200032232096
0.4523229999904288
0.4794840001522971
0.42998800017812755
0.4442389999894658
0.4073829995832057
0.36827199983235914
0.3764210000554158
0.4005820001111715
0.3959850000683218
0.3414079997128283
0.8273449998341675
1.812895000057324
0.5862279999746534
0.3543409998201241
0.49150400036523934
0.39952299994183704
0.42706800013547763
0.6643579999945359
0.6346169998323603
0.3278049998698407
0.3807809998761513
0.3438949997871532
0.3329300002405944
0.36316600017016754
0.4370729998299794
0.4082320001543849
0.3530600001795392
0.3280070000073465
1.0107779999088962
0.3832219999821973
0.3587599999264057
0.4518840000855562
0.4056259999742906
0.4787990001204889
0.4241540000293753
0.40166300004784716
0.384391999887157
0.422326000261819
0.39576899962412426
0.7849739999983285
1.745128000038676
0.40831999967849697
0.4297149998819805
0.39636200017412193
0.3531299998940085
0.45384399982140167
0.40034299991020816
0.41380199991181144
0.3461200003584963
0.3863030001411971
0.40109199971993803
0.3646660002232238
0.3976899997724104
0.783671000135655
0.44323599968265626
0.37056900009702076
0.4042519999529759
0.40439199983666185
0.4577929998959007
0.4106119999960356
0.4098750000594009
0.38790400003563263
0.3929560002688959
0.3674059998957091
0.33176799979628413
0.40454200006934116
0.37515200028792606
0.37108300011823303
0.40206199992098846
0.4063220003445167
0.4047459997309488
0.35711099963009474
0.3702710000652587
0.3225489999749698
0.3922280002370826
0.4523689999587077
0.3913519999514392
0.3610509997997724
0.3635809998741024
0.3453899998930865
0.45707399976890883
0.3968920000261278
0.3565300003174343
0.3682319998006278
0.4921749996356084
0.46944399991843966
0.40188200000557117
0.3405200000088371
0.36839100039287587
0.3898620002473763
0.3213189997950394
0.3654209999695013
0.33999000015683123
0.3251829998589528
0.39723999998386716
0.3365200000189361
0.43774300002041855
0.35855200030709966
0.38984200000413693
0.38287100005618413
0.35497099997883197
0.4345340003055753
0.3858210002363194
0.40918300010162056
0.38035400029912125
0.3899889998137951
0.3937620003853226
0.392480999835243
0.489945000026637
0.7278030002453306
0.48824500026967144
0.3849519998766482
0.42376299961688346
0.3668669996841345
0.3549650000422844
0.37532200030909735
0.399982000089949
0.44179599990457064
0.36654399991675746
0.374416000340716
0.4456940000636678
0.46750399997108616
0.3974530000050436
1.105645999814442
0.6203210000421677
0.47198199990816647
0.5529239997486002
0.3853919997709454
0.39499199965575826
0.43016300014642184
0.36742100019182544
0.39952199995241244
0.4071429998475651
0.37363199999163044
0.4881650002062088
0.36913000030835974
0.4114929997740546
1.3503010000022186
0.5665090002366924
0.4166509997958201
0.3378929995960789
0.3871419999086356
0.47597399998267065
0.345328000094014
0.4402830004437419
0.43795300007332116
0.4063930000484106
0.43275300004097517
0.3594360000533925
0.4385530000945437
1.6792850001365878
0.40145699995264295
0.361371000053623
0.37074700003358885
0.36487600027612643
0.33992999988186057
0.35357600017960067
0.3667340001811681
0.36952900018150103
0.4073040004186623
0.34008000011453987
0.4135429999223561
0.3322400002616632
0.4053930001646222
0.36150100004306296
0.37130500004423084
0.3368150000824244
0.3473699998721713
0.4102849998162128
0.34947100039062207
0.4889230003755074
0.39572699961354374
0.6940690000192262
0.37510400034079794
0.42899800018858514
0.4740750000564731
0.4066070000590116
0.8540060002815153
0.33987999995588325
0.3328600000713777
0.6677249998574553
0.3514159998303512
0.4555939999590919
0.48658000014256686
0.4235129999869969
0.3648410001915181
0.42964199974449
0.574582999888662
0.35596500038082013
0.43276299993522116
0.42030300028272904
0.5349459997887607
0.3368400002727867
0.38136200009830645
0.7065709996822989
0.38338099966495065
0.4882180001004599
0.37156899998080917
0.36212099985277746
0.3355200001351477
0.39701700006844476
0.3559580000001006
0.43117099994560704
0.3222000000278058
0.41223700009140885
0.38451099999292637
0.4005870000582945
0.387032000162435
0.37676100009775837
0.3241899999011366
0.3828020003311394
0.5798569995931757
0.5046950000178185
0.6614099997932499
0.4143229998589959
0.4040720000375586
0.34257500010426156
0.40449700009048684
0.45517399985328666
0.41604499983805
0.4544510002233437
0.4499540000324487
0.3406800001357624
0.36942099995940225
0.45087399985277443
0.36976199999116943
0.38035200032027205
0.4445730000952608
0.6300090003605874
0.34491499991418095
0.4808889998457744
0.437054000030912
0.4513740000220423
0.40057699970930116
0.4447880000952864
0.4671440001402516
0.37398700033008936
0.45079800020175753
0.43818299991471577
0.35087600008409936
0.34104499991371995
0.788369000019884
0.34008000011453987
0.32372999976360006
0.40778800030238926
0.3882410001097014
0.4203029998279817
0.3733409998858406
0.35645300022224546
0.41549500019755214
0.4121080000913935
0.42548199962766375
0.39282199986701016
0.4350729996076552
0.7416929997816624
1.334601000053226
