payload_size_bytes=512000
runs=100
mean_ms=6.454
median_ms=5.097
stddev_ms=2.789
min_ms=4.095
max_ms=18.241
---raw---
9.170887999971455
7.336904000112554
7.198598000286438
4.927270000280259
5.870088999927248
8.945711000251322
4.7426649998669745
9.155115999874397
10.390385999926366
10.303671999736252
4.303271000026143
4.669532000207255
4.822635999971681
4.6798130001661775
5.439985000066372
4.984182000043802
18.240913999761688
9.77216799992675
4.560448000120232
4.496057000324072
4.261260000021139
4.297810000025493
4.826085999866336
5.264232999707019
4.3582619996414
4.170657000031497
4.8585980002826545
4.351181999936671
4.347101999883307
4.508427000018855
4.509806999976718
4.6657520001645025
4.369071999917651
4.290240999580419
4.301101999772072
4.2551759997877525
4.220347999762453
4.455676999896241
5.404661999818927
11.839812999824062
5.878974000097514
10.637767999924108
9.802003000004333
10.721181000008073
10.16667400017468
5.666091999955825
6.004216999826895
10.61170699995273
9.968283000034717
9.856865000074322
5.906133999815211
4.960252000273613
11.320459000216943
6.580717999895569
5.070232999969448
11.97901900013676
6.5846200000123645
4.521057000147266
10.036705999937112
7.024333000117622
4.350242000327853
4.6003490001567116
4.2426390000400716
4.4115340001553704
11.883007000051293
4.821174999960931
4.104635000203416
5.129715999828477
4.986039999948844
12.211171000217291
6.418044999918493
7.335333000355604
10.690085000078398
10.377374999734457
5.190487000163557
4.7971149997465545
4.271491000054084
4.528617999767448
12.79048900005364
6.180906999816216
4.237459000250965
4.095424999832176
6.3442649998251
4.205199999887554
11.78177300016614
7.0667640002284315
5.353801999717689
4.40446399989014
5.330690999926446
5.29419099984807
5.122896000102628
4.6106800000416115
5.159966000064742
4.554617999929178
5.701403999864851
4.6787119999862625
4.731536000235792
5.045430999871314
4.844406999836792
4.662712000026659
