payload_size_bytes=512000
runs=100
mean_ms=5.786
median_ms=4.704
stddev_ms=2.278
min_ms=3.973
max_ms=14.110
---raw---
11.200073000054545
8.503035999638087
7.957482000165328
5.095936000088841
4.158096000082878
4.30846199969892
10.029583999767056
9.716145999846049
10.269962000165833
4.44235499981005
4.643221000151243
4.166165999777149
4.466470999886951
9.68373400019118
10.249621000184561
10.532108999996126
10.127099000328599
9.888364999824262
4.306067000015901
4.19626699977016
5.64797200013345
4.2005069999504485
4.134994999731134
4.368642999907024
4.958800000167685
5.281261000163795
6.233949000034045
4.873947999840311
4.971500999999989
6.716763999975228
5.56173899985879
4.138035999858403
4.747484999825247
5.345433000002231
4.140976000144292
5.168808000235003
4.501936999986356
4.411753999647772
4.399003999878914
4.251389000273775
4.545789000076184
4.330871999627561
4.448035000223172
4.353452000032121
4.1255959999944025
5.260360000193032
4.8429280000164
9.905191000143532
4.443405000074563
4.663721999804693
9.886329999972077
4.23255900022923
4.151275999902282
5.074964999948861
4.189336999843363
4.5745299998998235
4.3362729998079885
4.215648000354122
4.546139000012772
4.193948000192904
4.394736999984161
4.579398999794648
4.054134000398335
4.4431559999793535
3.9732199998070428
4.59484099974361
4.82354599989776
5.000231999929383
4.743496000173764
5.006699000205117
4.620261000127357
4.203418000088277
4.425348000040685
4.418751999764936
8.838148999984696
4.533397999693989
4.840477000016108
4.818746999717405
4.788924999957089
6.182016999900952
4.40933399977439
5.301011000028666
14.109591999840632
9.235929000169563
10.4551569997966
7.990952999989531
11.620752999988326
10.22846700016089
4.323185999965062
5.642621000333747
4.658261999793467
5.050263000157429
6.33204099995055
4.489636000016617
7.357983000019885
5.031992999647628
4.457434999949328
5.373833999783528
4.449863999980153
4.43581500030632
