payload_size_bytes=512000
runs=100
mean_ms=5.978
median_ms=4.758
stddev_ms=2.497
min_ms=4.036
max_ms=12.975
---raw---
10.559972999999445
6.71603499995399
4.831400000057329
6.313632000001235
9.459327000058693
4.601959999945393
4.106514999875799
4.406052999911481
4.691832999924372
12.975096999980451
6.566030000158207
4.188756999610632
11.215780999918934
5.723602999751165
4.527307999978802
5.358353000247007
5.59371999997893
11.965369000336068
4.575964000196109
4.824566000024788
5.258820000108244
4.4201450000400655
5.238578999978927
4.5638400001735135
5.151437000222359
4.382412000268232
4.701926000052481
4.536678000022221
4.395783000290976
12.44252799961032
9.834959999807324
6.8586769998546515
4.2812599999706435
4.4921670000803715
4.427394000231288
5.508327999905305
4.521648000263667
6.026173000009294
4.76668500004962
4.39673299979404
5.231828999967547
5.13016599961702
5.861457999799313
5.158128999937617
5.187405000015133
4.798425999979372
5.1043259995822154
4.300430000057531
4.764324000007036
4.035911999835662
4.470775999834586
4.410317000292707
4.245586000251933
4.607271000168112
4.475415999877441
4.487965999942389
4.667581999910908
4.656981999687559
4.769105000377749
4.567382000004727
4.264630000307079
4.752124999868101
5.885081000087666
4.970176000369975
5.050127999766119
4.548669000087102
4.5963989996380406
4.699493000316579
4.278449000139517
5.066793999958463
4.508686999997735
4.286899999897287
5.12028699995426
5.050823999681597
11.301021999770455
10.48651900009645
11.56271000036213
10.322683000140387
11.49227800033259
9.86239999974714
10.961907999899267
10.981952999827627
11.565747000076954
10.285223000209953
10.903711000082694
9.112666999953944
4.616729999725067
4.43297599986181
4.112904000066919
4.192487000182155
4.453375000139204
4.318142000101943
4.742245000215917
4.619940000338829
4.5926699999654375
4.533726999852661
5.605719999948633
4.59112999988065
4.534398000032525
4.229197999848111
