payload_size_bytes=512000
runs=100
mean_ms=6.256
median_ms=4.912
stddev_ms=2.592
min_ms=4.097
max_ms=14.541
---raw---
11.201410000012402
5.184388000088802
9.986281999772473
10.333934999835037
9.385024000039266
10.116873000242776
9.557606000271335
7.536158999755571
8.709824000106892
4.797316000349383
11.462748999747419
5.758154999966791
5.41049399998883
4.6909160000723205
4.809416000171041
5.98933199989915
9.30238199998712
14.54137200016703
10.202835000200139
10.509189999993396
11.099068000021362
6.401984000149241
4.705242999989423
7.860729000185529
4.611050000221439
13.991478999741958
4.50138899986996
4.565000000184227
10.33268399987719
7.377725000424107
4.300080000120943
11.574250999728974
4.486526999698981
4.642261999833863
11.163908000071388
5.605971000022691
5.549998999867967
4.518236999956571
11.29213800004436
5.857208000179526
4.863327999828471
4.727013999854535
11.107531999641651
9.318113000063022
10.214762000032351
5.331071999989945
4.230119000112609
5.566378999901644
4.79671800030701
4.785174000062398
4.563981000046624
5.353240999738773
5.351542999960657
5.498560999967594
4.751709999709419
5.8656279998103855
5.074245000287192
4.929560999698879
5.262187999960588
4.6595710000474355
4.50917699981801
4.236838999986503
5.117934999816498
4.595500000050379
4.852768000091601
4.229327999837551
4.9513610001667985
4.3369110003368405
4.96049999992465
4.0967169998111785
4.247937999934948
4.827856000247266
4.275571000107448
4.941579999922396
4.809137999927771
4.825363999771071
4.2001679998975305
6.2830730003042845
4.5143569996071164
4.602210000030027
4.464666999865585
4.494706000059523
11.613218000093184
4.581187999974645
4.614921000211325
4.467316000045685
5.806396000025416
4.150356999616633
4.424925999956031
5.214678000356798
4.866298000251845
7.376603000011528
4.756394000196451
4.275150000012218
4.551729000013438
4.738813999665581
4.207006999877194
4.253030000199942
4.250519000379427
4.895178999959171
