payload_size_bytes=512000
runs=100
mean_ms=5.565
median_ms=4.558
stddev_ms=2.658
min_ms=4.099
max_ms=17.794
---raw---
17.793899000025704
11.670364000110567
14.854431000003387
14.288243999999395
10.37151399987124
7.7185249997455685
4.733203999876423
4.355561000011221
4.4725859997925
4.597238999849651
4.302781000205869
4.5143070001358865
4.986530999758543
4.589779000070848
4.3101800001750235
5.7594079999034875
4.140905999975075
4.338321999966865
4.565951000131463
4.168703999766876
4.7792049999770825
4.397273999984463
4.433927000263793
4.75486200002706
4.5310269997571595
4.234988999996858
10.27829800023028
6.6101759998673515
4.380032999961259
4.744327000025805
5.623960999855626
4.399963000196294
4.342321999956766
4.237558000113495
4.157666000082827
4.8237669998343335
4.099713999949017
4.729234000024007
4.41432400020858
4.982080999980099
4.461126000023796
4.302671000004921
4.265319000296586
4.338361999998597
4.7790749999876425
11.74533799985511
4.20263799969689
4.099394999684591
4.338651999660215
5.440744999759772
4.3688329997166875
4.531987999598641
4.30624099999477
4.281919999812089
4.693091999797616
4.977601999598846
4.288249999717664
4.500625999753538
4.4629049998548
4.357795000032638
4.636102999938885
4.608576999999059
4.983222000191745
6.885727999815572
4.55500900034167
4.54874800016114
4.1402150000067195
5.226708999998664
4.271849000360817
4.812877000404114
4.284641000140255
4.835966999962693
4.274500000065018
4.809486000340257
13.364516000365256
8.353184000043257
4.560200000014447
4.488566999953036
4.235749000145006
4.227908000302705
5.167886999970506
12.059295999733877
10.946583000077226
10.414266000225325
6.604979999792704
4.42407499986075
4.388723999909416
4.301203000068199
4.877135999777238
4.400095000164583
4.396584000005532
4.997651999929076
4.950641000050382
4.67188199991142
4.769384000155696
4.565999000078591
4.238698999870394
4.95971999998801
4.6714919999431
4.331821000050695
