Messages/sec=7.27
duration_sec=60.092
payload_size_bytes=8388608
total_messages=437
payload_throughput_MiB_sec=58.18
mean_rtt_ms=116.324
median_rtt_ms=111.636
stddev_ms=32.767
min_ms=55.085
max_ms=244.209
---raw_latencies_ms---
122.99682600132655
188.7900849997095
222.5860519993148
211.95144800003618
208.45373799966183
185.35008000071684
205.06417999968107
194.13351799994416
114.11860699990939
110.64816100042663
107.63045199928456
108.12864599938621
107.32275400005165
85.78407599998172
78.52506100061873
77.42178400076227
78.83998600118503
86.49380200040468
86.60780099853582
81.84587600044324
83.27559200006363
90.12220000113302
78.32802099983383
77.70616299967514
88.08438300002308
108.27476099984779
105.85984899989853
107.1809969998867
108.99820299891871
125.31561500145472
211.0627319998457
205.4574310004682
201.6728710004827
199.16189899959136
217.36834299917973
209.21438499863143
192.2662200013292
208.53800599979877
224.85249099918292
210.64509700045164
185.90997799947218
244.20941000062157
216.13142600108404
204.6795199985354
191.8077779992018
136.85173599878908
106.25065600106609
105.29014500025369
107.30126199996448
101.49148200071068
85.7885069999611
94.7290010008146
81.92106899878127
96.01932799887436
83.64048899966292
89.0193069990346
80.1363209993724
87.92579400142131
81.71200600008888
95.5426719992829
83.13783700032218
86.63981799873
84.13624799868558
78.00653699996474
79.75153299958038
77.614629000891
99.12271199937095
88.55411199874652
92.85690100114152
90.62489899952197
98.15489399989019
100.90305999983684
88.23582199875091
88.72054400126217
85.24258600118628
91.92360900124186
90.28294000017922
80.92402900001616
89.06797700001334
90.33130100033304
79.66316300007747
79.21196300048905
79.55911700082652
79.84052399842767
86.2435489998461
83.55167100125982
78.30598000145983
74.7690349999175
95.71333100029733
79.6296810003696
80.14993600045273
90.153196000756
87.47630800098705
95.28761600086
93.61010499924305
86.72265899986087
81.39990299969213
76.55178799905116
87.40685600059805
91.99385200008692
84.52056599890057
81.39989300070738
96.42892699957883
96.57093799978611
85.74644600048487
91.14970900009212
85.18228699904284
206.28058599868382
199.10691899895028
202.7114779994008
202.17488999878697
213.91866900012246
202.96039499953622
194.61411200063594
147.69654700103274
124.88218399994366
133.37616200078628
129.96084200131008
129.54816599994956
126.82879500061972
132.1807849999459
126.62676099898817
133.8659020002524
136.03830099964398
138.01386799968896
132.4635479995777
135.7217770000716
130.9064409997518
128.951901999244
125.16231600056926
133.08256399977836
126.73334399914893
131.43981699977303
128.83948799935752
128.59279999975115
129.83445399913762
129.87868999880448
132.6737500003219
126.23517000065476
126.73914500010142
134.9478360007197
127.04187399867806
131.30939300026512
130.89147600112483
124.742834999779
128.69797900020785
127.88822900074592
130.82752899936168
131.63750900093873
125.05696900007024
125.23820400019758
131.4174119997915
126.18879300134722
127.49354200059315
135.07221299914818
132.26334800128825
122.71001900080591
129.32894799996575
135.81364700075937
116.87506999987818
103.95737799990457
104.76359399945068
105.81874500167032
105.69648999990022
106.8721480005479
110.02022200045758
103.22491599981731
103.42079099973489
104.98215900042851
110.02053199990769
105.43856299955223
109.37723200004257
105.30793500038271
105.42158199859841
120.65753400020185
106.31591899982595
104.57656800099357
106.08130200125743
105.98399999980757
106.9279679995816
111.53353800000332
110.67270199964696
112.6671920010267
112.82111699983943
110.69804300132091
112.7767110010609
110.99832199943194
109.53700200116145
112.51502699997218
109.22338300042611
110.90115899969533
111.58781400081352
108.89463999956206
111.78605099848937
109.69031400054519
111.86295299921767
118.0936720011232
111.4635960002488
140.55762499992852
134.4330390002142
140.9311869992962
134.18739100052335
134.51130099929287
133.83839599919156
140.44240199837077
135.92764399982116
129.41324600069493
133.40200699894922
132.89534199975606
136.14027100084058
132.9323909994855
133.23085699994408
143.6586489999172
134.87027100018167
130.38803600102256
135.69026699951792
134.58055199953378
111.28890100007993
109.66946099870256
110.64889199951722
112.07750499852409
108.64312000012433
110.33499199947983
109.56683800031897
113.14173699975072
109.98093099988182
108.7245630005782
110.29659599989827
108.73660300057963
108.89232199951948
111.48204599885503
108.17138600032195
111.13370599923655
108.76608400030818
111.88271900027758
110.39000199889415
108.45511499974236
108.30305499985116
111.46177600130613
108.70440199869336
114.79160699855129
131.4616740000929
125.77254100142454
131.56710600014776
130.50010400002066
130.6533990009484
129.59067699921434
125.3914690005331
130.8156039995083
131.29883900001005
127.99102899953141
132.78366299891786
140.41220999934012
135.88717300081044
133.41928899899358
135.2633930000593
132.57233199874463
142.38898500116193
136.60431900098047
129.0781829993648
134.2665529991791
143.2275050010503
134.2995350005367
135.1635120008723
138.0245569998806
132.79771899942716
129.30038299964508
132.45978799932345
135.69789699977264
134.64779499918222
130.86401600048703
133.70522599871038
134.91729899942584
134.78311899962137
130.20925400087435
137.57582099970023
131.78852899909543
133.04938699911872
133.64714899944374
141.16617400031828
141.27662600003532
151.75909699974
128.46418200024345
108.18559799918148
108.19941699992341
112.49824799961061
109.57959799998207
109.3299999993178
109.03895299998112
111.84044800029369
114.34271500002069
109.22401700008777
110.25938000057067
107.70860199954768
111.63628100075584
108.24324800159957
107.91639799936092
109.68800200134865
109.98219199973391
111.45690500052297
114.78057900058047
133.2400070004951
137.42740499947104
133.1725460004236
129.27097700048762
116.91160999907879
106.02956200091285
110.34038099933241
114.33291499997722
105.28613800124731
112.03479499999958
105.87618600038695
105.99618999913218
104.83244900024147
99.24312000111968
106.78620399994543
110.42103600084374
70.90307399994344
62.004240999158355
60.5982649994985
55.17166599929624
56.070218999593635
56.10678300035943
56.93491300007736
59.73819900100352
60.835478998342296
56.529519000832806
62.01300500106299
58.365045000755345
86.80418000039936
103.12459300075716
101.42746199926478
102.91076899920881
100.98623100020632
104.91786000056891
102.57012699912593
103.43768900020223
102.1053620006569
101.38352200010559
101.64284700113058
103.01158199945348
103.10751400174922
101.69773099914892
99.96440699978848
104.80662600093638
101.26270799992199
102.3532269991847
100.52071300015086
101.47352399872034
102.78709399972286
105.80614999889804
101.98518899960618
103.51942700071959
55.70851499942364
61.90222300028836
56.952221999381436
56.401804999040905
57.066055000177585
57.71717800053011
63.81764900106646
58.50374399960856
64.56136300039361
59.41813400022511
55.90374100029294
56.434244999763905
55.08524799915904
61.11719600085053
66.2960670015309
57.5423080008477
62.34093399871199
57.672596998600056
62.94297099884716
57.13336500048172
56.57975699978124
62.192860001232475
126.11953600026027
125.1476460001868
126.00979299895698
132.2097849988495
127.15641700015112
127.00333300017519
133.15751000118325
123.69939000018348
130.07699100126047
129.241106000336
135.9485590000986
129.88095600121596
137.04203300039808
128.29300799967314
134.51214099950448
128.62620699888794
135.77527499910502
132.01918199956708
134.9300799993216
130.47214400103258
135.33394099977158
130.58931800151186
128.16842399843154
134.83507599994482
130.8377549994475
126.55120399904263
131.09103200076788
136.99904199893354
131.07747199865116
138.05261299967242
130.9262070008117
126.55458500012173
124.44562500058964
126.88120399980107
127.15047300116566
131.9734389999212
125.04163300036453
128.5585549994721
131.23718600036227
135.26412899955176
130.7004890004464
128.77564199879998
127.52253799953905
126.51816699872143
128.26497100104461
128.15914900056669
134.65082499897107
136.21303199943213
132.63995799934492
127.89808599882235
131.12469199950283
126.2472099988372
131.07735700032208
125.64281199956895
120.84611099999165
105.0704820008832
106.06170500068401
106.18360499938717
110.97344299923861
105.29101899919624
106.70067499995639
105.73226199994679
