Messages/sec=6.85
duration_sec=60.020
payload_size_bytes=8388608
total_messages=411
payload_throughput_MiB_sec=54.78
mean_rtt_ms=124.799
median_rtt_ms=130.136
stddev_ms=17.212
min_ms=53.021
max_ms=172.293
---raw_latencies_ms---
136.04352800030028
128.7554659993475
122.62231000022439
132.4479489994701
128.56839599953673
116.53879999903438
93.9543530002993
105.41598900090321
93.22328400048718
105.30148100042425
105.97235999921395
62.01123800019559
134.2154970006959
116.55059400072787
104.68229000071005
103.19781899852387
104.40257600021141
102.93174999969779
56.469218001439
84.5018309992156
116.43234300026961
129.0120300000126
129.95634800063272
134.02472200141347
137.29086999956053
134.9812810003641
124.02208800085646
129.0088289988489
136.1354050004593
127.73928999922646
132.46460399932403
128.25036699905468
130.67898900044383
127.73887100047432
132.595417999255
129.60450700120418
126.55336399984662
133.67765200018766
127.97513800069282
134.063982999578
131.2770679996902
131.84815499880642
132.7708539993182
125.1082109993149
130.6463300006726
131.92861700008507
131.50347400005558
132.12918399949558
109.08473400013463
134.34414099901915
130.83029500012344
129.99633800063748
111.89994999949704
110.65029100063839
134.73227199938265
136.3215109995508
141.0580600004323
135.80404499953147
139.4185400004062
134.36781600103131
132.91758300147194
134.97351499972865
123.21062900082325
132.48610899972846
135.1230199998099
142.79146999979275
127.3015979986667
109.07904300074733
111.09672999918985
109.0185119992384
111.34366700025566
120.31899000066915
135.93714400121826
129.05530499847373
109.91366300004302
135.41015800001333
132.60453699876962
136.62619499882567
133.7700780004525
139.69019800060778
135.10105900058988
138.21468800051662
134.96818900057406
141.2371649985289
137.01771200067014
140.31433199852472
131.41920199996093
132.3867720002454
131.93770900033996
127.1240010009933
132.58015700012038
131.80024400026014
133.02725100038515
133.93081800131768
129.01419999980135
127.52283300142153
129.43326300046465
133.90903800063825
135.4884079992189
128.9927110010467
133.78370699865627
110.23808399841073
130.00884900066012
137.3279729996284
130.34309099930397
131.5660170002957
131.4306630010833
132.7321419994405
127.80291299895907
130.19302399879962
138.13119599944912
139.49823799885053
133.9186780005548
140.67590400009067
134.19338799940306
130.162626001038
152.00555299998086
133.09708800079534
137.68262200028403
110.95511100029398
140.65117700010887
118.51851000028546
113.0193839999265
123.80264199964586
104.41699700095342
131.27830299890775
105.07014199902187
123.9343249999365
138.50736299900746
134.0990389999206
135.44575499872735
141.10612200056494
129.82626700068067
136.64611199965293
151.86802199968952
131.69469099921116
140.13175199943362
128.13363700115588
131.3191290009854
143.55592600077216
138.3664469994983
129.6937950010033
132.68756500110612
129.04390499898
133.30249800128513
127.73501099945861
129.74461700105167
132.78386400088493
129.70399000005273
127.6995900007023
129.2660680010158
127.19165299859014
134.49028700051713
115.12313800085394
137.6680529992882
131.3009189998411
126.36671799918986
130.2293759999884
134.57135799944808
130.98699799957103
127.73765999918396
127.26460600060818
129.35186899994733
130.33372899917595
124.58421500014083
131.39007100107847
130.55392500064045
124.50352199994086
129.21147499946528
134.374551998917
125.73591999898781
127.40670900166151
53.08533100105706
55.421794999347185
55.32712100102799
71.7984829989291
66.79066300057457
59.976484000799246
61.96071399972425
72.35091099937563
66.26198300000397
59.52201999934914
53.02059499990719
60.92028199964261
58.12345699996513
63.35337599921331
57.71078300131194
63.88623200109578
96.30491299867572
104.09454300133802
102.29406899998139
104.67008000159694
101.65490199869964
108.82646800018847
104.24203900038265
103.17067500000121
103.24961600053939
102.63427899917588
104.01116899993212
105.05214200020419
105.5457269994804
104.5730169989838
107.67609100003028
105.65927000061492
121.05624200012244
129.99712399869168
136.18460200086702
129.9807029990916
133.77271900026244
131.84050400013803
132.6435329992819
126.6799799996079
124.17432499933057
135.62604000071588
125.93926999943506
132.1513379989483
126.23393000103533
130.4750380004407
123.9170799999556
129.38582499918994
127.77328000083799
131.20165100008307
135.8797670000058
132.395931001156
128.4099949989468
131.35310399957234
126.80016699960106
128.1279529994208
129.29153299955942
115.01982399931876
105.658559999938
129.80176400014898
134.1273750003893
128.45143699996697
130.27234699984547
110.55867800132546
125.86335400010285
129.10785299936833
129.22182500005874
126.04477999957453
128.23617499998363
134.62908899964532
129.35477899918624
125.23548399985884
129.39461099995242
130.92236699958448
129.6080769989203
130.67887999932282
130.01859900032287
127.70466900110478
124.46990099851973
130.90338600159157
124.57409499984351
126.87667399950442
125.34263800080225
124.85638799989829
127.60434600022563
132.94668799971987
126.35951300035231
130.48888899902522
126.65242199909699
133.41806800053746
131.80329900023935
136.00489199961885
131.9909940011712
132.3966059990198
126.67691799833847
129.5331970013649
129.29993299985654
131.825659000242
133.70335699983116
134.64682000085304
130.7868479998433
131.53243000124348
134.13261899950157
131.221566000022
137.82866200017452
132.6767310001742
133.08547800079396
135.58770900090167
131.12623899905884
136.9716930003051
129.34524900083488
134.7629079991748
128.9561119992868
135.7888839993393
135.84102099957818
140.33455299977504
136.15205499991134
132.75463299942203
131.55521699991368
132.83213499926205
128.8539140005014
128.89486600033706
134.80874499873607
135.2470080000785
132.38678100060497
123.94964599843661
131.54195499919297
131.20939600048587
136.9536420006625
132.10601399987354
135.14095599930442
130.74383099956322
132.43065400092746
128.1072010006028
134.71431200014194
126.85053299901483
132.71949299996777
153.0899200006388
172.29282399966905
144.27461300147115
131.35151000096812
132.58325800052262
128.88044499959506
127.45641199944657
131.52157500007888
134.04419099970255
137.69542199952411
132.9546990000381
140.02633299969602
134.5565430001443
132.4548880002112
136.58834299894806
129.025124000691
135.59708399952797
131.78909800080874
130.39481499981775
134.66022700049507
132.50851900011185
135.922921999736
129.8289919996023
134.16591600071115
136.13197100130492
134.73971900020842
141.6474389989162
136.2261540016334
140.56179900035204
135.50311099970713
131.35610499921313
133.31952900080069
132.14835399958247
136.08439400013594
132.36696100102563
134.41952799985302
134.70041599975957
108.66889499993704
110.23619299885468
109.14144100024714
112.24634999962291
109.16300099961518
109.72775400114188
110.84182699960365
117.37714499940921
109.63974100013729
107.88618699916697
102.96242900039942
112.15784300111409
111.09117500018328
116.48068300019077
109.3562229998497
115.46227899998485
110.1846960009425
118.77108699991368
130.24961599876406
126.73910000012256
130.9240470000077
128.75224100025662
132.25681800031452
125.94159399850469
130.1358420005272
129.41417600086424
130.99083899942343
134.38485199912975
129.37586000043666
132.31643000108306
106.3716270000441
108.99239999889687
110.52090799967118
126.82384299841942
132.83727700036252
128.95062699863047
134.48151600096026
131.0600910001085
125.64619200020388
136.1687280004844
140.305177999835
126.87119400106894
115.07370300023467
120.31433999982255
110.77750100048434
134.7676430013962
132.34727500093868
138.98697100012214
134.66198000060103
136.30779500090284
127.9466420000972
129.70005500028492
129.01359100033005
132.52125100007106
127.51505399864982
131.09500700011267
128.04698000036296
130.4671479992976
125.06242400013434
126.96184200103744
126.4087549989199
128.77111599846103
128.86266900022747
134.85416199910105
117.27362300007371
