Messages/sec=6.09
duration_sec=60.105
payload_size_bytes=8388608
total_messages=366
payload_throughput_MiB_sec=48.71
mean_rtt_ms=143.074
median_rtt_ms=110.007
stddev_ms=601.972
min_ms=50.341
max_ms=11625.507
---raw_latencies_ms---
124.1590269983135
133.59081800081185
108.31931000029726
106.86514400003944
113.5216290003882
133.00302300012845
130.51630400150316
127.54540499918221
128.04024999968533
129.90429599994968
129.8768470005598
126.51022300087789
116.51605999941239
104.908407000039
104.05093700137513
106.75971400087292
105.28516799968202
129.2868290001934
108.03535700142675
104.60853699987638
133.95942900024238
118.2354310003575
105.28843899919593
105.3763700001582
106.41525199935131
107.77172499911103
105.40923199914687
109.8723790000804
109.7525740005949
124.38605399984226
115.41833699993731
104.39138100082346
107.35940099948493
104.37801199987007
103.74542099998507
102.88350399969204
101.92792800080497
106.18534800050838
106.2051769986283
112.01063400039857
130.3652599999623
123.84098199981963
122.47239000134869
130.7978090007964
132.13538899981359
132.05371699950774
127.43831599982514
114.03012899972964
129.23043000046164
130.30164299925673
131.7565459994512
129.11363199964399
136.86838800094847
132.24926200018672
128.92794599974877
131.26722400011204
131.55929200001992
125.64381200172647
132.17550099943765
126.15059599920642
130.15307400019083
134.87445100145123
132.7478630009864
132.6357440011634
131.74076699942816
128.6991550005041
126.6333420007868
126.85856800089823
128.78140700013319
133.94339799924637
128.70001400006004
121.69115600045188
128.51226800012228
11625.507479999214
52.4521730003471
50.34125500060327
74.41519100029836
73.06665299984161
57.368775000213645
57.64934400031052
58.58246999923722
104.18177000065043
71.5096160001849
67.10308999936387
85.08418400015216
104.75183200105675
101.56207699947117
105.06365400033246
110.0503759989806
103.1891929997073
114.04366699935053
113.02612300096371
104.56731700105593
107.26228800012905
121.98800500118523
105.0933320002514
106.41969300013443
104.43446099998255
105.33923000002687
144.38598699962313
129.82303300123021
131.23653599905083
112.10470000150963
106.20076700070058
105.072721000397
122.04431200007093
111.06839499916532
103.61779799859505
105.20042600001034
110.3273619992251
105.48097299943038
105.32105899983435
122.4363990004349
106.02563099928375
110.82038699896657
105.17215499930899
106.39264199926401
105.45123299925763
105.43670399965777
103.65384999931848
104.18006500003685
106.62444900117407
106.01487600069959
111.88700400089147
110.78231899955426
109.4739500003925
111.3366869994934
112.15998199986643
109.3053399999917
102.3156650007877
103.51009699843416
102.2619899995334
103.55723999964539
102.49687699979404
101.2136660010583
101.50352600066981
101.03504300059285
100.90486700028123
102.59968399986974
101.89986099976522
105.57694999988598
101.25708899977326
102.18230600003153
101.72566399887728
107.34986600073171
103.87544799959869
100.99674899902311
101.24309700040612
101.86888800126326
101.33809099897917
104.28036200028146
101.4524669990351
103.34715099997993
103.12317600073584
101.0676739988412
103.6618689995521
104.0460330004862
103.43632100011746
104.37006299980567
106.47232799965423
104.29022000062105
102.93764000016381
102.60411099989142
101.37277899957553
103.9276699993934
101.55121800016786
101.09276200091699
101.59826600101951
106.36200599947188
105.43094300010125
100.61430799942173
100.41569100030756
103.83200899923395
103.95247099950211
102.81690299962065
108.78098000102909
107.62900299960165
111.06164400007401
106.91961299926334
113.04133300109243
108.08908400031214
108.22662200007471
113.15456699958304
125.86796499999764
112.31251100070949
113.96946300010313
109.10714999954507
112.26830099985818
110.44887999923958
113.13841599985608
110.51464599950123
108.57584800032782
107.75929400006135
109.62411000036809
111.18337799962319
110.99412200019287
110.87400799988245
109.44533499969111
106.16625500006194
106.35949099923891
110.32949199943687
106.54919200169388
112.16139800126257
108.9185089986131
113.04473400014103
107.4337239988381
108.9232140002423
110.12779000157025
108.66652599906956
110.44922499968379
110.24619800082291
111.13909699997748
108.79281000052288
109.26435900000797
110.47989600047003
130.93640800070716
141.67517399982898
131.90876800035767
138.09183599914832
130.33237399940845
134.61512200046855
129.9685430003592
114.7161139997479
117.17974099883577
108.37035700023989
110.9248850007134
108.63698899993324
110.30274599943368
109.53983699982928
113.23616099980427
109.45523700138438
112.11444000036863
111.95796599895402
121.30910999985645
113.40474999997241
110.54757199963205
112.77553999934753
121.33172399990144
112.25118000038492
116.29255300067598
113.20296099984262
110.77150100027211
111.44414099908317
109.94617899996229
116.37171499933174
112.00122099944565
108.04953799924988
109.05611500129453
113.70051799895009
114.84191400086274
110.21269299999403
111.18069700023625
114.62410700005421
111.1673770010384
112.60396499892522
110.41662400020869
114.33828300141613
111.12321600012365
109.55294800078264
117.1420990012848
106.81728999952611
106.47307899853331
108.9294389985298
109.45344600077078
112.33952399925329
115.62776400023722
108.74291300024197
103.83396500037634
105.28330899978755
105.3060190006363
110.18327700003283
104.13547300049686
106.35872100101551
106.83073500149476
109.96359099954134
104.70979000092484
104.84505599924887
103.96117799973581
105.97173899986956
110.22926899931917
106.00631099987368
109.64277099992614
104.30120900127804
103.66449899993313
106.87239699836937
118.30551399907563
109.95131500021671
108.05905199958943
106.82626400011941
107.13197499899252
109.3667919994914
110.25517999951262
112.89631900035602
112.46108099840058
131.49815399992804
138.05500299895357
141.08148599916603
110.93119799988926
118.15511500026332
115.83682799937378
115.49806800030638
118.20562299908488
117.30949400043755
115.85117899994657
110.86802299905685
111.70995399879757
115.07675500070036
113.89233999943826
110.73288300030981
115.82151699985843
116.49578099968494
108.49819499890145
125.44443999831856
115.87879099897691
106.67121100050281
112.83969300166063
108.11441499936336
111.16057199978968
108.3760120000079
108.56223999871872
109.56044900012785
108.04103099872009
109.68099700039602
107.57249999915075
108.20072199931019
110.10834999979124
114.03411799983587
109.59947399896919
114.55672599913669
109.86784700071439
108.02231699926779
129.89486100013892
129.55567500102916
127.1519720012293
126.09379300010914
132.37734900030773
124.99419799860334
128.56853599987517
153.0416880013945
121.28042400036065
107.35409199878632
114.32862399851729
116.52368100112653
109.50418600077683
115.33457300174632
107.07842200099549
108.28751000008197
113.50412399951892
111.04504899958556
107.34351099927153
113.02706500100612
110.80482600118557
110.5149180002627
107.16149099971517
113.03413399946294
110.09983399890189
114.18980800044665
110.13884499880078
114.2119680007454
110.47204600072291
112.52428900115774
116.88798199975281
109.89331900054822
107.07529499995871
105.84317500070028
104.28158799913945
