Messages/sec=5.17
duration_sec=60.146
payload_size_bytes=8388608
total_messages=311
payload_throughput_MiB_sec=41.37
mean_rtt_ms=171.407
median_rtt_ms=200.657
stddev_ms=57.507
min_ms=53.676
max_ms=248.404
---raw_latencies_ms---
151.33313899968925
101.18427599991264
105.0869810005679
72.14471499901265
58.644289998483146
56.17094899935182
56.849098999009584
60.23593399913807
59.4900680007413
54.58015999829513
55.29969899907883
53.6762510000699
55.46110499926726
55.156989001261536
55.459989000155474
57.80796900035057
58.54752599952917
57.704822000232525
64.8911929984024
56.629075999808265
58.728336000058334
76.22181999977329
106.86159200122347
130.9515779994399
131.3573509996786
147.81064099952346
196.5394409999135
224.55588199954946
199.87987200147472
206.36134800042782
202.8887999986182
203.15122200008773
230.15958099858835
210.27351900011126
191.64348199956294
230.03832799986412
207.0185800002946
201.77522500125633
220.5854610001552
212.15743600077985
188.9599400001316
210.23926800080517
248.40431699885812
211.04781099893444
211.7168919994583
212.21907600011036
131.6349499993521
114.30669800029136
109.5262199996796
105.84590899998148
85.80190099928586
79.42630500110681
86.72276200013584
81.50883900088957
88.53758700024628
86.36754100007238
93.00680699925579
77.14086799933284
84.96794299935573
90.95021400025871
85.98826600064058
201.58489300047222
117.46135800058255
116.15871600042738
106.62353100087785
107.92447099993296
110.23474300054659
185.76943399966694
204.9759860001359
191.85528900015925
210.1777640000364
170.1618490005785
191.767065998647
201.08449799954542
231.38312899936864
195.44669700007944
190.73421499888354
221.42158600036055
206.2668059988937
196.23952099937014
173.40258799958974
185.3727660000004
178.57025400007842
223.40932699989935
199.86004100064747
202.83703199856973
201.34233700082405
220.59105999869644
206.18838400150707
202.313925999988
198.0516469993745
210.7723030003399
200.41824799955066
196.590602001379
208.19339499939815
212.43087299990293
201.96409600066545
201.96060600028432
193.5617099989031
191.7837659984798
231.63204699994822
210.1771750003536
200.5439540007501
197.05912599965814
194.63206299951707
199.31796599848894
205.30012600102054
203.0384480003704
201.39656699939223
196.48081900049874
207.08565099994303
229.2889960008324
202.34875099959027
209.9161570004071
216.05104400077835
235.31148899928667
215.03698299966345
214.4399839999096
197.9591729996173
201.91623400023673
208.57863599849225
196.63956300064456
196.09987799958617
213.73770300124306
208.37974999994913
205.60055500027374
212.2387230010645
206.71611999932793
190.0740040000528
205.48623200011207
196.85179899897776
232.5489340000786
194.16315799935546
215.18475700031559
223.03412600012962
200.29009500103712
206.94187600020086
206.43774100062728
219.92198000043572
202.95348599938734
202.59000400074
205.05658799993398
217.4513059999299
199.03727599921694
201.29707500018412
201.59964400045283
204.5245530007378
235.31496899886406
136.3760229996842
106.72920100114425
106.372526000996
106.75274499953957
112.19888200139394
104.37133199957316
104.25728799964418
82.06621600038488
88.905884000269
86.4054710000346
82.79943699926662
83.59260799988988
80.04607100156136
86.63513400097145
81.26894300039567
86.72208999996656
89.10184700107493
81.70331300061662
82.26261300114857
90.69077700041817
88.65140299894847
92.80143800060614
88.95837499949266
82.863178999105
84.77002899962827
88.86150999933307
85.92978199885692
90.5005219992745
81.64385400050378
93.14068899948325
83.98953200048709
93.69646899904183
87.23672099949908
89.11746999910974
87.69389400004002
85.94216299934487
88.10901500146429
76.42380399920512
82.48137699956715
91.70491499935451
86.50714999930642
82.63127200007148
92.10912399976223
85.81482899899129
83.02502799961076
83.4624499984784
83.16614999966987
87.57147300093493
90.45591900030558
203.18709300045157
206.06620199941972
213.2984640011273
211.83675800057244
217.01105399915832
215.1728759999969
202.46817199949874
196.16495800073608
225.97632599899953
217.2089989999222
213.8524909987609
203.03939800032822
206.31965800021135
206.18818399998418
216.28074900036154
183.5795369988773
203.5252829991805
206.16752400019323
209.7036310005933
209.23425599903567
199.70730699969863
206.47683199968014
219.4365960003779
196.6765649995068
203.88529400042898
219.46010699866747
216.09738699953596
202.9825259996869
211.88701699975354
209.56303599996318
217.37057599966647
210.24723699883907
227.92815499997232
206.89463499911653
198.16940999953658
224.09656699892366
216.51165799994487
225.49058000004152
199.55105099870707
210.65098100007162
231.1176510011137
203.5193720003008
199.41364899932523
208.66494899928512
230.770891001157
225.73041699979512
220.0977669999702
200.47008999972604
206.125800999871
205.9103049996338
212.21413700004632
231.59321200000704
203.52294300028007
221.43017600137682
216.8743189995439
204.40430999951786
233.74730999967142
221.21554099976493
195.0797749996127
228.1485919993429
194.97347200012882
205.0001080006041
220.01450300012948
200.4151479995926
196.10257000022102
220.64641299948562
197.6692139996885
217.79215700007626
216.30749099858804
203.46253000025172
194.6808439988672
225.47237999970093
214.85249800025485
186.02241999906255
210.19247500044003
198.91291200110572
205.36424400052056
190.67630199970154
201.71843800017086
215.61669999937294
200.1211789993249
206.2324759990588
198.0100049986504
197.71454200053995
200.07700300084252
228.91212399918004
194.79897899873322
207.61975700042967
221.6324020009779
222.14832900135661
195.58215200049744
209.3235789998289
223.3103239996126
211.28520899947034
212.18168499945023
207.57024600061413
228.24225399926945
215.6100800002605
210.05555000010645
199.25124299879826
208.69133500127646
224.07745000055002
211.48713500042504
208.91645700066874
196.4359970006626
206.853214000148
227.1147640003619
232.73269099991012
183.7059199988289
195.69352500002424
213.2086170004186
216.35152299859328
223.97477400045318
200.65728500048863
