payload_size_bytes=512000
runs=100
mean_ms=7.102
median_ms=6.724
stddev_ms=1.320
min_ms=4.924
max_ms=12.516
---raw---
12.51553099996272
9.453758000063317
7.821998000054009
8.728575000077399
9.783057000049666
7.579300999850602
6.863822000013897
8.884719999969093
9.576340999956301
8.833607999804372
11.301673999923878
7.196478000196294
7.209248999970441
6.541298000001916
7.992983999884018
10.041425000054005
10.567571000137832
5.791837000060696
8.469757000057143
7.6468720001230395
6.234010000071066
6.815005999897039
6.616302000111318
6.025642999929914
6.060744000023988
6.240289000061239
6.121075000010023
7.975091999924189
6.961241999988488
6.804466999938086
7.3060419999819715
9.454182999888872
6.218932999900062
6.730024000034973
7.642051999937394
6.317412000043987
5.87866900013978
8.825807999983226
6.965442000137045
6.990972000039619
6.462485999918499
6.850938999832579
6.718334999959552
5.660595000108515
5.902598999909969
5.892909000067448
4.92447000010543
5.449859000009383
7.055344000036712
7.136927000146898
6.500787000049968
6.416615000034653
6.373773999939658
6.264151000095808
6.037122999941857
6.326011999817638
6.3483159999577765
6.441375999884258
6.097855000007257
6.451106999975309
6.436965999910171
6.923431000132041
6.793959000106042
6.445972999927108
6.174168000143254
7.084549999945011
6.778897000003781
6.053748999875097
6.04875599992738
5.924529999902006
6.838262999963263
6.850562999943577
6.343542000195157
6.642880999834233
6.507968000050823
6.466826999940167
5.9865819998776715
7.063945000027161
5.711883000003581
6.347013000095103
7.7532459999929415
7.852667999941332
5.874218000144538
6.64360099995065
7.355843000141249
8.124352000095314
7.5628600000072765
6.877198999973189
9.018565999895145
6.697543999962363
6.380334000141374
6.746754999994664
5.901103999804036
6.219024000074569
8.410024999875532
7.38793400000759
10.18543000009231
6.678018999991764
6.129340999905253
6.636757000023863
