payload_size_bytes=512000
runs=100
mean_ms=7.555
median_ms=7.219
stddev_ms=1.538
min_ms=5.566
max_ms=14.126
---raw---
7.151459999931831
9.935939000115468
7.121761000007609
8.169591999831027
5.905764999852181
8.0756019999626
6.618816999889532
6.631773999970392
7.097709999925428
7.727568000063911
7.588560999920446
10.006493999981103
6.775321000077383
6.054263999885734
6.438475000095423
6.754315000080169
7.197519000101238
7.492257999956564
11.181551000163381
13.023445000044376
7.017452999889429
6.776826000077563
7.368725000105769
7.162927999843305
9.553391000054035
7.211767999933727
8.24036300014086
14.125587000080486
9.105331999990085
9.063600999979826
7.8707269999540586
7.647286999826974
7.223308999982692
7.251200000155222
6.2965409999833355
6.107385999939652
7.464947000016764
8.011742999997296
7.500668000147925
9.733489999916856
7.147197999984201
5.992242000047554
8.04131499990035
7.420225000032588
6.6193709999424755
6.2463229999139
6.807222000134061
6.923259999894071
6.694663000189394
7.744050000155767
7.227774000057252
10.668054999996457
6.761195000080988
6.240679000029559
8.052493999912258
7.48045699992872
11.277311999947415
9.80952800000523
7.1767100000670325
7.354820000045947
8.259210000005623
8.445367000149417
10.983293999970556
7.689552999863736
7.842334000088158
8.257917000037196
7.330787999990207
6.528769000169632
8.099745999970764
6.660182000132409
8.350749000101132
5.600610000101369
7.939521000025707
7.234994999862465
7.2146190000239585
5.801745999860941
6.8276970000624715
6.220008999889615
7.377719000032812
6.344988000137164
6.619961000069452
6.738205000146991
6.722014999922976
8.670563000123366
6.948090999912893
5.8643190000111645
6.7696209998757695
11.047225000083927
6.644332999940161
6.167118000121263
6.560768000099415
5.7513239999025245
5.697453000038877
6.136085999969509
6.32891300006122
7.9088499999215855
5.566009999938615
7.666533000019626
6.015222000087306
7.295940999938466
