payload_size_bytes=512000
runs=100
mean_ms=6.999
median_ms=6.634
stddev_ms=1.434
min_ms=5.456
max_ms=16.030
---raw---
11.730955999837533
7.0180830000481365
6.633240999917689
7.802648000051704
8.13753700003872
8.958634999999049
6.0945350001020415
6.699563999973179
6.742115999941234
7.086575999892375
5.756015000088155
6.042363000005935
9.762666000142417
6.830648000004658
6.227718999980425
7.393703999923673
7.548399000143036
6.4085740000336955
6.261980999852312
6.63221199988584
5.966461000070922
6.2771400000656286
6.935319999911371
8.271991000128764
6.093184000064866
5.916429999842876
7.339991999970152
7.370624000031967
7.178348000024926
8.142277999922953
7.302391999928659
8.138716999837925
7.077525000113383
6.043723000175305
5.865478000032454
6.234880000192788
7.054894000020795
6.235309999965466
7.005413000115368
8.102885000198512
6.6424419999293605
5.4556059999413264
6.866139000067051
7.396134999908099
6.57350000005863
6.685922999849936
6.147906999785846
6.577839000101449
6.60093099986625
6.314355000085925
7.9378039999937755
6.03084299996226
6.171148000021276
5.718553999940923
6.117465999977867
6.893389999959254
6.874889000073381
5.634880999878078
6.250179000062417
7.666832000040813
7.1014960001321015
8.658674000116662
7.059835000063686
8.10888499995599
6.854658000065683
6.607281000015064
8.551800000077492
11.31659300017418
16.029927000090538
6.364973000017926
5.844188000082795
8.038704000000507
9.966251999912856
6.00829299992256
5.732584000043062
6.935240000075282
5.690032999837058
5.860837999989599
7.768254999973578
6.4314450000892975
6.220799000175248
5.471917000022586
6.249550000120507
6.1346859999957815
6.775216000050932
5.817346999947404
6.26396300003762
6.555518999903143
6.413515000076586
6.325352999965617
7.639661999974123
6.634402000145201
7.4695759999485745
5.9108289999585395
6.574191000026985
7.260100999928909
5.99860199986324
6.062434000114081
7.733435000091049
6.580064999980095
