payload_size_bytes=512000
runs=100
mean_ms=7.698
median_ms=7.182
stddev_ms=1.748
min_ms=5.556
max_ms=18.205
---raw---
9.367083999904935
8.08673100004853
18.204588000116928
9.768498999846997
7.784657000001971
9.870076000197514
8.265861999916524
6.8554330000552
10.25114100002611
10.235611000098288
9.047204999887981
7.014853000100629
10.386496999899464
6.708576999926663
7.100552999872889
7.01698300008502
9.038734999876397
6.351322999989861
7.353823999892484
7.543734000137192
7.106416000169702
7.569299999886425
6.626510999922175
7.238658999995096
7.6787030000105005
6.264735000058863
8.960257000126148
6.90541300014047
10.051233000012871
7.671383000115384
10.583101000065653
6.973001000005752
6.668833000048835
7.175477000146202
5.890878000172961
7.331625999995595
6.8051939999804745
7.115339000165477
6.706195999868214
8.054023999875426
7.398104999992938
7.069039000043631
8.565180999994482
10.811521000050561
10.610123000105887
10.131408000006559
7.7348400000119
6.916676999935589
12.178969999922629
9.033778999992137
12.458093000077497
7.635632000074111
7.88250200002949
7.7090669999506645
7.021718000032706
7.4192150000271795
8.191139000018666
7.047557000078086
6.237246999944546
7.34774399984417
7.304422000061095
6.99432200008232
8.189049000066007
7.155187000080332
6.66697499991642
7.075214999986201
7.226929999887943
6.743104999941352
8.597462000125233
7.247654999900988
6.470440999919447
6.264180000016495
8.900641000082032
6.268839999847842
6.542779000028531
6.53676899992206
6.732005000003483
6.6139010000370035
5.712808999987828
7.188753000036741
7.240820000106396
6.642554000109158
6.700804000047356
6.918995999967592
7.392388999960531
6.66858499994305
6.430411000110325
8.47496799997316
5.714527999998609
7.067535000032876
7.776625999895259
6.226209000033123
5.556008999974438
6.86938899980305
7.228929000120843
6.530297999916002
6.535117999874274
6.673600000112856
5.759194999882311
5.903819999957705
