payload_size_bytes=512000
runs=100
mean_ms=7.555
median_ms=7.049
stddev_ms=1.871
min_ms=5.440
max_ms=16.380
---raw---
13.245462999975643
7.077757999923051
7.7992340000037075
6.769437999992078
7.181358000025284
7.637111999883928
7.185688000163282
8.544501999949716
6.421121999892421
7.823867999832146
8.488028000101622
8.297201999994286
6.688473999929556
9.704693999992742
7.201868999800354
9.494167000184461
10.589861999960704
6.497927000054915
9.454157000163832
16.37995700002648
8.31787299989628
9.00085900002523
7.546484000158671
10.610123000105887
6.899159000113286
6.902565000018512
7.05547799998385
5.440474999886646
12.090586999875086
7.4794180000026245
7.2803610000846675
5.748814000071434
9.407995999936247
7.778346000122838
8.081730999947467
9.730371000159721
7.60204099992734
8.341322999967815
7.543569000063144
5.660622000050353
8.653344000094876
6.747994000079416
9.147438000127295
7.049116999951366
5.947597999920617
6.084410000084972
6.3040769998679025
10.480878999942433
8.075714999904449
7.799109999950815
6.0400110000955465
11.179209000147239
7.498727999973198
6.090204999964044
6.204737999951249
8.394692999900144
6.313261999821407
6.316742000080922
7.079023999949641
7.0378610000716435
6.286921000082657
6.196022999802153
6.53014800013807
6.7990820000431995
6.541093999885561
7.018094000159181
8.115380999925037
6.373853000013696
5.786275999980717
6.39091399989411
7.048775999919599
8.025685999882626
6.0019770000963035
6.296410000004471
6.151276999844413
7.91372099979526
6.3930339999842545
6.754845999921599
9.692574000155219
14.930094999954235
6.583170000112659
7.403085000078136
6.5038470002036775
8.13208699992174
7.211288999997123
6.560219999983019
5.9609109998746135
5.681832999925973
5.8189769999899
7.035932999997385
6.015482000066186
7.0113729998411145
7.579970000051617
5.520237999917299
5.734604000053878
5.902609000031589
5.94932100011647
6.401924000101644
6.942519999938668
6.854309000118519
