payload_size_bytes=512000
runs=100
mean_ms=6.391
median_ms=6.219
stddev_ms=1.382
min_ms=4.441
max_ms=10.515
---raw---
8.536354000170832
5.628611000020101
5.938598999819078
4.729003000193188
4.878808000057688
5.3447129998858145
4.6567520000735385
4.4407099999261845
7.695488999843292
5.324972000153139
5.535903999998482
4.944856000065556
5.269619000046077
5.130456000188133
5.03675300001305
4.924969000057899
4.7558649998791225
5.8300059999965015
5.250299999943309
5.59696499999518
5.8952289998615015
7.834410999976171
5.865051999990101
6.518253999956869
5.313326000077723
4.798175999894738
4.634801000065636
7.236479999846779
5.9853019999991375
5.023192999942694
5.566399000144884
4.772264999928666
8.941222000203197
6.407804999980726
4.623660000106611
5.570699999907447
6.229467999901317
6.017263000103412
5.322261999936018
5.043722999971578
8.756255999969653
5.067273999884492
4.744768999898952
5.268510000178139
7.3734739999054
5.646510999895327
4.943559999901481
8.074145999898974
6.218944000011106
5.597890999979427
4.580628999974579
5.3292420000161655
4.787426000120831
4.676461999906678
4.631061000054615
7.196222999937163
7.053562000010061
6.9181679998564505
8.265421000032802
6.219507999958296
7.367184000031557
6.160119000014674
8.878859000105876
5.842726999844672
7.097127999941222
8.385704999909649
6.57546899992667
8.131116999948063
7.144912000057957
6.415609999976368
7.0679849998214195
9.314194000126008
10.514728999851286
6.715303999953903
8.324562000098013
9.591061999799422
7.600291000017023
9.027483999943797
6.266139999979714
7.320742000047176
8.74094599998898
6.411814999864873
10.053573999812215
6.567861000121411
6.430841000110377
7.023793999906047
6.617551999852367
5.652352000197425
6.3180029999330145
6.622651000043334
7.346203999986756
7.072004999827186
6.96502200003124
7.318934999830162
6.847849999985556
6.078929000068456
6.084410000084972
6.1872379999385885
6.375313999797072
6.25007500002539
