payload_size_bytes=512000
runs=100
mean_ms=7.059
median_ms=6.608
stddev_ms=1.407
min_ms=5.410
max_ms=13.034
---raw---
13.034399000162011
8.750374999863197
7.012133999978687
10.713435000070604
8.950601999913488
9.863068999948155
6.581009999990783
9.15563800003838
7.010342999819841
9.021503999974811
6.4878380001118785
10.925662000090597
6.450566000012259
11.627822000036758
9.195659999932104
6.782945999930234
9.202609999874767
9.323672999926202
5.7385089999115735
7.80834700003652
9.370221999915884
6.6417489999821555
8.40314600009151
9.974722999913865
5.857608000042092
6.092216000070039
7.810306999999739
5.793175999997402
6.795297000053324
7.302411999944525
6.615694000174699
8.486008000090806
6.499076999944009
7.056885000110924
6.77798099991378
6.5590189999511495
7.13539700018373
6.846797999969567
5.832826999949248
7.687593999889941
6.4084250000178145
6.085964999783755
7.246340000165219
5.997041000000536
5.894330000046466
6.1304260000270006
6.908049999992727
6.102545999965514
6.387273999962417
6.028381999840349
6.508358000019143
5.518868000081056
6.2016280000989354
5.754164999871136
6.874729000173829
6.800147000149082
6.916820000014923
6.045722999942882
6.719653999880393
6.698791999951936
5.57606899997154
5.410154999935912
6.160071999829597
6.183613000075638
6.489158000022144
6.468676000167761
5.925529000023744
6.154317999971681
7.958621999932802
9.46760700003324
6.924730000037016
6.014762999939194
6.640341999855082
6.409893999943961
7.024653000144099
6.999283000141077
6.519619000073362
6.00245299983726
6.599649999998292
7.613650999928723
7.8793089999180665
5.761014999961844
6.187607000128992
7.273001000157819
6.289805000051274
6.349952000164194
6.700082999941515
6.587729999864678
6.024332999913895
6.120895999856657
6.511878000083016
6.2375090001296485
5.959531000144125
6.066354000040519
6.4864529999795195
7.0257480001600925
6.691052999940439
6.693172000041159
5.769385000121474
6.333242999971844
