payload_size_bytes=512000
runs=100
mean_ms=5.391
median_ms=5.243
stddev_ms=0.981
min_ms=4.110
max_ms=10.729
---raw---
7.40157499990346
7.016143000100783
5.161266999948566
5.86868899995352
5.272310000009384
5.294982000123127
5.037785000013173
5.243750000090586
5.620730000146068
5.248570000048858
4.672701999879791
4.495918999964488
4.163036999898395
4.4586860001345485
5.116444999885061
5.546214000105465
5.338767000012012
4.760955000165268
5.855076999978337
5.301801000086925
5.511047000027247
4.327631000023757
4.887687999826085
4.932150000058755
4.534217999889734
5.214852999870345
6.05123100012861
4.855765000002066
5.300700999896435
5.25419900009183
4.9366220000592875
4.73034100014047
5.28295000003709
5.534458000056475
4.899527999896236
4.785195999829739
4.7496039999259665
5.870119000064733
4.453475999980583
5.0276130000384
5.261700000119163
4.10950600007709
4.775735000066561
4.835106999962591
4.792185000042082
5.043453000098452
4.921583000168539
4.960500999914075
5.64907700004369
4.961115000014615
4.619470000079673
6.547368000155984
5.450096000004123
5.411333999973067
5.648946000064825
6.040854000048057
5.492627999956312
5.502945999978692
4.541587999938201
4.543847999912032
4.608940000025541
6.3187509999806935
5.1533260000269365
5.219097999997757
6.178879000117377
5.314801999929841
5.2422640001168475
5.190721999952075
5.62651200016262
5.2471490000698395
5.922329999975773
4.381173999945531
5.435025999986465
6.846537999990687
10.729156000024886
6.309181999995417
5.160061999958998
4.998766999960935
6.725274000018544
6.633750999981203
5.317635999972481
4.960885999935272
6.045957999958773
6.258619999925941
5.010267000216118
5.900225000004866
6.244055000024673
5.078213999922809
10.427190000200426
5.4345150001609
5.887948999998116
5.041598999923735
4.992765999986659
5.041532999939591
4.5002560000284575
4.783964999887758
4.143366000107562
5.277455000168629
4.898623999906704
5.4570589998093055
