payload_size_bytes=512000
runs=100
mean_ms=3.033
median_ms=2.773
stddev_ms=0.918
min_ms=1.613
max_ms=6.828
---raw---
6.828277000749949
3.4613449997777934
3.5113329995510867
4.0072169995255535
4.86623699998745
3.271760000643553
2.5416360003873706
2.9761010000584065
3.5789690000456176
3.0167710001478554
2.243517999886535
2.6845120000871248
2.0177010001134477
2.382491999924241
3.4944250000989996
2.0801179998670705
1.9044529999519
2.5434300005144905
2.02654100030486
3.0598729999837815
1.8833980002455064
2.420627999526914
2.17518099998415
2.2692989996357937
2.768433000710502
2.0136719995207386
2.3607920002177707
4.566900999634527
2.508696999939275
5.045963000156917
4.336682000030123
3.515430000334163
2.0804010000574635
1.9125289991279715
2.2980789999564877
6.788595999751124
5.213958000240382
3.407143000003998
3.9594050003870507
2.8489570004239795
4.185027999483282
2.590308999970148
2.197777000219503
2.3798570000508334
2.3860530000092695
4.327396000007866
2.5038209996637306
2.417372999843792
4.22645399976318
2.4066129999482655
2.61672400029056
2.8406410001480253
2.7089080003861454
2.3608760002389317
2.749169000708207
2.5935630001185928
2.5505620005787932
2.7919389995076926
2.7292139993733144
3.6497110004347633
3.199861999746645
3.7999609994585626
4.346122000242758
2.2892589995535673
3.9015729998936877
2.469980000569194
2.664290000211622
1.6126489999805926
2.90323800072656
3.2281380008498672
3.4326640006838716
3.759557000194036
3.81861799996841
2.5752809997356962
2.5219310000466066
2.707497000301373
2.826554999955988
3.1723920001240913
2.6772359997266904
2.628969999932451
4.256699999132252
2.812726000229304
2.6171519994022674
1.6760959997554892
3.416208000089682
2.971183999761706
2.6733479999165866
2.7515629999470548
3.12831399969582
2.8725020001729717
2.7775650005423813
3.115039000476827
2.605835000395018
2.719312999943213
2.936218999820994
3.2008279995352495
2.949484000055236
2.954353999484738
2.757138000561099
3.446774999247282
