payload_size_bytes=512000
runs=100
mean_ms=3.334
median_ms=3.239
stddev_ms=0.594
min_ms=2.156
max_ms=5.055
---raw---
5.054864000157977
3.808085000855499
4.509336999944935
4.226371000186191
4.1584700002204045
4.330222000135109
3.2085170005302643
3.2015080005294294
3.818381000201043
3.781137999794737
3.6621760000343784
2.96212499961257
3.060367999751179
3.8119749997349572
3.611599999203463
3.077873000620457
3.4803450007530046
3.2427830001324764
4.1861519994199625
3.9033780003592256
3.286825999566645
3.119744000287028
3.4824260001187213
3.405923000173061
3.3664140000837506
3.254295000260754
3.0273520005721366
3.2808570003908244
3.7056549999761046
3.645260999292077
2.9243830003906623
4.190489999928104
2.6740459998109145
3.047212999263138
4.033440000057453
2.9908110000178567
2.5487280008746893
2.7057970000896603
2.239437999378424
2.6804939998328337
3.7266829995132866
3.1597309998687706
4.151483999521588
3.261908999775187
3.875491000144393
2.859850999811897
3.025050000360352
3.156677999868407
2.203512000050978
3.1152550000115298
2.2432120003941236
2.7182320000065374
2.5291769998148084
2.1562550000453484
4.064415999891935
4.8010059999796795
2.7835350001623738
3.416382999603229
2.779575000204204
3.0473019996861694
2.9346990004341933
3.187266000168165
2.614689999973052
3.2355470002585207
2.9575809994639712
3.116613999736728
2.8360609994706465
3.310027999759768
3.843581000182894
3.9780209999662475
3.622469999754685
2.9397190000963747
3.2076479992610984
3.047371999855386
3.5783890007223818
4.000510999503604
3.3552919994690455
3.616169999986596
3.4979060001205653
3.860280000480998
4.731404000267503
4.710182000053464
3.548337999745854
2.8325260000201524
2.573153000412276
3.251269000429602
3.894998000760097
3.316160999929707
2.8306059994065436
2.9289340000104858
2.9280680000738357
3.0870390000927728
2.8393359998517553
2.969230999951833
2.7702540000973386
3.124198000477918
3.309390999675088
2.5838789997578715
2.733627000452543
3.9293899999393034
