payload_size_bytes=512000
runs=100
mean_ms=3.269
median_ms=3.104
stddev_ms=0.962
min_ms=1.503
max_ms=7.558
---raw---
5.104894999931275
4.172707000179798
4.130584999984421
2.681491000657843
2.884657999857154
3.5505929999999353
3.477309999652789
4.579419000037888
4.178527000476606
2.9423850000966922
2.350820999708958
2.868935000151396
5.1683279998542275
2.8210649998072768
2.6463399999556714
2.478604999851086
2.576488000158861
2.326781000192568
2.7431329999672016
3.1620159998055897
2.556272999754583
2.966770000057295
2.5848779996522353
4.963506000422058
3.8227360000746557
7.07358399995428
2.9006199993091286
2.527055999962613
2.6720450005086605
4.025661999548902
2.7575830008572666
2.6299399996787542
2.174055999603297
3.246639000280993
1.5031860002636677
4.369732000668591
4.229047999615432
4.562678000183951
3.2543389997954364
3.6058400000911206
4.2930409999826225
4.381293000733422
7.558129000244662
4.393819000142685
2.5364989996887743
3.6363999997774954
5.186498000512074
2.6024889994005207
2.619899999444897
3.8302969996948377
3.316610000183573
4.823896999369026
2.6118339992535766
2.424334000352246
2.601958999548515
1.7108920001192018
2.1634460008499445
3.9310590000241064
3.264609999860113
4.34517100075027
2.771114000097441
3.3335009993606945
3.1069349997778772
3.542227000252751
1.8005140000241227
3.3127319993582205
2.536401999350346
3.8153810000949306
3.505459000734845
3.1915159997879528
3.10088399965025
2.893928000048618
3.0811540000286186
2.2628839997196337
3.1383249997816165
3.1949670001267805
3.0992020001576748
2.7400429999033804
2.683794999938982
3.312011000161874
3.208971999811183
2.9525270001613535
2.4224400003731716
2.636174999679497
3.194616999280697
3.479990999949223
2.683462000277359
3.0465319996437756
3.0233959996621707
2.569787999163964
3.246218999265693
3.1149890000961022
3.1533590008621104
3.507308999360248
2.7637740004138323
2.312609999535198
2.2205929999472573
2.9304790004971437
3.2665990001987666
3.218913000637258
