payload_size_bytes=512000
runs=100
mean_ms=3.081
median_ms=3.006
stddev_ms=0.709
min_ms=1.945
max_ms=5.839
---raw---
5.600223999863374
5.839472999468853
4.945629999383527
3.645510999376711
3.7449139999807812
3.6312399997768807
3.3269610003117123
3.695395000249846
3.601641999921412
4.036042999359779
3.340301000207546
3.741124000043783
3.169927000271855
3.0378439996638917
2.8183009999338537
2.8465659997891635
2.656510000633716
2.69946299977164
2.407724000477174
2.797334999740997
2.6242100002491497
2.828607999617816
2.220006999777979
2.769249000266427
3.123960000266379
3.1112039996514795
2.8322250000201166
3.679110999655677
2.842326000063622
3.145695000057458
2.7291819997117273
4.051953000271169
3.247286000259919
3.316730999358697
3.2777189999251277
2.902618000007351
2.6962619995174464
3.206237000085821
3.17166599961638
2.3797719995855005
2.317401000254904
2.4015230001168675
2.432893999866792
2.3382910003419966
2.2264280005401815
2.231208000011975
3.3133200004158425
2.6485509997655754
4.004712000096333
2.6465099999768427
2.446495000185678
3.628562999438145
2.9961379996166215
3.1545760002700263
2.5859580000542337
2.397762999862607
2.69036400004552
3.570401000615675
3.306450999843946
4.776185000082478
2.981730000101379
3.9452900000469526
2.534326999921177
2.4750749998929678
2.8988390004087705
2.4633149996589054
2.4133330007316545
2.418964999378659
3.2538810000914964
2.27145400003792
3.45098500019958
3.0799639998804196
3.665301000182808
4.024161999950593
2.430884000204969
3.7658949995602597
3.0160520000208635
2.5600879998819437
3.1920309993438423
3.8280310000118334
3.3074329994633445
3.770594999878085
2.813715000229422
3.05860299977212
2.6105489996552933
2.174727000237908
3.723024999999325
1.9450689997029258
2.3003899996183463
3.1327050000982126
2.7513330005604075
2.6738820006357855
2.5322270003016456
3.0659829999422072
2.0927330006088596
2.5177269999403507
3.360722000252281
3.3622419996390818
2.0550630006255233
4.332833999797003
