payload_size_bytes=512000
runs=100
mean_ms=3.165
median_ms=3.009
stddev_ms=0.721
min_ms=2.097
max_ms=6.412
---raw---
5.9868799999094335
3.9562100000694045
4.98335100019176
3.77939800000604
4.210206000607286
3.911787999641092
5.152407000423409
6.412116999854334
4.296490999877278
3.1219249995046994
3.0511220002154005
2.832815000147093
3.203076999852783
3.1970269992598332
3.6780319996978506
3.3686130000205594
3.4339869998802897
4.892685999948299
4.3072600001323735
3.6012800001117284
3.4229630000481848
2.951950000351644
2.848875999916345
2.506955999706406
3.1496450001213816
3.127754000161076
3.171218999341363
2.6588730006551486
2.4775929996394552
2.727513000536419
3.029051999874355
3.1676259995947476
3.279669999756152
2.6888559996223194
2.5560230005794438
3.0149920003168518
2.404312000180653
2.891928000281041
3.161466000165092
2.6003290004155133
2.9100390001985943
2.70768400059751
3.0512250004903763
2.8799980000258074
2.986821000376949
2.17113500002597
2.6596509997034445
2.414044000033755
5.0840140002037515
2.5229169996237033
2.6310899993404746
3.3018759995684377
2.872764999665378
2.7048369993281085
3.2195120002143085
3.178625999680662
3.040401999896858
2.911902999585436
3.300815999864426
3.1010940001579
2.802635000080045
2.7879050003321026
2.8250999994270387
3.002374000061536
2.874996999707946
3.040307999981451
2.8574059997481527
3.4205190004286123
3.3642620001046453
2.9680930001632078
3.4921080005005933
3.4415589998388896
2.9231290000097943
2.746664000369492
2.6001129999713157
3.5054149993811734
3.5435050003798096
3.2174680000025546
2.98156100052438
2.8174060007586377
2.9337919995668926
2.681322000171349
2.765344000181358
2.958129999569792
2.912343000389228
3.233022999665991
3.2138460001078784
3.0977289998190827
3.07195799996407
2.9991210003572633
2.8524720000859816
2.7632419996734825
2.096760999847902
2.406073999736691
2.336450000257173
2.265789000375662
2.458138999827497
3.4127489998354577
3.018525999323174
2.9187190002630814
