payload_size_bytes=512000
runs=100
mean_ms=3.538
median_ms=3.297
stddev_ms=1.234
min_ms=1.661
max_ms=8.953
---raw---
4.539307999948505
4.478087999814306
3.471134999927017
3.8199559994609444
2.536817999498453
2.6688840007409453
2.3350639994532685
2.4230429999079206
3.7218630004645092
2.3905680000098073
4.106681999473949
3.3675120002953918
3.047142000468739
3.513788999953249
5.986812000628561
2.0761329997185385
1.8399749997115578
1.9486600003801868
2.221308000116551
2.2504579992528306
2.1646099994541146
2.074623999760661
1.6610709999440587
5.311213999448228
4.291669999474834
3.912078999746882
5.590268999185355
2.6449700008015498
2.4767750001046807
3.2957599996734643
3.3252619996346766
3.0865139997331426
2.6723020000645192
2.5918689998434274
3.2983510000121896
3.094603999670653
3.029442000297422
3.1771280000612023
3.886788000272645
4.746503999740526
3.6796889999095583
3.439457000240509
4.409163999298471
5.211505000261241
4.086637000000337
5.625437999697169
4.866201000368164
5.293377999805671
5.415843999799108
3.183257000273443
5.1775479996649665
3.028531999916595
8.893029999853752
4.435374999957276
4.176677000032214
3.8126159997773357
4.226163000566885
3.036731999600306
4.213549000269268
3.069363000577141
2.93620499996905
4.972640000232786
3.459474000010232
2.6926070004265057
6.390879999344179
3.2078169997475925
8.953192999797466
3.375973999936832
3.1045989999256562
3.7747709993709577
2.683651000552345
2.7966850002485444
3.897788999893237
3.4607750003488036
2.859602000171435
3.5820339999190765
2.4314090005645994
2.7694789996530744
2.51133799974923
2.545729000303254
2.5651590003690217
2.7649040002870606
3.584669000701979
3.8179960001798463
2.768394000668195
2.6324400005250936
3.109994000624283
3.4595550005178666
3.6473560003287275
3.58124600006704
3.66468900028849
3.533927999342268
2.6413150008011144
2.8586810003616847
3.0407229996853857
2.9303089995664777
2.9826779991708463
2.9185410003265133
3.1875989998297882
3.3506019999549608
