payload_size_bytes=512000
runs=100
mean_ms=2.677
median_ms=2.563
stddev_ms=0.693
min_ms=1.577
max_ms=5.098
---raw---
5.097535999993852
5.091844999697059
3.071402999921702
3.349530999912531
2.819679999447544
1.975176000087231
2.202743999987433
1.978652000616421
2.1074640008009737
2.535508000619302
1.9010369996976806
1.9050669998250669
2.4935789997471147
1.8544660006227787
2.4408059998677345
2.129612000317138
2.1187450001889374
2.426656000352523
2.0579319998432766
2.556387999902654
1.7158030004793545
1.9307980001030955
1.796613999431429
2.8251660005480517
3.198709000571398
4.188927000541298
3.180587000315427
3.3099100000981707
2.397114999439509
2.0704530006696586
2.3483490003854968
2.660759999344009
2.9313940003703465
2.636705999975675
2.0707620005850913
2.5823380001384066
2.1040239998910693
1.739254999847617
3.4067920005327323
3.2790949999252916
2.314168000339123
2.690356000130123
3.2202020001932397
3.2090599997900426
3.23178199960239
3.7304580000636633
2.9005480000705575
2.4210490000768914
2.697367000109807
3.051151000363461
2.6012289999925997
2.500156000678544
2.282278999700793
2.489506000529218
2.435313999740174
2.2846920001029503
2.7593140002863947
3.2728290007071337
1.9090480000159005
2.310331000444421
1.7660339999565622
3.19673700050771
4.05454199972155
3.400016000341566
2.982132999932219
2.5559680007063434
2.570368000306189
2.1611049996863585
2.435975000480539
2.5731780006026383
2.426498999739124
1.83278100030293
3.0268420005086227
2.89579699983733
3.1044150000525406
3.1067939999047667
2.904420999584545
3.04710199998226
3.2120209998538485
2.9552449996117502
2.8073960002075182
2.850431000297249
3.400863000024401
3.3620849999351776
2.742042999670957
3.191447000062908
2.3736220000500907
2.0536319998427643
2.222699000412831
1.9151200003761915
1.5774970006532385
1.9676400006574113
1.8219639996459591
1.9559290003599017
2.4775560004854924
2.6407609993839287
4.597211000145762
4.272719999789842
2.0112219999646186
2.4475740001435042
