payload_size_bytes=512000
runs=100
mean_ms=2.998
median_ms=2.886
stddev_ms=0.674
min_ms=2.065
max_ms=6.406
---raw---
6.405885000276612
4.120834999412182
3.820173000349314
4.406414000186487
3.370413000084227
3.0402519996641786
3.0144309994284413
2.7012919999833684
2.969519999169279
2.4047340002653073
5.068764000498049
2.812597999763966
2.96276700009912
3.1863069998507854
2.6551309993010364
2.922919000411639
3.170586000123876
3.9872320003269124
3.0576620001738775
2.4555370000598487
2.847157999894989
2.3954329999469337
2.1601259995804867
3.0613250000897096
3.401422999559145
2.6516100006119814
2.996550999341707
3.4411950000503566
2.7282649998596753
3.003236000040488
3.348017000462278
3.543161999914446
2.907478999986779
2.63900600020861
2.804114999889862
2.8850779999629594
2.0652319999499014
2.2916899997653672
3.3780229996409616
2.376991999881284
3.3346700001857243
2.06582300052105
2.750554000158445
3.661632000330428
2.5316970004496397
2.6399999997011037
2.6657210000848863
2.757084999757353
2.8975880004509236
2.1956770005999715
3.3392209998055478
2.508957999452832
4.776924999532639
2.6756209999803104
3.268949999437609
4.2879399998128065
2.4377589998039184
2.303475000189792
3.0412919995796983
2.489075999619672
2.300709999872197
2.5045169995792094
2.5116980004895595
2.568017999692529
2.6570629997877404
2.453165000588342
4.430983999554883
2.3688419996688026
2.8869469997516717
2.3450810003851075
2.8071449996787123
2.5266370003009797
3.0031710002731415
2.7506429996719817
2.5160269997286377
2.307533000021067
2.9986730005475692
2.530463999391941
2.9431799994199537
3.1158669999058475
3.833345999737503
2.8859800004283898
3.127390000372543
2.718226999604667
4.331381999691075
2.9296499997144565
3.859342999930959
2.865974999622267
3.34761699923547
2.7067820001320797
2.8006399998048437
2.9948170003990526
2.788294999845675
2.9179490002206876
3.251391999583575
2.5564469997334527
2.5570810003046063
3.040268000404467
2.764199000012013
2.954273999421275
