payload_size_bytes=512000
runs=100
mean_ms=3.371
median_ms=3.054
stddev_ms=1.066
min_ms=1.774
max_ms=7.110
---raw---
6.2113690000842325
3.678551000120933
4.066524000336358
2.988060999996378
3.705012999489554
5.7101929996861145
3.1173469997156644
5.161727000086103
3.0111519999991287
3.025101000275754
3.4434910003255936
6.633735999457713
3.1912019994706498
3.457325000454148
2.920988000369107
5.848030000379367
4.720160999568179
6.819306000579672
3.914875000191387
3.0400320001717773
3.3418059992982307
2.590969000266341
3.105284999946889
3.530638000484032
3.253937999943446
7.11014599983173
3.1519510002908646
3.578920000109065
3.7249229999360978
4.201988000204437
3.1261020003512385
4.499677000239899
3.274710000368941
3.2237049999821465
6.165007000163314
3.031172000191873
3.0771140000069863
2.6651070002117194
3.305616000034206
2.8056109995304723
2.3428060003425344
2.6630770007614046
2.748063000581169
3.0261909996625036
3.708948000166856
3.451120000136143
2.4246989996754564
2.5779440002224874
2.424932999929297
2.7873200006069965
4.813536000256136
1.7744050001056166
2.2998609993010177
2.5754079997568624
2.5803529997574515
3.7854399997740984
2.3287209996851743
2.663930999915465
2.717112000027555
2.513579000151367
4.328702000748308
2.5879590002659825
2.2826300000815536
2.3327799999606214
2.4890159993447014
2.7332330000717775
2.7400230001148884
2.6979519998349133
2.7635149999696296
2.802930000143533
2.4904900001274655
2.4440850002065417
2.5365760002387105
2.4870500001270557
2.780314000119688
5.680827999640314
2.315200000339246
4.099949000192282
4.433641000105126
2.877656999771716
3.0846159997963696
2.9252790000100504
2.74744800026383
3.021310999429261
3.0684210005347268
4.2802950001714635
2.8357159999359283
3.325108999888471
3.185807000591012
2.654222999808553
3.116048999800114
2.7931829999943147
3.132198999992397
3.0147569996188395
3.4668349999265047
3.7311380001483485
2.884821999941778
4.097048999938124
2.8282000002946006
3.384363000805024
