payload_size_bytes=51200
runs=500
mean_ms=1.217
median_ms=1.133
stddev_ms=0.547
min_ms=0.568
max_ms=6.227
---raw---
1.1874859997078602
1.6535099998691294
1.1161749998791493
2.9799710000588675
2.0546770001601544
2.175132000047597
1.1251349997110083
2.5454669998907775
1.2326570004006498
1.1278049996690243
1.1371239997970406
1.3352310002119339
1.158954999937123
1.3482409999596712
1.2581880000652745
1.1630059998424258
1.2187669999548234
1.0884729999816045
1.17298600025606
1.1035329998776433
2.605442000003677
2.6014770000983845
1.1055529998884595
1.0086209999826679
0.9516700001768186
0.9706199998618104
1.0654120001163392
2.641001000029064
0.9664690001045528
1.0469220001141366
1.0435810004310042
1.007610999749886
1.0650419999365113
0.9367989996462711
1.0805450001498684
1.0222790001535031
1.002891000098316
1.038241000060225
1.1854760000460374
1.2702489998446254
1.043222000134847
1.099492999856011
1.2441079998097848
1.093933999982255
1.1317240000607853
1.2876890000370622
0.9654489999775251
1.0025299998233095
1.073941999948147
2.8329060000942263
0.9156979999715986
1.3236599997981102
1.001411000288499
1.023631999942154
1.0055099996861827
1.8886269999711658
1.3404609999270178
2.838986000369914
0.9976300002563221
1.1892859997715277
3.1371149998449255
0.9853900000962312
1.1012329996447079
0.9942449996742653
0.9704100002636551
1.0695870000745344
1.1899460000677209
1.7444029999751365
1.1884369996550959
1.1020530000678264
1.2546579996524088
1.1089640001955559
1.1029080001208058
1.079968000340159
1.080503000139288
1.055852999797935
1.230168999882153
1.2248180000824505
1.083435000055033
1.4327859998957138
3.9752459997544065
1.2623279999388615
1.1941959996875084
1.0447019999446638
2.8426760000002105
1.9289390002086293
1.7287830000896065
1.575100000081875
3.212184999938472
1.0724429998845153
1.1798159998761548
3.0909430001884175
1.4665549997516791
1.5995799999473093
1.3342080001166323
2.154884999981732
2.8713480000988056
2.4574840003879217
0.8958170001278631
1.1994060000688478
2.2386280002137937
1.171245000023191
3.428222999900754
0.9105680001084693
2.0501520002653706
1.060262999999395
0.7064409996928589
1.7710739998619829
0.6521399996017863
2.555507000124635
1.1465150000731228
1.001549999728013
1.8410370003039134
5.0996739996662654
6.2268800002129865
2.2435910000240256
0.7599000000482192
2.3071390000950487
1.9070610001108435
0.6518769996546325
0.6712509998578753
0.6488099998023245
1.7316219996246218
2.9146589999982098
1.2242969996805186
0.9743119999257033
1.090282999939518
1.2680459999501181
1.026942000407871
1.1565850004444655
1.0368210000706313
1.6052089999902819
0.6918409999343567
0.6161689998407383
0.9799899999052286
0.7264320001922897
0.711002000116423
0.7317220001823443
1.3611910003419325
1.1748150000130408
1.1186240003553394
1.0334309999961988
0.8640559999548714
0.8638360000077228
1.0125710000465915
0.6683209999209794
1.0979230000884854
1.022660999751679
0.725282000075822
0.6938110000191955
0.5675869997503469
0.9717090001686302
1.2033369998789567
0.6253189999370079
0.6763399996998487
0.7896839997556526
0.6707699999424221
0.6837009996161214
1.0836629999175784
0.6576600003427302
1.025050999942323
1.0602930001368804
0.6592599997929938
0.6979009999668051
0.7272919997376448
1.0472709996065532
0.9028370000123687
0.9642489999350801
0.6328100002974679
0.7456729999830713
0.8929900000111957
0.8370860000468383
1.098931000342418
1.125144000070577
1.0176410000894975
0.6506310000986559
1.4267530000324768
0.9855099997366779
1.2797039998986293
1.1757859997487685
1.4100200000939367
2.5142449999293603
1.0706819998631545
1.1530540000421752
1.2491379998209595
1.1242539999329892
1.0520920000089973
1.0806430000229739
1.4455340001404693
1.3073220002297603
1.225915000304667
1.2150669999755337
1.2773589996868395
1.2275809999664489
1.4921799997864582
1.4381239998328965
1.2419029999364284
1.9333240002197272
1.0499420000087412
1.2524680000751687
1.0954629997286247
1.1562449999473756
1.1375240001143538
1.036160999774438
1.1385249999875668
1.3439710000966443
1.1385030002202257
1.0480020000613877
1.3698279999516672
1.1160779999954684
1.0220609997304564
1.2656779999815626
1.2958689999322814
1.1451850000412378
1.2582379999912519
1.081383999917307
1.1711669999385776
1.0675500002435
1.1138029999528953
1.1012929999196786
1.4415840000765456
1.112812999963353
1.2435280000318016
1.446514999770443
1.315578999765421
1.4930160000403703
1.5129909997995128
1.3916879997850629
1.1546169998837286
1.3866300000699994
1.0731429997576925
1.1506549999467097
1.3317709999682847
1.260397999885754
1.0732730002018798
1.1698250000335975
1.2255970000296657
1.4062120003472955
1.1813510000138194
1.424284000222542
1.286402999994607
1.042911000240565
1.3832930003445654
0.6848400003036659
1.5819079999346286
1.3349810001273
0.6885910001983575
0.6749610001861583
1.0536810000303376
0.6104889998823637
1.8716079998739588
0.9217980000357784
0.7698630001868878
1.3913629995840893
0.60400899974411
0.8237649999500718
1.296199000080378
1.322289999734494
0.7121420003386447
1.2232579997544235
1.2591700001394202
0.6483469996965141
0.6354389997795806
1.5262870001606643
1.454165999803081
0.7645709997632366
0.7089919999998529
1.681101000031049
1.477813999827049
1.4093429999775253
1.0145000001102744
1.1687549999805924
0.8044940000218048
1.1695749999489635
1.7838670000855927
2.050779999990482
0.8366759998352791
0.756133000322734
1.0762739998426696
0.9677909997662937
1.9420760004322801
0.6931920001989056
1.1888460003319778
0.7672429997001018
1.1070539999309403
0.7070209999255894
0.636548999864317
0.732943000002706
0.9287279999625753
0.8901370001694886
0.6643209999310784
0.9343980000267038
0.7662530001653067
0.7019310000941914
0.952759000028891
0.8108050001283118
1.3010200000280747
0.639078999938647
0.6605200001104095
1.4272729999902367
0.6357799998113478
0.6896009999763919
0.7317820000025677
2.316530999905808
0.7772529997964739
1.6272299999400275
0.7617240003128245
1.6482750002069224
1.9991359999949054
0.5869779997738078
1.0100409999722615
0.7550029999947583
1.0626419998516212
1.1630050003077486
0.794783999936044
0.6498200000351062
0.6869810003991006
0.5987479999021161
0.656990000152291
0.7966940002006595
1.0052699999505421
0.660990000142192
1.39898199995514
1.2052670003868116
0.664629999846511
0.6355390000862826
1.224066999839124
0.6954619998396083
0.7229320003716566
1.0709129996939737
0.8970569997472921
1.555987000301684
1.545508000162954
0.8516080001754744
0.7508700000471435
0.6992240000727179
2.0709509999505826
1.1515450000842975
1.1111939998045273
0.6295089997365722
0.6884310000714322
0.9025469998960034
0.9314879998782999
1.214837000134139
0.768884000081016
0.6376389997058141
0.6282990002546285
0.6374989998221281
0.7017309999355348
0.6351590000122087
0.7452219997503562
0.9891400000014983
1.277058000141551
1.126464000208216
0.6774100002076011
0.728062000234786
0.7371850001618441
0.6828410000707663
1.469685000301979
1.1518549999891547
1.073461999567371
1.0997730000781303
1.1072439997406036
1.105486000142264
0.7000410000728152
1.1121709999315499
0.662349999856815
1.724443000057363
0.9385180001117988
0.6000690000291797
0.6651899998360022
1.2297180001041852
0.6284789997152984
0.6643800002166245
1.83875699985947
1.0289410001860233
0.6819909999649099
0.7565130003968079
1.1326840003675898
0.7571350001853716
0.6405260000974522
1.4663649999420159
0.9568899999976566
1.7231819997505227
1.3464799999383104
0.6246789998840541
0.987659999736934
1.0885619999498886
1.0102699998242315
0.7999039999049273
1.935821000188298
1.1388650000299094
1.5147209996939637
1.864203999957681
1.2924759998895752
1.2298530000407482
0.9919099998114689
1.2542579997898429
1.2209820001771732
1.046822000262182
1.8413650000184134
1.2441280000530242
1.4886549997754628
1.1371149998922192
1.11899400008042
1.0933979997389542
1.2701430000561231
1.2036770003760466
1.6418099999100377
1.5893180002422014
1.180096000098274
1.3410510000539944
1.157114999841724
1.2865319999946223
2.134551999915857
1.1516949998622295
1.4265239997257595
1.2028360001750116
1.3059800003247801
1.076392999948439
1.0578410001471639
1.2164970003141207
1.2250499999026943
1.3245179998193635
1.2171769999440585
1.329160999830492
1.1446249995969993
1.3161199999558448
1.071016999958374
1.1170640000273124
1.2926790000165056
1.2705959998129401
1.1815889997706108
1.235034999808704
1.1361100000613078
1.2468119998629845
1.2264169999980368
1.2875600000370468
1.4238930002647976
1.1642449999271776
1.0788929998852836
1.1507949998303957
1.131428999997297
1.2062209998475737
1.1892590000570635
1.0810260000653216
1.8708719999267487
1.240778000010323
1.5058560002216836
1.1011340002369252
1.1415650001254107
1.2329020000834134
1.1093279999840888
1.2004720001641545
1.0924379998868972
1.6462700000374753
1.129757999933645
1.6800859998511442
1.0319759999219968
1.2792720003744762
1.343690999874525
1.2243940000189468
1.3751070000580512
1.0878690000026836
1.1782149999817193
1.0728629999903205
1.238238000041747
1.1900670001523395
1.1878269997396274
1.357811000161746
1.2906900001325994
1.0408409998490242
1.4052269998501288
1.1569150001378148
1.1323990001983475
1.2384380002004036
0.942599000154587
1.3042290001976653
1.3353330000427377
2.099184000144305
1.1491579998619272
1.2769089998982963
1.1605649997363798
1.2985350003873464
1.2238059998708195
1.1891260000993498
1.0209910001321987
1.2509289999798057
1.1987160000899166
1.3020520000281977
1.2597760000971903
1.1178740001014376
1.247940000212111
1.7099020001296594
1.1265289999755623
1.077198000075441
1.1431070001890475
1.09562299985555
1.4255730002332712
1.0887510002248746
