payload_size_bytes=51200
runs=500
mean_ms=1.259
median_ms=1.161
stddev_ms=0.514
min_ms=0.566
max_ms=7.651
---raw---
2.1093330001349386
1.9433649999882618
1.2526720001915237
1.6730110000935383
1.9309470003463503
1.438365000012709
1.8918480000138516
1.0486920000403188
2.1554850000029546
3.6635110000133864
1.1954460001106781
1.3212509998083988
1.192245999845909
2.1060839999336167
1.1443339999459567
1.087632999769994
1.6177289999177447
2.6121390001208056
1.1302039997644897
1.1367150000296533
1.240066999798728
1.071661999958451
1.1474800003270502
4.999596999823552
1.0426559997540608
1.2606039999809582
1.518726000085735
1.1840459997074504
1.2503680000008899
1.4311539998743683
1.1628649999693152
1.9686400000864523
1.401401999828522
1.3634020001518365
1.579528000092978
1.234368000041286
2.1217150001575646
1.1784360003730399
1.2203669998598343
1.179605000288575
0.9741200001371908
1.0456559998601733
0.9561100000610168
1.1643960001492815
1.0703829998419678
1.6368679998777225
1.2102159998903517
1.65293300005942
2.3866379997343756
2.0393820000208507
0.8967670000856742
0.6705999999212509
1.3235810001788195
0.9662190000199189
2.2042569999030093
2.0576520000759047
1.3705020000998047
1.8633559998306737
7.650543999716319
2.1110840002620535
1.9039180001527711
0.9828900001593865
0.6486090001089906
0.7270139999491221
1.9265060000179801
2.1937359997536987
1.9369799997548398
2.10562399979608
0.5664270001943805
0.6064989997867087
1.9782300000770192
2.812686000197573
0.8259349997388199
2.679070999874966
2.4968850002551335
0.8950770002229547
0.7470030000149563
1.6610610000498127
1.0060209997391212
0.8159049998539558
0.8686070000294421
1.7445720000068832
0.8784870001363743
1.4547949999723642
2.698522000173398
0.9138479999819538
0.7119719998627261
1.481565000176488
0.6108490001679456
2.61379899984604
2.680940999653103
0.6712099998367194
0.9548190000714385
1.2963300000592426
0.9536990000924561
1.7287729997406132
2.2385279999070917
1.3593819999186962
0.8568559997002012
1.3647020000462362
2.4732350002523162
0.9901699995680247
1.6883909997886803
1.1249140002291824
0.8782770000834716
1.0705629997573851
1.0767229996417882
0.8737859998291242
0.7938939997984562
1.955859000190685
1.0132110000995453
0.9141169998656551
0.9223880001627549
0.7878339997660078
1.8738169997050136
1.099906000035844
1.416865000010148
1.9543769999472715
1.8551429998296953
2.370612000049732
1.2791089998245297
2.2405770000659686
1.7097529998864047
1.1457149998932437
1.1507449999044184
1.2837089998356532
1.2792699999408796
1.1663549998957023
1.1725060003300314
1.1881760001415387
1.1449450003055972
1.1038119996555906
1.211006999710662
1.214876999711123
1.1441750002632034
1.0576929998933338
1.1171790001753834
1.105863000248064
1.3983730000290961
1.0762329998215137
1.1027030000150262
1.102432999687153
1.5563080000902119
1.1261839999860968
1.1702150000019174
1.538946999971813
1.1059039998144726
1.550727999983792
1.064727000084531
1.0938179998447595
1.525155999843264
1.3120730000082403
1.0399819998383464
1.4711449998685566
1.0329890001230524
1.169537999885506
1.4083320002100663
1.2129759998060763
1.557012999910512
1.1474249999992026
1.1142929997731699
1.5561479999632866
1.1273439999968105
1.0185310002270853
1.167810999959329
1.124908999827312
1.3958330000605201
1.2761409998347517
1.5865760001361195
1.11561600033383
1.1909330000889895
1.444024000193167
1.1384439999346796
1.1675850000756327
1.1501899998620502
1.1252219997004431
1.1523919997671328
1.282994000121107
1.043922000008024
1.0315320000700012
1.0858229998120805
1.0584460001155094
1.0868929998650856
1.2106300000596093
1.363704000141297
1.2250770000719058
1.0536419999880309
1.1856639998768514
1.2816959997508093
1.1042629998883058
1.0411869998279144
1.1237290000281064
1.4056229997549963
1.0394720002295799
1.1746149998543842
1.1382879997654527
1.4781549998588162
1.3072719998490356
1.1592850000852195
1.2364419999357779
1.112064000153623
1.1023340002793702
1.0294600001543586
1.1072570000578708
1.3370639999266132
1.1908359997505613
1.4447090002249752
1.8482069999663508
1.1261240001658734
1.282799999898998
1.0261910001645447
1.1566149996724562
1.0025310002674814
1.0335709998798848
1.232092999998713
1.173556000139797
1.083612999991601
1.5386119998765935
1.49697599999854
1.139149000209727
1.461710000057792
0.9448100004192383
1.0192810000262398
0.9254299998247006
1.3271399998302513
1.18906399984553
1.557748999857722
1.090412999928958
1.0303240001121594
1.153234999947017
1.0853129997485667
1.0220969998044893
1.4191830000527261
1.1580949999370205
2.340650999940408
2.0082999999431195
1.4979150000726804
0.9770790002221474
1.006599999982427
2.1886770000492106
1.6982509996523731
1.6514210001332685
1.208836999921914
1.1446599996816076
1.4602439996451722
1.1179150001225935
1.639398999941477
1.0928400001830596
1.258959000097093
1.5965759998834983
1.585678000083135
1.3869429999431304
1.2117119999857096
1.244412999767519
1.5113570002540655
0.9963899997273984
1.1355050000929623
1.2961699999323173
1.0508649997973407
1.4199800002643315
1.1506450000524637
1.5835469998819462
1.1820260001513816
1.1139939997519832
1.1291939999864553
1.8054149995805346
1.2943589999849792
1.3677419997293327
1.4117649998297566
0.7484480001949123
0.7753489999231533
1.9525289999364759
0.7645030000276165
0.9966429997803061
0.6992210001044441
0.8553229999961331
1.052741999956197
0.6403789998330467
1.4948860002732545
0.7020809998721234
1.0290320001331565
0.8589960002609587
1.012201000321511
0.5839679997734493
0.9255279996978061
1.6840910002429155
0.9418990002814098
0.8032539999476285
0.6106089999775577
0.8769490000304359
1.3287299998410163
0.7303319998754887
0.7667629997740733
0.6852100000287464
1.1233990003347571
1.992368000173883
0.6527170003209903
0.7475030001842242
1.6481899997415894
0.6710200000270561
1.0112459999618295
1.2154319997534913
0.9365779997096979
0.8956579999903624
1.2145770001552592
0.9707090002848417
0.9786000000531203
1.40180300013526
1.0780129996419419
0.9360089998153853
0.7892240000728634
0.6711510000059207
0.8357350002370367
0.8478750000904256
0.6864110000606161
1.113654000164388
1.5552579998256988
0.9188970002469432
0.7332249997489271
1.0583000002952758
1.1819760002254043
0.9553790000609297
1.037512000038987
0.6435599998440011
0.797443999999814
0.6031879997863143
0.6602100002055522
0.7320220001929556
0.9549189999233931
0.9684189999461523
0.6793810002818645
0.6801429999541142
0.6602779999411723
0.761112999953184
0.9586790001776535
0.7395630000246456
0.6240389998311002
1.7216320002262364
0.7244319999699655
0.6215079997673456
1.2247299996488437
0.7177719999162946
0.9787189997041423
0.9985299998334085
1.6119790002449008
0.6888709999657294
0.6804009999541449
1.3276710001264291
0.8572560000175145
0.6321299997580354
0.6643500000791391
0.6072790001780959
1.0446020000927092
0.7377120000455761
0.9862100000646024
1.143084999966959
1.1353750001035223
1.328559999819845
1.1714079996636428
1.1670829999275156
1.554547000068851
1.0249809997731063
1.1361940000824688
1.1815060001936217
1.1829150002995448
1.2451769998733653
1.2333380000200123
1.8152450002162368
1.3525510003091767
1.2132770002608595
1.2904019999950833
1.3366210000640422
2.017289999912464
1.0357219998695655
1.4023569997334562
1.3589970003522467
1.18581600008838
1.3854720000381349
1.1279000000286032
1.5400760003103642
1.1514900002111972
1.2776190001204668
1.0838030002560117
1.1553249996723025
0.9617989999242127
1.0546950002208177
1.332597999862628
1.0672119997252594
1.4641749999100284
1.1651250001705193
1.0774450001918012
1.9441760000518116
1.2851790002059715
1.1613950000537443
1.0544540000410052
1.0897839997596748
1.2611610000021756
1.0272710001117957
1.2415539999892644
0.9506189999228809
1.3194529997235804
1.539427000352589
1.4520549998451315
1.4271710001594329
1.0355720000916335
1.1223369997424015
1.3596520002465695
1.163152999652084
1.0733320000326785
1.0276719999637862
1.5608599996994599
1.629205999961414
1.248378000127559
1.0566350001681712
1.1431249999986903
1.4971460000197112
1.4538619998347713
1.123814000038692
0.9905150000122376
1.1272239999016165
1.2539379999907396
1.2011810003969003
1.098323999940476
0.9616090001145494
1.2288200000512006
1.0340219996578526
1.0522420002416766
1.2955199999851175
1.1035530001208826
0.9208280002894753
1.2030519997097144
1.1142280000058236
1.3132050003150653
1.1701950002134254
1.2202620000607567
1.0231309997834614
1.2027319999106112
1.1233239997636701
1.2140470003032533
1.0216080004283867
1.3896850000492122
1.2565580000227783
1.2548979998427967
1.1686100001497834
1.1886620000041148
1.172765999854164
1.1124539996671956
1.2844830002904928
1.1528879999787023
1.151491999735299
1.1552350001693412
1.2787489999936952
1.3360160000956967
1.1400240000511985
1.141754999935074
1.258083000266197
1.3218630001574638
1.1833329999717535
1.1082640003223787
1.403823000146076
1.0643229998095194
1.1674649999804387
1.050591999955941
1.0982839999087446
1.4408660003937257
1.0948439999083348
1.2021630000162986
1.160034999884374
1.1350639997544931
1.265123999928619
1.1082109999733802
1.1857429999508895
1.1864409998452174
1.0611730003802222
1.1270039999544679
1.1135730001115007
1.0867430000871536
1.1821459997918282
1.165198999842687
1.1448350001046492
1.1374969999451423
1.205464000122447
0.9829200002968719
1.0043110000879096
1.0412920000817394
1.143977000083396
1.249194999672909
1.334986000074423
1.226522999786539
1.191845999983343
1.0523229998398165
1.3814569997521176
1.286768999761989
1.177152999844111
1.3892900001337694
1.078412999959255
1.257089000318956
1.7171120002785756
1.424643000063952
1.1333289999129192
