payload_size_bytes=51200
runs=500
mean_ms=1.379
median_ms=1.161
stddev_ms=0.737
min_ms=0.560
max_ms=4.561
---raw---
3.6682820000351057
3.8743369996154797
1.9617220000327507
3.2080440000754606
2.4939770000855788
4.040841999994882
2.035001999956876
2.567988000009791
1.921618000324088
1.704831999632006
4.0381530002377986
2.721273000133806
2.96800100022665
2.346121000300627
2.4713549996704387
2.7174619999641436
1.8716469999162655
2.9292390004229674
2.9993210000611725
3.3266099999309517
3.451915000368899
2.99548600014532
2.2412070002246764
2.8941020000274875
3.1330209999396175
3.171791000113444
2.8684869998869544
3.453424999861454
3.116195000075095
3.4897059999821067
3.820827000254212
3.2233480001195858
2.8613869999389863
4.242579000219848
2.808215999721142
4.561238999940542
4.283670000404527
4.406683999604866
3.1346659998234827
4.00880999995934
2.708861999963119
2.261828999962745
4.34858600010557
3.9756969999871217
2.000270999815257
2.3224209999170853
2.6594300002216187
4.191857000023447
1.1902259998350928
1.6052729997682036
1.3769070001217187
1.3772970000900386
1.640476999909879
2.6000489997386467
1.2957189996996021
1.2175539995951112
1.4553300002262404
2.6784609999594977
1.321935999840207
1.4551039998877968
1.196906000132003
1.434973999948852
2.702142000089225
1.4986549999775889
1.7841239996414515
1.2085759999536094
1.1599449999266653
2.994380000018282
2.3388119998344337
1.1335050003253855
2.7488330001688155
1.2563479999698757
1.1681549999593699
1.0713729998315102
1.1340439996274654
2.3742319999655592
1.1788560000240977
2.7052419995925447
1.062223000189988
1.0969340000883676
2.4434240003756713
1.2022470000374597
1.1333749998811982
1.0121300001628697
1.1887260002367839
4.4666950002465455
1.3769309998679091
1.0825260001183779
1.3227069998720253
1.4112959997873986
1.1085409996667295
1.1765149997700064
1.3457410000228265
1.2030660000164062
1.1499580000418064
1.0894199999711418
1.1462649999884889
1.1704390003615117
1.101591000406188
3.2394890004070476
2.9557699999713805
1.010900999972364
0.7981240000844991
0.8711260002201016
1.2570580001920462
1.094152999939979
0.5938780000178667
1.4329430000543653
0.9061370001290925
0.8202549997804454
0.8764369999880728
1.3205899999775284
0.8564659997318813
2.0124220000070636
1.1695550001604715
1.3183500000195636
1.3321000001269567
0.5954379998911463
0.5597069998657389
0.9950300000127754
1.8109459997504018
1.3083490002827602
0.77685400037808
0.6754110004294489
1.1481050000838877
2.1921860002294125
0.7826930000192078
1.9899710000572668
0.6557800002156
0.7000509999670612
2.097463999689353
0.9327279999524762
1.0804829998960486
0.6923529999767197
0.6334770000648859
1.0899930002779001
0.6618200000048091
1.4135030000943516
1.0693029998947168
0.7156120000217925
0.6205989998306904
1.0746329999165027
0.73804299972835
0.7654729997739196
0.614658999893436
0.8719459997337253
0.9674890002315806
0.7323720001295442
1.440053999886004
1.0698549999688112
1.150212999618816
1.3619509995805856
2.3845420000725426
1.0055700004159007
1.443793999897025
1.0431370001242612
3.1982720001906273
1.241340999968088
3.3372990001225844
1.5045559998725366
1.087603000087256
2.519575999940571
1.1377139999240171
1.5893779996076773
0.9999550002248725
1.011850999930175
0.995220000277186
1.344991000223672
0.9760099997038196
1.0540759999457805
0.6560699998772179
0.6654609996985528
2.8544770002554287
1.3083800004096702
0.7335020000027725
0.9029170000758313
0.7088820002536522
0.7473230002688069
0.6679600001007202
0.6811210000705614
1.882156999727158
1.0795629996209755
1.347300999896106
1.0655420001057792
0.7467719997293898
0.6150690001049952
0.8215450002353464
1.0892430000239983
0.919218000035471
0.671390000206884
0.7213420003608917
0.7097319999047613
0.6670800003121258
0.6551799997396301
1.0203120000369381
0.8042549998208415
1.0701629998948192
0.6324790001599467
0.749731999803771
0.7837539997126441
0.7386020001831639
0.9041680000336783
0.6573199998456403
1.6857010000421724
0.7297430001926841
0.6581290003850881
0.6143690002318181
0.663220999740588
0.6348289998641121
0.9441390002393746
1.3385409997681563
1.60794800012809
1.0005210001509113
0.8589760000177193
0.6320489997051482
1.7546029998811719
1.2094070002603985
1.0361120002926327
0.8997689997158886
1.0807929998009058
0.9796370000003662
1.470664999942528
0.6877900000290538
0.7032909998088144
1.0643219998200948
0.6915620001564093
0.8963979998952709
1.5269069999703788
0.9899100000438921
0.8848269999361946
0.666200000068784
0.7442920000357844
1.2599080000654794
1.443754000320041
0.6594900000891357
1.6077589998531039
0.6812010001340241
1.4551939998455055
0.9888800000226183
0.6113490003372135
0.5910079999011941
1.158336000116833
1.3139689999661641
2.109844000187877
0.6445499998335436
0.6009280000398576
0.6706799999847135
0.7840039997972781
0.6969810001464793
0.6359700000757584
1.219396999658784
1.0628120003275399
0.7233439996525703
0.7018890000836109
0.8227049997913127
1.1632949999693665
1.433393999832333
0.6954310001674457
0.6306589998530399
1.401212999553536
0.9687190004115109
2.161215999876731
1.5194559996416501
1.1883370002578886
1.9569090000004508
1.0927160001301672
0.9483779999754915
1.021431000026496
0.9103970000978734
1.3373709998631966
1.0185510000155773
1.102172999708273
1.3156940003682394
1.0978340001202014
1.0069410000141943
1.0470679999343702
1.5245869999489514
0.999110000066139
0.9622319998925377
1.00826900006723
1.003244999992603
1.0367509999014146
1.180375999865646
1.0164610002902918
0.9563290000187408
0.9472480001022632
0.9674789998825872
1.0096510000039416
1.1563849998310616
1.038022000102501
0.9944509997694695
1.1883960000886873
1.0597519999464566
1.0660319999260537
1.0945539997919695
1.5517219999310328
1.3762419998784026
1.0059609999188979
1.1423550004110439
2.0881840000583907
0.9160610002254543
1.0025530000348226
0.9889200000543497
1.014277000194852
0.9643319999668165
1.2378859996715619
0.9464190002290707
0.9914699999171717
1.004370999908133
1.1519350000526174
1.2165519997324736
1.122974000281829
1.1072010001953458
1.0991359999934502
1.013269999930344
1.1129139998047322
1.1295999997855688
0.9976199999073287
1.3798120003229997
0.9973500000342028
1.1201540000911336
1.0782330000438378
1.0431410000819596
1.8818070002453169
1.405897000040568
1.2146760000177892
1.1143440001433191
1.043212000240601
1.094434000151523
1.2733260000459268
1.229974999660044
1.1046240001633123
1.2880530002803425
1.2317430000621243
1.3326499997674546
1.1343239998495847
1.0870329997487715
1.2323930000093242
1.137754999945173
1.2329679998401843
1.215840999975626
1.268811000045389
1.4186900002641778
1.0306520002814068
1.1251840001023083
1.3383010000325157
1.2088199996469484
1.2609159998646646
1.442554000277596
1.129004000176792
1.5717379997113312
1.0660230000212323
1.07478199970501
1.1564950000320096
1.166609000392782
1.1464640001577209
1.1304200002086873
1.0795880002660851
1.1765859999286477
1.2711189997389738
1.0255659999529598
1.1623030000009749
1.419573000021046
1.1849440002151823
1.33507999998983
1.1944200000471028
1.5423439999722177
1.2139820000811596
1.1726560001079633
1.213632000144571
1.8474849998710852
1.5680270003031183
1.5722870002718992
1.2966090002919373
1.1653460001070926
1.0637119999046263
1.1559449999367644
1.1799809999502031
1.2837039998885302
1.1488350000945502
1.2903120000373747
1.3417489999483223
1.179495000087627
1.2640810000448255
1.3914020000811433
1.4453470002990798
1.317497999934858
1.1110340001323493
1.2108260002605675
1.1166539998157532
1.1880209999617364
1.2147709999226208
1.1273139998593251
1.2167969998699846
1.199867000195809
1.1051970000153233
1.1912859999938519
1.165992000096594
1.135084999987157
1.0915619996012538
1.1649660000330186
1.239187999999558
1.1157839999214048
1.5455900002052658
1.208143999974709
1.2859790003858507
1.0950830001092982
1.0820880002029298
1.2233749998813437
1.1866660001942364
1.1377949999769044
1.606930999969336
1.313237999966077
1.0678619996724592
1.1914359997717838
1.0413050003990065
1.1931839999306249
1.167539999642031
1.1362699997334857
1.1431350003476837
1.135509999585338
1.136684999892168
1.0300110002390284
1.0353059997214586
1.060354999935953
1.352368999960163
1.133384000240767
1.1792380000770208
1.276185999813606
1.3694619997295376
1.1103940000793955
1.0614520001581695
1.3985420000608428
1.2060130002282676
1.1650910000753356
1.193561000036425
1.0392869999122922
1.3470310000229802
1.1770159999286989
1.1201639999853796
1.0517020000406774
1.1277049998170696
1.2454699999580043
1.0626799999045033
1.2726580002890842
1.1510449999150296
1.1846050001622643
1.172881000002235
1.07105799997953
1.146945000073174
1.1215929998797947
1.3088600003356987
1.1298640001768945
1.0928439996860106
1.1153039999953762
1.2702190001618874
1.239652000094793
1.168313000107446
1.2610059998223733
1.0839530000339437
1.06224299997848
1.1231339999540069
1.1167640000167012
1.3767569998890394
1.2115620002077776
1.1464649996923981
1.1994910000794334
1.1078980001002492
1.1939460000576219
2.0486030002757616
1.6966160001175012
1.1229589999857126
1.0176709997722355
1.289334999910352
1.0864629998650344
1.1025389999304025
1.1351940001986804
1.289539000026707
1.5929880000840058
1.2072069998794177
1.11853600037648
1.2382750001052045
1.6859709999152983
1.27303999988726
1.1445770001046185
1.2682490000770485
1.1614250001912296
1.1283640001238382
1.1347349995958211
1.2256290001460002
1.357638000172301
1.0622129998409946
1.0977329998240748
1.004120999823499
1.2018259999422298
1.1196039999958884
1.178812000034668
1.199860999804514
1.1991490000582417
1.14480199999889
