payload_size_bytes=51200
runs=500
mean_ms=1.200
median_ms=1.126
stddev_ms=0.444
min_ms=0.562
max_ms=3.989
---raw---
1.0529319997658604
1.6452200002277095
1.7623939997974958
0.9450480001760297
1.460974000110582
1.6839219997564214
1.3251699997454125
0.9183679999296146
1.023581000026752
1.273087999834388
1.0570519998509553
1.070432000233268
1.550436999878002
0.8186549998754344
1.3370510000640934
1.0354010000810376
0.7835239998712495
2.1915169995736505
0.8855669998411031
1.3050200000179757
1.5657469998586748
2.2653490000266174
0.714040999810095
1.1836859998766158
0.6155179999041138
1.3282200002322497
1.3424210001176107
1.1198639999747684
0.9619100001145853
1.1086739996244432
0.7128009997359186
1.1855059997287754
1.8377060000602796
1.9071689998781949
2.395382000031532
0.902867000149854
0.867876000029355
0.8740670000406681
0.5619970002044283
1.2615230002666067
0.7121270000425284
1.0185510000155773
1.8306849997316021
1.1062339999625692
1.084082000033959
1.2294869998186186
2.527936999740632
1.214015999721596
0.9972699999707402
1.6803809999146324
1.2285869997867849
1.1689050002132717
1.0872630000449135
2.2333030001391307
1.0837229997378017
1.9475750000310654
1.3121799997861672
1.0493219997442793
1.6482600003655534
2.4672149997968518
2.169795000099839
1.1805449998973927
1.325266000094416
2.4010130000533536
2.60720999995101
1.6306500001519453
1.0641680000844644
2.9784510002173192
1.0653219997038832
2.5128470001618552
1.921388000027946
1.0814229999596137
1.5071150000949274
3.98908199986181
1.4310639999166597
1.1002030000781815
1.628995000373834
1.1703549998856033
1.508660000126838
1.04928300015672
1.7268920000788057
1.4902559996698983
1.0487319996173028
1.0784729997794784
1.1312599999655504
1.0443420001138293
1.146889000210649
1.074002999757795
1.2068519999957061
1.062067000020761
1.6117089999170275
1.050201999987621
1.0793129999910889
1.0923039999397588
0.9955599998647813
1.4741350000804232
1.0903789998337743
1.0823229999914474
1.130274999923131
1.040562000071077
1.17504599984386
1.0529209998821898
1.0716229999161442
1.187995999771374
1.375891999941814
1.0495420001461753
1.0665830000107235
1.0735480000221287
1.184265999654599
1.1991510000370909
1.1046689996874193
1.14590999965003
1.49911600010455
1.124074000017572
0.9507889999440522
1.1448039999777393
1.029902000027505
1.1139739999634912
1.433484000244789
1.1859259998345806
1.0754679997262429
0.9608039999875473
0.9264530003747495
1.533386000119208
1.0501169999770354
0.9040929999173386
1.022015999751602
1.0408469997855718
1.4305839999906311
0.9991859997171559
3.2481580001331167
1.714487000299414
1.174095999886049
0.6202790000315872
2.455669000028138
0.7792040000822453
1.4289139999164036
1.0734620000221184
0.7857229998080584
1.3903379999646859
0.7955940000101691
3.627959000368719
0.9316079999734939
0.8263650001936185
0.7039009997242829
0.61185899994598
0.7104219998836925
2.546778000123595
0.6804810000176076
1.866085999608913
0.6603799997719761
0.7027359997664462
3.6390350001056504
0.8478059999106335
0.8828370000628638
0.8391649998884532
1.7205720000674773
1.7874649997793313
0.6318590003502322
1.0381619999861869
0.5849180001860077
2.112372999818035
1.0018799998761097
0.8567059999222693
1.4786149999963527
1.4417649999813875
0.6247289998100314
1.003261000278144
0.7368530000348983
0.723721999747795
0.6460889999289066
0.6537389999721199
2.0455820003917324
1.0800189998008136
0.6819860000177869
0.7393030000457657
0.6691199996566866
1.3077600001452083
0.7466430001841218
0.6394890001502063
0.6446699999287375
0.8155040000019653
0.7484630000362813
0.6797609999011911
0.5885279997528414
1.6402390001530875
1.0403440001027775
1.4473539999926288
0.9607070001038664
0.6100880000303732
0.684020999869972
0.7607340003232821
0.6831810001131089
0.6267290000323555
0.6904930000928289
3.5365049998290488
0.9854499999164545
0.6012779999764462
0.6459890000769519
0.7213819999378757
1.019001999793545
1.3414499999271357
1.2234370001351635
0.6653800001004129
0.9846430002653506
1.3616379997074546
0.6811210000705614
1.1732010002560855
0.6134939999355993
1.1177460000908468
0.7236620003823191
0.7410729999719479
1.3330030001270643
0.6887810000080208
0.6569600000148057
1.2821239997720113
1.15981599992665
0.7582920002278115
0.6884760000502865
0.6023329997333349
2.6017089999186283
0.8862570002747816
0.6439789999603818
0.9555790002195863
2.6457720000507834
0.676939000186394
0.8942969998315675
1.2028220003230672
1.1499699999149016
2.2376169999915874
1.2989699998797732
1.1542249999365595
1.6044179997152241
0.6609000001844834
1.2123970000175177
0.9750890003488166
0.6943639996279671
0.6287769997470605
1.639829999930953
1.0278610002387722
1.023581000026752
0.7359420001193939
1.500615999702859
1.225038000029599
1.2912890001643973
1.5401360001305875
0.8270749999610416
0.8780569996815757
1.021041000058176
0.9306779998041748
0.6499600003735395
0.6532800002787553
0.6916910001564247
0.6795260001126735
0.8713410002201272
1.8010049998338218
1.1342249999870546
1.3240399998721841
1.1864559996865864
1.023711000016192
1.0589919997983088
1.0767029998532962
1.3655810003001534
1.1744810003619932
0.9885099998427904
1.2966740000592836
1.0090199998558091
1.1188139997102553
1.1470350000308827
1.1959009998463443
1.1432850001256156
1.1472200003481703
1.0663620000741503
1.0205109997514228
1.1404439997022564
1.2105669998163648
1.0690419999264122
1.1515450000842975
1.1860069998874678
1.2322570000833366
1.1770659998546762
1.6148790000443114
1.0241109998787579
1.6088739998849633
1.13330899966968
1.1520309999468736
1.2197819996799808
1.1599800000112737
1.1080679996666731
1.1430049999034964
1.2840890003644745
1.0892430000239983
1.2178570000287436
1.2515029998212412
1.3008450000597804
1.0524119998081005
1.1628850002125546
1.1483639996185957
1.0915429998021864
1.0377710000284424
0.9660499999881722
1.1792559998866636
1.0510619999877235
1.0646919999999227
1.3263599998936115
1.1327039997013344
1.1408239997763303
1.0391929999968852
1.0578520000308345
1.0879629999180906
1.0891580000134127
1.0775079999802983
1.1257030000706436
1.1425650000091991
1.116343999910896
0.9538190001876501
1.1088440001003619
1.0883429999921646
1.0813530002451444
1.1326749995532737
1.2990989998797886
1.0929530003522814
1.0701729997890652
1.0601419999147765
1.0762719998638204
1.2165279999862832
1.1252239996792923
0.9879999997792765
1.108454000132042
1.0173910000048636
1.2048119997416507
1.1411590003262972
1.125723000313883
1.1334249998071755
1.063262000116083
1.1123629997200624
1.0655820001375105
1.419413000348868
1.391222000165726
1.2926999997944222
0.8456849996036908
0.8251149997704488
2.2344680000969674
1.144530000146915
1.069987999926525
0.9207680000145047
1.5606269998897915
1.1894170002051396
1.2171270000180812
1.1042030000680825
1.3564709997808677
2.6322100002289517
0.7614030000695493
0.6731510002282448
1.461833999655937
0.6986719999986235
0.9931600002346386
1.3828420001118502
0.7982940001056704
0.7293520002349396
1.544566999655217
1.2198770000395598
1.6378099999201368
1.1421149997659086
0.9421579998161178
1.0517730001993186
1.1148140001751017
0.8731259999876784
1.1539050001374562
1.16218499988463
1.0586120001789823
2.019571999881009
1.4480940003522846
1.4082530001360283
1.038572000197746
0.9773889996722573
2.0560819998536317
1.1798569998973107
1.0659230001692777
1.0830219998752
1.0606519999782904
1.8959280000672152
0.9353139998893312
0.8395650002057664
1.0238810000373633
0.9341679997305619
1.1048730002585216
0.9496679999756452
1.1966470001425478
1.0876930000449647
1.1115090001112549
1.1888659996657225
1.1373249999451218
0.9740190002958116
1.1102629996457836
1.091884000288701
1.192125999750715
1.124954999795591
1.1322240002300532
2.067203000024165
1.5326870002354553
1.2473880001380167
1.2506069997471059
1.3285500003803463
1.1257940000177769
1.5438069999618165
1.044131000071502
1.0957530002997373
1.1667849998957536
1.0681620001378178
1.076123000075313
0.9847800001807627
1.1469159999251133
1.2534980000964424
1.2019470000268484
1.1760360002881498
1.0757330001069931
1.2234969999553869
1.2564580001708237
1.1909360000572633
1.2076259999957983
1.162081000074977
1.163406000159739
1.358571999844571
1.1292539998066786
1.0104909997608047
1.3707620000786847
1.4320430000225315
1.2441029998626618
1.016891000290343
1.0454819998813036
1.0398320000604144
1.1819950000244717
1.1874960000568535
1.1785709998548555
0.9071670001503662
1.3177639998502855
1.5126660000532866
1.160054999672866
1.1173339999004384
1.2881289999313594
1.1083740000685793
1.4090630002101534
1.1659309998321987
1.1575899998206296
1.2834590002057666
1.4164130002427555
1.231686999744852
1.051080999786791
1.1121739998998237
1.2568390002343222
1.6349499996977102
1.2115869999433926
1.3495519997377414
1.126103999922634
1.2571369998113369
1.3175899998714158
1.158846000180347
1.0851430001821427
1.1487339997984236
1.2526880000223173
1.1787309999817808
1.081173000329727
1.0994439999194583
1.3290260003486765
1.9417479998082854
1.5434269998877426
1.260647999970388
1.0795519997373049
1.198496000142768
1.302645000123448
1.0140310000679165
1.0770730000331241
1.189850999708142
1.2335129999883065
1.2168670000392012
0.9698590001789853
1.076402999842685
1.0857829997803492
1.0438059998705285
1.11607400003777
1.1975919996984885
1.1472389996924903
1.2631079998755013
1.10869400032243
1.5528129997619544
1.1586790001274494
1.2105170003451349
1.2008869998680893
1.1298050003460958
1.1394640000617073
1.2255159999767784
1.1609409998527553
1.1293489997115103
1.1555650003174378
1.394152000102622
1.1363350004103268
1.0375510000812938
1.176385999769991
1.153764999799023
