payload_size_bytes=51200
runs=500
mean_ms=1.272
median_ms=1.157
stddev_ms=0.514
min_ms=0.580
max_ms=4.736
---raw---
1.5529570000580861
0.9396380000907811
3.270182000051136
1.47652499981632
2.3314009999921836
1.1470249996818893
2.0476639997468737
2.9518979999920703
1.5721569998277118
1.274189000014303
1.6352899997400527
3.170466000028682
1.50216600013664
1.0713420001593477
3.03012199992736
0.9741399999256828
2.3537840002063604
1.265528999738308
3.5753049996856134
1.1995270001534664
1.2491980000959302
1.527106999674288
1.4845850000710925
2.514616000098613
1.3134910000189848
1.1496240003907587
3.0118720001155452
1.1336910001773504
1.5499569999519736
1.2174469998171844
4.736154000056558
2.0892539996566484
1.1281540000709356
1.2709490001725499
1.1756260000765906
2.6529609999670356
1.088142999833508
1.411577999988367
2.6120769998669857
1.5169539997259562
1.1101039999630302
3.31821999998283
1.9906409997929586
1.1695650000547175
1.10311400021601
1.359351999781211
2.1357649998208217
1.706232000287855
1.1942209998778708
4.198088000066491
1.3407480000751093
1.4020900002833514
1.2969790000170178
1.1191929997949046
1.7506630001662415
1.3584220000666392
3.1787269999767886
1.1906159998034127
1.1673649996737367
1.4616250000472064
1.2501180003710033
1.1372650001248985
1.071281999884377
1.0289920001014252
1.0718119997363829
1.0464949996276118
1.3887519999116194
1.9441289996393607
1.3491879999492085
1.0217210001428612
1.1676259996420413
3.4490170000935905
1.8120330000783724
1.2779809999301506
1.1396549998607952
1.4103700000305253
1.113924000037514
1.0701219998736633
1.7540429998916807
1.098662999993394
1.4455539999289613
1.2322980001044925
1.0909430002357112
2.073093000035442
1.0743130001173995
1.1507549997986644
1.7154319998553547
0.984940000307688
1.1375290000614768
1.1537850000422623
1.1909919999197882
4.301420000047074
1.3365510003495729
1.733641999635438
1.403111999934481
3.5010870001315197
1.232489999893005
1.9012550001207273
1.1506779997034755
1.2775189998137648
2.5612449999243836
1.4434640002036758
1.0694319998947321
2.9451590003191086
1.1779860001297493
1.1124029997517937
1.5817280000192113
1.1186199999428936
1.1096090001956327
0.9849790003499947
2.373061000071175
1.6778409999460564
1.2060660001225187
1.0667130000001634
1.1300679998385021
1.089073000002827
1.228364999860787
1.0744249998424493
1.5710170000602375
1.1129290001008485
1.0685849997571495
1.0846759996638866
1.2101019997317053
1.034101000186638
1.1939159999201365
1.1698180001076253
1.1921430000256805
1.1488060004012368
1.1734600002455409
1.0435919998599275
1.3700059998882352
1.2067419997947582
1.0303819999535335
1.0976140001730528
1.0285710000061954
1.1146540000481764
1.0408319999442028
1.0707080000429414
1.0444819999975152
1.1948159999519703
1.2889990002804552
1.190385999962018
0.9609139997337479
1.011850999930175
1.2662679996537918
1.3461379999171186
1.0743330003606388
1.1215220001759008
1.0657129996616277
1.2225569998918218
1.192257000184327
1.0463809999237128
1.1196549999112904
1.1951490000683407
1.3122099999236525
1.8388930002402049
1.0784729997794784
1.1902370001735108
1.0620220000419067
1.0734819998106104
1.253513999927236
1.131311999870377
1.117810999858193
1.0321409999960451
1.1023939996448462
1.2293169997974474
1.186545999644295
1.1039139999411418
1.14455499988253
1.4941459999135986
1.1602870004026045
1.1902559999725781
0.7694910000282107
0.9252169998035242
1.7939550002665783
1.26040799978
0.955554000029224
0.9714699999676668
1.5571919998365047
1.3678320001417887
0.8992469997792796
1.2525369998002134
0.8006940001905605
1.5942279997034348
0.6681999998363608
0.843566000185092
0.7830039999134897
1.0455729998284369
0.6395189998329442
0.6673400002910057
0.6936210002095322
0.6678810000266822
0.6927099998392805
0.6647109998993983
0.9839499998633983
1.0288210000908293
1.0705029999371618
1.1563660000319942
1.0564120002527488
1.5062950001265563
1.87613300022349
1.1209700001018064
1.082542999938596
0.9451480000279844
1.0725930001171946
1.0688770003071113
0.9645000000091386
1.1145309999847086
1.0506210001040017
1.3005079999857116
1.4532840000356373
1.108507000026293
1.1068199996771
1.198007000311918
1.0871039999074128
1.2317659998188901
1.241739000306552
1.141134000135935
1.1201540000911336
1.0687529997994716
1.115122999635787
1.0292719998687971
1.110862999667006
1.1918569998670137
1.2445170000319195
1.1590160002015182
1.130243999796221
1.1680849997901532
1.1790059998020297
1.1409450003156962
1.155517999904987
1.5152739997574827
1.0295819997736544
0.8881869998731418
0.5977669998173951
1.0752929997579486
1.2186869998913608
1.0477220002940157
0.6621500001529057
0.8780159996604198
0.7442430000992317
0.6919809998180426
1.5180159998635645
0.9829800001170952
1.1538049998307542
0.911728000119183
1.5467470002477057
0.9107070000027306
0.8063549998951203
0.7041620001473348
1.8736269998953503
1.3675820000571548
1.3704510001844028
0.9767890001057822
0.6865710001875414
0.579907999963325
1.5720780002084211
0.679543000387639
0.7972339999469114
0.6293890000961255
0.6323790003079921
1.1580850000427745
0.6525190001411829
1.1888069998349238
0.8752660000936885
1.7123820002780121
0.7909840001047996
1.2323569999352912
0.6620100002692197
1.0556820002420864
0.7155710000006366
1.5616179998687585
0.7943539999359928
0.9704389999569685
1.6491759997734334
0.855255000260513
0.9968500003196823
0.6386000000020431
1.3367509995987348
0.8594860000812332
0.8514760002071853
1.2453379999897152
0.8649660003356985
1.9421480001255986
0.7181820001278538
0.8935289997680229
0.8063249997576349
0.7078620001266245
1.9817399997918983
1.1359350000930135
0.6641199997829972
0.6502599999294034
1.877726999737206
1.3043300000390445
2.416263000213803
0.8039639997150516
0.7016019999355194
1.8411549999655108
1.2317910000092525
1.1843429997497879
1.097983000363456
1.0866839998016076
1.2158969998381508
1.935768000294047
1.2003460001324129
1.487886000177241
1.6827809999995225
1.1173550001331023
0.7029610001154651
0.6203090001690725
0.8200950001082674
1.5602970001964422
0.9393889999955718
1.2039760003972333
0.7960240000102203
0.7323419999920588
1.6180689999600872
1.0497719999875699
0.7956539998303924
0.6900910002514138
1.5305759998227586
0.9726599996611185
1.797484000235272
1.403804999881686
1.0154509996027627
1.8268049998368951
1.1577610002859728
1.143428999967
1.1552650003068266
1.145494999946095
1.2105870000596042
1.584237999850302
1.6034609998314409
1.3515440000446688
1.148903999819595
1.2350120000519382
1.1665349998111196
1.0068209999190003
1.2088919997950143
1.136405000124796
1.4148139998724218
1.0138880002159567
1.3182819998291961
1.1372949998076365
1.0722830002123374
1.1252089998379233
1.1432040000727284
1.0800729996844893
1.1169130002599559
1.1371949999556819
1.2193880002087099
1.1386050000510295
1.039092000155506
1.0540220000621048
1.332390000243322
1.3018700001339312
1.0776619997159287
1.1975160000474716
1.2213320001137618
1.1743449999812583
1.2973539996892214
1.1874250003529596
1.1748659999284428
1.1602060003497172
1.2004159998468822
1.306849000229704
1.1632460000328138
1.1749949999284581
1.1516680001477653
1.1827640000774409
1.4910649997545988
1.1059940002269286
1.1000139998031955
1.1088930000369146
1.186920999771246
1.140222000231006
1.2696990002041275
1.1450739998508652
1.240605000020878
1.1389149999558867
1.3199519999034237
1.1996670000371523
1.1677919997055142
1.1229149999962829
1.166504000138957
1.2485680003919697
1.1924159998670802
0.7366820000243024
1.7139819997282757
0.5998579999868525
1.0810759999912989
1.2038139998367114
0.9024370001498028
0.6468990000030317
2.1482949996425305
1.1027730001842428
0.692970999807585
1.0547520000727673
0.9509700003036414
0.6261089997678937
0.8504259999426722
1.6606700000920682
0.9456090001549455
0.7991139996192942
1.4288229999692703
0.7172820000960201
1.0236510001959687
1.7488329999650887
1.312879000124667
1.1108140001852007
1.2391170002956642
1.069872999778454
1.2844389998463157
1.1818460002359643
1.0587130000203615
1.0859330000130285
1.9798799999080074
0.9720799998831353
1.1613750002652523
1.0982579997289577
1.2399030001688516
1.6749710002841312
1.3166559997443983
1.0109200002261787
1.0749000002761022
1.1173909997523879
1.510581000275124
1.5843179999137647
1.1489600001368672
1.180206000299222
1.298869000038394
1.1032980000891257
1.1403250000512344
1.2214550001772295
1.507517999925767
1.2088720000065223
1.1173339999004384
1.0278810000272642
1.0417270000289136
1.4687200000480516
1.2739139997393067
1.1408520003897138
0.9589559999767516
0.9963309998965997
1.1506660002851277
1.1834760002784606
1.127554000049713
1.1885419999089208
1.1178740001014376
1.1503800001264608
1.2774189999618102
1.2040520000482502
1.0140909998881398
1.0595290000310342
1.3047070001448446
1.5820110002096044
1.7998570001509506
1.414363000094454
1.1974560002272483
3.2806639997033926
1.1206839999431395
2.009370999985549
1.1598760002016206
1.5132979997360962
1.1415679996389372
1.1278549995950016
1.2173420000181068
1.1813559999609424
1.1021539999092056
0.9594100001777406
1.2757979998241353
1.4635970001108944
2.0113589998800308
1.0313539996786858
1.2622459998965496
1.172940000287781
1.1766960001295956
1.1453249999249238
1.2231270002303063
1.1897969998244662
1.0688430002119276
1.8026989996542397
1.1463450000519515
1.3016400002925366
1.0911030003626365
1.1347539998496359
1.4459539997915272
1.2293680001675966
1.5632170002390922
1.563807999900746
1.0869620000448776
1.4631449998887547
1.050572000167449
0.94901900001787
0.6883309997647302
0.6064280000828148
0.7540639999206178
1.3433710000754218
0.7759229997645889
1.0241120003229298
