payload_size_bytes=51200
runs=500
mean_ms=1.249
median_ms=1.156
stddev_ms=0.455
min_ms=0.553
max_ms=4.372
---raw---
1.1043230001632764
1.195706000089558
3.7061929997435072
1.145963999988453
1.1852460002046428
0.9474680000494118
2.212425999914558
2.0737790000566747
2.996854999764764
1.2942799999109411
1.136744000177714
1.0695229998418654
1.2518670000645216
4.189206999853923
2.502255999843328
1.067413000328088
1.1377040000297711
1.1088840001320932
1.241507000031561
1.8239259998154012
1.6447200000584417
1.5997989999050333
1.5022610000414716
1.3350409999475232
1.260279000234732
1.2374080001791299
1.3668609999513137
1.062942999851657
1.2262069999451342
1.64981500029171
1.1671960000967374
1.2457480002012744
1.0266610001963272
0.9707089998300944
1.1434250000093016
1.2540030002128333
1.067546999820479
1.18839599963394
1.2413029999152059
1.415717999861954
1.1271240000496618
1.2600480004039127
1.184505999844987
1.1694609997903171
1.3889870001548843
1.215496999975585
1.0575820001577085
1.4444690000345872
1.6079289998742752
2.0927430000483582
1.1913120001736388
3.2298930000251858
1.213156000176241
1.1344350000399572
1.3507210001080239
1.1655549997158232
1.2486339996939932
1.2424219999047637
1.274463999834552
1.2762989999828278
1.2639530000342347
1.2706279999292747
1.169465000202763
4.181636999874172
2.0464929998524894
1.3782410001113021
2.2974990001785045
1.1310049999337934
1.0199109997302003
1.0324219997528417
1.129750000018248
0.9582739999132173
0.9844199998951808
1.010501000109798
0.9968599997591809
1.2243670003044826
1.1247040001762798
1.0764020003080077
1.2142220002715476
1.9447390000095766
1.131094999891502
1.109283999994659
1.8294600004082895
1.2131920002502738
3.3895489996211836
4.371922000245831
1.0708019999583485
1.1011829997187306
1.1644649998743262
1.5127259998735099
1.2904899999739428
1.655329999721289
3.5892190003323776
2.4139729998751136
1.479835000282037
3.1668760002503404
1.0137710000890365
1.0109710001415806
1.0495609999452427
2.143085000170686
1.296199000080378
1.4457040001616406
2.4091459999908693
1.575177999711741
1.138632000220241
0.8329150000463414
0.8635260001028655
1.2764979996973125
0.8490659997733019
0.7430020000356308
0.6672509998679743
1.6159779997906298
1.1436449999564502
0.7907539998086577
0.8447360000900517
1.3909319995946134
0.8214549998228904
0.7366119998550857
1.284348999888607
0.9842199997365242
0.8965679999164422
0.7074410000313947
0.7873670001572464
1.516205999905651
0.9196769997288357
1.6331470001205162
2.6926519999506127
1.536556999781169
1.2434669997674064
2.9339899997467
1.2336969998614222
1.4807850002398482
1.1580160003177298
1.2477619998207956
1.186540999697172
1.1275550000391377
1.1787850003202038
1.9493889999466774
0.7014109996816842
1.0160640003959998
1.9726780001292354
1.0986940001203038
0.801104999936797
1.037632000134181
1.3100390001454798
1.4163920000100916
1.269248999960837
1.2110060001759848
2.148075000150129
0.7830839999769523
0.8662360000926128
1.0849929999494634
0.9506689998488582
0.7430129999193014
0.6514800002150878
0.5525169999600621
0.8753259999139118
0.7351869999183691
0.6641659997512761
0.7757240000501042
0.6224590001693286
0.6740600001649
1.2365470001896028
0.6925110001247958
0.9859599999799684
1.3351559996408469
1.2679430001298897
1.4043830001355673
1.1843259999295697
1.218106000123953
1.0113220000675938
1.8407959996693535
1.4536540002154652
1.0057909998977266
1.16513600005419
1.084111999716697
1.1038340003324265
1.206157000069652
1.3094290002300113
1.256738000392943
1.0011610002038651
1.165504999789846
1.803925000331219
1.1850070000036794
1.1586050000005343
1.1863660001836251
1.1420440000620147
1.1161639999954787
1.3142100001459767
1.2731790002362686
1.4329340001495439
1.241256999946927
1.192005999655521
1.1661250000543077
1.2140269996052666
1.0951829999612528
1.9228780001867563
1.1495749999994587
1.1350439999660011
1.148135000221373
1.1757759998545225
1.1075580000579066
1.203116999931808
1.4129730002423457
1.1130789998787805
1.1219890002394095
1.100998999845615
1.592348000031052
1.2255270003151963
1.1653850001493993
1.138065999839455
1.0476219999873138
1.0950829996545508
1.2225169998600904
1.1378149997653964
1.387661999615375
1.1494939999465714
1.0879530000238447
1.1129740000797028
1.1007939997398353
1.1207940001440875
1.0859229996640352
1.047931999892171
1.0452279998389713
1.293669000006048
1.1167200000272715
1.1052640002162661
1.0190299999521812
0.9966600000552717
1.0065720002785383
1.1041930001738365
1.0847230000763375
1.1254989999542886
1.3874420001229737
1.0008110002672765
1.5456870000889467
1.698266999937914
1.2056010000378592
1.1113780001323903
1.0919879996436066
1.159955999810336
1.2577980000969546
1.1243990002185456
1.180356000077154
1.1588849997679063
1.079843000297842
1.1621449998528988
1.4400590002878744
1.1290940001345007
0.981099999989965
1.1543949999577308
1.242343000285473
2.0987539996895066
1.014150999708363
1.2315769999986514
1.0181810002904967
1.0870930000237422
1.1320850003357918
1.132744000187813
1.068763000148465
1.252137999927072
1.1166049998792005
1.1463450000519515
1.1177540000062436
1.4934560003894148
1.4657850001640327
1.0640529999363935
1.1295730000711046
1.7336030000478786
1.605018000191194
1.4267990000007558
1.1192290003236849
1.1202589998902113
1.1741759999495116
1.221750999775395
1.3915120002820913
1.4287439998952323
1.1013639996235725
1.0409310002614802
1.1469249998299347
1.0807029998431972
1.154485999904864
1.0557659998085
1.1746250002033776
1.096598999993148
1.1559449999367644
1.1425450002207072
1.0934520000773773
1.2311479999880248
1.178996000362531
1.1707550002029166
1.0980430001836794
1.090913000098226
1.1562149998098903
1.0321009999643138
1.151075000052515
1.1887169998772151
1.0509719995752675
1.2013769996883639
1.0373309996793978
1.1734159998013638
1.260289000128978
1.0761929997897823
1.2159769999016135
1.4053479999347473
1.101909000226442
1.0940840002149343
1.178076000087458
1.0632419998728437
1.0141499997189385
1.1324339998282085
1.2219370000821073
1.0059910000563832
1.06740199998967
1.2132169999858888
1.3742719997935637
1.2580580000758346
1.3572210000347695
1.1400039998079592
2.435423999941122
1.1513549998198869
1.2260070002412249
1.6341489999831538
1.3458759999593894
1.1632490000010876
1.0430219999761903
1.1397949997444812
1.307859999997163
1.2521589997049887
1.0033510002358526
1.1183240003447281
1.109563999762031
1.9653189997370646
1.0461070000928885
1.2237420000928978
1.1578590001590783
1.1219539997000538
1.2607129997377342
1.1575349999475293
1.208427000165102
1.1374440000508912
1.1550249996616913
1.1477050002213218
1.1269249998804298
1.2659579997489345
1.1467250001260254
1.1014130000148725
1.1068030003116291
1.3079099999231403
1.2241270001140947
1.1324339998282085
1.3911620003455027
1.0242759999528062
1.273118999961298
1.3005089999751362
1.1859010000989656
1.112473999910435
1.192245999845909
1.2286569999560015
1.2644879998333636
1.4222729996618
1.1916660000679258
1.0772219998216315
1.1879259996021574
1.1157630001434882
1.0855340001398872
1.1940869999307324
1.101534000099491
1.1778650000451307
1.3828529999955208
1.5409869997711212
1.3661510001838906
0.9945299998435075
1.1141130003125
1.2067469997418812
1.1784570001509564
1.002869999865652
1.057951999882789
1.1620549998951901
1.0176910000154749
1.0007609998865519
1.0503620001145464
1.0627820001900545
1.0036499998022919
1.9837109998661617
1.2453120002646756
1.2181120000605006
1.0451520001879544
1.1296449997644231
1.038450000123703
1.0139309997612145
1.0300969997842913
1.0252349998154386
1.0408719999759342
1.2037070000587846
1.1029430002054141
1.292490000196267
1.0626970001794689
1.1164090001329896
1.0287120003340533
1.081806999991386
1.1940260001210845
1.1354050002410077
1.3184899999032496
1.1308900002404698
1.2771890001204156
1.3134299997545895
1.1753050002880627
1.1557000002540008
0.9863609998319589
1.2456180002118344
0.979789999746572
0.9432990000277641
1.2102420000701386
1.0985929998241772
1.040631000250869
1.0435619997224421
1.0003600000345614
1.0597219998089713
1.0491210000509454
1.1450299998614355
1.0884789999181521
1.0865770000236807
1.1350350000611797
1.1705059996529599
0.9998099999393162
1.0436920001666294
0.9872900000118534
1.202226000259543
1.0394820001238259
1.1616409997259325
1.1740850000023784
1.1340949999976147
1.2459329996090673
1.1459000002105313
1.1559499998838874
1.1574649997783126
1.0651869997673202
1.1813460000666964
1.25565700000152
1.2713850001091487
1.1484540000310517
1.022501000079501
1.4013380000506004
1.167514999906416
1.1563650000425696
1.3101509998705296
1.5182219999587687
1.2124770000809804
1.212952000059886
1.359896999929333
1.1144940003759984
1.265053000224725
1.3488210001924017
1.0191799997301132
0.6224490002750827
0.6819800000812393
0.5537069996535138
0.8543459998691105
0.7185250001384702
0.6581370003004849
0.6531789999826287
1.5875389999564504
1.1237989997425757
1.2537719999272667
0.6322790000012901
2.2108170001047256
0.6743200001437799
0.8718570002201886
0.8875870003066666
0.7182510003076459
0.6174489999466459
0.6679799998892122
1.4841649999652873
1.1095640002167784
0.8393180000894063
1.1564730002646684
0.698271000146633
1.551557999846409
0.6262319998313615
0.8642230000077689
0.5943679998381413
0.6948909999664465
1.505064999946626
2.1065340001769073
1.9763190002777264
2.7951499996561324
1.288589000068896
1.5527370001109375
1.1385389998395112
1.0958139996546379
1.3734419999309466
1.1417539999456494
1.3711420001527586
1.1281540000709356
1.1111640001217893
1.4423540001189394
1.918258999921818
1.3147500003469759
1.2017309995826508
