payload_size_bytes=8388608
runs=20
mean_ms=122.364
median_ms=127.526
stddev_ms=12.007
min_ms=101.162
max_ms=138.299
---raw---
128.5577460002969
127.72854100057884
132.69015100013348
114.80537799980084
138.2987110000613
132.17105500007165
127.32402700021339
134.60384900008648
104.42067299936753
106.77947400017729
118.38249599986739
104.43453300013061
101.16216999995231
105.20253700087778
129.65548900046997
122.61485500039271
128.79232300019794
124.65905099998054
136.53388300008373
128.4568119999676
