payload_size_bytes=8388608
runs=20
mean_ms=116.615
median_ms=112.840
stddev_ms=11.503
min_ms=100.783
max_ms=135.963
---raw---
133.60730400017928
131.92627999978868
100.78293199967447
102.18391199941834
105.7482419992084
107.67297300026257
110.46801599968603
111.99671200029115
135.96318999952928
114.16413700044359
111.10308899969823
107.48734400021931
108.15125499993883
129.78450399987196
127.67718000031891
104.9666500002786
113.68356399998447
131.22526699953596
122.54517300061707
121.15635000009206
