payload_size_bytes=512000
runs=100
mean_ms=8.005
median_ms=7.373
stddev_ms=1.691
min_ms=5.451
max_ms=17.234
---raw---
9.00083399938012
8.066995999797655
11.662488999718335
11.38326100044651
11.365159999513708
17.23410300019168
10.23308099956921
8.88207899970439
9.606650999558042
11.222181000448472
10.46483900063322
9.323342999778106
8.541435000552156
6.646572000136075
7.360724000136543
5.45149599929573
5.923076999351906
7.3862270000972785
6.685688000288792
7.2825320003175875
9.811206999984279
8.21113000074547
9.1121169998587
10.509529999580991
8.97104700015916
7.764230000248062
8.14232799984893
7.895310000094469
9.581470999364683
8.843057999911252
8.826952999697824
7.437530999595765
8.564585000385705
9.1742559998238
7.864272000006167
9.527453000373498
10.394857999926899
7.489182000426808
9.354274000543228
8.148472999891965
9.124192999479419
8.923086000322655
12.890115999653062
9.05728599991562
8.962345000327332
9.429681000256096
9.187323999867658
9.268510999390855
7.993737999640871
7.780101999742328
7.1168860004036105
7.24968499980605
7.386444000076153
6.895268999869586
6.896014000631112
7.179968999480479
6.604715000321448
7.744750000711065
6.964262000110466
6.951501999537868
6.771344999833673
7.024563000413764
7.022607000180869
6.669137000244518
6.754041000021971
7.180423000136216
6.868273000691261
6.536075999974855
6.914663999850745
6.928509999852395
6.751869999789051
7.40867399963463
6.804597000154899
6.943000999854121
7.613304000187782
7.004507000601734
6.7605910007841885
6.99118099964835
7.0418949999293545
7.228858999951626
6.9729870001538075
6.925709999450191
7.67732199983584
6.781279999813705
6.624891999308602
6.860007999421214
7.664963000024727
6.9054599998708
6.710118000228249
6.829646999904071
6.691943999612704
6.838213000264659
6.694533999507257
7.000616999903286
6.818951999775891
6.751214999894728
6.729079999786336
7.167148000007728
6.668112000625115
6.995796999945014
