payload_size_bytes=512000
runs=100
mean_ms=8.384
median_ms=8.568
stddev_ms=1.614
min_ms=3.580
max_ms=12.541
---raw---
5.804707000606868
4.276720000234491
5.308320999574789
3.579674000320665
8.93838699994376
7.124338999346946
7.828583000446088
8.22508800047217
9.509421000075235
8.369481000045198
10.945252000055916
12.116617000174301
12.217653000334394
10.752105000392476
12.125398000534915
3.6770750002688146
12.540941000224848
9.023663999869314
11.285222999504185
11.374951000107103
10.014819000389252
10.28936800048541
9.150926000074833
8.40204799987987
9.562684999764315
9.478267000304186
9.054572000422922
8.435771000222303
9.273385999222228
9.078047999537375
8.306292000270332
9.172398000373505
8.648626000649529
9.36357400041743
8.819167999718047
8.264545999736583
8.558448000258068
9.1885319998255
8.93726100002823
9.644855000260577
8.893072999853757
8.24241999998776
8.807397999589739
8.742240999708883
8.804768000118202
9.40521099983016
9.181772000374622
9.341858999505348
8.98546799999167
9.080617999643437
9.011672999804432
10.185754999838537
9.923915999934252
9.583364000718575
8.935883999583893
8.54807400082791
9.094817000004696
9.728519999953278
8.584335999330506
8.962019999671611
9.050387999195664
8.576866000112204
9.260551000807027
9.099587000491738
9.245836000445706
7.018309000159206
7.194210999841744
7.405137999739964
8.410841000113578
7.256380999933754
7.397526999739057
7.551758999397862
7.123868999769911
7.0771550008430495
6.660111999735818
7.181717999628745
6.652957000369497
7.205359000181488
7.478343000002496
7.520602999647963
7.32986200000596
8.20065399966552
9.439060000659083
7.545488999312511
6.812318000811501
7.100388000253588
7.772285999635642
7.094170000527811
7.058279000375478
7.019261999630544
7.33568300074694
7.147401999645808
6.775826000193774
7.000863000030222
6.783314000131213
7.05647399990994
6.662147000497498
7.394064000436629
6.814262000261806
6.967360999624361
