payload_size_bytes=512000
runs=100
mean_ms=8.110
median_ms=7.414
stddev_ms=1.888
min_ms=5.124
max_ms=14.611
---raw---
9.815923999667575
10.80611300039891
9.595910999451007
10.699495999688224
10.228715999801352
5.124100999637449
9.354135000648967
12.095797000256425
9.083706999263086
9.97632300004625
10.58072199975868
9.833589000663778
14.304365000498365
13.130618000104732
13.97802499923273
10.176848999435606
14.206310999725247
10.898030000134895
14.610500000344473
7.868839000366279
11.720006999894395
8.96726600058173
10.059107000415679
8.16894699983095
7.733289999123372
8.255679000285454
8.577595000133442
6.851432999610552
6.786036000448803
6.970492000618833
6.567300999449799
7.001302999924519
6.743903999449685
6.830506000369496
6.816397999500623
7.696765000218875
6.912210999871604
6.874859000163269
7.441185000061523
6.964001000596909
6.921079999301583
6.775220999770681
6.90488500003994
6.86782899992977
7.438386000103492
7.159638000302948
7.519318999584357
6.90954900073848
6.981532000281732
7.066794999445847
7.628976999512815
6.9535960001303465
8.137563000673254
9.534174999316747
8.695793999322632
9.62278199949651
8.520173999386316
7.505864000449947
6.4801170001373976
6.98485700013407
7.765921000100207
7.771925999804807
7.000003000030119
7.240523000291432
7.115635999980441
7.651551999515505
7.540429000073345
6.848959000308241
6.866928999443189
7.105175999640778
7.351152999945043
7.972661999701813
7.846514000448224
8.344748000126856
8.136527000715432
7.306492000680009
7.70949500019924
8.196813999347796
7.245804999911343
7.38874000035139
7.013112999629811
7.6181320000614505
7.734540000456036
6.817012000283285
7.34541400015587
7.131617000595725
7.6384829999369686
7.024028000159888
7.210664000012912
7.116746000065177
6.9341210000857245
6.569449999915378
6.653691999417788
7.233540000015637
6.7300239998075995
5.516468000678287
6.075784000131534
6.832197999756318
7.14575700021669
7.373964000180422
