payload_size_bytes=512000
runs=100
mean_ms=8.664
median_ms=8.859
stddev_ms=1.603
min_ms=5.654
max_ms=13.937
---raw---
10.890221000408928
9.831148000557732
9.74131499970099
9.572683999977016
8.63837499946385
10.57816200045636
13.937152999460523
9.67802400009532
10.401686000477639
13.540990999899805
9.233429999767395
9.421126000233926
9.409195999978692
9.682473999419017
11.262852999607276
7.1183760001076735
10.507998999855772
8.96186200043303
6.077754000216373
10.438028000862687
5.672274999596993
5.6538859998909174
9.200335000059567
7.47991699972772
6.6559650003910065
6.8121369995424175
7.4460169998928905
8.367134999389236
6.7171230002713855
7.15027999922313
6.890536000355496
7.600269999784359
8.502839000357199
7.353422000051069
7.014398000137589
6.787882000026002
6.733744000484876
7.906711000032374
6.935779999366787
6.573554999704356
6.735043999469781
8.123897000587021
7.107821999852604
6.737865000104648
6.635166999330977
7.188358000348671
6.810417000451707
6.924764000359573
7.0070339997982956
7.078465000631695
6.897412000398617
7.068355000228621
8.533104999514762
7.7962850000403705
7.247888999700081
7.456299999830662
7.1285270005319035
7.871691000218561
7.644631999937701
8.10956100031035
9.28855999973166
9.345450000182609
9.13845300055982
9.858860000349523
9.74614099959581
8.782042000348156
9.185639999486739
8.902350999960618
8.972763000201667
9.350354000162042
9.743200999764667
9.063745000275958
9.201650000250083
8.9505799996914
8.762636000028579
9.288788000048953
8.695364999766753
9.08457300010923
8.815896999294637
8.198124000045937
8.760201000768575
6.749715000296419
8.993933000056131
9.628902999793354
9.661328000220237
8.60472100066545
9.12605700068525
9.758199000316381
9.833023000282992
9.5378959995287
9.349955999823578
9.559412999806227
9.016443000291474
10.939423000309034
12.767126999278844
10.20690299992566
11.331213999255851
10.810943000251427
10.846625000340282
10.072235999359691
