payload_size_bytes=10240
runs=1000
mean_ms=0.584
median_ms=0.422
stddev_ms=0.477
min_ms=0.272
max_ms=9.792
---raw---
1.268998999876203
0.41367199992237147
0.4239929999130254
0.4018720001113252
0.36808100003327127
2.7822839997497795
3.2792000001791166
2.1740659999522904
0.39188199980344507
0.40704299999561044
0.2896789997066662
0.3622309995989781
0.2750279995780147
0.3112599997621146
0.36941100006515626
2.041043000190257
1.0547050001150637
0.5807379998259421
0.3865219996441738
0.7751410003038472
0.3792319998865423
0.39742199987813365
2.0360519997666415
0.4242879999765137
0.4895649999525631
0.5854650003129791
0.4186429996480001
0.3411299999243056
1.4999529998931393
9.791827000299236
0.807483999778924
0.4926849996991223
1.3368509999054368
0.4298930002732959
0.3459499998825777
0.3488209999886749
0.3480710001895204
0.39105099995140336
0.30408000020543113
0.3224100000807084
0.3662809999696037
0.40227299996331567
0.360151000222686
1.8439760001456307
0.7521930001530563
0.4001520001111203
1.9503290000102425
0.6361989999277284
1.077463000001444
3.4641250003915047
0.9474690000388364
2.2330279998641345
2.7560940002331336
1.2903219999316207
0.4058119998262555
0.38541399999303394
0.35314100023242645
0.3476679999039334
0.41067300026043085
0.38203299982342287
0.37129100019228645
0.3932459999305138
0.3359100001034676
0.3755860002456757
0.3369799997017253
0.3722209999068582
0.3326199998809898
0.347091000094224
0.4153520003455924
0.445142999978998
0.37269099993864074
1.0240910000902659
0.49274499997409293
0.45059699959892896
0.38618200005657854
0.4250629999660305
0.38270200002443744
1.1928059998354001
0.3741109999282344
2.2644289997515443
0.43334299971320434
0.8138940002027084
0.41355300027134945
0.37844200005565654
0.373111000044446
0.4210030001559062
0.3999420000582177
0.4225930001666711
0.35075099958703504
0.3514409995659662
0.5547569999180268
0.4135220001444395
1.0007010000663286
0.3517999998621235
1.0427410002193938
1.3368109998737054
0.3925319997506449
0.7303020001927507
0.3396399997654953
0.3440010000304028
2.3754320000080043
0.8348960000148509
0.36881100004393375
0.35230099956606864
1.2050069999531843
0.3383099997336103
0.3478300000097079
0.5296259996612207
0.6835910003246681
1.9736699996428797
1.9678700000440585
0.31940999997459585
0.4453030001059233
0.4449839998414973
0.33710200023051584
0.3870720001941663
0.3959020000365854
0.6722180000906519
0.36227100008545676
1.0775119999379967
1.986511000268365
0.4201130000183184
0.3205299999535782
0.3646310001386155
0.43327299999873503
2.4340530003428285
0.3564409998944029
1.3649409997924522
0.34957999969265074
0.36343100009617046
0.8889769997040275
0.462833999790746
1.4986659998612595
0.4144829999859212
1.4870250001877139
2.5010660001498763
0.448784000127489
0.44515299987324397
0.39682199985691113
0.36019099979966995
0.3754720000870293
1.3309299997672497
0.40499199985788437
0.35337000008439645
0.36789099976886064
0.4019630000584584
0.7214719998955843
0.5058359997747175
0.37381100037237047
0.3715510001711664
0.45388400030788034
0.8021939997888694
0.3329999999550637
1.1469349997241807
2.0023199999741337
2.3812320000615728
0.3666110001177003
0.6555099998877267
0.407532999815885
0.3509000002850371
0.3734219999387278
1.311850000092818
0.43448399992485065
0.30491999996229424
0.41643300028226804
0.40147199979401194
0.38204099973881966
1.3324800002010306
0.330509999912465
0.45358399984252173
1.501916000052006
0.4091030000381579
0.39869200008979533
0.7489820000046166
1.4387539999916044
0.7666139999855659
0.5164259996490728
2.45298499976343
0.4147529998590471
0.5077149999124231
0.4085430000486667
0.4345639999883133
0.6445990002248436
0.9813390001909283
0.35708099994735676
1.5778489996591816
0.3422700001465273
0.4444329997568275
0.3442610000092827
0.48926499994195183
0.7965839999997115
0.40898199995353934
0.4318629999033874
0.5570260000240523
0.44957399995837477
0.48116400012077065
0.9650199999668985
0.39619200015295064
0.3948220000893343
0.42755200001920457
0.4991349996998906
0.4179219999969064
0.7634039998265507
0.5279060001157632
0.8773270001256606
0.40385200009041
0.36865999982182984
0.4262979996383365
0.4005820001111715
0.38508199986608815
0.8387259999835806
0.3723710001395375
0.8699259997229092
0.4672089999075979
0.5295870000736613
0.39331200014203205
0.3782619996854919
0.36207099992680014
0.39600199988854
0.3990320001321379
0.3876719997606415
0.4049420003866544
0.41693200000736397
0.7385730000351032
0.3904119998878741
0.35741100009545335
0.39353100009975606
1.3426509999590053
0.46644400026707444
0.5375959999582847
0.49203999969904544
0.5283509999571834
0.3480300001683645
0.37350100001276587
0.5322259999047674
1.0968040000989276
0.41926299991246196
0.44278399991526385
0.41783300002862234
0.399633000142785
0.5150959996171878
0.39546200014228816
0.36521099991659867
0.5099249997329025
0.44291300037002657
0.37789099997098674
0.4221130002406426
0.8021079997888592
0.4736409996439761
1.258687999779795
0.4088120003871154
0.45826399991710787
0.39314200012086076
0.5736279999837279
0.38043099993956275
0.3177000003233843
0.8733869999559829
0.7212109999272798
0.5021359997954278
0.5763070003013127
0.733892999960517
0.6391289998646243
1.3545510000767536
0.6986019998294069
0.5449770001177967
0.3621910000219941
0.3621810001277481
1.1484850001579616
0.30612899990956066
0.37884099992879783
0.5084750000605709
1.0963729996547045
0.36058099976798985
0.6546100003106403
0.407761999667855
0.3246700002819125
0.7452630002262595
1.1699359997692227
0.7373829998869041
0.3223590001653065
0.3921919997083023
0.8442079997621477
0.33101700000770506
0.3202899997631903
0.32682900018699
0.520147999850451
0.31534700019619777
1.0316320003767032
0.2949390000139829
0.3803419999712787
0.38151200033098576
0.3167889999531326
1.5797480000401265
0.5021860001761524
0.8474789997308108
0.415582000186987
0.7797719999871333
0.6717500000377186
0.31674999991082586
0.8076650001385133
0.33123999992312747
0.6969719997869106
0.4488639997362043
0.3842109999823151
0.3289599999334314
0.43220299994572997
0.7497929996134189
0.5688799997187743
0.39891000005809474
1.2936600001012266
0.8195349996640289
0.6850710001344851
0.6503290001091955
0.40218200001618243
0.34224999990328797
0.36968100039302954
0.3120090000265918
0.7730940001238196
0.6735299998581468
0.6378389998644707
0.6106089999775577
0.3028690002793155
0.4491740000958089
0.3152690001115843
0.34413000003041816
0.3100700000686629
0.314233000153763
0.283475999822258
0.3065900000365218
0.33214999984920723
0.4279830000086804
0.3171990001646918
0.3533310000420897
0.32946000010269927
0.3297600001133105
0.34479100031603593
0.3616310000325029
0.3492999999252788
0.8687169997756428
0.6041390001882974
1.1354839998602984
2.349340999899141
1.7515039999125293
0.9081270000024233
1.0805530000652652
0.7597240000905003
0.4222719999233959
0.40594199981569545
0.536628999725508
0.7670640002288565
0.4201080000711954
1.1563550001483236
0.4556909998427727
0.7039689999146503
0.3841010002361145
0.4788749997715058
0.373972000033973
0.38538200033144676
0.3452399996604072
0.42435300019860733
0.7596130003548751
1.222726999912993
0.3644010002972209
0.8194950000870449
0.41208299990103114
0.36024099972564727
0.3372410001247772
0.5499970002347254
0.3700009997373854
0.3225390000807238
0.3808910000770993
0.3756440000870498
0.4210229999443982
0.3857520000565273
0.4251829996064771
0.40086199987854343
0.307059999613557
0.3532660002747434
0.3861589998450654
0.4994350001652492
0.44819400000051246
0.4445929998837528
0.3534580000632559
0.32022999994296697
0.3880519998347154
0.33594000024095294
0.36456099996939884
0.3695010000228649
0.7887440001468349
0.44870700003230013
0.4017999999632593
0.4926950000481156
0.7671929997741245
0.4089930002919573
0.4253519996382238
0.4997350001758605
0.36459100010688417
0.8102040001176647
0.40222200004791375
1.226937000410544
0.3710910000336298
0.4140320002079534
0.3763609997804451
0.5854380001437676
0.8150250000653614
0.42276299973309506
0.376841000161221
0.389601999813749
0.3916419996130571
0.42286300003979704
0.736533000235795
0.5110160000185715
0.3307299998596136
1.1605059999055811
0.4249329999765905
0.383032000172534
0.364031000117393
0.427002999913384
0.4305529996599944
0.7943340001475008
1.3840619999427872
0.3979619996243855
0.36168099995848024
0.5283360001158144
0.8086349998848164
0.43714399998862064
0.3380699999979697
0.39320199994108407
0.36942099995940225
0.4155830001764116
0.7810540000718902
1.401742000325612
0.4010419997939607
0.4438529999788443
1.252840999768523
0.806403999831673
0.5168599996068224
0.36936600008630194
0.3430209999351064
0.3230399997846689
0.32611000005999813
0.42212800008201157
0.4183119999652263
1.2814050000997668
0.45332400031838915
0.5079349998595717
0.34785099978762446
0.4125719997318811
0.5931279997639649
0.7115720000001602
0.7104520000211778
0.38573100027861074
0.4370579999886104
0.5314159998306422
0.4328429999986838
0.7323520003410522
0.4467329999897629
0.35513100010575727
0.37289100009729736
0.41573199996491894
0.7786739997754921
0.7064009996611276
0.9190169998873898
0.43152800026291516
0.47819499968682067
0.5518459997801983
0.4724649998024688
0.38154100002429914
0.3607010003179312
0.3429409998716437
0.3996619998360984
0.3528310003275692
0.5937579999226728
0.50408500010235
0.7673730001442891
0.7261220002874325
0.32848000000740285
0.44741300007444806
0.3839619998871058
0.37795099979121005
0.362710999979754
0.5006950000279176
0.6761209997421247
0.4099430002497684
0.37810100002388936
0.4212130002088088
0.5961980000392941
0.4697299996223592
1.1438249998718675
0.8320410001942946
0.3473409997241106
0.30229900039557833
0.4294830000617367
0.3653019998637319
0.41744300006030244
0.7416920002469851
0.36959099998057354
0.4239929999130254
0.39342200034298
0.40229199976238306
0.4119919999538979
0.36317100011729053
0.3888460000780469
0.4596680000759079
0.4156629997851269
0.3403910000088217
0.4053920001751976
0.3975019999415963
0.5188560003261955
0.8112740001706698
0.896346999979869
0.44298400007392047
0.478644000395434
0.4401440000947332
0.42656799996620975
0.36272099987399997
0.42370299979666015
0.3534000002218818
0.38335899989760946
0.39640000022700406
0.6318300002021715
0.35588599985203473
0.48774900005810196
0.37713099982283893
0.39008199973977753
0.3931019996343821
0.6283689999690978
0.36056099997949786
0.3498010000839713
0.36621099980038707
0.4065829998580739
0.7857739997234603
0.5299260001265793
0.4042830000798858
0.3592709999793442
0.39772700029061525
0.553991999822756
0.39519200026916224
0.45721500009676674
0.45540299970525666
0.4441340001903882
0.5213059998823155
0.8281649998025387
0.9350179998364183
0.7069320004120527
0.38219199996092357
0.6854210000710736
0.8476259999952163
0.3788439998970716
0.4242600002726249
1.0368720004407805
0.35730199988392997
0.4722140001831576
0.7776540001032117
0.4374380000626843
0.8790769998086034
0.7688089999646763
0.44937299981029355
0.39595400039615924
0.3714789995683532
0.3545099998518708
0.40394200004811864
0.42207600017718505
0.3504010001051938
0.3419589997974981
0.4559849999168364
0.7429719998981454
0.49817499984783353
0.45134600031815353
0.3799320002144668
0.4341310000199883
0.3619100002651976
0.4613740002241684
0.4364530000202649
0.3706809998220706
0.42565299963825964
0.3251349999118247
0.4773339996972936
0.4273829999874579
0.6254750001062348
0.3715610000654124
0.38174100018295576
0.36708100014948286
0.47572500034220866
0.4892150000159745
0.4253130000506644
0.8098039998003514
0.3656409999166499
0.37473000020327163
0.4016029997728765
0.4906149997623288
0.5686970002898306
0.6833510001342802
0.4583039999488392
0.7401120001304662
0.7007310000517464
0.32690000034563127
1.1438249998718675
0.3894120000040857
0.8122880003611499
0.35708899986275355
0.3102099999523489
0.3619409999373602
1.4561039997715852
0.6836510001448914
0.3982520001954981
0.38048399983381387
0.8847340000102122
0.7207520002339152
0.7142409999687516
0.7261420000759244
0.9802609997677791
0.41053199993257294
0.42086200028279563
0.43776299980891054
0.49138500025946996
0.2932390002570173
0.44321399991531507
0.363682000170229
0.4031429998576641
0.9943999998540676
0.4046919998472731
0.3831910003100347
0.4674239999076235
0.639189000139595
0.4653169999073725
0.5353659998945659
0.409162000323704
0.42904200017801486
0.43947399990429403
0.3743510001186223
0.35719300012715394
0.7368649999079935
0.7186820002971217
0.8260300000983989
0.38746099971831427
0.3115999998044572
0.33910999991348945
0.3338789997542335
0.3828019998763921
0.37702099962189095
0.3837520002889505
0.759903000016493
0.3604409998843039
0.3873809996548516
0.4274529997019272
0.4627190000974224
0.44506299991553533
0.34706099995673867
0.43355799971322995
0.7549840001956909
0.3772320001189655
0.4206630001135636
0.34487099992475123
0.4294149998713692
0.37365900016084197
0.4446230000212381
0.6994509999458387
0.9824700000535813
0.4048020000482211
0.41406699983781436
0.5040450000706187
0.34966100020028534
0.49040500016417354
0.7627130003129423
0.4132580002078612
0.5846479998581344
0.3901240002051054
0.517482999839558
0.7432020001942874
0.39326200021605473
0.4045119999318558
0.5741079999097565
0.3894020001098397
0.38956199978201766
0.4073370000696741
0.3322649999972782
0.6066680002732028
0.3919619998669077
0.5228160002843651
0.8198349996746401
0.44622299992624903
0.5289959999572602
0.3400099999453232
0.760023000111687
0.4108220000489382
0.6749350000063714
0.41206300011253916
0.5057890002717613
0.4711780002253363
0.4537529998742684
0.3600009999900067
0.669750999804819
0.4586220002238406
0.48963500012177974
0.4631360002349538
1.2279239999770653
0.39703199990981375
0.537775999873702
0.5681369998455921
0.396021999677032
0.49278500000582426
0.3300910002508317
1.2996499999644584
0.8025739998629433
0.4112120000172581
0.3211599996575387
0.7381820000773587
0.300838999919506
0.33988999985012924
0.35123099996781093
0.537506000000576
0.4186730002402328
0.28993899968554615
0.31439999975191313
0.4032019996884628
0.5427360001704074
0.43534600035854965
0.27150500000061584
0.693090999902779
0.3618109999479202
0.32427999985884526
0.3387800002201402
0.5564269999922544
0.8907369997359638
0.5365870001696749
0.3558909997991577
0.3975519998675736
1.0179109999626235
0.3231499999856169
0.3576710000743333
0.3310600000077102
0.31190999970931443
0.371432000065397
0.3265600003032887
0.3046589999939897
0.4444139999577601
1.289799000005587
1.0810230000970478
0.5197450000196113
0.3241499998694053
0.37834199974895455
0.3542310000739235
0.3717120002875163
0.3814019996752904
0.33931999996639206
0.5428770000435179
0.7648340001651377
0.3536030003488122
0.356699000349181
0.3883710000991414
0.3253499999118503
0.40630200010127737
0.7437320000462933
1.139224999860744
0.5296959998304374
0.3791110002566711
1.4069030003156513
0.9327909997409733
0.6072850001146435
0.44040800003131153
0.38734200006729225
0.6628330002058647
0.32980800006043864
0.5912279998483427
0.5590769997070311
0.3939420003007399
0.35061000016867183
0.30839999999443535
0.2928290000454581
1.1011240003426792
0.5130459999236336
0.39418199958163314
0.3861010000036913
0.37230099997032085
1.115994999963732
0.645549999717332
0.6930310000825557
0.5677369999830262
0.4084930001226894
0.3426899997975852
0.9799700001167366
0.32655999984854134
0.3122800003438897
0.4961949998687487
1.1933190003219352
0.43795000010504737
0.3785320000133652
0.41188500017597107
0.3640979998635885
0.4019630000584584
0.6581399998140114
0.7461430000148539
0.7220120000965835
0.31475000014324905
0.6501399998342094
0.2836280000337865
0.38711200022589765
0.7073120000313793
0.48786500019559753
0.6476500002463581
0.6775410001864657
0.5063950002295314
0.3771420001612569
1.4754140001969063
0.3832419997706893
0.9502689999862923
0.3258300002926262
0.3059489999941434
0.33716999996613595
0.3762510000342445
0.29941900038465974
0.4500340000959113
0.5620070000986743
0.3540309999152669
0.3320000000712753
0.35340099975655903
0.4704340003627294
0.3000289998453809
0.34530999982962385
0.3552230000423151
0.41109299991148873
0.3355280000505445
0.32111000018630875
0.33882100024129613
1.1130829998364788
0.608881000061956
0.6719769999108394
0.3348710001773725
0.34280999989277916
0.29127899961167714
0.7092420000844868
0.3943520000575518
0.3345300001456053
0.3150190000269504
0.34624999989318894
0.36051100005352055
1.0668230002011114
0.3530210001372325
0.44973800004299846
0.5510269998012518
0.3677409999909287
0.43098300011479296
1.3400210000327206
0.39449299993066234
0.5249470000308065
0.3120700002909871
0.3396100000827573
0.4685649996645225
1.3435099999696831
0.5908079997425375
0.4949849999320577
0.45087399985277443
0.32660899978509406
1.379742000153783
0.3692620002766489
0.40669300005902187
1.0511619998396782
0.39531199990960886
0.3877410003951809
0.340570999924239
0.3301599999758764
0.9918710002239095
0.41151200002786936
0.7910039998932916
0.32787000009193434
1.4656449998255994
1.193106999835436
1.0974229999192175
0.505436000366899
0.3810809998867626
0.3390110000509594
0.412583000070299
0.8029239997995319
0.373111000044446
0.3814420001617691
1.132903999859991
0.42292299986002035
0.4599129997586715
1.4636649998465145
0.7907139997769264
0.89270700027555
0.3501300002426433
0.35177000017938553
0.3013499999724445
0.6544729999404808
0.7983039999999164
0.8134150002661045
0.6727380000484118
0.42910299998766277
0.41507299965815037
0.4274030002306972
0.38757099991926225
0.3513709998514969
1.0787230003188597
0.8200550000765361
0.5324059998201847
0.47586499977114727
0.3528709999045532
0.3801819998443534
1.5837580003790208
1.7180840000037279
0.5293839999467309
0.3953820000788255
0.45452399990608683
1.3032689998908609
0.36356100008561043
1.3047389998064318
0.5600179997600208
0.38902199958101846
0.3513609999572509
0.3814709998550825
0.780614000177593
0.38562199961234
0.38062099974922603
0.7783839996591269
0.3720009999597096
0.3163690003020747
0.4241130000082194
0.30202900006770506
0.35266099985165056
0.38314099992931006
0.3684009998323745
0.4495640000641288
0.6957309997233097
0.37130200007595704
0.8335860002262052
0.30724899988854304
0.45141400005377363
0.4231749999235035
0.38370199990822584
0.38658199991914444
0.7169919999796548
0.3629610000643879
0.40631299998494796
0.44870300007460173
0.9721589999571734
0.7648729997526971
0.43457300034788204
0.36333100024421583
0.34607299994604546
0.41477000013401266
0.41053199993257294
0.33388000019840547
0.35320000006322516
0.3726009999809321
0.3892019999511831
0.4061120002916141
0.35631099990496296
1.1125030000584957
0.6690310001431499
0.4326329999457812
0.2923179999925196
0.31090199991012923
0.32749699994383263
1.163505000022269
0.8551170003556763
0.28199799999129027
0.34573999982967507
0.4548140000224521
0.45396399991659564
1.290429999698972
0.6592999998247251
0.39501200035374495
0.31910899997456
0.37747200030935346
0.3550209999048093
0.5093760000818293
0.5010750001019915
0.6578599995918921
0.7827330000509392
1.0751720001280773
0.7871940001678013
1.010381000014604
1.2133459999859042
0.7137319998946623
0.3882909995809314
0.3026189997399342
0.3241000003981753
0.4652340003303834
0.7283649997589237
0.6711179999001615
0.37579199988613254
0.3562399997463217
0.3253799995945883
0.7375119998869195
0.7796630002303573
0.5274959999042039
0.443444000211457
0.41055199972106493
0.3657409997686045
0.4053119996569876
0.5557070003305853
0.3413310000723868
1.1495649996504653
0.747083000078419
0.3696110002238129
1.3593809999292716
0.7016409999778261
0.3505810000206111
