payload_size_bytes=10240
runs=1000
mean_ms=0.518
median_ms=0.404
stddev_ms=0.337
min_ms=0.271
max_ms=3.850
---raw---
0.4527339997366653
1.7756150000423077
0.4285529998924176
0.48863500023799133
0.6636900002376933
0.3438700000515382
0.4050219999953697
1.1528149998412118
0.4664839998440584
0.36532200010697125
0.455074000001332
0.9342090002064651
0.5330660001163778
0.5492270001923316
0.5333760000212351
0.6005280001772917
1.8091939996338624
0.453763999757939
0.3785210001296946
0.4240029998072714
0.43118299981870223
0.8687560002726968
0.3745369999705872
1.517330000297079
0.47154499998214305
3.8499470001625014
0.5312460002642183
0.4364430001260189
0.40736200026003644
0.49486500029161107
1.8042750002678076
0.47479400018346496
1.8167449998145457
0.40995200015458977
0.3689220002343063
0.943948999974964
0.47425399998246576
1.670291000209545
1.6850709998834645
1.7414130002180173
0.3620210000008228
2.112403999944945
0.36593100003301515
0.3828819999398547
0.41745199996512383
0.3723720001289621
2.3109100002329797
1.9277790001979156
0.6570989999090671
0.807505000011588
0.38709200043740566
0.4019520001747878
1.2227470001562324
0.4071620001013798
0.5829179999636835
0.45932300008644233
0.35691099992618547
0.5045650000283786
0.383152000267728
0.34329100026297965
0.4069819997312152
1.5656870000384515
0.38492199973916286
0.853875999837328
1.3100989999657031
1.3564609998866217
1.9771799998125061
1.8992870000147377
2.054082999620732
0.7912450000731042
0.46187399993868894
0.3641210000751016
0.3768120000131603
0.4201229999125644
0.34696000011535943
0.42269300001862575
0.9742689999256982
0.3292899996267806
0.41983299979619915
0.34165099987149006
0.39282199986701016
0.39299199988818145
1.378292000026704
0.34652099975573947
1.4741999998477695
1.31972000008318
0.3670109999802662
2.035017000252992
1.7021019998537668
0.38623099999313126
1.524205999885453
0.4286629996386182
0.31344999979410204
0.30857000001560664
0.34800100002030376
0.37808100023539737
0.9191470003315771
0.3723610002452915
0.3304200004095037
0.42903300027319347
0.3571309998733341
2.1618350001517683
2.0519019999483135
1.9046579996029323
0.4175929998382344
0.4226030000609171
3.0870630002937105
0.4023619999315997
0.45650399988517165
0.3766609997910564
0.33773999984987313
0.9770499996193394
0.8601859999544104
0.4533339997578878
1.2219370000821073
1.9984760001534596
3.3562470002834743
0.4336429997238156
0.726622000001953
0.8834670002215717
0.4880350002167688
1.178085999981704
0.39402200036420254
0.4044520001116325
0.35200100001020473
0.4617929998858017
0.5808380001326441
1.530605999960244
0.43171300012545544
0.40740200029176776
0.42558299992379034
0.8939179997469182
0.3946419997191697
1.1196139998901344
0.32676899991201935
0.37462099999174825
0.33693100021991995
0.3280599999015976
0.2974889998768049
0.35549099993659183
0.3260799999225128
0.48983500028043636
0.8113939998111164
0.5598269999609329
0.2881979999074247
0.45797400025548995
0.3693609996844316
0.36633099989558104
0.35401099967202754
0.32461000000694185
0.702804000411561
0.331276999986585
0.5849600001965882
0.9346490001007624
0.36519099967335933
1.6062610002336442
0.31708699998489465
0.3376909999133204
0.37162200032980763
0.33213100005013985
0.348431000020355
0.459083999885479
0.49488500008010305
0.7612029999108927
0.564536999718257
0.5953380000391917
0.2988689998346672
0.29446899998220033
0.9493799998381292
0.6070180002097914
0.39931199989950983
0.3560119998837763
0.907848000224476
0.7232120001390285
0.5348070003492467
0.5644980001306976
0.6217589998414041
0.27100799979962176
0.3310400002192182
0.33667099978629267
0.3233100001125422
0.33347299995512003
0.6596299999728217
0.3847319999294996
0.3344279998600541
0.7038110002213216
0.5646869999509363
0.4547640000964748
0.3418200003579841
0.3281700001025456
0.29556799972851877
0.8286359998237458
0.6193690001055074
0.46242400003393413
0.31744900024932576
0.3503900002215232
0.3460400002950337
0.5768080000052578
0.3295799997431459
0.38946099994063843
0.28500899998107343
0.31764899995323503
0.3823920001195802
0.3168900002492592
0.6492789998446824
0.3003589999934775
0.3011489998243633
0.30718900006831973
0.3527210001266212
0.35187000003134017
0.5911079997531488
1.072481999926822
0.3105290002167749
0.5582570001934073
0.31222899997374043
0.5705869998564594
0.3237900000385707
0.310129000354209
0.902658000086376
0.3448399997978413
0.42728300013550324
0.3933019997930387
0.8643060000395053
0.32024999973145896
0.5237159998614516
0.35047000028498587
0.37313399980121176
1.212264000059804
0.32366999994337675
0.37825200024599326
0.35144100002071355
0.3841110001303605
0.3198899999006244
0.372762000097282
1.0327009999855363
0.6359690000863338
0.4032720003124268
0.35894100028599496
0.4119830000490765
1.2890990001324099
0.4352830001153052
0.3241499998694053
0.3297499997643172
0.32171000020753127
0.9946699997271935
0.7907340000201657
0.37061099965285393
0.513056000272627
1.2089759998161753
0.6092379999245168
0.47635400005674455
0.3301490000922058
0.42096300012417487
0.41129200008072075
0.30288099969766336
0.30081700015216484
0.3267399997639586
0.3293400000075053
0.32959999998638523
0.8892769997146388
0.42517300016697845
0.5434469999272551
1.2136570003349334
0.6160190000628063
0.33136000001832144
0.336909999987256
0.311000000237982
0.4145220000282279
1.016920999973081
0.9965399999600777
0.35531000003174995
0.46109400000204914
0.3384000001460663
0.3104590000475582
0.3305400000499503
0.31398900000567664
0.33058999997592764
0.3433800002312637
0.32633000000714674
0.4103930000383116
0.3697110000757675
0.3284499998699175
0.3977719998147222
0.9969600000658829
1.1312639999232488
0.3465009999672475
0.3717820000019856
0.30670899968754384
0.313879000259476
0.3994720000264351
0.36510100017039804
0.3244700001232559
0.3624209998633887
0.5641669999931764
0.37123400034033693
0.33602799976506503
0.3859319999719446
0.36553100017044926
0.3780819997700746
0.3233600000385195
0.340691000019433
0.39758200000505894
0.6205590002537065
1.31375000000844
0.42551300020932104
0.45184400005382486
0.35352000031707576
0.3879820001202461
0.38910200009922846
0.3400000000510772
1.493125999786571
0.8209359998545551
0.8969169998636062
0.43365300007280894
0.3204100003131316
0.39520200016340823
0.3154089999952703
0.7236319997900864
0.5191560003368068
0.3129699998680735
0.35570099998949445
0.36420100013856427
0.9816299998419709
0.35205099993618205
0.35940099996878416
1.222967000103381
0.29446899998220033
0.2812490001815604
0.29723899979217094
0.44521300014821463
0.33389100008207606
0.353530999745999
1.4021920001141552
0.3451699999459379
0.34469999991415534
0.7839340000828088
1.3340800001060416
0.36480099970503943
0.3825009998763562
0.3705019998960779
0.42502199994487455
0.3500599996186793
1.0879129999921133
0.38077099998190533
0.49655500015433063
0.40979300001708907
0.3946629999518336
0.4154829998697096
0.36071100021217717
0.4193129998384393
0.4051330001857423
0.7575230001748423
0.391012000363844
0.3552809998836892
0.4042320001644839
0.3633410001384618
0.3396459997020429
1.7362479998155322
0.6136090000836703
0.46513300003425684
0.4724539999187982
1.2415779997354548
0.48262499967677286
0.44201399987287004
0.4071869998369948
0.34236000010423595
0.4218069998387364
0.3246300002501812
0.43673300024238415
1.1024430000361463
0.46745400004510884
0.49390000003768364
0.42042699988087406
0.42767300010382314
0.35378999973545433
0.3245299999434792
0.3710519999913231
0.3848319997814542
0.45117400031813304
0.3413409999666328
0.45329299973673187
0.35920099981012754
0.30315499998323503
1.1890760001733724
0.3760360000342189
0.3377499997441191
0.44112299974585767
0.3870820000884123
0.6889910000609234
0.35844099966197973
0.39718200014249305
0.35657100033859024
0.585187000069709
0.3340399998705834
0.37631200029863976
0.3919219998351764
0.4131219998271263
1.1058640002374887
0.48249400015265564
0.43973399988317396
0.45239300015964545
0.7740229998489667
0.3883809999933874
0.29225899970697355
0.3886220001731999
0.3918520001207071
0.3547810001691687
0.37938600007692
0.38955699983489467
0.3983120000157214
1.5311070001189364
0.46268500000223867
0.46167900018190267
0.4004770003120939
0.6575499996870349
0.3741010000339884
0.3604809999160352
0.3897510000570037
0.3555009998308378
0.3507900000840891
0.40786699992167996
0.3944960003536835
0.4849150000154623
0.3962219998356886
0.392342000395729
0.37348099976952653
0.38470199979201425
0.41742200028238585
0.43037200020989985
0.3606109999054752
0.37288100020305137
0.5007849999856262
0.4341630001363228
0.35646100013764226
0.39948300036485307
0.38359599966497626
0.3886870003952936
0.39453199997296906
0.33528099993418436
0.40602300032333005
0.4171929999756685
0.9766289999788569
0.4011979999631876
0.40495699977327604
0.4441830001269409
0.40119200002664
0.3988519997619733
0.4917549999845505
0.46635499984404305
0.4702450000877434
0.3288289999545668
0.4287639999347448
0.35918100002163555
0.38631199959127116
0.4166220001025067
0.3509010002744617
0.3860910001094453
0.4791649998878711
0.4401840001264645
0.40918300010162056
0.37308199989638524
0.7584039999528613
0.4373339997982839
0.39829200022722944
0.463158000002295
0.48719500000515836
0.4284130000087316
0.3310300003249722
0.3815619998022157
0.38779199985583546
0.3893170000992541
0.4121629999644938
0.3804709999712941
0.8328449998771248
0.5662469998242159
0.3334489997541823
0.37280099968484137
0.4392030000417435
0.4650250002669054
0.464064999960101
0.4471729998840601
0.3511210002216103
0.3546010002537514
0.38651200020467513
0.36802100021304796
0.4627690000233997
0.8002139998097846
0.8766769997237134
0.6797800001550058
0.35328099966136506
0.3922860000784567
0.4337939999459195
0.37172100019233767
0.44775400010621524
0.35451100029604277
0.372880999748304
0.3886519998559379
0.38038200000301003
0.37425199980134494
0.8254649997070374
0.423337000029278
0.3874459998769453
0.3951020003114536
0.4174279997641861
0.3992130000369798
0.41130799991151434
0.351319999936095
0.380531999780942
0.3847719999612309
0.378181000087352
0.3533599997354031
0.39339099976132275
0.8390360003431852
0.39010099999359227
0.34763099984047585
0.3851609999401262
0.3743120000763156
0.39988200023799436
0.38562700001421035
0.374190999991697
0.38911599995117285
0.30534500001522247
0.36200100021233084
0.524816000051942
0.3777810002247861
0.4714189999504015
0.5243049999990035
0.37477100022442755
0.45123300014893175
0.4888250000476546
0.4224129997965065
0.7163919999584323
0.3771419997065095
0.347091000094224
0.4228220000186411
0.37632100020346115
0.5299660001583106
0.3961520001212193
0.39680200006841915
0.8921970002120361
0.4632150003089919
0.4188330003671581
0.40974200010168715
0.40741300017543836
0.5651770002259582
0.36493100014922675
0.4515240002547216
0.3385999998499756
0.4115530000490253
0.5707069999516534
0.3853670000353304
0.42210699984934763
0.5768779997197271
0.7771739997224358
0.3790810001191858
0.5398459998104954
0.3887410002789693
0.37421100023493636
0.4322230001889693
0.511741000082111
0.3629849998105783
0.48099500008902396
0.43089299970233697
0.6721909999214404
0.3704710002239153
0.47126400022534654
0.8467359998576285
0.4272629998922639
0.9850749997895036
0.3923469998881046
0.33440000015616533
0.3948419998778263
0.35768099996857927
0.39739200019539567
0.4034809999211575
0.3921720003745577
0.3689210002448817
0.3359100001034676
0.3865310000037425
0.46789399993940606
0.33582000014575897
0.3827919999821461
0.5497660004039062
0.38496200022564153
0.39685199999439646
0.35599099965111236
0.4060620003656368
0.3461500000412343
0.30220899998312234
0.39591799986737897
0.36943099985364825
0.36500099986369605
0.4119929999433225
0.7881540000198584
0.39486800005761324
0.3880369999933464
0.42526199968051515
0.5788179996670806
0.40139800012184423
0.38306200031001936
0.38488199970743153
0.3878809998241195
0.4045319997203478
0.36446099966269685
0.5260960001578496
0.4198530000394385
0.3750410000975535
0.4079320001437736
0.8803269997770258
0.44449400002122275
0.47711400020489236
0.3770270000131859
0.6405789999917033
0.3899270000147226
0.44642300008490565
0.35510099996827194
0.3752709999389481
0.38054700007705833
0.42154299990215804
0.3193789998476859
0.36376600019139005
0.41144300030282466
0.45267399991644197
0.811514999895735
0.41477200011286186
0.47905400015224586
0.6761909999113414
0.38400200037358445
0.34374000006209826
0.42313299991292297
0.36572099998011254
0.4044420002173865
0.3664010000647977
0.3890020002472738
0.3565609999895969
0.49279399991064565
0.390912000057142
0.8065340002758603
0.4947550000906631
0.384730999940075
0.2969489996758057
0.6046180001249013
0.3877119997923728
0.38789200016253744
0.38795199998276075
0.42202300028293394
0.38483600019389996
0.38905200017325114
0.4793339999196178
0.35277100005259854
0.5583020001722616
0.39167199975054245
1.256039000054443
0.4939949999425153
0.45811399968442856
0.3589710004234803
0.32891999990170007
0.5766920003225096
0.4208830000607122
0.3846569998131599
0.405062000027101
0.43027299989262247
0.3670309997687582
0.8152650002557493
0.7607830002598348
0.4324829997131019
0.3958119996241294
0.3542710001056548
0.35782099985226523
0.5083050000393996
0.4419690003487631
0.39860199967733934
0.4073519999110431
0.3793470000346133
0.3686710001602478
0.3839619998871058
0.8573449999857985
0.7907940002951364
0.422993000029237
0.3550510000422946
0.4732940001304087
0.5472759999065602
0.3749269999389071
0.3803609997703461
0.38160199983394705
0.3967560001001402
0.39502200024799095
0.3813419998550671
1.1974469998676796
0.7919239997136174
0.4663640002036118
0.3668009999273636
0.4161820002082095
0.38568099989788607
0.330389999817271
0.34723099997790996
0.36375100035002106
0.3348000000187312
0.4582540000228619
0.3827909999927215
0.51947600013591
0.3734409997377952
0.5756969999310968
0.3721020002558362
0.41435200000705663
1.3244599999779894
0.3308400000605616
0.35127099999954225
0.3650809999271587
0.4447530000106781
0.36678099968412425
0.3734209999493032
0.38019200019334676
0.5233060001046397
0.4051320001963177
0.31957999999576714
0.34993100007341127
0.33524099990245304
0.5327459998625272
0.43311399986123433
0.37723199966421816
0.4097730002285971
0.37118199998076307
0.41323300001749885
0.29120899989720783
0.3941820000363805
0.3833370001302683
0.4100030000699917
0.3563609998309403
0.3468249997240491
0.4630139997061633
0.42353299977548886
0.37926699997115065
0.39374200014208327
0.36947599983250257
0.3578310002012586
1.3368400000217662
0.6675009999526083
0.3822170001512859
0.3958970000894624
0.37444200006575556
0.3905519997715601
0.3687509997689631
0.3916830000889604
0.4724549999082228
0.3793320001932443
0.44321399991531507
0.49917999967874493
0.7051860002320609
0.9119179999288463
0.37425199980134494
0.38414199980252306
0.45588300008603255
0.3082550001636264
0.3811809997387172
0.42035700016640476
0.6720300002598378
0.8979629997156735
0.3979529997195641
0.4253730003256351
0.7594080002490955
0.4275830001461145
0.42791399982888834
0.3724910002347315
0.3939820003324712
0.3257299999859242
0.39025100022627157
0.3715610000654124
0.7220919997052988
0.34441000025253743
0.898987000255147
1.1443650000728667
0.3925719997823762
0.36252599966246635
0.4071130001648271
0.45455400004357216
0.3358799999659823
0.38271199991868343
0.3649059999588644
0.5913229997531744
0.3459300000940857
1.0008400004153373
0.451343999884557
0.6941259998711757
0.5500769998434407
0.3739409999070631
0.45428400017044623
0.4106030000912142
0.42293299975426635
0.3867719997288077
0.6305399997472705
0.40433300000586314
0.44898299984197365
0.3768520000448916
0.6683699998575321
0.40853800010154373
0.4612489997271041
0.4307029998926737
0.3863919996547338
0.8954469999480352
0.5939880002188147
0.4361629999038996
0.38067199966462795
0.32576000012340955
0.43194299996685004
0.873466000030021
0.3592110001591209
0.4006129997833341
0.8458559996142867
0.427993999892351
0.3735919999598991
0.4264230001354008
0.36509100027615204
0.35715099966182606
0.5147749998286599
0.3447210001468193
0.39855200020610937
0.3878620000250521
1.1894569997821236
0.39434199970855843
0.40996300003826036
0.44157399997857283
0.38716100016245036
0.5736570001317887
0.3805719998126733
0.39487200001531164
0.39298299998336006
0.3617910001594282
0.42584299990267027
0.430853000125353
0.46575499982282054
0.38933199994062306
0.3909010001734714
0.6523900001411675
0.5459760000121605
0.4388239999570942
0.3671720000966161
0.3790419996221317
0.4300840000723838
0.4304520002733625
0.3435810003793449
0.3841520001515164
0.39869200008979533
0.468033999823092
0.3909470001417503
0.4003270000794146
0.3940520000469405
0.4009320000477601
0.500364999879821
0.41481299967927043
0.45046400009596255
0.9771039999577624
0.3683569998429448
0.40507300036551896
0.43530399989322177
0.36579199968400644
0.46300400026666466
0.32350999981645145
0.519375999829208
0.36038099960933323
0.37386099984360044
0.4781650000040827
0.3925259998140973
0.42984299989257124
0.48984500017468235
0.6734649996360531
0.452563999715494
0.46264399998108274
0.44777399989470723
0.45254300039232476
0.4456940000636678
0.5627870000353141
1.0673829997358553
0.3716020000865683
0.45847900037188083
1.0742320000645122
0.3736009998647205
0.42635799991330714
0.36689199987449683
0.41747300019778777
0.40414200020677526
0.3425709996918158
0.5782779999208287
0.3852109998661035
0.416592999954446
0.36808100003327127
0.45705399998041685
0.5136549998496776
0.4274729999451665
0.3621210003075248
0.3563810000741796
0.3468700001576508
0.37894199977017706
0.3876320001836575
0.4117819999009953
0.36323099993751384
0.3555060002327082
0.3693210001074476
0.4560329998639645
0.4195579999759502
0.4237429998283915
0.3762719998121611
0.4204130000289297
0.3505310000946338
0.3607809999266465
0.41655199993329006
0.39724699990983936
0.4192820001662767
0.35168099975635414
0.4087919996891287
0.3953370000999712
0.39530200001536286
0.4926010001327086
0.40382199995292467
0.39890200014269794
0.384372000098665
0.4473129997677461
0.39201699974000803
0.8059739998316218
0.40314300031241146
0.8008539998627384
0.39759199989930494
0.3689459999804967
0.36472600004344713
0.42380300010336214
0.43872800006283796
0.38985199989838293
0.3712160000759468
0.4228180000609427
0.7530230000156735
0.38917199981369777
0.4078770002706733
0.3778119998969487
0.37200600036157994
0.3636660003394354
0.3555610001058085
0.3879770001731231
0.38371699974959483
0.3817760002675641
0.36457099986364483
0.33566999991307966
0.42998300023100455
0.34827100034817704
0.5251460002000385
0.4325680001784349
0.4124479996789887
0.3315099997962534
0.45688299996982096
0.4345130000729114
0.42697799972302164
0.4283480002413853
0.44756400029655197
0.38716700009899796
0.47503899986622855
0.33751000000847853
0.5069860003459326
0.3525600000102713
0.7865440002206014
0.4165720001765294
0.4139819998272287
0.4027019999739423
0.3657910001493292
0.3880569997818384
0.36072100010642316
0.4951800001435913
0.3494010002214054
0.4376030001367326
0.38358199981303187
0.9545540001454356
0.8353559996976401
0.4611640001712658
0.36206699996910174
0.604248999934498
0.4221829999551119
0.3493600002002495
0.41205200022886856
0.43018800033678417
0.4166429998804233
0.379540999801975
0.6193089998305368
0.36148100025457097
0.39490700009991997
0.5823169999530364
0.45008400002188864
0.4133520001232682
0.8206399998016423
0.5028260002291063
0.4669640002248343
0.3628510003181873
0.40649199991094065
0.43154300010428415
0.38542699985555373
0.394811999740341
0.3745019998859789
0.33231099996555713
0.40938299980552983
0.5462059998535551
0.4318030000831641
0.7450020002579549
0.4459140000108164
