payload_size_bytes=10240
runs=1000
mean_ms=0.546
median_ms=0.416
stddev_ms=0.408
min_ms=0.305
max_ms=8.367
---raw---
0.4253229999449104
8.367206000002625
0.4586630002449965
0.5040450000706187
0.5753380000896868
0.3526909999891359
0.37327100017137127
0.5714769999940472
2.356521000365319
2.266598000005615
0.48661499977242784
0.46417500016104896
1.7170020000776276
2.232817999811232
0.7658629997422395
1.7215520001627738
0.4584840003190038
0.4125230002500757
2.2517080001307477
0.4757640003845154
1.8262650000906433
0.9321379998254997
0.3432399998928304
0.41783300002862234
0.402512000164279
0.4420140003276174
0.6723809997311037
0.4332030002842657
0.37650200010830304
0.4186830001344788
0.4480630000216479
0.3901320001205022
0.3412310002204322
1.598428999841417
0.37739199979114346
0.41887199995471747
0.4491139998208382
1.3439109998216736
0.48334399980376475
0.4483930001697445
0.4711039996436739
0.35797100008494454
0.3530799999680312
0.3882219998558867
0.34652999966056086
0.4840849996980978
0.38290100019366946
0.4678540003624221
0.8809860000837944
0.3949420001845283
0.560757000130252
0.3793310002038197
0.35724999997910345
0.37608099955832586
0.3208400003131828
0.40470300018569105
0.39085199978217133
0.615957999798411
0.36076099968340714
0.3559510000741284
1.2290469999243214
0.5861479999111907
0.871536999966338
0.34989999994650134
0.4573440000967821
0.37403199985419633
0.40494299992133165
0.4681350001192186
0.9763800003383949
1.3279599997986224
0.8303049999085488
0.47503499990853015
0.6409989996427612
1.096793000215257
0.369101000160299
0.455203999990772
0.8804270000837278
0.5606869999610353
0.3229799999644456
2.17309599975124
1.3903430003665562
0.3493809999781661
0.361479999810399
0.919487999908597
0.38965200019447366
0.3643009999905189
1.5157650000219292
0.39868200019554934
0.4488439999477123
1.274210000246967
0.43509799979801755
0.3362370002832904
0.37353099969550385
0.3695109999171109
0.34746999972412596
0.6087380002099962
0.367901000117854
2.551255000071251
0.4318430001148954
1.4339240001390863
0.388242000099126
0.6260790000851557
1.3742020000790944
0.3161100003126194
0.37181199968472356
1.001281000299059
0.4122129998904711
0.5021350002607505
1.262959000086994
0.3660909997051931
0.7431430003634887
0.4569939997054462
0.3737809997801378
0.34225999979753396
0.6563800002368225
0.4324749997977051
0.7539310004176514
0.785814000209939
0.48371499997301726
2.060631999938778
0.35105999995721504
1.5446779998455895
0.3515399998832436
0.36162100013825693
0.38099099992905394
0.8279950002361147
0.3561200001058751
0.3979319999416475
0.3593209999053215
0.3842319997602317
0.37360200030889246
0.3542610002114088
1.6256690000773233
2.66871199983143
0.36802100021304796
0.3403599998819118
0.5402869996942172
0.3890919997502351
0.36876100011795643
0.5632669999613427
0.39889200024845195
1.367961000141804
0.5953079999017064
0.36618099966290174
0.34009000000878586
0.40572299985797144
0.3541199998835509
0.3926720000890782
0.4007120001006115
0.939718999688921
1.8925180002042907
0.35786099988399656
1.3360910002120363
0.43085299967060564
0.36956200028726016
0.40599299973109737
0.3790020000451477
0.3884919997290126
0.37486099972738884
0.3527409999151132
0.4011020000689314
0.3053989998988982
0.4108120001546922
0.4106219998902816
1.4103230000728217
0.32807000025059097
0.46705400018254295
1.1623250002230634
0.3698810000969388
2.010751000398159
0.4144919998907426
0.4005519999736862
0.3669809998427809
0.3845320002255903
0.42954300033670734
0.4224330000397458
0.4490540000006149
0.9627700001146877
0.3368100001353014
0.369111000054545
0.5456969997794658
0.42429499990248587
1.3730089999626216
0.4561140003715991
0.42791299983946374
0.6141489998299221
0.398652000058064
0.3542809999999008
0.4214629998386954
1.1917960000573657
1.6650410002512217
0.38552099977096077
0.398541999857116
1.1540850000528735
0.63532900003338
0.35658100023283623
0.34508099997765385
0.511635999828286
0.39027100001476356
2.6167289997829357
0.3988819998994586
0.7487319999199826
0.4024830000162183
0.39008199973977753
0.4991750001863693
0.4098330000488204
0.3949330002797069
0.5321359999470587
0.4461939997781883
0.942628999837325
1.6352890002053755
1.0056209998765553
0.46907499972803635
0.44516599973576376
0.37506099988604547
0.3672389998428116
0.3529460000208928
0.4073619998052891
1.4822299999650568
0.374192000435869
0.399982000089949
1.2274370001250645
0.43043300001954776
0.7855039998503344
0.4469629998311575
0.6189989999256795
0.3514610002639529
0.37821100022483733
0.47366399985548924
0.4827450002267142
2.048672999990231
0.7300620000023628
0.36670200006483356
0.3836719997707405
0.4088320001756074
0.32383000007030205
0.3476910001154465
0.38873199991940055
0.3662909998638497
0.3695410000545962
0.4678689997490437
0.32848000000740285
0.3691510000862763
0.3515200000947516
0.34142999993491685
0.39397199998347787
0.3749010002138675
0.8505910000167205
0.3794520002884383
0.3586560001167527
0.39624700002605096
0.46408699972744216
0.34548099984021974
0.3622009999162401
0.5067950000920973
0.4191100001662562
1.1939569999412925
0.3855410000142001
0.4262630000084755
0.4588440001498384
0.4359029999250197
0.4508170000008249
0.4075530000591243
0.3906920001099934
0.40283199996338226
0.33933099985006265
0.5380940001487033
0.46690899989698664
0.45039900032861624
0.4598629998326942
0.39532499977212865
0.9656669999458245
0.4270429999451153
1.3238500000625208
0.3834419999293459
0.3852620002362528
0.3918920001524384
0.39763199993103626
1.4570339999409043
0.4047420002279978
0.38264000022536493
0.9275590000470402
0.3602609999688866
0.8788469999672088
0.40708200003791717
0.7813840002199868
0.4163730000072974
0.4573139999592968
0.559415999759949
0.41708300022946787
0.37736199965365813
0.3927539996766427
0.4529359998741711
1.2668379999922763
0.3903199999513163
0.38384900017263135
0.49473599983684835
0.42322500030422816
0.4285929999241489
0.5378269997891039
0.6181290000313311
0.48481400017408305
0.3562509996299923
0.9691420000308426
0.41228700001738616
0.4012129998045566
0.38746199970773887
0.39022200007821084
0.3712819998327177
0.9113880000768404
0.38109100023575593
0.3601910002544173
0.38541200001418474
0.6276789999901666
0.3670109999802662
0.36696299957839074
0.45872399959989707
0.8830149999994319
0.42578300008244696
0.3604559997256729
0.9044469998116256
0.3604210000958119
0.4058399999848916
0.40874000023904955
0.42955400022037793
0.3268020000177785
1.4599639998778002
0.4446180000741151
1.0115209997820784
0.4001620000053663
0.36562499963110895
0.3330900003675197
0.38699500009897747
0.42968299976564595
0.448130999757268
1.0128100002475549
0.37845099996047793
0.4422830002113187
0.35548100004234584
0.40007300003708224
0.3715550001288648
0.5140759999449074
0.39991899984670454
1.1850139999296516
0.7880839998506417
0.49821499987956486
0.4290329998184461
0.38778399994043866
0.9055770001396013
0.7960640000419517
0.4591140000229643
0.3768259998651047
0.398428000153217
0.37311999994926737
0.45179400012784754
0.9329270001217083
0.4522239996731514
0.3484200001366844
0.37557199993898394
0.756261999868002
0.411601999985578
0.7582829998682428
0.47088500014069723
0.397302000237687
0.44327300020086113
0.43350299984012963
0.3656409999166499
0.7596929999635904
0.3978419999839389
0.9515489996374527
0.3469409998615447
0.3701629998431599
0.33632000031502685
0.3676209998957347
0.3768300002775504
0.8133649998853798
0.40073299987852806
0.3444909998506773
0.387061999845173
0.41865699995469186
1.5978190003806958
0.8983929997157247
0.46293299965327606
0.3809609997915686
0.3941730001315591
0.36521999982142006
0.41107200013357215
0.40101700005834573
0.9258179998141713
0.3170539998791355
0.3740910001397424
0.35138100020049023
0.37994199965396547
1.1396849999982805
0.9210989996972785
0.4710739999609359
0.37726100026702625
0.3750810001292848
0.384711000151583
0.4361189999144699
0.7640229996468406
0.42109300011361483
0.4132770000069286
0.3353100000822451
0.3859819998979219
0.32903000010264805
0.3575609998733853
0.3983120000157214
0.3741420000551443
0.4386829996292363
0.3314400000817841
0.630227999863564
0.3751509998437541
0.6721909999214404
0.3855119998661394
0.45648400009667967
0.420332999965467
0.38349199985532323
0.8102439996946487
0.830975000098988
0.5004549998375296
0.41112200005954946
0.8017350000955048
0.44349400013743434
0.3239190000385861
0.35244499986220035
0.4069020001224999
0.3300099997431971
0.38380200021492783
0.3899919997820689
0.3753709997909027
0.679010000112612
0.4056020002281002
0.8118250002553395
0.3919020000466844
0.3631559998211742
0.3818919999503123
0.4053920001751976
0.4156929999226122
0.3418350001993531
0.8427259999734815
0.4101129998161923
0.38331199993990595
0.7749229998808005
0.36517099988486734
0.4827540001315356
0.7580730002700875
0.4302930001358618
0.4222419997859106
0.4166230000919313
0.477243999739585
0.37592200033031986
0.47805500025788206
0.4518939999798022
0.36278100014897063
0.4523239999798534
0.41613199982748483
0.35537099984139786
0.36843099996985984
0.5900179999116517
0.42671500023061526
0.3567379999367404
0.6129190001047391
0.3978820000156702
0.3735210002560052
0.5525500000658212
0.9107160003622994
0.4066129999955592
0.4229619999023271
0.5035750000388362
0.5842179998580832
0.4128730001866643
0.39558800017402973
0.335490999987087
0.4300630002944672
0.808914000117511
0.4325730001255579
0.3672210000331688
0.4762449998452212
0.5271160002848774
0.4167430001871253
0.547836999885476
0.37910099990767776
0.5064229999334202
1.2632479997591872
0.37004099976911675
0.4668130000027304
0.39641200010009925
0.41047200011234963
0.7447279999723833
0.3870800001095631
0.4144800000176474
0.7566730000689859
0.37790099986523273
0.3870210002787644
0.3426899997975852
0.4702599999291124
0.4264670001248305
0.3608120000535564
0.4814650001208065
0.7130820004022098
0.6129580001470458
1.3434910001706157
0.36959099998057354
0.5266959997243248
0.4787939997186186
0.5079049997220864
0.464163999822631
0.5243360001259134
0.522025999998732
0.3865019998556818
0.5544069999814383
0.5225959998824692
0.478423999993538
0.48642399997333996
0.8211700001083955
0.3834419999293459
0.3576009999051166
0.5654069996126054
0.3786110000874032
0.36980599998059915
0.3853819998766994
0.36858400017081294
0.397875000089698
0.4541589996733819
0.47869499985608854
0.3776809999180841
0.36569100029737456
0.33443900019847206
0.4310859999350214
0.9937279996847792
0.3320999999232299
0.416831999700662
0.3409699997973803
0.3678309999486373
0.3997030003120017
0.38597200000367593
0.5936579996159708
0.5039259999648493
0.4303129999243538
0.36726100006490014
0.41434200011281064
0.8609760002400435
0.35107099984088563
0.8077450002019759
0.42229800010318286
0.41284300004917895
0.3953720001845795
0.40787199986880296
0.43417099959697225
0.3457699999671604
1.1882059998242767
1.4007800000399584
0.34738000022116466
0.4671840001719829
0.3698440000334813
0.37645199972757837
0.4760819997500221
0.8536760001334187
0.38496500019391533
0.39957899980436196
1.161234999926819
0.4206730000078096
0.4038130000481033
0.3619210001488682
0.36766099992746604
0.3231400000913709
0.42248299996572314
0.43325800015736604
0.3958019997298834
0.6363750003401947
1.2116470002183632
0.38441200013039634
0.3828020003311394
0.4750050002257922
0.3708120002556825
0.6733529999110033
0.42012500034616096
0.5056760001025395
0.3644710000116902
0.4583099998853868
0.8182450001186226
0.7244920002449362
0.3882119999616407
0.5916780000916333
0.4512129999056924
0.4845240000577178
0.4180329997325316
0.4617889999281033
0.9002769998005533
0.3920170001947554
0.3993120003542572
0.4359139998086903
0.4607900000337395
0.3677370000332303
1.2735689997498412
0.7645129999218625
0.3985820003435947
0.37289100009729736
0.42812699985006475
0.41579999970053905
0.3956020000259741
0.803495000127441
0.3695109999171109
0.40263299979415024
0.34984000012627803
0.37867199989705114
0.4154540001763962
0.3519100000630715
0.3904810000676662
0.34440000035829144
0.6786210001337167
0.3742820003935776
0.3579109998099739
0.3606410000429605
0.3780209999604267
0.6323779998638202
0.37947200007693027
0.7279129999915313
0.366222000138805
0.3811159999713709
0.38009899981261697
0.4196700001557474
0.38596700005655293
0.40942199984783656
0.4304910003156692
0.3442809997977747
0.4189420001239341
0.44102299989390303
0.40272500018545543
0.4878449999523582
0.43636300006255624
0.7362619999184972
0.6632399999944028
0.9951369997907022
0.3932770000574237
0.36870099984298577
0.41057699991142727
0.36333100024421583
0.41754499989110627
0.40051199994195485
0.39794000031179166
0.4032520000691875
0.8253650003098301
0.41404299963687663
0.3965030000472325
0.7493429998248757
0.35264100006315857
0.36748100001204875
0.3590609999264416
0.36976100000174483
0.4166250000707805
0.3993120003542572
0.4046449998895696
0.34388600033707917
0.3582809999898018
0.6894809998811979
0.47155399988696445
0.36763100024472806
0.38929099991946714
0.3931219998776214
0.36072100010642316
0.7936339998195763
0.3579609997359512
0.379540999801975
0.3407909998713876
0.4336929996497929
0.4017969999949855
0.44720100004269625
0.3799990004154097
0.35952100006397814
0.7018309997874894
0.43223499960731715
0.5294959996717807
0.42901100005110493
0.37511100026677013
0.36748100001204875
0.4058109998368309
0.799974000074144
0.3483199998299824
0.40250099982586107
0.31785999999556225
0.41297199959444697
0.3952229999413248
0.37955099969622097
0.3812509999079339
0.8606659998804389
0.35543099966162117
0.41716699979588157
0.4001270003755053
0.8326259999194008
0.38116199993964983
0.3553810001903912
0.4413629999362456
0.4320220000408881
0.4430040003171598
0.37002199997004936
0.3453310000622878
0.5036870002186333
0.7111800000529911
0.406062999900314
0.3793509999923117
0.3573310000319907
0.36959199996999814
0.3875309998875309
0.3934040000785899
0.3627090000009048
0.3760720001082518
0.4849969996030268
0.5228959998930804
0.4729639999823121
0.4428510001162067
0.41499700000713347
0.4102279999642633
0.7081220001055044
0.39375100004690466
0.3608809997786011
0.3945120001844771
0.7275420002770261
0.42601299992384156
0.3987819995927566
0.7827539998288557
0.4031220000797475
0.3749409997908515
0.36133100002189167
0.46550800016120775
0.4204649999337562
0.36112099996898905
0.7306419997803459
0.38682199965478503
0.3605710003284912
0.37142099972697906
0.4363879997981712
0.8273349999399215
0.7387129999187891
0.42829299991353764
0.47044399980222806
0.4664939997383044
0.4071719999956258
0.8255859997916559
0.4167530000813713
0.4199129998596618
0.3411599996070436
0.4568129998006043
0.3915819997928338
0.5120279997754551
0.8096749998003361
0.48520500013182755
0.4408740001053957
0.3909090000888682
0.3219999998691492
0.39574500033268123
0.39075200038496405
0.5278029998407874
0.7902040001681598
0.4301330000089365
0.39484300032199826
0.727961999928084
0.416472999859252
0.36590200033970177
0.4235530000187282
0.7771729997330112
0.38893200007805717
0.3439800002524862
0.45884699966336484
0.4079029999957129
0.7370890002675878
0.38038200000301003
0.41836200034595095
0.3892420004376618
0.46303499993882724
0.5209760001889663
0.3693939997901907
0.45163400000092224
0.33483000015621656
0.39426000012099394
0.9612389999347215
0.36656099973697565
0.4353459999038023
0.4601640002874774
0.4413599999679718
0.37732700002379715
0.7443529998454324
0.42194299976472394
0.6819099999120226
0.3654610000012326
0.40033200002653757
0.3916170003321895
0.7926539997242799
0.46960400004536496
0.35138100020049023
0.43120800000906456
0.41200300029231585
0.5056049999438983
0.7334920001085266
0.3737609999916458
0.35200100001020473
0.40452800021739677
0.41422200001761666
0.9516589998384006
0.7710729996688315
0.3838110001197492
0.3989920001004066
0.38758199980293284
0.4438719997779117
0.3924130000996229
0.4217770001559984
0.3733389999069914
0.7867519998399075
0.46385399991777376
0.43806800022139214
0.3610260000641574
0.4792139998244238
0.3764729999602423
0.4615980001290154
0.7263920001605584
0.4852350002693129
0.34099499998774263
0.44937399979971815
0.3534010002113064
0.37212600000202656
0.32217999978456646
0.48680500003683846
0.7549329998255416
0.4617790000338573
0.5212359997130989
0.36035099992659525
0.3171400003338931
0.3855420000036247
0.4237030002514075
0.5340060001799429
0.879546999840386
0.43209600016780314
1.0417700000289187
0.4177579999122827
0.45958000009704847
0.3995720003331371
0.7898540002315713
0.40223199994215975
0.3533399999469111
0.3967249999732303
0.3736520002348698
0.35752899975705077
0.35110099997837096
0.42107200033569825
0.5008010002711671
0.40028800003710785
0.392461000046751
0.3530899998622772
0.3627609999057313
0.41045800026040524
0.4119370000807976
0.5226459998084465
0.397351999708917
0.41780300034588436
1.3871320002181164
0.42045199961648905
0.37279199978002
1.225767000050837
0.38488199970743153
0.40550199992139824
0.4503939999267459
3.3386620002602285
0.7027910000942938
0.5472269999700075
0.5042660000071919
0.3051789999517496
0.4803349997928308
0.3059489999941434
0.42649600027289125
0.3733819999069965
0.5794769999738492
0.3721009998116642
0.37215099973764154
0.413893000313692
0.8555059998798242
0.37311200003387057
0.38917199981369777
0.41097299981629476
0.3747309997379489
0.7299219996639295
0.44534299968290725
0.41462299986960716
0.3506009998091031
0.7747340000605618
0.3953519999413402
0.6707600000481762
0.8275259997390094
0.5074050000075658
0.44221400003152667
0.38231200005611754
0.43460300003062
0.4000320000159263
0.8035250002649263
0.4636940002455958
0.4166039998381166
0.3689509999276197
0.351079999745707
0.3790050000134215
0.4564710002341599
0.40532299999540555
0.8036550002543663
0.3674439999485912
0.4444510000212176
0.36184100008540554
0.3747109999494569
0.35476099992592935
0.39107099973989534
0.45141400005377363
0.7122019997041207
0.33861099973364617
0.46174799990694737
0.40150799986804486
0.39253200020539225
0.3461400001469883
0.7920839998405427
0.42618499992386205
0.4259009997440444
0.39347400024780654
0.5060829998910776
0.3992669999206555
0.8414909998464282
0.3881520001414174
0.43044199992436916
0.40457299974150374
0.3293300001132593
0.4647630003091763
1.2969199997314718
0.8086640000328771
0.5198260000724986
0.3954409999096242
0.35509100007402594
0.7765330001348048
0.35298100010550115
0.41042299972104956
0.9657989999141137
0.671599000270362
0.5344259998310008
0.47595500018360326
0.4318030000831641
0.32565999981670757
0.40410200017504394
0.789713999893138
0.3549009998096153
0.32799999962662696
0.6726470001012785
0.3787720002037531
0.8046890002333384
0.41655799986983766
0.3786910001508659
0.368762000107381
0.43549599968173425
0.6854789999124478
0.5059449999862409
0.7713140003033914
0.48394499981441186
0.40585500028100796
0.3695020000122895
0.8228629999393888
0.8358549998774834
0.43414199990365887
0.5126360001668218
0.4596339999807242
0.44238400005269796
1.1810160003733472
0.8285250000881206
0.3939660000469303
0.3977319997829909
0.4643239999495563
0.8270809998975892
0.6840000000920554
0.4654240001400467
0.36261100012779934
0.4309229998398223
0.3867609998451371
0.5639500000143016
0.8379850000892475
0.45548800017058966
0.31819000014365884
0.45255900022311835
0.4058129998156801
0.4670349999287282
0.40031299977272283
0.8282459998554259
0.36818100033997325
0.3883209997184167
1.2440079999578302
0.7615849999638158
0.40592300001662807
0.6404299997484486
0.374291000298399
0.7096509998518741
0.7176519998211006
0.4638750001504377
0.40644299997438793
0.3694920001180435
0.3351099999235885
0.3868720000355097
0.5203760001677438
0.3846729996439535
