payload_size_bytes=10240
runs=1000
mean_ms=0.618
median_ms=0.430
stddev_ms=0.535
min_ms=0.270
max_ms=10.052
---raw---
0.40879200014387607
0.8839970000735775
0.5317389995980193
0.547915999959514
0.4761049999615352
0.3426000002946239
0.42834299983951496
0.56318699989788
0.41018299998540897
0.47691999998278334
0.8531550001862342
3.4729159997368697
1.3754619999417628
0.47098400000322727
1.0320110000066052
0.4122029999962251
0.3825119997600268
0.3906920001099934
0.8561469999222027
0.4238029996486148
0.36788099987461464
0.29722899989792495
0.3628610002124333
1.5363370002887677
0.875976000315859
0.4020220003440045
0.36161100024401094
0.38198199990802095
0.33644999984971946
0.410392000048887
0.8864169999469595
0.35951000018030754
2.0662629999605997
0.4578840002977813
0.4108429998268548
1.062913000168919
0.35505000005287
0.38529199991899077
1.2008769999738433
0.36767099982171203
0.3838820002783905
0.3316199999972014
0.45621400022355374
0.35546100025385385
0.3096790001109184
0.3461400001469883
1.287229000354273
0.45962399963173084
0.34485000014683465
0.3484710000520863
0.44508400014819927
10.051607000150398
0.40200200010076514
0.44128299987278297
0.44316100002106396
0.40373299998464063
0.3776120001930394
0.3838119996544265
0.41400300005989266
1.762433999829227
0.39243199989869026
0.3757509998649766
0.3956620003009448
0.3562110000530083
0.45915400005469564
0.7467919999726291
0.502784999753203
0.3799420001087128
0.33064999979615095
0.36061100036022253
0.3801319999183761
0.35236000030636205
0.3630310002336046
0.3827620002994081
0.37113100006536115
0.38597200000367593
0.3980020001108642
0.33953999991354067
0.3646310001386155
1.0858729997380578
0.8105850001811632
0.3288299999439914
0.35494099984134664
0.35911100030716625
0.829284999781521
0.37283100027707405
2.856446000350843
0.7392530001197883
0.4193330000816786
0.3797320000558102
1.1319350001031125
1.9862900003317918
0.4368439999780094
0.5170859999452659
0.36092099981033243
0.365150999641628
0.3786209999816492
1.2672590000875061
1.914249000037671
0.5882680002287088
1.9870800001626776
0.4274829998394125
0.4985249997844221
0.49937499989027856
0.37697199968533823
0.428102999649127
0.3885620003529766
0.8837330001369992
1.1504309995871154
0.41695199979585595
0.3720509998856869
0.34009999990303186
0.5104450001454097
0.4293829997550347
0.3130089999103802
1.208906000101706
0.41105300033450476
0.41883199992298614
0.4570139999486855
0.3031589999409334
1.553327000237914
0.7085619999998016
0.44998299972576206
1.522387000022718
2.016190999711398
0.4405330000736285
1.481435000187048
0.4063520000272547
0.3328299999338924
0.6713610000588233
0.49393500012229197
1.9949409997934708
0.7135319997360057
0.3728209999280807
0.37220099966361886
0.3982819998782361
0.40067200006888015
3.4672560000217345
0.48183499984588707
4.053462000229047
1.288689000375598
0.43307300029482576
0.3657009997368732
0.7569130002593738
0.8010350002223277
0.4318129999774101
1.5651880003133556
0.8737970001675421
0.3866320002998691
0.3910219998033426
0.4049219996886677
1.6196490000766062
0.4074630001014157
1.726953000343201
1.983930000278633
0.42135300009249477
0.34316099981879233
0.3760419999707665
0.7683039998482855
0.40427200019621523
0.35535999995772727
0.3614309998738463
0.36001999978907406
0.40571199997430085
0.31741000020701904
0.3518610001265188
0.41567200014469563
0.3616009998950176
0.4377830000521499
1.9686390000970277
1.1259640000389481
0.38585099991905736
0.36942099995940225
0.3577110001060646
1.6207289995691099
0.2981389998240047
0.39433199981431244
2.0082309997633274
0.4417149998516834
0.36214099964126945
0.37959900009809644
1.0700319999159547
0.4108919997634075
0.40815200009092223
0.49217700006920495
0.5137129996910517
0.3439099996285222
0.4081419997419289
0.3928019996237708
0.5000659998586343
0.3660610000224551
1.0654020002220932
0.38397099979192717
2.573359000052733
0.4606239999702666
0.4472740001801867
1.9822900003418908
2.0531219997792505
1.9528690004335658
0.4054219998579356
0.4509230002440745
0.3841919997285004
0.383501000214892
0.39477199970860966
1.463624000280106
0.401312000121834
0.4523539996625914
1.4786349997848447
3.208016999906249
0.7478429997718194
0.3132890001324995
0.3475399998933426
0.3494299999147188
0.3364300000612275
0.3882119999616407
2.1595060002255195
0.347120999776962
1.8195249999735097
0.37941200025670696
0.3454810002949671
2.7491740002005827
0.717402000191214
0.38945200003581704
1.0639520000950142
1.986430999750155
0.4030420000162849
0.4459130000213918
0.3907020000042394
0.3598409998630814
0.375641000118776
0.31568000031256815
0.5667880000146397
0.38447199995061965
1.090282999939518
0.3604710000217892
0.3851719998237968
0.3489199998512049
1.002041000447207
0.4139040001973626
1.2871970002379385
0.7905840002422337
1.7430929997317435
0.44155300020065624
0.4637939996428031
0.7076619999679679
0.41168200004904065
0.38655200023640646
0.3880519998347154
0.3344100000504113
0.349741000263748
0.7604729999002302
1.3683520000995486
0.5388460003814544
0.40074199978334946
0.3742510002666677
0.7226920001812687
0.3656710000541352
0.3518099997563695
0.34740000000965665
0.3735410000444972
0.7770430001983186
0.3465400000095542
0.39062199994077673
0.3085090002059587
0.3860710003209533
0.44916299975739093
0.45431400030793156
1.0420519997751398
1.71838200003549
1.989941999909206
0.49146499986818526
0.36534099990603863
0.415491999774531
0.4744139996546437
0.4021619997729431
0.6630900002164708
0.5409559998952318
0.3391899999769521
1.6111889999592677
1.867037000010896
0.40863200001695077
0.39819199992052745
0.3890419998242578
0.4053630000271369
0.693191000209481
0.43620299993563094
0.4090130000804493
0.6577300000571995
1.1469149999356887
0.7746530000076746
1.9910409996555245
0.680600000123377
0.3791120002460957
0.8545259997845278
0.3814220003732771
0.3722819997165061
0.4093930001545232
0.992580000001908
0.37793199999214266
0.3685110000333225
0.38340099990819
0.34219999997731065
0.4151830003138457
0.4217320001771441
0.3979419998358935
0.5661969998982386
0.6725810003445076
0.3353309998601617
0.385822000225744
0.5035050003243668
0.34867000022131833
0.6841809999968973
1.1494549999042647
0.4316330000619928
1.9584900001063943
1.5742380001029233
0.43248700012554764
0.45916399994894164
0.7291019996955583
0.9549490000608785
1.1394640000617073
0.44480399992608
0.38126199979160447
2.438353999878018
0.4560060001495003
0.4742830001305265
0.7611629998791614
1.8541059998824494
0.384600999950635
0.4142829998272646
0.4723440001725976
0.48894499968810123
0.9139880003203871
0.3141289998893626
0.39182199998322176
0.3636810001808044
0.5655569998452847
0.3089100000579492
0.3888520000145945
1.6695010003786592
0.3623610000431654
0.6365990002450417
0.7558930001323461
0.722811000287038
0.32001999989006435
0.6477299998550734
0.3948319999835803
0.42807299996638903
0.4565829999592097
0.3643109998847649
0.30551899999409216
0.35810099961963715
0.37076099988553324
0.3413200001887162
0.31803000001673354
1.4237730001696036
0.6528500002787041
0.3943920000892831
1.3282810000418976
0.7613329999003327
0.7486929998776759
0.8409450001636287
0.8968679999270535
0.36327099996924517
0.7343519996538816
0.3787910000028205
0.63532900003338
0.35514199998942786
0.3589909997572249
0.39445200036425376
0.3597679997255909
0.47953399962352705
0.4398189998937596
1.109673999962979
0.5509620000339055
0.6159890003800683
0.605309000093257
0.37859600024603424
1.6802059999463381
0.8663560001878068
0.39066499994078185
0.4316230001677468
0.8519130001332087
0.6246089997148374
0.4108230000383628
0.43559300002016244
1.384081000196602
0.7595629999741504
1.3098600002194871
0.8401050004067656
0.4550439998638467
0.3510909996293776
0.584968000111985
0.42132299995500944
0.33231099996555713
0.3504609999254171
0.9507879999546276
0.7819769998604897
0.39143999993029865
0.32710999994378653
0.6384039998010849
0.3617659999690659
0.34756000013658195
0.37207100012892624
0.33811999992394703
0.3394000000298547
0.3594810000322468
0.37748100021417486
0.3369010000824346
0.6616810001105478
0.7066819998726714
0.325619000250299
0.3167300001223339
0.31862900004853145
0.39021200018396485
0.9998800001085328
0.37438200024553225
0.6104380004217091
0.6875510002828378
0.3519100000630715
0.8097750001070381
0.31245999980455963
0.33301000030405703
0.3310600000077102
0.3246300002501812
0.38602199992965325
0.286799000150495
0.35929100022258353
0.7335119998970185
0.67117100024916
0.4899340001429664
0.3712640000230749
0.3077569999732077
0.34383099955448415
0.34812100011549774
0.3378320002411783
0.3419679997023195
0.3314300001875381
0.6415689999812457
0.36046100012754323
0.3365100001246901
0.30167899967636913
0.3476009997029905
2.198236000367615
0.5096459999549552
0.41782300013437634
0.3261900001234608
0.353520999851753
0.3685209999275685
0.3154599999106722
0.3272599997217185
0.5445459996735735
0.31957000010152115
0.3586610000638757
0.30666900011055986
0.5242860001999361
0.37614200027746847
0.3486609998617496
0.4003720000582689
0.8152049999807787
0.6449990000874095
0.7907439999144117
0.30258900005719624
0.9553589998176903
0.3516009996928915
0.3334200000608689
1.3815520001116965
0.5631469998661487
0.35356099988348433
0.3671710001071915
0.6597090000468597
0.3350910001245211
1.1667300000226533
0.529636000010214
0.3946219999306777
1.3379609999901731
0.3392699995856674
0.2990889997818158
1.2035570002808527
0.649269999939861
0.7820150003681192
1.2558160001390206
0.49102399998446344
0.30806999984633876
1.1255940003138676
0.6165390000205662
0.6682599996565841
1.164024999980029
0.48747500022727763
0.3145099999528611
0.35913100009565824
0.35807099993689917
0.4847840000365977
0.5715580000469345
0.8230349999394093
0.5077159999018477
0.5017960002078325
1.220336999722349
0.43309400007274235
0.3593299998101429
0.2703779996409139
0.34513099990363116
0.3747420000763668
0.31037999997352017
0.31127000011110795
0.8262360001936031
0.5203350001465878
1.2537810002868355
0.4191799998807255
0.3248699999858218
0.3372300002411066
0.3139400000691239
0.31674000001657987
0.39449199994123774
0.31442999988939846
0.3777320002882334
0.3481209996607504
0.281827999970119
0.8940470002016809
0.4265930001565721
1.106643999719381
0.512498000261985
0.4582510000545881
1.0067700000035984
0.3193399998053792
0.7683130002078542
0.6265900001380942
0.41523299978507566
1.1146940000799077
0.4788449996340205
1.7425230003027536
0.49921399977392866
0.5251460002000385
0.7524879997617973
0.3712570000971027
1.7139419996965444
2.271038999879238
0.4261529998075275
0.3912320003109926
0.661110000237386
0.46463399985441356
2.3622220001016103
0.5006049996154616
0.349960000221472
0.33817099983934895
2.7104419996248907
0.5045160000918258
0.4045929999847431
0.38463200007754494
2.395083000010345
0.41600299982746947
1.1395050000828633
0.3839510000034352
0.9876700000859273
0.3251399998589477
0.4055229996993148
2.1561250000559085
0.41391299964743666
0.7182720000855625
2.0031199996992655
0.6467800003520097
0.6308090000857192
0.5387659998632444
0.37157099995965837
0.38027099981263746
0.30147899997245986
0.7024810001894366
0.4135719996156695
1.952509000147984
0.5950579998170724
0.44669300041277893
0.3930520001631521
0.3762910000659758
0.28215800011821557
0.4504939997787005
0.619608999841148
2.4102340003082645
0.36795199957850855
0.44838399981017574
0.9678199999143544
0.5518269999811309
1.1467540002740861
0.5289260002427909
2.018320999923162
0.4984649999641988
1.094172999728471
0.5087660001663608
0.36596099971575313
0.3693220000968722
0.32620000001770677
2.1502750000763626
1.1367150000296533
0.7209709997368918
0.3804520001722267
0.3845320002255903
0.40830300031302613
0.6601600002795749
0.5464470000333677
0.5267060000733181
1.0896429998865642
0.4878250001638662
0.3698909999911848
0.43715299989344203
0.32710999994378653
0.3633309997894685
0.35665099994730554
0.358701000095607
0.7576230000267969
0.5945279999650666
0.576386999910028
0.9340280003016233
0.7082819997776824
0.36339100006443914
0.27897799964193837
0.38154100002429914
0.370431000192184
0.3173400000378024
0.32843000008142553
0.48582399995211745
0.39110199986680527
0.42501300004005316
0.7787970002937072
0.5685850001100334
1.1275439997007197
0.6150789999992412
0.49761499985834234
0.423012999817729
0.35110999988319236
0.4362730001048476
0.4862350001531013
0.365231000159838
0.4713440002888092
0.3686510003717558
0.33544000007168506
0.33082999971156823
0.35343299987289356
0.311816999783332
0.37460100020325626
0.4361359997346881
0.3326099999867438
0.7406200002151309
0.3745040003195754
1.060048999988794
0.4851559997405275
0.35894100028599496
1.477945000260661
0.6772000001546985
0.3870919999826583
0.3936719999728666
0.8273979997284187
0.4916630000479927
0.4063420001330087
0.7632629999534402
0.49390499998480664
0.6858910001028562
0.4017119999843999
0.5200460000196472
0.4394239999783167
0.47719499980303226
1.2353389997770137
0.3898119998666516
0.4536739998002304
1.00843000018358
0.35670099987328285
0.3852510003525822
0.39166199985629646
0.3768309998122277
0.4070520003551792
0.4352930000095512
0.5136459999448562
0.376531999791041
0.49354800012224587
0.8823839998512994
0.3876020000461722
0.42737299963846453
0.4212730000290321
0.4320230000303127
0.3494709999358747
0.4190919999018661
0.4035020001538214
0.3769670001929626
0.7649430003766611
0.8746910002628283
0.3984620002484007
0.3917149997505476
0.3987719996985106
0.4119200002605794
0.38928699996176874
0.6457499998759886
0.4287829997338122
0.3779020003094047
0.8942270001170982
0.4758489999403537
0.3992719998677785
0.41434200011281064
0.5946080000285292
0.3569810000954021
0.43741299987232196
1.0120930000994122
0.45632399996975437
0.49645499984762864
0.5053130003034312
0.3852209997603495
0.42238299965902115
0.340689999575261
0.44074299967178376
0.738131999696634
0.4832449999412347
0.34260099982930114
0.40218200001618243
0.3976520001742756
0.546836000012263
0.7634529997631034
1.3848720000169124
0.37773099984406144
0.4083529997842561
0.45296300004338264
0.492484999995213
0.5756999998993706
0.5190699998820492
0.4046730000482057
0.8335950001310266
0.8052789999055676
0.41900299993358203
0.4041429997414525
0.38563099997190875
0.4129429999011336
0.3417299999455281
0.3707620003297052
0.3384500000720436
0.4273730000932119
0.8941569999478816
0.3926230001525255
0.44583299995792913
0.8095050002339121
0.3552309999577119
0.4109530000278028
0.4824550001103489
0.497127000016917
0.538936000339163
0.39607200005775667
0.3490989997771976
0.3724910002347315
0.6741909996890172
0.41524199968989706
0.4322150002735725
0.34020100019915844
0.4707149996647786
0.44195100008437294
0.7694539999647532
0.4892949996246898
0.39642199999434524
0.39007399982438073
0.4043619996991765
0.46366199967451394
0.5456159997265786
0.7962640002006083
1.0188720002588525
0.4129330000068876
0.37344200018196716
0.6830289999015804
1.0053500000140048
0.4093319998901279
0.4439259996615874
0.5248560000836733
0.46989399970698287
0.4213099996377423
0.35753399970417377
0.8633060001557169
0.6107009999141155
0.9505859998171218
0.7745239995529118
0.4211429995848448
0.3779610001402034
0.39453199997296906
0.37428099994940567
0.3961130000789126
0.39681199996266514
0.5392980001488468
1.3476580002134142
0.4939150003338
0.6213679998836596
1.2170869999863498
0.9661819999564614
0.33870700008264976
0.3631810000115365
0.5180250000194064
0.7080160003170022
0.5784119998679671
0.4960950000167941
0.9762300001057156
0.3783920001296792
0.5225159998190065
0.3668009999273636
0.4028640000797168
0.4976630002602178
0.4799339999408403
0.8090249998531363
0.41703200031406595
0.40241199985757703
0.4614639997271297
0.41865799994411645
0.41262200011260575
0.4493390001698572
0.3698710002026928
0.39172599963421817
0.34993100007341127
0.7090809999681369
0.4293629999665427
0.4524940000010247
0.38972099991951836
0.44548799996846355
0.3858800000671181
0.4170020001765806
0.37208100002317224
0.4505009997046727
0.9611800001039228
0.7793939998919086
0.4940549997627386
0.699390999670868
0.525588000073185
0.45164099992689444
0.37936200033072964
0.5588469998656365
0.4201030001240724
0.36210100006428547
0.728072000129032
0.4749149998133362
0.37236199977996876
0.387042000056681
0.6489699999292498
0.6057030000192754
0.6383600002664025
0.5293860003803275
0.7983640002748871
0.4376729998512019
0.37499700010812376
0.40103200035446207
0.4947850002281484
0.6154690004223085
0.7995990004019404
0.4835839999941527
0.38258199992924347
0.7688539999435307
0.42668300011428073
0.468023999928846
0.3851120000035735
0.35956200008513406
0.3764309999496618
0.3699910002978868
0.3967819998251798
0.45232600041344995
0.7352709999395302
0.8328349999828788
0.47100399979171925
0.3772609998122789
0.4177430000709137
0.3750610003407928
0.4110529998797574
0.577267999688047
0.6205310000950703
0.4879029997937323
0.7774340001560631
0.4720649999399029
0.5529759996534267
0.3999330001533963
0.40822299979481613
0.3764010002669238
0.3619310000431142
0.4030520003652782
0.4356430004008871
0.5808070000057342
0.5659970001943293
0.9054779998223239
0.5014879998270771
0.67704799994317
0.45458699969458394
0.41660000033516553
0.41772299982767436
0.48699399985707714
0.3961420002269733
0.4188430002614041
0.6911810000929108
0.4610589999174408
0.4257030000189843
0.48969499994200305
0.39471199988838634
0.40144200011127396
0.42096300012417487
0.3527099997882033
0.4122429995732091
0.3579310000532132
0.6680999999844062
0.49545499996384024
0.44465300015872344
0.40966299957290175
0.404833000175131
0.3965249998145737
0.4153019999648677
0.4447920000529848
0.6823610001447378
1.0098019997712981
0.41214099974240526
0.37967099979141494
0.39050399982443196
0.42696999980762484
0.4337230002420256
0.48116500011019525
0.4357329999038484
0.3241999997953826
0.426983000124892
0.7639929999641026
0.41589800002839183
0.38062099974922603
0.4305429997657484
0.5891380001230573
0.3683410000121512
0.40421199992124457
0.5284859998937463
0.3455480000411626
0.44094300028518774
0.4700919998867903
0.456509000287042
0.4349030000412313
0.39394199984599254
0.33908000023075147
0.40526000020690844
0.44169299962959485
0.4239750001033826
1.1388950001673948
0.7626179999533633
0.44969300006414414
0.3711159997692448
0.36162100013825693
0.36730800002260366
0.41832099987004767
0.5215749997660168
0.40815300008034683
0.44785300042349263
0.4521129999375262
0.4124319998481951
0.3880140002365806
0.5852150002283452
0.3793519999817363
0.3663029997369449
0.5763859999206034
0.45994299989615683
0.540748999810603
0.46568400011892663
0.44852400014860905
0.4279430004316964
0.6303400000433612
0.35021100029553054
0.6500289996438369
0.4121729998587398
0.4677440001614741
0.43117299992445624
0.4141129998060933
0.3337610000926361
0.4584039998007938
0.408951999816054
0.4280029997971724
0.40749199979472905
0.4951850000907143
0.4122630002711958
0.5494960000760329
0.39066399995135725
0.42774299981829245
0.4680220004047442
1.1656050000965479
0.5237260002104449
0.6865810000817874
0.4001520001111203
0.39429400021617766
0.35352800023247255
0.38580199998250464
0.9702500001367298
0.8769169999141013
1.2887390003015753
0.4230429999552143
0.4080819999217056
0.44684599970423733
0.4351229999883799
0.4869249996772851
0.7461099999090948
1.2134569997215294
0.4795260001628776
0.9205859996654908
0.3966819999732252
0.34373000016785227
0.40337200016438146
0.4287030001250969
0.37508399964281125
0.4307129997869197
0.4231829998389003
0.45162100013840245
0.9435320002921799
0.9835170003498206
0.44760299988411134
0.3776969997488777
