Messages/sec=8.12
duration_sec=60.101
payload_size_bytes=15728640
total_messages=488
payload_throughput_MiB_sec=121.79
mean_rtt_ms=81.042
median_rtt_ms=64.795
stddev_ms=326.822
min_ms=39.085
max_ms=7283.684
---raw_latencies_ms---
7283.684231999359
67.78571900031238
62.28412299969932
65.17114500093157
67.70458800019696
66.65600499945867
66.34516499980236
63.59507300112455
71.97349600028247
58.136255998761044
59.931361000053585
66.03194600029383
64.72406600005343
59.597891000521486
62.619932999950834
39.08457100078522
49.274476999926264
68.00389500131132
60.1603579998482
61.45220799953677
67.6553250013967
60.13179599904106
60.38768999860622
69.78103999972518
58.09794700144266
58.7675169990689
62.028999000176555
58.118655999351176
66.55024400060938
62.57593600093969
58.27890599903185
56.81020600059128
68.84414699925401
66.15253699965251
64.40988999929687
61.78782599999977
60.994043000391684
67.73468799838156
67.13012000000163
61.089487999197445
62.68687100055104
61.79636300112179
67.08749800054647
57.26025399962964
57.059832999584614
62.20352499985893
65.45985400043719
68.95873999928881
61.097742000129074
64.49239399989892
60.98682300034852
66.23075800052902
65.35966599949461
61.64044300021487
66.47528500070621
57.606581000072765
58.634160999645246
84.42471499984094
82.00650099934137
71.23182400027872
72.96264700016764
66.60554299924115
63.59728200004611
80.85215599930962
79.32258000073489
60.54104899885715
80.39712199934002
83.71796400024323
72.71303900051862
60.33791200025007
69.76804000078118
70.57289400108857
63.5641549997672
65.31980399995518
57.68688799980737
64.53870999939681
58.99379800030147
65.44193800073117
56.13283400089131
67.71904199922574
62.448386001051404
66.41127799957758
60.59606700000586
71.08981900091749
60.48056200052088
63.940617999833194
59.391360000518034
60.13567199988756
58.66997200064361
57.58714999865333
63.85887000033108
51.458408999678795
62.37500999850454
63.94133800131385
60.33537300027092
68.62189499952365
60.14568700084055
62.891109999327455
65.16856499911228
66.55084699923464
49.73575099938898
52.87027600024885
59.54591899899242
55.817435999415466
55.007242001011036
63.491238999631605
60.09009499939566
65.72539599983429
70.15758199850097
58.38192300143419
64.28519600012805
57.361322000360815
61.56490100147494
56.3545429995429
57.20260800080723
54.45823399895744
54.23993799922755
73.04785899941635
63.12582800092059
62.83253400033573
58.36507300045923
55.43835499884153
56.68129200057592
52.893997000865056
65.06906699905812
56.76916399897891
76.27964799939946
58.414944000105606
64.46092799887992
65.85011999959534
64.71104599950195
79.26768799916317
81.39788300104556
62.72532499860972
79.39818200065929
78.31245899978967
83.9596209989395
83.58528899952944
74.39066499864566
62.95367300117505
74.25182000042696
70.42641900079616
76.27595699887024
74.25836099901062
71.86781300151779
63.40809600078501
79.16917500006093
87.14881699961552
84.52199699968332
79.07256599901302
58.24380000012752
74.14713300022413
56.4322539994464
67.72865099992487
64.45899800019106
63.55801099925884
64.29341300099622
59.21504800062394
61.506929001552635
66.25160800103913
61.48029699943436
62.27964200115821
55.94261000078404
61.88398599988432
61.11455799873511
61.37970499912626
58.020251999550965
65.19914700038498
68.0337169997074
65.21256099949824
68.92478599911556
63.0257150005491
56.91790399941965
63.09741000040958
54.254651000519516
67.60772900088341
63.238016999093816
65.69641200076148
64.10138300088875
55.726651999066235
61.869619001299725
58.43043500135536
54.30649899972195
68.26532400009455
54.321751000316
61.123766001401236
52.863044998957776
58.4714710003027
64.64497399974789
58.04477399942698
69.46449999850302
64.45762799921795
79.20632599962119
83.48132600076497
78.16669400017418
84.31865099919378
67.38000699988334
70.00399599928642
85.7276950009691
68.20666199928382
90.49377500014089
81.27527900069254
95.53808199962077
70.2261839996936
64.48335900131497
65.59774299967103
79.79159400019853
69.93018399953144
61.399365000397665
69.08653999926173
64.17070499992406
58.055374000105076
65.48719900092692
61.06643000020995
69.87418900098419
60.09193099998811
65.1702529994509
60.33529299929796
66.78193399966403
79.29998899999191
76.89857599871175
85.45062600023812
83.29198300089047
86.54449900132022
77.64812899949902
81.47753600133001
89.3839950003894
76.90289600031974
62.70642399977078
62.400826000157394
70.44825100092567
63.353735000418965
70.65814700035844
76.31450100052461
65.40414599840005
84.95187100015755
76.4189109995641
83.95562999976391
79.24390299922379
91.07934200073942
80.03474100041785
70.00225699994189
64.42245699872728
62.81559799936076
74.12967200070852
73.52185399940936
61.36063399935665
79.46981399982178
79.12988399948517
69.19049299904145
83.45819799978926
65.6444050000573
64.64979399970616
79.24861799983773
68.04729100076656
63.74397299987322
65.77111899969168
61.60335100139491
64.2413019995729
70.33250899985433
78.92934899973625
65.131367999129
70.3557680008089
65.11429800048063
75.03940999959013
52.59586300053343
59.5157730003848
60.34093299967935
56.846742998459376
70.01116200081015
61.66201400083082
61.68928899933235
67.90872899910028
66.54877700020734
62.69183400036127
61.98933899941039
64.7058599988668
61.605427999893436
52.363052000146126
58.74326400044083
63.77743200027908
62.139773999660974
66.8485550013429
59.66215799890051
69.86025200058066
62.01505600074597
76.73434599928441
56.894164001278114
68.50215699887485
59.91379499937466
64.73814200035122
66.91383199904521
73.39617900106532
73.73098999960348
65.00893500015081
68.75841799956106
77.06475200029672
72.66859300034412
60.39495100048953
64.69098100023984
65.08103200030746
61.79079800131149
70.87584900000365
71.04392399924109
73.82994299950951
69.0596109998296
73.2841320004809
67.9184599994187
78.66442500017001
65.18190600036178
80.00029000140785
69.75927499843237
62.187964000258944
55.45975800123415
62.36977100161312
76.03555000059714
71.38319400110049
68.98899599946162
63.58928199915681
56.789334999848506
66.44285800030048
58.28183300036471
63.96605600093608
59.54454399943643
66.31398100034858
61.684253998464555
73.0716449997999
68.8330209995911
69.40893099999812
69.98463399941102
65.30778500018641
72.53163900168147
71.99074699929042
64.7378360008588
69.47750300059852
61.145331999796326
61.55636999937997
66.36921600147616
66.01804100137088
60.27135099975567
61.16485399979865
59.88652800078853
62.540805998651194
59.62360400008038
65.23486100013542
65.42961000013747
65.40051800038782
72.24712999959593
63.51751200054423
68.65432800077542
53.89663999994809
67.41907300056482
71.96793900038756
63.70689999857859
59.81902300118236
55.56654899919522
62.254260999907274
60.07569999928819
62.039635000473936
55.89196699838794
56.9704659992567
67.27242399938405
57.3657529985212
62.640928001201246
62.14799800000037
50.771443000485306
66.67207600003167
67.6720089995797
69.39132300067286
64.80360100067628
68.58581800042884
65.11923800098884
57.31026700050279
59.55011900005047
78.73053200091817
68.92654500006756
63.66374400022323
70.82414500109735
55.82006099939463
62.52278300053149
64.97521399978723
67.94737699965481
75.3954829997383
64.48458900013065
68.07483100055833
75.21419499971671
69.43296899953566
61.47448999945482
62.242586000138544
75.33393400080968
58.329747000243515
62.4030999988463
57.13287599974137
60.05466500027978
61.42042600004061
63.13759799922991
59.90617499992368
64.98459499925957
53.279873998690164
61.80627700086916
52.64134500066575
62.38168100026087
75.28173299942864
64.04401600048004
60.06049399911717
61.98917899928347
60.72621000021172
67.95456500003638
60.12749200090184
66.03764100145781
60.73561000084737
53.443882999999914
51.147973999832175
62.51128300027631
63.89097600003879
63.097636000748025
71.71383299828449
65.38803200055554
58.05576300008397
65.11426300130552
69.81573099983507
63.414426000235835
58.00122199980251
54.45708400111471
58.44581500059576
65.82527899990964
71.97309299954213
71.93624499996076
56.98681099966052
59.72244899930956
56.39190300098562
70.40471399886883
69.7991050001292
64.80336400090891
65.93355900076858
58.304420999775175
66.00991500090458
56.23315800039563
55.41879299926222
65.84833099987009
53.15746000087529
60.2315260002797
64.78657300067425
57.548213999325526
58.66352200064284
59.51279799955955
85.50081799876352
68.52217199957522
58.3488030006265
82.937099999981
71.91210400014825
77.90985700012243
81.83746599934238
67.05388699992909
60.81884399827686
82.45164499930979
70.32363599864766
63.68120699880819
69.41447999997763
70.5303320009989
87.4610870014294
82.05479199932597
81.05618499939737
80.50564599943755
59.60938099997293
75.00301799882436
57.66640100046061
78.974060001201
61.69577400032722
59.88120899928617
74.10940199952165
64.73770599950512
77.93699700050638
85.61908999945445
83.55878900147218
77.07239699993806
68.56464199881884
84.68942299987248
62.8283879996161
75.91152600070927
73.34846800040395
79.8682770000596
68.05279699983657
65.36633600080677
66.1957699994673
85.51770800113445
75.02450900028634
64.3595550009195
