Messages/sec=8.23
duration_sec=60.029
payload_size_bytes=15728640
total_messages=494
payload_throughput_MiB_sec=123.44
mean_rtt_ms=74.862
median_rtt_ms=71.586
stddev_ms=13.221
min_ms=43.111
max_ms=113.466
---raw_latencies_ms---
113.46644700097386
57.947599998442456
43.11091999989003
43.236474000877934
78.24166700083879
70.85216199993738
71.19439199959743
74.91166600084398
80.11577400066017
77.71501000024728
76.52520499868842
83.02133700090053
85.32408500104793
69.54102599956968
84.03241300038644
68.94676499905472
81.88963300017349
94.51402200102166
74.46505200095999
88.43291700031841
84.73270400099864
77.70179100043606
70.7892209993588
80.96594000016921
101.62717799903476
75.7568139997602
86.0330339983193
63.84437999986403
60.71058400084439
67.09641800080135
63.29640900003142
59.32274199949461
49.11094500130275
52.10279300081311
54.859026000485756
55.624733000513515
48.911086001680815
52.035741000509006
67.16662100006943
65.7933789989329
65.48684999870602
69.8383710005146
62.97716799963382
63.152108999929624
73.0088930013153
68.35780199980945
72.5809579998895
66.4031470005284
70.87592899915762
65.14937300016754
68.66587799959234
74.3733159997646
68.0641969993303
73.392539001361
65.41378799920494
67.04053000066779
64.577143999486
76.4897179997206
94.0947099988989
82.59504799934803
80.34299000064493
73.25571600085823
83.88793799895211
76.92293699983566
84.48064699950919
71.43860100040911
66.56310799917264
61.005423000096926
66.7171019995294
68.01498599998013
66.07577199974912
78.86586600034207
84.28991599976143
70.22174400117365
90.74507600053039
66.7746580002131
88.1153419995826
76.39519100121106
99.61805599959916
96.34222299973771
92.55415199913841
89.95506300016132
85.57242999995651
74.16728300086106
91.50308700009191
86.47110000129032
82.05751199966471
68.4890100001212
87.20049600015045
88.82012799949734
92.39700700163667
98.15194200018595
86.06003499880899
64.76393299999472
65.46277400047984
62.98560399955022
67.8408900002978
63.432876999286236
62.586897000073805
68.90561399995931
59.30799400084652
69.8587779988884
65.30656999893836
64.96856800004025
62.87571100074274
69.31897700087575
68.74321400027839
69.38425299995288
66.7539370006125
75.6527619996632
68.70003499898303
73.50106299963954
59.98733199885464
64.47961899903021
69.4575760007865
72.86473400017712
65.50740100101393
71.34897800096951
70.36918700032402
72.51151799937361
64.63447399983124
61.00026800049818
69.60540399995807
63.840587999948184
58.92366099942592
61.47880400021677
59.71584400140273
67.60325899995223
56.98266099898319
67.19635099943844
67.52030700044998
68.12965400058602
63.06495500029996
65.14623900147853
79.79056000112905
89.49867299998004
98.93651600032172
91.98433399978967
93.90796399929968
94.02126599889016
97.64060599991353
95.69314699911047
97.21835399977863
91.27398500095296
98.24557799947797
93.48922000026505
96.24696399987442
81.7133719992853
97.67501700116554
89.20068599945807
97.85692900004506
75.60870700035593
93.08803800013266
94.58339299999352
97.42587999971875
91.81996900042577
94.20878200035077
98.09056999984023
90.54826999999932
99.80122500019206
95.24329899977602
98.0750300004729
87.56487999926321
91.92416800033243
98.11187999912363
74.7263989997009
103.26857400104927
77.49075500032632
83.76430600037565
76.06000099985977
76.26600000003236
88.36836699993
81.06237399988458
80.47963399985747
96.58667400071863
72.71210299950326
83.47279000008712
65.60557800003153
68.73741799972777
84.69613200031745
94.19850099948235
81.17646499886177
77.19002500016359
94.76852899933874
87.87394000137283
68.52281200008292
72.1471710003243
106.12891999880958
84.96985599958862
74.76525099991704
76.55906599939044
83.41650400143408
90.62260600148875
80.98298599907139
83.9975710005092
90.5158659988956
91.83472999939113
102.5073370001337
92.21698200053652
98.56575399862777
88.73654499984696
78.4036470013234
72.01074099975813
74.1696140012209
88.63044200006698
89.65238299970224
85.62828100002662
82.05019200067909
81.69466099934652
72.75209999897925
82.37102199927904
89.30881299966131
74.11127100021986
89.14912299951538
79.47984400016139
95.56012299981376
104.94786799972644
83.45897499930288
109.19802699936554
74.00725300067279
71.35215800008154
72.35017299899482
89.36264499971003
70.49780099987402
100.00056299941207
71.82676199954585
81.06487300028675
84.99171199946431
86.08976600044116
97.31841600114421
95.02774700013106
85.81273600066197
66.3318109982356
91.42188300029375
85.57322900014697
62.85643999945023
85.63064099871553
66.81767900045088
84.92590300011216
95.2137420008512
68.57087299977138
89.8086789984518
91.9947599995794
70.35965700015367
85.63083099943469
101.4085039987549
84.21880799869541
87.09231600005296
104.08746199937013
96.21213300124509
64.90737700005411
70.00525200055563
62.90964600157167
71.64688699958788
61.53209500007506
64.45048800014774
69.98463600029936
63.83195399939723
66.39183700099238
67.43845399978454
62.83331900158373
64.78291299936245
62.82582799940428
63.433616000111215
76.78890300121566
67.91335900015838
70.73530099842174
69.84156599901326
65.67570500010333
66.57747700046457
69.88532600007602
66.72450000041863
65.11157800014189
69.84126699899207
72.98153700139665
62.66243299978669
75.55013599994709
77.63810500000545
71.13953699990816
84.00445500046771
75.02182899952459
98.85831400060852
88.44764300010866
77.84108499981812
82.70837400050368
92.34919599839486
89.59491200039338
83.593278999615
94.9520649992337
87.3525540009723
79.03797099970689
85.88201500060677
91.43288700033736
96.003467000628
89.26274199984618
90.13192800011893
73.5619549996045
88.1567169999471
93.36253599940392
84.28108999942197
93.5470919994259
64.09309700029553
85.66079900083423
82.01164099955349
76.55547600006685
86.88831499966909
72.48274500125262
78.23754200035182
64.61463300001924
86.99932300078217
91.36368599865818
84.51786700061348
71.52427200162492
104.04476100120519
74.90845899883425
80.02782100084005
67.04571099908208
63.670454001112375
66.34418999965419
64.18384100106778
68.32495599883259
67.70604600023944
70.34426300015184
66.9892850000906
56.53819799954363
54.71426599979168
55.019027000525966
47.4360339994746
51.423693001197535
58.04701300075976
48.921515999609255
57.781506000537775
49.80993400022271
57.19228700036183
57.49261600067257
70.41369900071004
65.61436300034984
68.48758100022678
66.94026399964059
68.84306100073445
67.63098400006129
70.9984369987069
64.1211080001085
63.90192199978628
75.73814200077322
64.84569500025827
61.812888001441024
67.77735899959225
71.70686800054682
71.07082799848286
61.94266100101231
65.56303199977265
66.53657399874646
66.54863199946703
72.39817899971968
66.19475099978445
57.63032499999099
71.1938430013106
64.97781399957603
64.96130300001823
69.50128199969186
83.66826100063918
90.75146800023504
94.93661099986639
89.28616299999703
66.27892299911764
81.52901900029974
93.45399000085308
81.75811700129998
80.80409600006533
88.26258400040388
81.14349500101525
82.21104699987336
83.91116900020279
103.57822800142458
83.5578890000761
73.51377499981027
79.35630100109847
101.35807799997565
86.55853500022204
63.730375999512034
88.45228299833252
76.26634200096305
74.3982000003598
75.27134599877172
77.44296700002451
69.32715699986147
93.42802799983474
89.1518989992619
88.49809899948013
92.4533090001205
88.75023600012355
71.19232199875114
74.8847390004812
61.33371400028409
102.68255899973155
78.54870700066385
69.33641599971452
81.54608699987875
95.53968200089002
96.51989200028765
73.6681979997229
80.97971899951517
63.54413099870726
62.39732100038964
67.87782200080983
64.58794200079865
64.23610099955113
64.18366900106776
58.306687000367674
70.60778500090237
63.6470340014057
69.12008200015407
74.19466400097008
65.363695999622
63.987964000261854
63.44177700157161
63.884990000588004
70.53759700102091
58.184810000966536
66.01847199999611
58.199257000524085
67.03504500001145
69.70984699910332
72.69060799990257
59.06352999954834
68.13816999965638
69.34819599882758
74.81621799888671
73.2260849999875
64.58013200062851
68.12601999990875
69.80103599926224
65.2105120007036
67.47571900086768
66.49715999992623
48.86811700089311
57.286461000330746
55.41246400025557
50.073430998963886
55.885527001009905
54.93646499962779
51.38219100081187
48.256325999318506
56.17067700040934
51.090121998640825
55.97078899882035
64.32589399992139
71.1017499997979
68.96741800119344
71.76174000051105
66.50936100049876
65.37639599991962
64.40236600064964
61.51693100036937
66.10302799890633
68.72677800129168
66.11395800064201
61.09735900099622
63.90908700086584
69.26897500125051
59.64317699908861
62.47684399932041
72.6924680002412
63.59472199983429
65.8335400003125
55.874128000141354
51.75398299979861
47.164691999569186
60.28166100077215
46.680028000992024
50.98705599993991
70.96807600100874
69.83185399985814
64.9795429999358
66.63737400049285
69.55699200079835
64.91484199978004
67.9559740001423
62.20654999924591
62.065690999588696
68.09829399935552
74.20346800063271
63.31750800018199
69.62051499976951
65.65400399995269
59.300982000422664
66.73725799919339
74.66053899952385
66.47467900074844
72.0388380013901
66.57479199930094
62.66452400086564
70.19227199998568
