Messages/sec=9.46
duration_sec=60.015
payload_size_bytes=15728640
total_messages=568
payload_throughput_MiB_sec=141.97
mean_rtt_ms=63.791
median_rtt_ms=62.835
stddev_ms=9.139
min_ms=38.906
max_ms=91.005
---raw_latencies_ms---
75.80767299987201
63.78274800044892
69.96751499900711
65.23927099988214
48.43526100012241
62.832847999743535
66.00077499933832
67.37267700009397
62.91504699947836
66.1660200003098
64.06350100041891
64.88611700115143
62.359043999094865
62.71656099852407
53.91180800143047
56.54058099935355
63.887689999319264
62.635082998895086
60.1467969991063
60.189458999957424
58.26840000008815
61.39430499933951
60.894318999999086
69.45363100021495
66.06425700010732
86.76569499948528
64.53286000032676
58.635182000216446
79.29153500117536
59.01113299842109
76.13884300008067
58.622350999939954
87.16440800162673
67.26927300042007
56.209257001683
73.28176600094594
65.22529099856911
70.48402100008389
61.934450999615365
62.63939299969934
84.33693099868833
68.99559900011809
70.68466799864837
68.62901500062435
62.6044210002874
64.31047300065984
66.87869199959096
56.68520500148588
63.43456000104197
62.17933900006756
61.04707499980577
55.38559799970244
60.56793000061589
60.16969800111838
68.434458999036
52.167490001011174
61.17917799929273
62.83968400020967
64.46109199896455
59.21564200070861
52.493240998956026
64.78836800124554
66.95707399921957
64.56071600041469
72.32222199854732
61.49565800114942
57.10209000062605
68.04878199909581
57.31014699995285
62.9259519992047
53.04006200094591
61.145503001171164
56.57759499990789
58.92838100044173
67.33490700025868
67.2544029985147
59.57032999867806
66.8027190004068
58.55527799940319
66.3402310001402
61.869289000242134
63.67363000026671
58.31477699939569
62.609712998892064
62.87229000008665
70.62473199948727
65.02893600008974
69.06567799887853
66.30015399969125
55.31634599901736
72.38391899954877
52.491370999632636
62.306112000442226
66.12633599979745
63.83186499988369
66.80703399979393
64.69443600144587
58.43061400082661
64.30200300019351
61.63802799892437
60.95923099928768
62.78089700026612
56.60978900050395
51.00837899954058
64.15160899996408
57.16464699980861
61.648482998862164
61.061880998749984
64.24160100141307
66.30117399981827
63.96557399966696
67.45897899963893
63.94106299921987
53.546047000054386
57.86773399995582
62.58840599912219
46.257744999820716
49.90434699902835
43.004541999835055
47.3747039995942
41.2800829999469
49.68338900107483
43.8539619990479
50.67894500098191
48.29033799978788
50.40853200080164
57.816725999146
57.834697001453605
81.96813100039435
66.20302100054687
62.03421499958495
77.18300499982433
87.63520299908123
69.38448800065089
76.70124100150133
80.79513399934513
81.05711200005317
77.15452400043432
67.20553299965104
60.34805399940524
60.11680600022373
67.59047199921042
59.915372999967076
56.62190299881331
90.1880399997026
73.62709700100822
66.38157700035663
71.95572499949776
64.61168300120335
65.4513980007323
56.91657799980021
65.26005400155555
63.62714299939398
60.99684299988439
63.33524500041676
66.04596199940715
63.73036799959664
69.14282099933189
63.21756100078346
55.388853999829735
67.83163299951411
66.96955700135732
62.217900000177906
61.26704399866867
58.27030000000377
51.68395900000178
55.79327499981446
67.22766199891339
62.40528600028483
91.00451399899612
79.97367999996641
80.89140700030839
83.52109999941604
69.69589699838252
60.16150700088474
76.23809600045206
78.2125259993336
90.19724999961909
85.04047300084494
63.91363399961847
90.06342599968775
63.11684799948125
56.76602399944386
60.56116899890185
64.19578999884834
64.3200140002591
61.447826999938115
56.06497299959301
53.06980199929967
59.14000300072075
59.748143999968306
65.2908039992326
63.528148999466794
61.38865999855625
63.129078000201844
59.12737700055004
53.94546900060959
53.244407999955
60.89555099970312
61.631774999113986
61.841758999435115
59.35601300006965
57.537578000847134
62.61821199950646
68.8469710003119
55.909697999595664
61.31778899907658
66.67599899992638
64.84300999909465
67.95343500016315
64.84726999951818
56.983095999385114
66.60806599938951
64.05158600136929
69.19494100111478
64.88443099988217
69.84933300009288
63.36419999934151
57.67777199980628
62.43805299891392
69.35486700058391
55.70149699997273
56.727093000517925
59.62222199923417
51.787543001410086
60.06529000114824
63.263815000027535
63.3303539998451
58.07097399883787
66.3485410004796
54.444385999886435
62.50116899900604
66.1613660013245
60.64382200020191
60.941822001041146
59.53217900059826
60.65552300060517
66.27398299860943
54.027561000111746
47.10573100055626
56.98127600044245
62.400329999945825
54.720552998333005
65.89129699932528
55.69542200100841
59.738333999121096
61.912626999401255
67.14556500082836
61.15079699884518
59.78513599984581
61.0120299988921
58.9879369999835
65.41432300036831
55.229807998330216
61.60049100071774
59.186008000324364
61.99807899974985
57.92920000021695
64.85137999879953
60.39054400025634
65.30902499980584
61.493779001466464
72.99713799875462
63.98207399979583
70.32799700027681
64.5524409992504
65.31466399974306
79.91172699985327
76.94093700047233
71.59713500004727
85.58158999949228
59.6382010007801
59.43884599946614
60.92174100012926
77.73166200058768
70.81510199896002
53.95997400046326
58.44405600146274
77.93533699987165
81.50502600074105
57.73063299966452
82.30283100056113
85.52433800105064
80.64727099917945
76.23286600028223
87.59661099975347
84.49955700052669
86.76512500096578
80.31448900146643
72.88063399937528
58.584320000591106
79.93378799983475
81.34438199886063
70.71460800034401
72.14028199996392
58.494667000559275
60.51049900088401
58.416059999217396
67.49029999991762
66.7843390001508
54.86668599951372
65.27550900136703
56.96770999929868
62.14337900019018
62.87333000000217
73.12252100018668
70.05500300147105
65.42194300163828
63.965869001549436
64.51664599990181
65.98711100014043
62.59730100100569
59.02857399996719
52.759612999579986
62.44351699933759
64.9413020000793
52.61261299892794
62.8129379983875
61.86712199996691
65.19211100021494
71.96494699928735
66.41248400046607
59.67982900074276
63.9336820004246
58.66192199937359
61.504229001002386
71.4355500003876
67.04626699865912
56.589068999528536
61.919431000205805
60.38507500124979
68.84770199940249
63.717975999679766
64.707155999713
59.1167160000623
60.35081400113995
59.031208000305924
71.60408999880019
60.09221500062267
69.89813299878733
52.18933600008313
59.70802399860986
71.77741099985724
52.44453300110763
66.73329200020817
55.52312700092443
72.3487480008771
62.17618799928459
60.29629499971634
62.990243000967894
44.768285000827746
61.48133799979405
61.5279619996727
66.79098899985547
85.10421500068333
82.644361000348
73.8482139986445
64.92542699925252
60.7223150000209
62.61010699927283
65.29924899950856
57.209943000998464
64.79110100008256
57.63238299914519
68.55325600008655
58.969521000108216
64.4743880002352
53.559153000605875
59.05236299986427
59.24155200045789
64.94596300035482
55.05202200038184
62.55154000064067
61.913300000014715
58.92721000054735
60.9110410005087
56.72962399876269
57.38854300034291
67.882968000049
63.879412999085616
62.837318999299896
60.11290599963104
58.310690999860526
62.00216300021566
53.814664999663364
60.9469020000688
70.07685899952776
56.85289200118859
64.64976500137709
58.49334800041106
83.104485000149
64.53947199952381
60.2066189985635
61.44739799856325
78.97265999963565
82.06031299960159
89.15554199847975
79.04864099873521
69.50239699835947
82.35037200029183
67.73042799977702
62.48577699989255
74.26280599975144
63.228131000869325
69.70073699994828
79.63972899960936
81.81330499974138
78.68197100106045
81.70593199974974
77.66067900047346
72.71689900153433
62.23985999895376
59.89656999918225
67.69710700064024
61.90345100003469
80.640840000342
62.0909869994648
71.71168999957445
74.85775500026648
81.30732999961765
72.13328200123215
70.79477100160148
55.95374100084882
61.67944299886585
61.85953999920457
66.94388399955642
58.94919099955587
59.47175300025265
55.74978499862482
55.62112000006891
69.4029070000397
61.884790999101824
70.23730500077363
62.74437100000796
50.453112000468536
67.97941500008164
65.31108499984839
59.72123500032467
53.394747999846004
60.99415199969371
53.63543000021309
56.86065699956089
69.59199400080252
59.449861000757664
63.538779999362305
64.15314500009117
68.24247399890737
64.0644360009901
64.78237800001807
63.341945000502164
68.9249450006173
65.40367699926719
58.51220299882698
69.60413399974641
62.92974700045306
51.8212240003777
57.01094300093246
64.45489399993676
61.64249699941138
61.60716200065508
65.68265600071754
65.25687199973618
61.49195800026064
69.95263499993598
61.015012999632745
64.7918380000192
53.95574999965902
63.394936001714086
59.141596999324975
62.56941099854885
61.63884200032044
60.18276400027389
68.68327200027124
59.676611999748275
67.6481659993442
60.05599499985692
60.727690000931034
65.19562200082873
64.27534199974616
61.48633799966774
64.02112400064652
65.94002000019827
42.284950000976096
55.1412499989965
41.51956100031384
47.488108999459655
48.88622500038764
42.87531199952355
47.12186100005056
45.09816000063438
43.094519000078435
50.14070400102355
47.47319700072694
44.40871900078491
48.39845099922968
41.89638199932233
44.128501000159304
48.70356999890646
38.90557200065814
45.827931999156135
49.26016600074945
40.58864299986453
42.58367399961571
45.04780800016306
50.53559499901894
60.83951800064824
53.43913300021086
64.70090899892966
61.38227500014182
65.03124600021692
62.47322799936228
69.65711699922394
55.202896999617224
84.95946100083529
57.93086300036521
59.05863999942085
50.29439300051308
43.06298799929209
61.469749998650514
58.10045500038541
64.67038400114689
66.98832099937135
65.557464999074
65.6742610008223
56.28796000019065
64.64864900044631
59.380452999903355
61.78376200114144
63.01588299902505
59.19512900072732
63.957643000321696
62.948762000814895
71.2535550010216
56.22962400047982
63.428559000385576
55.71352300103172
64.44069699864485
55.50586899880727
60.74086499938858
57.179606999852695
61.28331200125103
66.76219800101535
76.57302600091498
64.1824419999466
60.16308800099068
75.26502699874982
83.85371700023825
74.00827699893853
82.41321399873414
76.43281200034835
84.79272499971557
61.416456001097686
84.72622400040564
79.22271700044803
63.280141999712214
63.30739299846755
83.15264599877992
80.64460000059626
88.51063800102565
58.37461299961433
69.72026800031017
70.27045399991039
78.46066299862287
69.2004430002271
79.64452000123856
65.19786099852354
56.31493100008811
75.66889800000354
