Messages/sec=8.11
duration_sec=60.029
payload_size_bytes=15728640
total_messages=487
payload_throughput_MiB_sec=121.69
mean_rtt_ms=78.957
median_rtt_ms=79.583
stddev_ms=15.205
min_ms=42.843
max_ms=107.463
---raw_latencies_ms---
101.48502399897552
98.26236600019911
101.3940510001703
85.18007699967711
96.44483999909426
81.62473999982467
76.02439900074387
87.92622100008884
48.322947000997374
56.9258430004993
77.19843500126444
63.00554100016598
65.52978999934567
68.81466100094258
81.11062699936156
78.82366400008323
99.39555300115899
75.36937999975635
62.73841699839977
75.97363100103394
74.42744100080745
60.9841020013846
66.62161399981414
66.88696200035338
58.25254900082655
61.996344000363024
63.07867699979397
65.25638200037065
61.711255000773235
61.0558240005048
82.13794600123947
74.58151500031818
107.463143998757
97.20283299975563
69.07505399976799
68.38447800146241
55.61512999884144
66.40344700099376
58.43770399951609
64.8349489983957
97.85462200125039
96.41380900029617
105.46045299997786
98.68565800024953
56.29505000069912
42.84344200095802
49.385399999664514
55.73221799932071
48.06405099952826
46.38433900072414
56.49075899964373
69.57480399978522
64.63526299921796
58.48637600138318
62.39174499933142
65.19962099991972
67.78491799923358
70.19156200112775
69.87105299958785
74.46488200002932
67.6639850007632
66.50178100062476
76.57906099848333
60.927449998416705
71.9949459999043
58.791555999050615
62.7924369982793
71.87474599959387
86.14374700118788
92.5270099996851
99.69759900013742
98.6288770000101
89.76277200054028
83.76394500010065
92.24857200024417
77.5755519989616
70.8930529999634
57.23720800051524
67.24791300075594
57.54763799995999
66.98794400108454
63.43925799956196
65.80884899994999
61.054504998537595
54.52704700110189
66.34484999995038
75.19814499937638
88.44609699917783
59.70405900006881
74.05508999909216
55.850377000751905
68.6000649984635
51.28845299987006
52.98987900096108
46.22811399894999
50.098342000637786
50.13200400026108
44.76753000017197
55.16265600090264
88.42524000101548
90.19150099993567
92.57804300068528
96.3153760003479
100.38813000028313
93.1815510011802
101.780492999751
91.59291200012376
101.33205799866118
95.3274160001456
98.01287700065586
85.95834100015054
98.67063800083997
74.28729699859105
60.946530998990056
78.42255200012005
81.34117199915636
73.48492799974338
92.07347700066748
75.01230900015798
99.85431300083292
91.70831199844542
80.75216399993224
94.97109399853798
79.98602999941795
104.56226200039964
98.99937699992734
81.48483500008297
86.4461660003144
62.82432899934065
82.3538019994885
90.28964799836103
81.73950299897115
70.45296999967832
80.10921399909421
93.38229799868714
98.1349309986399
93.91461299856019
99.96506799870986
91.90582200062636
96.11482999935106
80.03819099940301
81.03662100074871
80.07309200002055
89.04762499878416
87.35339399936493
66.10579100015457
82.30634100073075
90.12642800007598
80.82328499949654
96.67520599941781
64.638253999874
95.8890629990492
81.04841199929069
74.68046999929356
71.96943600138184
95.11300999838568
93.21651199934422
98.51414300101169
81.54882700000599
102.36692899889022
94.59951399912825
97.90187399994466
96.59320399987337
70.56335600100283
97.1066799993423
80.97843999894394
79.69060100003844
92.43876800064754
77.40186100090796
93.22852200057241
96.80800100068154
102.07487099978607
97.03488800005289
83.73921400016116
90.33815400107414
94.88535200034676
71.85194299927389
98.21013299915649
92.40392699939548
84.72237400019367
96.96979599902988
85.56771999974444
80.44348300063575
70.49659099902783
93.37022700128728
83.85753799848317
70.12010099970212
88.51284899901657
91.01413499956834
94.99873099957767
99.36159800054156
97.9727459998685
89.32098399964161
79.26477799992426
70.7926100003533
60.68952299938246
73.36738300000434
63.31416400098533
53.76896300003864
68.02141700063657
72.15570200060029
57.92341999949713
63.38645499999984
64.81824900038191
64.43899700025213
66.17889100016328
62.91428099939367
69.08691900025588
62.60676700003387
69.54274300005636
72.60702600069635
64.40499699965585
62.00012999943283
59.94124099925102
64.64881299871195
61.41410599957453
62.83717900078045
83.24315400022897
75.49223299974983
96.3704060013697
99.3902350001008
95.37997100051143
89.33792600146262
86.23155999885057
90.21977900010825
88.90896100092505
73.02376900042873
97.60754499984614
94.69660099966859
91.91856300094514
91.10786800010828
103.90197999913653
75.87622600112809
102.85972599922388
102.22607499963487
95.69342699978733
98.33758400054649
76.15595300012501
86.67507199970714
87.20979900135717
98.61970599922643
95.09394899941981
93.99979600129882
101.7526759987959
91.33485100028338
100.11435199885454
76.30511800016393
65.36630600021454
62.90529200123274
75.50404299945512
87.37738400122907
95.48012999948696
103.577496998696
64.8398499997711
68.88568200156442
69.33399700028531
98.95564599901263
93.8939619991288
98.6987769992993
93.0484170003183
76.68584899874986
101.11060099916358
95.07721900081378
84.28517100037425
87.80430799924943
59.608100998957525
58.85856799977773
67.69422700017458
61.883880000095814
63.635733000410255
60.235570001168526
71.74350900095305
57.73091399896657
64.26925199957623
66.10088799970981
69.93378500010294
61.53716999870085
65.34551500044472
70.676576000551
66.74500799999805
71.77556100032234
57.44364499878429
59.95077199986554
65.99933500001498
63.477298001089366
66.78217299850076
56.764794999253354
103.61613699933514
92.99832500073535
69.27915800042683
78.54339100049401
75.81763400048658
94.67034500084992
97.61749500103178
94.05650699955004
103.02546999992046
95.63466500003415
79.99371999903815
99.82337499968708
82.6748649997171
96.84813800049596
61.31399299920304
97.6958579994971
81.45460500054469
88.58162099932088
92.35659099977056
68.70475800133136
84.63597099944309
73.68692800082499
69.26425399979053
104.07016099998145
99.86078899964923
93.57602199997928
94.43339899917191
98.46773100071005
95.00180600116437
96.68460800094181
88.7407059999532
91.63386399995943
83.49674700002652
85.20245799991244
91.63181400072062
87.54729999964184
86.39782399950491
52.97704400072689
59.241861999908
63.825989000179106
73.31722699927923
58.83631700089609
62.375904999498744
67.25917299991124
63.69487499978277
64.6370440008468
68.00743600069836
58.87574899861647
60.886163999384735
59.256171000015456
63.29019800068636
62.15652900027635
66.27773299987894
62.79360799999267
63.83028899836063
60.76786599987827
62.63046200001554
63.93958199987537
58.21136899976409
58.090805001484114
72.90811500024574
67.83094099955633
61.019994000162114
70.22974299979978
55.57327799942868
61.37838399990869
55.81508600153029
68.03689700063842
74.75699199858354
60.36084300103539
64.6794950007461
60.63673199969344
59.97755099997448
65.36115500057349
58.52033799965284
58.04738299957535
58.066022998900735
57.78334900060145
66.85205200119526
56.910448998678476
66.85341600132233
61.586071000419906
61.50833799983957
60.69704299989098
63.115647999438806
68.62743500096258
69.28701499964518
71.70288999986951
61.29640200015274
70.22856699950353
67.67222599955858
54.632900000797235
66.29110900030355
61.31099200138124
55.24729800163186
62.04538500060153
94.58476299914764
90.55219100082468
97.13111099881644
95.79303999998956
94.62325400090776
83.31109099890455
70.06310900032986
86.24567900005786
68.15051099874836
82.49721599895565
81.02417700138176
79.58261800013133
100.03245799998695
87.22158999989915
99.27212500042515
99.35890800079505
85.85832899916568
94.99325499928091
96.39584100114007
78.69012999981351
99.70877900013875
101.12552200007485
93.5299020002276
99.47440199903212
93.46086899859074
102.2350559996994
65.35479499871144
80.07565799925942
80.32475999971211
91.65368399953877
67.25710399950913
82.13560500007588
95.61379499973555
92.50496099957672
84.98173199950543
73.74854100089578
91.80655899945123
82.78689500002656
99.15920200000983
98.58519499903196
93.96013399964431
98.82877200107032
60.59013999947638
97.31719699993846
87.42368499952136
96.00833699914801
84.27176999975927
59.7683110008802
98.23820999918098
79.33369999955175
72.05134899959376
87.35664999949222
92.06300699952408
74.10432100004982
98.77666099964699
87.46069699918735
101.3393420016655
84.17090700095287
79.96279899998626
86.37278399874049
69.36880000102974
96.13650000028429
95.18859200034058
67.17789100002847
78.13642699875345
100.18629400110513
85.7952859987563
71.95099599994137
82.78759499989974
95.33907500008354
98.47569100020337
63.54373100111843
92.61103300013929
93.92469299928052
85.78446499996062
66.41156700061401
71.3433070013707
83.20553699923039
93.45244900032412
70.06348799950501
97.00648699981684
88.88340100020287
69.30170499981614
86.40591599942127
97.62567899997521
64.95965399881243
99.45291099938913
94.09927900014736
78.93845800026611
78.9024369987601
90.29124299922842
89.01680400049372
102.12301200044749
70.99118900077883
86.89957000024151
74.97112799865135
91.32492500066292
74.09850099975301
75.68876899858878
97.03098699901602
76.61172699954477
85.522478000712
96.69340000073134
93.07702699879883
