Messages/sec=88.79
duration_sec=60.007
payload_size_bytes=1048576
total_messages=5328
payload_throughput_MiB_sec=88.79
mean_rtt_ms=8.905
median_rtt_ms=8.831
stddev_ms=0.581
min_ms=6.993
max_ms=15.718
---raw_latencies_ms---
15.718087000095693
10.320888000023842
13.189701000555942
13.007790999836288
13.679376000254706
10.25702100014314
13.75609800015809
9.570789999997942
9.163998999611067
12.256971999704547
10.35378500000661
13.548301999435353
9.735804999763786
8.60275100058061
8.512968000104593
8.371163999981945
9.191718999318255
10.01187400015624
8.091245999821695
8.109106000119937
8.321108000018285
8.672304000356235
9.305021999352903
9.199334999721032
8.493608000208042
8.839989000080095
8.545728999706625
8.547020000150951
9.05864499964082
9.848679000242555
8.601100999840128
8.912261000659782
8.767105999140767
8.545849999791244
8.920410999962769
8.917596000173944
8.350844000233337
8.305891999953019
8.91692100049113
8.215589999963413
9.142158000031486
8.726895000108925
8.75200600057724
8.990907999759656
8.225170000514481
8.495078000123613
9.163229000478168
9.976817999813647
9.95880800019222
10.170648999519472
9.353473999908601
9.750272000019322
9.556200000588433
9.728335000545485
9.41224600046553
9.993282999857911
8.852137999383558
8.977283000604075
9.965303000171843
9.990962999836484
9.499157999925956
9.938731999682204
9.746284999891941
9.546809999847028
9.91586100008135
8.098065999547543
8.689924000464089
8.668423999552033
8.767055999669537
8.359914000720892
9.028024000144796
9.245770999768865
8.147306999489956
9.40708599955542
8.560140000554384
8.418036000875873
8.766226999796345
8.577847000196925
8.62384199990629
8.797077000053832
8.68743400042149
8.106195999971533
9.187139000459865
8.496424000441039
9.099226000216731
8.916611000131525
11.5853329998572
9.466588000577758
8.455836999928579
8.79355699998996
8.872188999703212
8.629392000329972
8.836674000122002
8.685853999850224
9.064624999155058
9.227874999851338
9.472228000049654
9.387551000145322
9.138606999840704
11.181970000507135
9.146767999482108
9.145248000095307
9.768017000169493
9.309303000009095
8.390715000132332
8.48075300018536
8.884470000339206
8.740125000258558
8.095236000372097
8.877019000465225
8.610021000095003
8.633942000415118
8.0499650002821
9.208509999552916
8.685173999765539
8.34274400040158
9.023743999932776
9.387164999679953
8.131986999615037
8.825318000162952
8.932270999139291
8.94150099975377
9.329873999377014
9.159248000287334
8.184638999409799
8.898440999473678
8.861143999638443
10.940447999928438
8.958626000094227
8.845127999848046
8.583270999224624
8.397045000492653
8.545319000404561
9.216608999849996
8.831608000036795
8.68977400023141
8.875190000253497
8.782216999861703
8.506139000019175
9.298082999521284
8.813538000140397
8.946212000410014
9.531499999866355
9.560089999467891
8.50890400033677
8.509254000273359
8.92986100006965
8.59109199973318
8.812388000478677
9.556590000102005
9.209740000187594
8.790687999862712
10.21477600079379
8.630791000541649
8.467251999718428
8.211045000280137
9.051441000337945
8.342033000189986
8.860939999976836
8.545018999939202
8.909701000447967
9.181727999930445
8.63066300007631
8.613570999841613
8.739984999920125
8.938071000557102
8.04662999962602
8.645222999803082
8.512229000189109
8.432425999671977
8.26154999958817
8.352083000318089
8.218308999857982
8.55154999953811
9.060289999979432
7.996538000043074
9.588842000084696
9.124907999648713
8.7411249996876
8.657823000248754
8.759545999964757
9.097827000005054
8.122352000100364
9.96938299977046
8.68931400054862
8.800126999631175
9.240261000741157
9.578930999850854
8.280902000478818
8.967171999756829
8.194058999833942
8.005528000467166
9.256010999706632
8.828277999782586
7.905950000349549
8.375590000468947
8.544388999325747
8.46798799921089
8.342842999809363
8.749536000323133
9.573265999279101
8.898369999769784
9.192274999804795
8.580790999985766
9.526130000267585
8.795447000011336
8.64600699969742
8.836949000396999
7.886388999395422
8.305072000439395
8.092316000329447
9.232350999809569
9.150587000476662
9.347043999696325
9.477577000325255
9.946653000042716
9.044404000633222
8.85473899961653
8.722784999918076
8.357314000022598
8.114787000522483
9.178178999718511
8.14707800054748
9.290552000493335
8.875518999957421
8.515769000041473
8.489706999171176
8.601351000834256
8.645762999549333
8.533174000149302
8.840397999847482
8.722335000129533
8.71638399985386
8.719204999579233
8.910409999771218
8.631317000435956
8.4212359997764
8.27857199965365
8.475292000184709
9.686755000075209
8.964491999904567
9.360184999422927
8.803546999843093
8.563510000385577
8.079825000095298
8.941122000578616
8.867509000083373
8.603461999882711
9.373914999741828
9.349404000204231
8.833918000163976
9.023013999467366
9.79192700015119
9.56600100016658
8.214505000069039
9.076244999960181
8.46348799950647
8.663693000016792
8.514554000612407
8.448542000223824
9.239260999493126
10.357488999943598
8.35160399947199
8.925290999286517
9.323782000137726
8.419865999712783
8.934937000049104
9.192210000037448
8.733681000194338
8.31684300010238
9.655693000240717
8.53158900008566
9.15361799980019
8.651792000819114
9.193998999762698
8.44750699980068
10.021953999967081
8.802223000202503
9.72744499995315
8.264480999969237
8.715515000403684
9.290547000091465
9.410081999703834
9.441987000172958
8.830347999719379
9.07806699979119
8.12941700041847
9.043564999956288
9.02393399974244
8.820258000014292
8.018264000384079
9.927641999638581
9.001882999655209
9.108981999816024
8.48273799965682
8.371973999601323
9.210539000378049
8.564499999920372
8.792523000010988
8.955381999840029
8.043144999646756
9.136196999861568
7.957656999678875
10.523759999159665
8.293922000120801
9.375734999593988
8.73164499989798
9.444586999961757
8.488817999932508
8.131616999889957
9.59191199945053
8.370684000510664
9.167328000330599
9.224464999533666
9.385829999700945
9.035394000420638
9.196339000482112
9.093466000194894
9.025383999869518
9.439125999961107
8.901040999262477
8.215420000851736
8.622162000392564
9.463587000027474
8.070566000242252
9.005664000142133
9.608811999896716
9.06352599940874
8.038854000005813
9.30992299981881
8.906061000743648
8.716674000424973
8.382074999644828
8.984673000668408
8.089355999800318
9.124107000388904
8.20900899998378
8.51289000001998
8.622997000202304
8.736684999348654
8.630921999611019
8.642242999485461
9.220470000400383
8.393225000872917
8.307383000101254
9.481002999564225
8.606832000623399
8.307352999509021
8.693963999576226
9.201279999615508
8.552830000553513
9.121657999457966
8.9411620001556
9.283831000175269
9.739551000166102
9.553580000101647
9.24671099983243
8.577770000556484
8.754086000408279
8.342264000020805
10.631172999637784
8.705383999767946
8.825586999591906
9.108787000513985
8.845198000017263
8.2351959999869
9.356319000289659
9.23756000065623
7.630581999364949
9.414715999810142
8.346453999365622
9.342963999188214
9.546600000248873
9.86618000024464
7.803626000168151
9.80284799970832
9.3404429999282
8.855588999722386
11.413102000005892
14.36946700050612
10.572010999567283
10.722134999923583
9.357643999464926
9.387305000018387
8.511469000040961
7.734955000159971
8.266930999525357
8.279441000013321
9.586731000126747
9.181859000818804
9.055755000190402
8.639661999950476
9.101546999772836
8.687763999660092
8.48935799967876
8.598139999776322
8.383594999941124
9.50003799971455
8.418305999839504
8.778446999713196
8.37606400000368
9.067854999557312
9.126697999818134
9.061225000550621
9.012733999952616
9.545259999867994
9.489868000855495
9.880014999907871
8.95522499922663
8.765536999817414
9.435728000426025
8.955131999755395
9.950942000614305
9.516651000012644
9.476037999775144
9.061285999450774
9.321002999968186
9.014083999318245
10.715011000684171
8.933480999985477
8.566982000047574
8.246310000686208
7.905509999545757
8.21262299996306
8.208201999877929
9.161607999885746
9.08648600034212
9.060395999767934
8.36846299989702
8.551629999601573
7.862218999434845
8.566789999349567
7.953633999932208
9.739885999806575
8.459536999907868
8.235220000642585
9.152587000244239
8.631992000118771
8.778366000115057
8.514117999766313
8.58059999973193
9.131537000030221
9.035464999215037
8.670852999784984
8.171078000486887
8.963993000179471
8.645245000479918
8.899010999812162
8.610833000602724
7.8895400001783855
8.27043500066793
8.20967900017422
9.014492999995127
8.653645999402215
8.652016000269214
8.480037000481389
8.805516999927931
9.02939699972194
10.158748000321793
8.726185000341502
8.89984000059485
8.142347999637423
8.060104999458417
8.122647000163852
9.24660100008623
8.586900999944191
8.514858000125969
8.495807999679528
8.062717000029807
8.877790000042296
8.598860999882163
8.478868000565853
8.433326000158559
8.19377900006657
8.301632999973663
8.564459999433893
8.463797000331397
8.501547999912873
8.309862999340112
8.499898000081885
8.084424999651674
8.596403999945323
8.287812000162376
9.328954000011436
8.699073999196116
8.245641000030446
8.679432999997516
9.575941000548482
8.618011999715236
9.536959000797651
8.077106000200729
8.635946000140393
8.22299099945667
9.331694000138668
8.461156000521441
8.3420639994074
8.880219999809924
8.346894000169414
8.601661999819044
8.474496999951953
9.141147999798704
9.197319000122661
8.16515799942863
8.346123999217525
8.492007999848283
8.123968999825593
8.24985100007325
8.322353000039584
8.35912299953634
9.10102700072457
8.439335999355535
9.031757000229845
8.45470700005535
9.419664999768429
8.643733000099019
8.19846900049015
9.233580000000075
8.327602999997907
8.181598000192025
8.652168000480742
9.148997999545827
8.51933900048607
8.715727999515366
8.208829000068363
8.746315000280447
8.173998000529537
8.6084619997564
8.801208000477345
8.52855900029681
8.463846999802627
8.339153999258997
8.648551999613119
8.022203000109585
8.070345000305679
8.698714000274776
8.536559000276611
8.979453000392823
8.735985000384971
8.82190799984528
9.397424999406212
8.825458000501385
8.427665999988676
9.211290000166628
8.952292000685702
8.462826999675599
8.970963000138
8.516107999639644
8.920590999878186
8.408604999203817
8.139227000356186
8.648762000120769
8.612212000116415
8.45938699967519
8.474031999867293
8.433430999502889
9.080134999749134
8.071376000771124
8.507639000526979
8.827700999972876
8.50412799991318
8.793517000412976
8.114846999887959
8.482088000164367
8.59191000017745
8.480296999550774
8.519478000380332
7.852617999560607
8.043843999985256
8.653632999994443
8.267320999948424
8.425644999988435
8.487166999657347
8.210500000132015
8.46143699982349
8.530269000402768
8.276010999907157
8.812420000140264
8.57994099987991
8.846358000482724
8.207570000195119
8.0163230004473
8.023534000130894
8.242681000410812
8.314272000461642
8.830961000057869
8.922459999666899
8.382033999623673
9.416606000741012
9.005523000269022
8.812598000076832
8.272600999589486
8.535252000001492
8.745826000449597
8.434577000116406
9.096255999793357
8.465556999908586
8.30838300043979
8.395994999773393
8.82066800022585
8.77223700081231
9.110125999541197
9.09668700023758
8.013932999347162
8.409995999500097
8.451177000097232
9.244820999811054
8.01316599972779
8.89651000034064
8.349603000169736
9.402015999512514
8.897669999896607
8.753568999964045
8.574169999519654
8.812797999780742
8.782627000073262
8.159397999406792
8.607771000242792
8.888170000318496
8.410305000325025
8.590071000071475
8.383014000173716
8.560160000342876
8.634631999484554
9.448347999750695
8.061087999521988
8.767027000430971
8.430376999967848
8.943191999605915
8.53132900010678
8.508247999998275
8.440626000265183
9.28091200057679
8.336725999470218
8.185298999705992
9.057154999936756
8.20947900047031
9.021023000059358
8.275591000710847
9.076940000340983
8.356676999937918
8.072044999607897
8.35476700012805
8.871259000443388
8.442446000117343
8.416035999289306
8.561640000152693
9.21196899980714
8.688000000802276
8.738544999687292
8.557680000194523
8.6161320004976
8.745525999984238
9.064044999831822
8.76202600011311
8.640442999421794
8.59507100085466
8.602354000686319
8.10360600007698
8.177908000106981
9.01034599974082
8.377844999813533
8.547920000637532
8.570469999540364
8.42756499969255
8.826627999951597
8.752835999985109
8.00438500027667
9.2479610002556
8.247539999501896
8.708755000043311
8.175300999937463
8.517508000295493
8.211049999772513
8.840598999995564
8.498700999552966
8.711065000170493
8.396924999942712
8.672175999890896
8.731044999876758
9.23695100027544
8.88820999989548
8.473228000184463
8.104505999654066
8.66346299972065
8.335922999322065
8.413958999881288
8.224870000049123
8.528672000466031
8.445717000540753
8.97869299933518
8.842000999720767
8.496669000123802
8.118925999951898
8.030863999920257
8.724196000002848
8.546469999600959
8.155030999660084
7.979942000019946
8.568611000555393
8.697753999513225
8.384277000004658
8.556259999750182
8.42005499998777
8.609991999946942
8.635743000013463
8.355236999705085
8.372674000383995
8.47493699984625
8.525473999725364
9.149047999926552
8.760125999287993
8.90035100019304
8.859984000082477
7.786086999658437
8.457986999928835
8.642988000246987
8.552480000616924
9.030524999616318
8.087234999948123
8.893502999853808
7.804176999343326
9.368847000587266
8.781136999459704
8.456606999970973
9.413838000000396
8.557303000088723
8.474969999952009
8.793186999355385
8.585341000070912
8.839918000376201
8.518168999216869
8.544908999283507
8.190868999918166
8.392644999730692
8.512332999998762
8.460195000225212
8.956052000030468
8.402364999710699
8.219719999942754
8.870878999914567
8.467767000183812
8.73314799991931
8.586340999499953
9.403885999745398
8.677892999912729
8.468396999887773
7.964871999320167
8.418145999712578
8.55353000042669
8.525121999809926
7.912981000117725
8.792567000455165
8.339222999893536
8.32823400014604
8.758338999541593
8.186883999769634
9.282582000196271
8.617880999736371
8.073985000009998
8.598890999564901
8.346754000740475
8.85150900012377
9.274552000533731
8.29493499986711
8.672194000610034
8.664833000693761
8.77246600066428
8.474867000586528
8.604311999988568
8.611221999672125
8.72126699960063
9.069255999747838
8.380373999898438
8.294952999676752
8.684593999532808
8.851329000208352
8.432046000052651
8.884129999387369
8.578820999900927
8.643658000437426
8.804329999293259
8.699344999513414
8.65428300039639
8.682532999955583
9.262583999770868
8.778837000136264
9.083435999855283
8.338872999956948
8.780739000030735
8.392235000428627
8.214319000217074
8.400665999943158
8.349953000106325
8.694464000654989
8.751011000640574
8.26479700026539
8.45514600041497
8.915161000004446
8.614282000053208
8.314192999932857
7.8460079994329135
8.835738000016136
7.854759000110789
8.720373999494768
8.489068000017141
8.581340000091586
8.299732000523363
9.98628299930715
9.022583999467315
9.024334000059753
8.450596000329824
8.322813000631868
8.220794999942882
8.790825999312801
8.391485000174725
8.492048000334762
7.844397999178909
8.689626999512257
8.37696800044796
8.590495999669656
8.464407999781542
8.503817000018898
8.351695000783366
8.156027000040922
8.946721999564033
8.616903000074672
8.494188000440772
8.420240999839734
8.403365000049234
8.160727999893425
8.504137999807426
8.472737000374764
8.55377999960183
8.659823000016331
8.520909999788273
8.464756999273959
9.850619000644656
8.296861999951943
8.835849000206508
8.735886000067694
8.423866999692109
8.402925999689614
8.777785999882326
8.468666999760899
8.506807999765442
8.273761999589624
8.279269999547978
8.128407000185689
8.64197300052183
8.700843999577046
8.274341999822354
8.129316999657021
8.471957999972801
7.952429999932065
8.478638000269711
8.606031999988772
8.767946000261873
9.289622000324016
8.36057900050946
9.637443000428902
7.921830000668706
8.857617999638023
9.376920000249811
8.762345999457466
8.604960999946343
8.991572999548225
9.233499999936612
9.28851200023928
8.1682930003808
8.590210999500414
9.630116999687743
9.190900000248803
9.477378000156023
9.222190000400587
8.949180999479722
8.252510000602342
8.792526999968686
8.76306600002863
8.12367699927563
8.921071000258962
8.083255000201461
8.815427999252279
8.420197000305052
8.546478999960527
8.11926599999424
8.367010000256414
9.749226000167255
9.09050600057526
8.710715000233904
9.245970999472775
9.663884000474354
8.524857999873348
8.720415000425419
8.96823199946084
8.178692999535997
9.640973999921698
8.301752000079432
9.559189999890805
8.542210000086925
8.576406000429415
8.975577999990492
10.308996999810915
9.235329999683017
9.080264999283827
8.965103000264207
8.71135499983211
9.81010800023796
9.087675999580824
8.690544000273803
9.239181000339158
8.50004799940507
9.350864000225556
8.606461999988824
9.850860000369721
8.604790999925171
8.817306999844732
8.363963999727275
9.187138000015693
8.987393999632332
9.873754999716766
9.21352899968042
8.784347000073467
9.354984000310651
8.845298999403894
9.07130099949427
8.635850999780814
9.075595000467729
8.31196200033446
9.057354999640665
9.03849899987108
9.35460399978183
8.679034000124375
8.804856999631738
8.717205000721151
8.677732999785803
9.28943300004903
8.22245900053531
9.04049499968096
8.405159999711032
9.314152999650105
9.30041199990228
8.342752999851655
8.596450999903027
8.467196999845328
8.653052000227035
9.117107000747637
8.11704700026894
8.573209999667597
9.39705699965998
8.625192000181414
8.644771999570366
8.902990999558824
9.13291799952276
9.651843999563425
8.241571000326076
8.95878199935396
8.367784000256506
8.830558000227029
9.096096999201109
8.588480999605963
8.656033000079333
8.989072000076703
9.466448000239325
8.69099300052767
8.498654000504757
8.201204000215512
8.614546999524464
9.142767999946955
7.911149999927147
8.78063599975576
8.33467299980839
9.249450999959663
8.62908800081641
8.972263000032399
9.626101999856473
8.60569199994643
8.804131999568199
9.277371999814932
9.61516200004553
8.862673999828985
8.876464999957534
8.826943999338255
8.299737000015739
8.95029200000863
10.086776999742142
8.847168000102101
8.837243000016315
8.183028000530612
8.314527999573329
8.59461099935288
9.571687000061502
8.562910000364354
8.598221000283957
8.990232999167347
8.31994200052577
8.968682999693556
8.437385999968683
8.86698999966029
8.135066999784613
8.865798999977414
9.220378999998502
8.953601999564853
8.2874419995278
8.463887000289105
8.84078800027055
8.169992999683018
8.381994000046689
9.251310999388807
8.646862000205147
8.826987999782432
8.822128000247176
8.416476000093098
8.393363999857684
9.10659700002725
8.16649900025368
9.253711000383191
9.383954999975685
10.065095999379992
9.184929000184638
8.594100000664184
8.4757479999098
8.594031000029645
8.281370999611681
9.70536099976016
9.550884999953269
8.676624000145239
9.12165800036746
9.510438000688737
10.09831800001848
8.36560300012934
9.302688999923703
8.863193999786745
8.297061000121175
8.98213299933559
8.684223999807728
9.449643000152719
8.852408999700856
8.938222000324458
8.258052000201133
9.50074900083564
8.11753600009979
9.276006000618509
8.6188969999057
8.67408400063141
8.137086000715499
8.752075999836961
8.949871000368148
8.693293999385787
9.272752000470064
8.87863899970398
8.933526999499009
8.95321200005128
8.063242999924114
8.340407999639865
9.141706999798771
8.980483000414097
8.407045000240032
8.366893999664171
9.300732000156131
8.980591999716125
9.040732999892498
8.733380000194302
8.476607999909902
8.090556000752258
8.297241000036593
9.204990000398539
9.177038999951037
9.012493999762228
8.506219000082638
8.877535000465286
9.255830999791215
8.45306600058393
8.416255999691202
8.379224000236718
8.70063399997889
9.011983999698714
9.131437999712944
8.310041999720852
10.64551399940683
8.430644999862125
8.559720000448579
9.585210999830451
8.498206999320246
9.804379000343033
9.071735000361514
8.431916000517958
9.176649000437465
8.347683000465622
8.150747999934538
8.038803999625088
9.343843000351626
9.242670999810798
8.203430000321532
8.477538000079221
9.05226400027459
8.899231000214058
9.281802000259631
8.882879000339017
9.800456999982998
9.502279000116687
9.33522300056211
9.240015000614221
8.887490999768488
9.431247000065923
9.084264000193798
8.55879999926401
8.957106000707427
8.243754999966768
9.115687000303296
9.496948000560224
8.410124999500113
8.492809000017587
9.214589999828604
9.094476999962353
9.217799999532872
9.70888499978173
8.679614000357105
8.162837999407202
8.882901000106358
9.02076400052465
8.367184999769961
8.999394000056782
8.374713999728556
9.111998000662425
8.792521000032139
8.755756000027759
8.87326900010521
8.782726999925217
9.161408000181837
8.385623999856762
8.530498999789415
9.0850259994113
9.007333000226936
8.879329000592406
8.334853999258485
8.889600000657083
8.611170999756723
8.936981999795535
8.790922000116552
9.599156999684055
8.860970000569068
8.975757999905909
8.85610900058964
9.690924000096857
8.50607700067485
9.151372999440355
8.80956699984381
8.285961999717983
8.425746000284562
9.150247999968997
8.450966999589582
8.379534999221505
8.989203000055568
8.857959000124538
9.05506500021147
9.196519999932207
8.582471000408987
9.468768000260752
9.232299999894167
8.577700999921944
7.942159999402065
8.795536999969045
9.975508999559679
9.392085000399675
8.588541000790428
8.627741999589489
9.383475000504404
8.740704999581794
8.244399999966845
9.058405000359926
8.797647999926994
8.68049900054757
9.646012999837694
9.065305999683915
8.28199100033089
8.770381999966048
9.279751000576653
8.927590999519452
8.487279000291892
8.87052500002028
8.41195599969069
8.629073000520293
9.270530999856419
8.11747199986712
9.013429000333417
8.786387000327522
9.16924899956939
8.269550000477466
9.074455999325437
9.871728999314655
8.08970500020223
9.566900000208989
9.981387999687286
9.534159000395448
9.052520999830449
9.88300100016204
8.439826000540052
9.238480999556486
9.22097000056965
8.446927000477444
8.272711000245181
8.495658000356343
8.472876999803702
8.451716999843484
8.225228999435785
8.041273999879195
8.052254999711295
9.348702999886882
8.725906000108807
9.070295999663358
9.229270999639994
9.959091999917291
9.130047000326158
9.03609399938432
9.2591109996647
8.806347000245296
9.397716000421497
8.538504000171088
9.13339700036886
9.284302000196476
8.904701000574278
9.283391999815649
9.956832999705512
9.263697000278626
9.23004000014771
8.597130999987712
8.57213099970977
8.611551999820222
8.235925000008137
8.089506000032998
9.403115000168327
8.368593999875884
8.1144369996764
9.0679260001707
9.040214999913587
9.16934900033084
9.120388000155799
8.395424999434908
8.71035500040307
8.565110000745335
8.732541000426863
9.123691999775474
8.3628239999598
8.880108999619551
9.502507999968657
8.794973000476602
9.18558800003666
10.050554999907035
8.437941000011051
8.780832000411465
8.691953999914404
8.84239799961506
9.345768999992288
9.13383200077078
9.116701999118959
8.652708000226994
9.14330700015853
8.529628999895067
8.961190999798418
9.244631000001391
8.8391680001223
9.322783000243362
8.641567999802646
8.965901999545167
8.690894000210392
8.194768000066688
9.448777000216069
9.412024999619462
8.848548999594641
8.637322000140557
9.281611999540473
8.632721999674686
8.219099000598362
9.411745999386767
7.854718000089633
8.602621000136423
8.653223000692378
8.119625999825075
8.98619800045708
9.519160000309057
9.075850999579416
9.79787199958082
8.73075500021514
8.73601500006771
9.654487999796402
9.002093000162859
8.634974999949918
9.135182999671088
9.383644999616081
8.815797999886854
8.263851000265277
8.758549000049243
8.78933700005291
10.293772000295576
8.10887600073329
8.446087000265834
8.437546000095608
8.06206499964901
8.67743300022994
8.870369000760547
9.016764000080002
8.983732000160671
8.49878900044132
8.025262999581173
8.110276000479644
8.972014999926614
8.499450999806868
8.446446000561991
8.460667000690592
8.954962000643718
8.43387100030668
9.083195999664895
8.586640999965311
8.204900000237103
8.924760999434511
8.598131000326248
8.224632999372261
8.58367300043028
8.699343999978737
9.088855999834777
8.72979599989776
8.520778999809409
9.096646999751101
8.40739500017662
9.202059999552148
11.459479999757605
9.118296999986342
8.110226000098919
9.447247000025527
9.25562100019306
8.828648999951838
8.725896000214561
8.59823199971288
9.07019899932493
8.184409000023152
8.79421799982083
8.277611999801593
9.284822000154236
9.078946000045107
8.711294000022463
8.701024000401958
8.237910000389093
8.723564999854716
8.70639000004303
9.003763999317016
8.913960999962
8.487747999424755
8.283981000204221
8.167239999238518
8.638227999654191
8.477397999740788
8.652333000100043
8.43300500037003
8.503599000505346
8.52877899978921
8.231679999880726
8.642413999950804
8.189830999981496
8.754667000175687
8.471226999972714
8.377414999813482
8.842797999932372
8.5077089997867
8.07218499994633
8.104825999907916
8.699043999513378
9.369954999783658
9.172198000669596
8.49484799982747
8.412025999859907
8.633552999526728
8.983875000012631
8.817460999125615
8.60248099979799
8.562340999560547
8.431955000560265
8.498737999616424
8.828996999909577
7.9464509999525035
8.303862000502704
8.370143999854918
8.344822999788448
8.791617000497354
8.686472999215766
10.268022000673227
8.43878500018036
8.914041000025463
8.707074000085413
9.056308000253921
9.143577000031655
9.140809000200534
8.37653400049021
8.622731999821553
8.90365000032034
9.539443999528885
8.845080999890342
8.018393999918771
8.17411899970466
8.623052000075404
8.455589999357471
8.454116999928374
7.94803100052377
8.836267999868141
8.541968999452365
8.83098800022708
9.516340000118362
9.09553500059701
9.125487999881443
8.586660999753803
8.82891000037489
8.765995999965526
8.502190000399423
8.608330999777536
8.203458000025421
8.458066999992297
9.094667000681511
8.861080000315269
8.543227999325609
8.248643000115408
8.790546999989601
8.450958999674185
8.900630000425735
8.111336000183655
8.744714999920689
8.607012000538816
8.461256000373396
8.642082999358536
8.802407000075618
8.1915509999817
8.70915499945113
8.180268000614888
9.279941999920993
8.434225999735645
8.65757300016412
8.149217999743996
8.445906999440922
8.702304000507866
8.82279799952812
9.012499000164098
8.725665000383742
9.751216000040586
8.45894599933672
8.433746000264364
8.312982000461488
8.223671999985527
8.810587999505515
8.729295000193815
8.952840999882028
8.536938999895938
8.702167000592453
10.114951000105066
9.050837999893702
8.908712999982527
8.091018999948574
8.474729999761621
8.557772999665758
8.392896999794175
8.726145000764518
9.239160000106494
9.056390000296233
9.132391000093776
9.209501000441378
9.690180000688997
9.652983000705717
9.55829300073674
8.46060900039447
8.607765000306244
8.57959299992217
8.313663000080851
8.819948000564182
8.369434000087494
9.201070000017353
8.435615999587753
8.034913999836135
8.40309100021841
8.513669000421942
8.578871000281652
8.177658000022348
8.729893999770866
9.058884999831207
8.487146999868855
8.623941999758244
8.897491000425362
8.393187999899965
8.181928999874799
8.532679999916581
9.06089499949303
8.559379999496741
8.301023000058194
8.836947999952827
8.36193400027696
8.548130000235687
7.975471999998263
8.368363000045065
8.564030000343337
8.18891899962182
8.313852000355837
8.745476000513008
8.50793799963867
8.40531700032443
8.091426000646607
8.83653900018544
8.128376999593456
8.379204000448226
8.945571999902313
11.558341000636574
12.327245000051335
11.993854000138526
10.163367999666661
8.89599000038288
8.723975000066275
8.665944000313175
8.91804000002594
9.241941000254883
8.297793000565434
8.465117000014288
8.91684999987774
8.458536000034655
9.02052299989009
8.484287000101176
8.307381999657082
8.424854999248055
8.861909000188462
8.440106000307424
8.245000999522745
8.423205000326561
8.62827200035099
8.390424999561219
8.41117599975405
8.53228100004344
8.937133000472386
8.606181000686774
8.737486000427452
8.379074000004039
8.453358999759075
8.413395000388846
8.42291099979775
8.814357000119344
8.311372000207484
8.03718499992101
8.63408100030938
9.004743000332383
8.227490000535909
8.71797499985405
8.77020600000833
9.126146999733464
8.418299000368279
8.55128000057448
9.002812999824528
8.409924999796203
8.10094600001321
8.42467599977681
8.142518000568089
8.372645000235934
8.611260999714432
8.412238000346406
8.406087999901501
8.353946000170254
8.376482999665313
8.571060000576836
8.136452999679022
8.310034999340132
8.834319000015967
8.421546000136004
8.702574999915669
9.162620999632054
8.141558000716032
8.48956800018641
8.416337000198837
8.895389999452163
8.156068000062078
8.726844000193523
8.252902999629441
8.977191000667517
8.7578869997742
8.582520999880217
8.50404900029389
8.226648999880126
8.754735999900731
8.358676000170817
8.407876000092074
8.495067999319872
8.200219000173092
8.366874999410356
7.70351400024083
8.42791600007331
8.963711999967927
8.964061999904516
8.62546200005454
8.697405000020808
8.12709999991057
8.654876000036893
9.22816000002058
8.523889000571216
8.988047999991977
8.387933999983943
8.369264000066323
8.443216000159737
9.23743099974672
8.670363999954134
8.123929999783286
8.992287999717519
8.51924099970347
9.09665600011067
8.95979599954444
8.370044000002963
8.424345999628713
8.297300999402069
8.392814999751863
8.745916000407306
7.880680000198481
8.433037000031618
8.395254999413737
8.231453000007605
8.361623999917356
8.921143999941705
8.288742000331695
8.844789000249875
8.768284999860043
8.884419999958482
8.374864999495912
8.86846899993543
8.461856000394619
8.76145600068412
8.222672000556486
10.257873999762523
8.628421999674174
8.153181000125187
9.09320599930652
8.404035000239674
8.557850000215694
8.753885000260198
8.841888999995717
8.989652999844111
9.059095000338857
9.094736999941233
8.677967000039644
8.4937000001446
8.661091999783821
8.332503000019642
8.519662000253447
8.578449999731674
8.36753499970655
8.368845999939367
8.624062999842863
8.605830999840691
8.366084000044793
8.348975999979302
8.652612999867415
9.592231000169704
8.616424000138068
8.452506000139692
8.448286000202643
8.846330999404017
8.748446000026888
8.282190000500123
8.424538999861397
8.60040099996695
8.401295999647118
8.521978000317176
8.050403999732225
7.657783000468044
8.388745000047493
8.513429000231554
8.47383699965576
8.88518000010663
8.578240000133519
9.527269000500382
8.423346000199672
8.037974000217218
8.53771099991718
9.034164999320637
8.591030000388855
8.33728300040093
8.433996000348998
8.893479999642295
8.039373999963573
9.155947999715863
8.545668999431655
8.259860000180197
8.444615999906091
9.313063000263355
8.15949699972407
10.109926999575691
8.290305000627995
8.709426000677922
9.088556000278913
8.73482499991951
7.9050799995457055
8.468997999443673
8.85825799923623
8.629232000203046
8.847238000271318
8.810157999505464
9.081045999664639
9.083642000405234
8.897109999452368
8.506297999701928
8.399145000112185
8.64895299946511
8.754735999900731
8.230079999520967
7.630492000316735
8.462646999760182
8.653356000650092
8.141538000018045
8.618361000117147
8.722675000171876
8.217640999646392
8.624780999525683
8.322992000103113
8.12435700026981
8.875939000063227
8.937772000535915
8.567089999814925
8.538501999282744
8.982632999504858
8.381403999919712
7.869379000112531
8.379414999581059
8.572671000365517
8.908701000109431
8.724015000552754
8.78421699962928
8.65647299997363
8.149747000061325
8.51531199987221
8.533309000085865
8.986525999716832
8.828107999761414
8.859458999722847
7.949726000333612
8.885530000043218
7.99696300055075
8.51907400010532
9.057883999957994
8.866379999744822
9.5904520003387
8.647562000078324
8.784396999544697
9.055263999471208
8.900890999939293
8.718644999134995
8.527768999556429
8.916550999856554
8.375795000574726
9.77686599981098
9.724295999149035
9.218950999638764
9.037235000505461
8.455956000034348
8.735106000131054
7.798936999279249
8.645502000035776
9.01665299988963
8.829884000078891
8.983577999970294
8.569110000280489
8.917880999433692
8.911646000342444
9.590772000592551
9.7394450003776
8.774841000558808
8.617641999990155
8.17190300040238
8.9346819995626
8.25851099943975
8.979393000117852
8.889644999726443
9.013754000079643
8.116824999888195
8.459246999336756
9.412325999619497
8.466737000162539
8.45783700060565
8.72310400063725
8.434275000581692
8.631462999801442
8.121496999592637
8.096665000266512
8.3926249999422
8.573651000006066
8.629722000478068
8.98048200087942
8.797536999736622
8.792712000285974
9.1880999998466
8.78986200041254
9.800857999834989
9.090026000194484
8.363884000573307
8.322112999849196
9.53432900041662
8.98428199980117
9.20812999993359
8.623572000033164
8.445872000265808
7.9550520003977
8.970392999799515
8.202093999898352
8.675339000546956
8.82028799969703
9.097377000216511
8.853047999764385
8.52271900021151
8.592725000198698
8.231859999796143
8.889189999536029
9.362243999930797
9.718394999254087
9.018354000545514
8.78641700001026
8.271320999483578
9.005343999888282
8.862179000061587
8.342832999915117
9.707063999485399
8.584230999986175
9.000284000649117
8.458662000521144
9.441877999961434
8.589400999881036
8.040683999752218
8.634032000372827
8.393114999307727
8.474852999825089
8.705839999493037
9.773796000445145
8.112006999908772
9.474206999584567
9.494009000263759
8.582629999182245
8.326111999849672
9.285711999837076
9.586431000570883
9.227980000105163
8.361263000551844
10.036235000370652
8.894040000086534
8.45565599956899
10.055695999653835
8.799666999948386
8.300842999233282
9.103616000174952
9.283271999265708
8.079815000201052
8.864423999511928
8.622551999906136
9.277101999941806
9.08379500015144
8.699074999640288
9.073774000171397
9.881269999823417
9.533483999803138
9.290752000197244
9.0174239994667
8.97336300022289
9.253881000404363
9.378644999742392
9.08309599981294
9.027204999256355
9.387764999701176
9.048056000210636
8.831016999465646
9.131738000178302
8.39820500004862
9.065496000403073
7.962150999446749
8.434346999820264
9.171236999463872
9.053564999703667
9.069306000128563
7.560058999843022
9.41931499983184
9.047234999343345
8.986662999632244
9.200038999551907
9.200944999975036
9.005533999697946
8.297471999867412
8.85520900010306
9.262582000701514
9.078905000023951
8.769289999690955
8.902429999579908
8.302412999910302
8.660028999656788
8.776616999966791
8.436035999693559
9.35507400026836
8.367385000383365
9.218430999681004
8.753805999731412
9.516889000224182
8.406015999753436
9.083476000341761
8.00022400017042
9.357184999316814
8.719195000594482
9.242959999937739
8.537228999557556
8.939016000113043
8.571610000217333
8.666757999890251
8.395695000217529
9.431926000615931
8.975963000011689
8.800636999694689
8.557699999983015
8.873894999851473
9.063045999937458
8.6245720003717
8.499132999531867
8.718564999981027
9.651297999880626
8.302213000206393
9.038714999405784
8.426075999523164
8.741176000512496
8.952052000495314
8.804898000562389
8.88243000008515
8.949267000389227
8.896680000361812
8.076140999946801
8.169457999429142
8.575130999815883
9.630872000343516
8.750137000788527
9.182458000395854
8.702403999450326
8.642692999274004
12.097161999918171
8.932280999943032
9.174709000035364
9.968252999897231
9.126847000516136
9.369884999614442
8.399024000027566
8.817707999696722
8.757456000239472
8.867208999618015
9.160478999547195
8.478536999973585
8.564921000470349
9.469527999499405
8.457337000436382
9.27382099962415
9.994793999794638
9.354583999993338
9.057715999915672
9.04728499972407
7.951257000058831
9.109175999583385
8.265681000011682
9.626381000089168
8.430707000115945
9.717154999634658
8.411484999669483
8.189078000214067
8.607347000179288
8.786988000792917
8.916900999793143
9.023044000059599
8.62924099965312
9.123087000261876
9.246870999959356
9.489978000601695
8.793168000011065
9.840548000283889
8.529185000043071
8.28844200077583
9.414995999577513
8.708763999493385
8.732154000426817
8.46918299976096
9.09185599994089
8.810387000266928
8.957162000115204
9.595061000254645
9.046419999322097
8.953131999987818
9.454416999687965
8.76295600028243
9.014944000227842
8.70092500008468
8.631020999928296
8.982192999610561
8.807307000097353
9.366424000290863
9.220279999681225
8.867219999956433
9.213330000420683
9.254311000404414
8.93980199998623
9.905396000249311
9.387598999637703
8.201939999707974
9.146037000391516
9.098305999941658
8.021462999749929
8.691289999660512
8.340829000189842
8.780107000347925
8.572206000280858
9.319353000137198
8.526998999514035
9.241419999852951
8.623861999694782
9.251749999748426
8.440875999440323
9.7940670002572
8.964628000285302
9.542469000734854
8.444066000265593
10.410165999928722
9.231671000634378
8.541849000721413
9.633882000343874
8.152618000167422
9.338032999949064
9.054326000295987
9.535660000437929
8.718105000298237
9.338462999949115
9.371103999910702
9.254450999833352
9.152818000075058
8.980143000371754
9.649833000366925
9.119362000092224
8.615482000095653
9.514819000287389
9.46151700009068
8.600690000093891
8.904670000447368
8.917250000195054
8.9146209993487
8.775486000558885
9.264570999221178
9.973021999940102
9.137416999692505
9.969101999558916
8.336593999956676
9.363034000671178
8.187529000679206
9.307283000453026
8.659163999254815
9.042704999956186
8.835137000460236
8.975443000053929
9.325891999651503
9.024124000461597
9.81378900087293
8.75320599971019
9.671453000009933
8.322582999426231
9.557780999784882
8.33055300063279
8.858309000061126
9.859418999440095
9.453998000026331
8.184968000023218
8.558165000067675
8.365149000383099
8.747335999942152
8.908370999961335
9.09888700061856
8.951341999818396
8.96113199996762
8.978003000265744
9.064505000424106
9.313743999882718
9.283632000006037
9.193830000185699
9.081176000108826
8.82204899971839
8.410530999753973
8.013697999558644
8.808378000139783
9.057825000127195
8.770227000240993
8.576149999498739
8.772275999945123
8.500187999743503
9.24036000014894
9.219039000527118
8.727174999876297
10.820765000062238
8.874749999449705
9.379004999573226
9.692364999864367
9.379895000165561
9.324458000264713
9.434966999833705
9.50908899994829
9.062004999577766
9.02790400050435
8.942882000155805
9.290592000070319
8.746976000111317
9.08521000019391
9.434106999833602
8.739365999645088
8.901870000045164
9.499048999714432
8.49233799999638
8.513619000041217
9.662463000495336
10.007044000303722
9.282921999329119
8.29406199954974
9.575801000210049
8.48565799969947
8.501117999912822
9.62129300023662
9.716959999423125
8.965332000116177
7.9258400000981055
8.638772000267636
8.554838999771164
8.668919000228925
8.805077000033634
8.476168000015605
8.404379999774392
9.897781000290706
9.430885999790917
8.766215999457927
9.666453999670921
8.449607000329706
8.509489000061876
9.1434379992279
8.077434999904654
9.031124000102864
8.92585100064025
9.85339999988355
8.707124000466138
9.026173999700404
8.490308000546065
9.53952800045954
8.494717999383283
8.778061999692
8.91318100002536
8.644571999866457
9.78270599989628
8.420856000157073
8.537650000107533
8.9165059998777
8.374444999390107
9.775971999260946
8.874520000063058
8.516348999364709
8.641861999421963
8.603530999607756
8.049789999859058
8.50779899974441
8.423305999713193
9.123201999500452
8.758177000345313
9.182829000565107
8.778192999670864
9.922941000695573
9.145997000814532
9.099985999455384
8.589005999965593
9.023549000630737
8.347058000254037
8.987252999759221
8.28881100005674
10.077195999656396
8.768665999923542
9.412696000254073
7.863662000090699
9.886198999993212
8.961612999883073
8.763306000219018
8.487586999763153
9.439786999791977
9.832507999817608
9.261141000024509
8.977274999779183
9.584659999745782
8.785308000369696
10.225680999610631
9.212950000801357
8.305542999551108
8.541920000425307
8.400214999710442
8.635041999696114
9.430147000784928
9.454826999899524
9.026116000313777
9.54678000016429
9.195730000101321
8.25352300034865
9.775156999239698
8.7688560006427
8.726334999664687
9.329483999863442
9.309043000030215
9.574534000421409
9.53592999940156
8.707474000402726
9.53317000039533
9.707895000246936
9.125086999119958
9.491468000305758
9.66623400017852
9.547499999825959
9.246111999345885
8.183278999240429
9.237891000339005
8.56396000017412
8.80393700026616
8.5148489997664
9.027914000398596
9.260316000109015
9.445186000448302
9.265720999792393
8.998192999570165
9.14257699969312
9.67781399958767
9.247201000107452
8.486766999340034
8.390177999899606
9.81037000019569
9.412796000106027
10.004704000493803
9.181698999782384
8.644702999845322
8.436505999270594
9.718735999740602
9.54851000005874
8.647773000120651
9.56733000020904
9.079069000108575
9.110676000091189
9.264341000744025
9.216503000061493
9.860278999440197
8.48196300012205
9.377914999276982
9.840120999797364
8.463117000246712
8.466036999379867
9.513111999694956
8.336364000570029
9.20226400012325
9.056165000401961
9.557141000186675
9.421495999959006
9.264401000109501
9.116537000409153
9.414826000465837
9.081786000024294
9.33739400079503
10.054635000415146
9.440265999728581
9.999593999964418
9.326854999926582
9.197157999551564
9.259991000362788
9.210069999426196
9.841199000220513
9.411046999957762
9.08374500068021
9.930630999406276
9.212580000166781
9.05584500014811
9.251530999790702
9.378155999911542
9.442305999982636
9.689014000286988
9.607322000192653
9.627071999602776
8.93471099971066
8.959726999819395
8.915282999623741
9.221829999660258
9.709575000670156
9.152467999228975
9.264690000236442
9.550511999805167
9.280472999307676
8.779269999649841
9.312812999269227
9.14776100034942
9.38786699953198
8.683804000611417
9.493927999756124
10.064744999908726
9.254210999642964
9.253242000340833
9.724864999952842
8.756545999858645
9.972406000088085
9.14599800034921
8.877669999492355
10.044266000477364
9.097965999899316
9.207520000018121
9.75938900046458
9.553050999784318
9.137248000115505
8.961491999798454
9.051854000063031
9.385176000250794
8.920861000660807
9.248491000107606
9.492391000094358
9.708957999464474
9.570066000378574
8.755681000366167
11.10378000066703
9.702686999844445
9.837831999902846
10.069326999655459
9.177953000289563
9.6846110000115
9.994530999392737
9.57929200012586
9.293262000028335
10.385128000052646
9.067734999916865
9.055954999894311
8.824267999443691
9.60686500002339
9.26027100013016
8.939700999690103
9.538005000649719
9.802978000152507
10.55369999994582
9.043373999702453
9.145298000476032
9.0103429993178
9.41417600006389
8.29203199918993
10.081456000079925
10.074475999317656
10.604862000036519
9.21729099991353
10.279035000166914
10.041599999567552
10.603968999930657
9.837850999247166
9.612409000510524
10.104936999596248
10.511154999221617
10.184998999648087
10.135497000192117
9.262491000299633
9.025563999784936
8.887880000656878
9.454429000470554
8.74725599987869
9.698535000097763
9.275340999920445
8.956653000495862
9.816929000407981
8.922531000280287
9.766397000021243
9.469010999964667
8.630871999230294
9.520968999822799
9.598276999895461
9.527780000098574
9.167058000457473
8.272064000266255
9.603771999536548
9.350149000056263
9.482187999310554
9.050225000464707
9.147138000116684
9.319513000264124
8.910819999982778
9.552640000038082
10.350234999350505
8.660983000481792
9.66842399975576
10.44506000016554
10.478158999831066
9.531699000035587
10.332633999496466
10.468730999491527
10.438958000122511
10.340504999476252
9.152032999736548
9.156250999694748
9.568534000209183
11.119390999738243
9.776248999514792
9.755387000041083
9.219829999892681
8.763236000049801
9.414795999873604
8.861311999680765
8.896067000023322
9.121477000007872
8.895581000615493
9.090135999940685
8.819788999971934
8.68170400008239
9.161449000202992
8.972262000497722
8.614560999376408
9.420356000191532
8.36635399991792
9.751496000717452
9.137436999480997
9.412935000000289
9.355825000056939
9.367294999719888
9.866419999525533
10.021616999438265
9.970295000130136
10.391306000201439
9.114677000070515
9.204578999742807
9.317562999967777
10.279982999236381
8.368304000214266
9.231779999936407
8.924321999984386
9.619682000447938
9.090106000257947
8.581111000239616
9.41911700010678
9.777796999514976
9.961048000150186
9.775495999747363
10.446182000123372
9.86952199946245
11.304033000669733
12.721769000563654
9.910146000038367
9.514282000054664
9.645854999689618
9.754229000463965
9.341986999970686
10.568388999672607
11.37960599953658
9.779779999917082
9.598812000149337
9.273910999581858
8.98292300007597
9.774690000085684
10.467557999618293
9.437976999834063
8.620194999821251
8.877850000317267
10.055927999928826
9.333794000667694
9.135948000221106
9.918553999341384
10.577631999694859
10.108670000590791
9.670503000052122
9.770278000360122
11.877883000124712
9.161549000054947
9.654472999500285
11.78423799956363
10.645543000464386
10.575041000265628
9.754726000210212
10.903160999987449
9.540568999909738
9.39579500027321
9.1137899999012
8.916694000618008
9.008362999338715
9.71524499982479
9.088796000469301
8.940082000663097
9.29251299930911
9.46781699985877
8.941652000430622
8.480338000481424
9.092625999983284
9.572920000209706
8.734154999729071
8.726754999770492
9.08711600004608
9.430507000615762
9.42761700025585
8.931551000387117
9.92950199997722
8.77251600013551
9.37974599946756
9.21782999921561
8.92136099992058
9.359966999909375
8.649536000120861
9.303765000368003
8.981902999948943
9.621034999327094
9.462277000238828
9.510738999779278
9.770429999662156
9.492797999882896
9.8752499998227
9.024164000038581
9.504228999503539
9.325033000095573
9.676423999735562
10.218710000117426
8.450276000075974
9.568101000695606
9.92101200063189
9.59962200067821
9.180429000480217
9.308722999776364
9.346953999738616
9.515439000097103
8.366084000044793
9.340693999547511
9.563859999616398
9.71400700018421
9.030137000081595
9.601212000234227
10.26514099976339
9.277072000259068
8.944512000198301
9.42263599972648
9.666764000030525
8.96225299948128
9.14523699975689
9.04957500006276
9.413395999217755
8.99277299959067
9.532420000141428
9.990204000132508
8.642122999845014
8.587345999330864
8.593161000135296
9.982612999920093
8.885469999768247
9.218479999617557
9.423526999853493
9.416797000085353
8.68409399936354
9.734645999742497
8.798277000096277
9.768146999704186
9.492887999840605
9.436655999707
8.249800999692525
10.66246400023374
9.443236999686633
11.759216999962518
10.156630999517802
9.175463999781641
9.2406679996202
9.74151799982792
9.202039999763656
9.623153000575257
9.379604000059771
9.375085000101535
9.517569000308868
9.265012000469142
10.361584999373008
9.651773000769026
9.629373000279884
9.877904999484599
9.86542900045606
9.169457999632868
8.876348999365291
8.723354000721883
8.56425300025876
9.59896100084734
9.383356000398635
9.068776000276557
9.795126000426535
9.569329999976617
9.42021700029727
9.078488000341167
8.98694500028796
8.80953099931503
9.526227999231196
8.698853999703715
9.181668999190151
9.297762000642251
9.853018999820051
9.407546000147704
8.499307999954908
10.90295599988167
13.318927999534935
11.053326000364905
11.479457999485021
9.357373000057123
8.927031999519386
9.592352000254323
9.57990000006248
9.174689000246872
9.103686999878846
8.889439000085986
9.168089000013424
8.50274900039949
8.879269999852113
9.131642000284046
9.307421999437793
8.776047000537801
9.232840000549913
9.026724999785074
9.673604000454361
8.779245999903651
9.154019000561675
9.356513999591698
10.04969599944161
9.445807000702189
9.60449600006541
10.49170900023455
9.625822000089101
10.425512000438175
9.329435999461566
10.002052999880107
8.982913000181725
9.517778999907023
10.036294999736128
9.646221999901172
9.239820000402688
8.51964899993618
9.376635000080569
9.426685999642359
8.827927999845997
9.228005999830202
8.828888000607549
8.992674000182888
8.955311999670812
10.533969999414694
8.957321999332635
8.139016999848536
8.888491000107024
8.526809000613866
8.668853999552084
9.347899000204052
8.95984200087696
9.64369200028159
8.463326999844867
9.05792499997915
8.160177999343432
9.319663000496803
8.520099000634218
8.562450999306748
8.679684000526322
9.114917000260903
9.116897000239987
9.06052499976795
8.232424999732757
9.109596999223868
9.362824999698205
8.774886000537663
8.892751000530552
8.811608000542037
8.34912299978896
8.81664799999271
9.040144000209693
8.86218000050576
8.71439399998053
8.384334999391285
8.42540600024222
8.46215699948516
9.301891999712097
8.80369799961045
9.007783000015479
9.384795000187296
9.292542000366666
9.317481999460142
8.532649999324349
9.162517999357078
9.116027000345639
8.68210899989208
10.518730000512733
9.177658999760752
8.86574899959669
9.211389000483905
8.43369599988364
8.889605000149459
7.915916000456491
8.756156000345072
8.605811999586876
8.59017099992343
8.243669999501435
8.359632999599853
8.016024000426114
9.199899000122969
9.590460999788775
9.343683999759378
9.463747000154399
9.129333000601036
9.405129999322526
9.31461800064426
9.32636299967271
9.845614999903773
9.446281000236922
9.637463000217394
9.650768999563297
10.00181400013389
9.753979000379331
10.125201999471756
9.570909999638388
8.94991199947981
8.243661000051361
9.778876999916974
8.860134999849834
9.544540000206325
9.306463000029908
8.834048999233346
9.164023000266752
9.318598999925598
9.327482999651693
8.67679400016641
9.131597000305192
9.413231000507949
8.995088000119722
9.362024999973073
9.538045000226703
9.246656999494007
9.176429000035569
9.118941999986419
9.513958999377792
10.570521000772715
9.36154400005762
8.434266999756801
8.881699999619741
8.936280999478186
7.748285000161559
9.341472999949474
9.618172000045888
9.98242300011043
8.777166000072611
9.163429000182077
8.77459599996655
10.159878999729699
8.86309900033666
9.41741600036039
8.596100999966438
8.603451999988465
9.204469999531284
9.6957450004993
9.084145000088029
9.42391700027656
10.331133999898157
8.951941999839619
10.850879999452445
9.139497999967716
9.319852999396971
9.34177399994951
9.917400999256643
8.98160300039308
8.703904999492806
8.45464699978038
9.191318999910436
9.749541000019235
9.12895799956459
8.84919300006004
9.109755999816116
8.600071999353531
9.281551999265503
9.407215999999607
8.645152000099188
8.713424999768904
9.237450999535213
9.088396000151988
9.048615000210702
9.244770000805147
9.028594000483281
8.836554000481556
9.232529999280814
8.98708299973805
8.970765999947616
8.757386000070255
8.288202000585443
8.280431999992288
7.883647999733512
9.251671000129136
8.92829099939263
9.178229000099236
9.705284999654396
9.28085200030182
9.39546999961749
9.187169000142603
8.161656999618572
10.80813400039915
8.900800000446907
9.302886999648763
9.060675999535306
8.52746400050819
8.94807100030448
8.893340000213357
8.733294999728969
9.411175999957777
9.203014000377152
8.679673000187904
8.82829900001525
8.499728000060713
8.891000000403437
9.244691000276362
8.74433599983604
9.324143000412732
8.597811000072397
8.981122000477626
8.249239999713609
8.957351999924867
9.011248999740928
8.353073999387561
8.63935799952742
8.493488000567595
8.369653999579896
8.8797889993657
8.521020000443968
8.392615000047954
8.714954000424768
9.084215999791923
8.531569000297168
7.9883629996402306
8.576750000429456
8.576889999858395
8.822948000670294
8.223578999604797
8.950812000875885
9.131377999437973
9.483887999522267
8.940271000028588
8.795886999905633
8.7408460003644
8.50912799978687
8.620792000328947
8.63534299969615
8.303812999656657
8.677623000039603
9.373543999572576
8.920600999772432
8.915181000702432
9.871149999526097
9.007293000649952
9.183144000417087
8.876408999640262
8.382854999581468
9.249400999578938
9.115247000409
8.793896000497625
8.841779000249517
9.087145999728818
9.441907000109495
9.599301999514864
8.476216999952157
9.687089000181004
8.821018999697117
8.922349999920698
8.410604999880888
8.89052900038223
8.457267000267166
9.803756999644975
9.160067999800958
8.381743999962055
8.82532200012065
8.508667999194586
8.11542199971882
8.307103000333882
8.844419000524795
9.692803999314492
9.386634999827947
9.008213999550208
8.751886000027298
9.13364799998817
8.444095999948331
8.877269000549859
9.179008999126381
8.859294000103546
8.79129799977818
9.419795999747294
9.215139999469102
9.282052999878943
9.07272600034048
8.927282000513515
9.074145999875327
8.9251109993711
8.457857000394142
8.374124000511074
8.905630999834102
9.525959000711737
9.368623999762349
8.981832999779726
8.989652000309434
9.03123899934144
9.865560000434925
8.74190499962424
8.115475999147748
8.855048000441457
9.109856999202748
8.971272000053432
8.921840999391861
9.009282999613788
8.736125000723405
8.409725999626971
8.841077999932168
8.939760999965074
8.432845999777783
8.606841000073473
10.027183999227418
8.440852000603627
8.993202999590721
8.59768099962821
9.12782200066431
9.512038999673678
9.298341999965487
9.622258000490547
8.289932000479894
8.572481000555854
8.558245000131137
8.381964999898628
9.243980000064767
9.234170999661728
9.00868300050206
8.697463999851607
8.432067000285315
9.111727000345127
8.613072000116517
8.46308800009865
8.599607000178366
9.034444000462827
9.115691999795672
8.781456999713555
8.615091000137909
9.60368699998071
8.289910999337735
9.150658000180556
8.534629000678251
8.25606099988363
8.560959999158513
9.178568999232084
8.293696000691853
9.021263999784424
8.903840000130003
9.001832999274484
8.495989000039117
9.771116000592883
8.357753000382218
8.739555999454751
9.333902999969723
9.085526000490063
9.127162000368116
8.716784999705851
8.881679999831249
8.860629999617231
8.188928999516065
9.375894999720913
8.935930999541597
9.137577000728925
9.254721000615973
9.245621999980358
8.621255999969435
9.134838999671047
8.932421000281465
8.50880399957532
8.717704999980924
8.670213000186777
9.376033999615174
9.414950999598659
8.499487999870325
9.366798999508319
8.79468299990549
9.685709000223142
8.33063400023093
9.322313000666327
9.378363999530848
9.44986299964512
8.506418999786547
9.041980000802141
9.116112000810972
8.191998999791394
9.243860999958997
8.778966000136279
8.897701000023517
8.651371999803814
9.003358999507327
8.278876999611384
8.560280999518
9.102766000069096
8.300643000438868
8.953181999459048
8.635703000436479
8.631032000266714
8.553460000257473
8.825782000712934
8.890680999684264
8.67716399989149
8.3991050005352
8.719569999811938
9.098086999983934
9.338460000435589
8.423215999755485
9.581950999745459
8.935351000218361
8.107831999950577
9.078834999854735
8.391205000407354
8.87727899953461
8.684614000230795
9.68203399952472
8.783530999608047
8.944372000769363
8.37163399955898
8.434217000285571
9.136141999988467
8.557750999898417
8.813196999653883
8.916810999835434
9.439131999897654
8.800908000011987
9.320348999608541
9.059359999810113
9.631472999899415
8.848813999975391
9.25390599968523
8.703294999577338
8.475038000142376
9.507089000180713
9.029443999679643
9.00758300031157
8.982261999335606
8.93888100017648
8.636534999823198
8.657516000312171
8.748338000259537
9.131966999120777
8.991061999950034
9.144568000010622
8.95523199960735
9.556500999678974
8.116166000036174
9.433879000425804
9.249970999917423
9.418975999324175
8.981783000308496
8.894470000086585
9.028374000081385
9.314122999967367
9.438395999495697
9.466938000514347
9.119877000557608
9.335445999568037
8.26806100030808
9.15654800064658
8.845969000503828
9.478977999606286
9.752036000463704
8.874263000507199
8.883690000402567
8.886630000233708
9.580140999787545
8.792806999736058
8.418595999501122
8.924976000344031
9.59579099981056
9.882835000098567
10.002244000133942
9.536560000015015
9.100025999941863
9.899370999846724
9.22608000018954
8.51036899985047
8.703424000486848
9.670436000305926
9.725204999995185
8.869208999385592
9.78972199936834
8.853806000843178
9.233310000126949
9.163728999737941
9.538931999486522
8.444145999419561
9.239349999916158
9.783367999261827
9.070135000001756
8.249300999523257
9.47804699990229
8.830409000438522
8.291541000289726
9.902230999614403
9.474200000113342
8.847678999700292
8.292462000099476
9.123146999627352
8.399227999689174
8.10366600035195
8.7695669999448
8.770295999966038
9.17873900016275
9.176049000416242
9.562559999721998
9.518291999484063
9.204809999573627
8.04570699983742
8.736065999983111
10.02479500039044
9.686014000180876
9.962981999706244
9.68845399984275
9.202228999129147
9.159367999927781
9.542998999677366
9.008594000079029
8.528448999641114
8.678443999997398
9.283181999307999
8.52074900012667
9.055924000676896
10.079105999466265
9.839968999585835
8.933363999858557
9.28940199992212
8.563559999856807
9.232761000021128
8.413116000156151
8.792427000116732
8.403445000112697
8.709904000170354
8.621001999927103
7.783326000208035
8.499017999383796
8.12201600001572
8.311481999953685
8.512018999681459
8.37372400019376
8.291991999612947
8.688083999913943
8.781126999565458
8.97067200003221
8.570860999498109
8.385664999877918
8.873898999809171
8.30661300005886
8.338462999745389
8.094575000541226
8.351313999810372
8.484189999762748
8.373704999939946
8.750766000048316
8.424865999586473
8.692674000485567
8.47911699929682
8.50123899999744
8.571160999963467
8.333534000485088
9.19933899967873
8.373833999939961
8.907279999220918
8.422208999945724
9.129857000516495
8.584251000684162
8.390473999497772
8.831119000205945
8.383465000406431
8.94135499947879
8.475888000248233
8.667533999869192
8.632762000161165
8.165739000105532
8.259220999207173
8.039708999604045
8.424114999797894
8.562420000089332
8.4081459999652
8.686782999575371
9.013584000058472
8.522339000592183
9.315432999756013
8.366457000192895
8.863588999702188
8.379556999898341
7.975552000061725
8.52120899980946
8.21457000074588
8.802327000012156
8.858208999299677
8.905539999432222
9.156307999546698
8.96341299994674
9.019093999995675
9.209260000716313
8.514199000273948
8.21631899998465
8.490908000567288
8.477676999973482
8.650011999634444
8.914990999983274
8.480739999868092
8.67808699968009
9.640363000471552
8.72104500012938
8.563950000279874
8.544498999981442
8.903299999474257
8.440476999567181
8.884939999916242
8.514797999850998
8.720465000806144
8.232289999796194
8.477346999825386
8.85771899993415
8.97092299965152
8.016449000024295
8.532643999387801
9.111147000112396
8.749156000703806
9.382745000038994
8.266673999969498
8.35939300031896
9.035234000293713
7.944250999571523
8.421785999416898
8.66140599919163
8.208999000089534
8.37459400008811
8.653683000375167
8.996083000056387
8.343612999851757
8.378733999961696
8.894900000086636
8.54233199970622
8.742184999391611
8.68771499972354
8.639472000140813
8.820041000035417
8.928673999434977
8.662582999932056
8.714274000340083
8.366344000023673
9.117616999901657
8.318973000314145
8.30152199978329
8.965752000221983
8.120367000628903
8.882809999704477
8.732774000236532
8.979931999419932
8.355523999853176
8.55812000008882
8.098186000097485
8.652436000375019
8.528207999916049
8.314453000821231
8.593260999987251
8.68570400052704
8.461499999611988
8.58574099947873
9.136858999227115
9.147298000243609
8.71152399940911
8.511830999850645
8.311132000017096
8.398705000217888
8.856538999680197
8.16213800044352
8.648232000268763
9.22128000001976
8.654452999508067
8.47149699984584
8.30938299986883
9.058014999936859
8.338593999724253
8.722364999812271
8.436425999207131
8.62069100003282
8.062547000008635
8.6422020003738
8.423316000516934
8.655323999846587
8.319951999510522
8.677924000039638
8.303161999720032
8.448946000498836
8.787736999693152
8.125877000566106
9.128427999712585
8.498997999595304
7.913501000075485
9.280420999857597
8.33138300004066
8.227029000408947
8.72365500072192
8.121529999698396
8.448386000054597
8.457717000055709
9.112065999943297
8.28624200039485
8.687479000400344
8.470897000734112
8.812928000224929
8.771687999796995
8.757759999753034
8.460232999823347
8.66330300050322
9.41033500021149
8.125757000016165
8.56061300055444
8.374645000003511
8.505361000061384
8.434987000327965
8.451247000266449
8.285842000077537
8.21975899998506
8.439576000455418
8.777476999966893
8.679894000124477
8.257626999693457
8.442385999842372
9.593810999831476
8.373519000087981
8.948071999839158
8.357624000382202
9.531000000606582
8.475598000586615
8.17293799991603
8.240701000431727
9.173718000056397
8.335702999829664
8.41833500089706
8.711964000212902
8.625651999864203
8.826701000543835
8.379887000046438
8.45323700013978
8.497367999552807
8.104745999844454
8.425996000369196
8.295592000649776
8.611637000285555
8.359623999240284
8.573421000619419
8.275440999568673
8.68959499985067
8.372145000066666
9.287482000218006
8.140406999700645
9.044815000379458
8.441676999609626
8.89030000053026
8.054054000240285
8.302291999825684
8.338282999829971
8.688358999279444
8.494480999615917
8.663763000186009
8.332093000717578
8.188078999410209
8.537399000488222
8.776035999289888
8.713265000551473
8.62608200077375
8.39442400047119
8.972523000011279
8.027224000215938
8.371093999812729
8.095915999547287
8.028223000110302
8.994984000310069
8.343872999830637
8.842967999953544
8.039043999815476
8.478867999656359
8.781816000009712
8.211309000216716
8.113066999612784
8.607760999439051
8.351454000148806
7.998272999429901
8.883853000043018
8.1411470000603
8.250470999882964
7.720913999946788
9.008056000311626
8.144957000695285
8.735778000300343
8.383625000533357
8.979952000117919
9.151041000222904
7.797016999575135
8.603014000073017
8.733256000596157
7.976932000019588
9.002552999845648
8.56019999991986
8.340033999957086
8.595021000473935
8.877640000719111
8.743765999497555
8.514559000104782
8.259141000053205
9.246784000424668
8.601251000072807
8.676163000018278
8.601141000326606
8.980962999885378
8.712554999874556
8.71875499979069
9.286876999794913
8.472497000184376
8.513830999618222
8.535579999261245
8.461766999971587
9.154727999884926
8.566810000047553
8.192618000066432
8.451647000583762
8.010663999812095
9.019756999805395
9.158541000033438
8.71824700061552
8.313743000144314
8.286250999844924
8.782990000327118
8.441515999948024
8.246730999417196
8.603371999925002
8.292832000734052
8.922030999201525
8.270500999969954
8.423665999544028
8.374093999918841
8.430395999312168
9.213342000293778
8.84727899938298
8.079355000518262
8.489446999192296
8.78640699920652
8.716955000636517
9.273261999624083
8.693413999935728
8.494993000567774
9.477128000071389
9.177479000754829
8.330632999786758
8.58945100026176
8.528159999514173
8.23450000007142
8.955911999692034
9.029973999531649
8.43754700053978
8.656852999592957
8.54765900021448
8.464167000056477
8.587876000092365
8.678184000018518
8.723244999600865
8.307891999720596
8.17345799987379
8.532619000106934
8.922076000089874
8.299322000311804
8.69947699993645
8.655261999592767
10.093175999827508
8.677953999722376
8.660853000037605
8.462236000013945
8.800980000160052
8.784126000136894
8.544669999537291
8.432251999693108
8.459466999738652
8.410945000832726
8.094245999927807
8.59690099969157
9.117399999922782
8.29609700031142
9.794373000659107
8.274261000224215
8.661592999487766
9.229479999703472
8.247390000178711
8.982752000520122
9.205489999658312
8.811607000097865
9.00842300052318
8.230465000451659
8.837728000798961
8.086365999588452
9.198679000292032
9.01376399997389
8.1215769996561
8.240770000156772
8.39715999973123
8.486278000418679
8.254780999777722
9.168317999865394
8.957732000453689
9.495209000306204
8.281230999273248
8.704049999323615
9.478947999923548
8.223118999922008
8.986132999780239
9.137207999629027
8.589321000727068
9.263316000215127
9.073616000023321
8.358133999536221
8.829239000078815
8.16051800029527
8.695533999343752
8.157666999977664
8.839258000080008
9.212709999701474
9.732671000165283
9.0977270001531
8.791336999820487
9.256160999939311
8.176948000254924
8.217139999942447
8.462456000415841
9.527040000648412
8.763927000472904
8.445677000054275
9.056795000105922
8.448682000562258
9.420606000276166
8.387095000216505
8.76343599975371
8.723525000277732
8.759296000789618
9.338184000625915
9.213679999447777
9.044034999533324
8.494177999637031
8.627872000033676
8.16265800040128
8.84984899948904
8.627297000202816
8.154827999533154
8.471512000141956
8.711719000530138
8.75993599947833
9.044039999935194
8.860509000442107
9.103155999582668
8.98677300028794
8.751395999752276
8.633113000541925
8.271580999462458
8.119336000163457
8.649272000184283
9.552936000545742
9.911310999996203
8.964327999819943
9.181925000120827
8.815797999886854
8.82858800014219
8.981582999695092
9.392175000357383
8.308471999953326
9.620081999855756
9.168949000013527
8.510689000104321
9.255750999727752
8.899559999917983
8.84552400020766
8.315533000313735
8.467417000247224
8.70349399974657
8.126966999952856
8.498298000631621
8.822037999379972
9.179648000099405
8.585329999732494
9.196918999805348
9.081014999537729
9.468348000154947
8.52553899949271
9.572160000061558
8.143871999891417
8.651842999825021
9.105277000344358
8.682973999384558
9.186078999846359
8.823723000205064
8.477952999783156
8.733994999602146
8.76399700064212
9.133058000770689
8.827687999655609
8.359922999261471
8.380954000131169
8.69749400044384
9.30477299971244
8.642533000056574
9.303093000198714
8.962011999756214
8.382653999433387
8.887659999345487
8.06525500047428
8.440886000244063
9.560370000144758
8.538668999790389
8.426286000030814
8.718176000002131
8.079425000687479
8.686573999511893
8.421224999437982
8.593690999987302
8.953962000305182
8.214839999709511
8.521079000274767
8.570040000449808
8.998372999485582
8.521919000486378
8.882008999535174
8.822948000670294
8.371804000489647
8.812957999907667
9.306861999903049
9.733615999721223
8.521378999830631
9.138706999692658
8.976932000223314
8.428076000200235
8.841198000482109
8.655491999888909
8.664283000143769
8.62000100005389
8.745765000639949
9.24874100019224
9.988502999476623
8.890189999874565
8.9222910000899
8.756006000112393
8.78682700022182
8.643531999950937
9.433797000383493
8.723605000341195
8.306707999508944
9.542879999571596
8.547208999516442
8.539274999748159
8.097929999166809
9.08053600051062
7.9258599998865975
8.50709799942706
8.935541999562702
8.58150600015506
9.652583000388404
7.881440000346629
8.25517600060266
9.33599400013918
8.010122999621672
8.937532000345527
9.21326899970154
9.287346999371948
8.573471000090649
8.378634999644419
8.771845999945072
8.428526999523456
9.225584999512648
9.341644000414817
9.202768999784894
8.929040999646531
9.212129999468743
8.910180999919248
8.402105999266496
9.446566999940842
9.235219999936817
8.900439999706578
9.16717800009792
8.62295200022345
8.772496000347019
8.623480999631283
8.95558299998811
9.041035000336706
8.947612000156369
9.249361000001954
8.525539000402205
9.454246999666793
8.940310999605572
9.608291999938956
8.607830999608268
9.210910000547301
8.439275999990059
9.019663999424665
8.48602799942455
10.034258999439771
9.01167899974098
8.893521000572946
8.461026000077254
9.008154000184732
8.644062000712438
8.39601500047138
8.343798000169045
9.588091000296117
8.794323000074655
8.838558999741508
8.548119999431947
8.5914210003466
9.311823000643926
9.43868600006681
8.618741999271151
9.41594600044482
8.891810000022815
8.88355999995838
9.48679799967067
11.343749000843673
14.258268000048702
12.396911999530857
10.601771999972698
9.44699799947557
9.381045000736776
9.914006000144582
9.424222000234295
9.958773000107612
9.579540999766323
9.261301000151434
8.73442600004637
8.539119000488427
9.2980979998174
8.699563999471138
9.377504999974917
8.732444999623112
9.515018999991298
8.33019299989246
8.678673999384046
9.07024500065745
9.787801999664225
10.117506999449688
8.633120999547828
8.860888999151939
8.962711000094714
8.658599000227696
9.45737799975177
8.458627000436536
9.423046000847535
9.235231000275235
9.409215999767184
8.448406999377767
9.029744000145001
9.431085999494826
8.771736000198871
9.62148199960211
9.376390000397805
9.442132000003767
9.269372000744625
8.94237099964812
7.733665000159817
8.892779000234441
8.90723100019386
8.424750999438402
9.151602999736497
9.479212999394804
8.907929999622866
9.648528000070655
8.790476999820385
8.876879999661469
9.936802000083844
8.634202000393998
8.387763999962772
8.342372000697651
9.027084000081231
8.800257000075362
9.215158999722917
8.182917999874917
8.718215000044438
8.58404500013421
9.399925999787229
8.605701999840676
8.688394000273547
9.188889000142808
9.278311999878497
8.648252000057255
8.620670999334834
8.982952999758709
8.646653000141669
9.428596000361722
8.6636730002283
9.102656000322895
8.855449000293447
9.08818700008851
8.852558999933535
8.409065999330778
9.533114999612735
9.31197299996711
8.46404700041603
8.615111999461078
8.720365000044694
8.882365000317805
10.520058999645698
10.263801999826683
8.061623999310541
9.102246000111336
8.381635000660026
8.654733000184933
8.938381000007212
8.621052000307827
9.200579999742331
8.527289000085148
8.817068000098516
8.787436999227793
9.012714000164124
8.700848999978916
9.701756000140449
9.517278999737755
8.606639999925392
8.845807999932731
8.751407000090694
9.187149000354111
8.50965800054837
9.014933999424102
9.471446999668842
9.222269999554555
8.401334999689425
9.350583000014012
9.247652000340167
9.420241999578138
8.738575999814202
9.125077000135207
9.115697000197542
9.686464999504096
9.006273000522924
8.382293999602553
8.806748000097286
8.643391999612504
8.490363000419165
8.77115599996614
8.536015000572661
8.965723000073922
9.493718000157969
8.354753999810782
8.245410999734304
8.65663299919106
8.385754999835626
13.133795000612736
9.504949000074703
8.815017999950214
9.278671000174654
8.520710000084364
8.52528900031757
8.484797999699367
8.773986000051082
8.988064000732265
8.572189000005892
9.444317000088631
8.70540500000061
8.80757800041465
8.633327999632456
8.932215000641008
8.433355999841297
8.444115999736823
9.071325000149955
9.348004000457877
8.930406000217772
8.862528999998176
8.356578000530135
9.208390000821964
9.684594999271212
8.835177999571897
8.967933000349149
8.482216999254888
8.873159999893687
8.729815000151575
8.930470999985118
9.105151999392547
8.689794000019901
8.794036999461241
8.321802999489591
8.528082000339055
8.629161000499153
9.10185700013244
9.088286999940465
8.729144999961136
9.30284300011408
8.15120700008265
8.779446000517055
8.935691000260704
9.135247000813251
9.7882270001719
8.59085599950049
8.813927000119293
9.139331999904243
8.301222000227426
8.958511999480834
8.9531209996494
8.699113999682595
9.83220799935225
9.147286999905191
9.20173899976362
9.602721999726782
9.101976999772887
8.690443999512354
9.054333999301889
8.85907399970165
8.98518200028775
8.959967000009783
9.360254999592144
8.228585000324529
8.666098000503553
8.800106999842683
8.4109540002828
8.312342999488465
8.629077000477992
9.428055999705975
9.43478600038361
9.264892000828695
8.785537000221666
9.095685999454872
8.830656999634812
9.371445000397216
8.97991199963144
8.946281999669736
9.356554000078177
8.268876000329328
8.529908999662439
8.795857000222895
9.42038599987427
9.127639999860548
8.494427999721665
8.795156999440223
8.457357000224874
8.811480000076699
9.024488999784808
8.94564900045225
8.746374999645923
8.122127000206092
9.011243999339058
8.690454000316095
8.90858099955949
8.992843000669382
8.673173000715906
8.69118399987201
8.322724000208837
8.659712999360636
8.59231100002944
8.914140999877418
8.741048000047158
8.534198000234028
8.789526000327896
8.422455999607337
8.94268399952125
8.904041999812762
8.826068000416853
8.755316000133462
8.681943000738102
8.655491999888909
8.91151300038473
8.749524999984715
8.82934400033264
8.567191000111052
8.892540000488225
8.544979999896896
9.019013999932213
8.725658000003023
8.723825999368273
8.31892299993342
8.70063399997889
8.740925999518367
8.781317000284616
8.405516000493662
8.554060000278696
8.491889000652009
8.870722000210662
8.812108000711305
8.390684999540099
8.598790999712946
8.996083999591065
9.356004000437679
8.437176000370528
8.71757400000206
9.177197000099113
8.422561999395839
8.760695999626478
8.299291999719571
8.295731000544038
9.444296999390644
8.974233000117238
8.577951000006578
8.814506999442528
8.884760000000824
8.965962000729633
8.39675499992154
8.68170400008239
9.069245000318915
9.778419000213034
8.674803999383585
9.186418999888701
9.121357000367425
9.202070000355889
8.356448000085948
8.633622999695945
9.054754999851866
9.29873199947906
8.659932999762532
8.760095999605255
8.353522999641427
9.000473999549286
8.783666999988782
8.769017000304302
8.701544999894395
9.123167000325338
8.397235000302317
9.293651999541908
9.399257999575639
8.517809000295529
8.745117000216851
8.741734999603068
8.73621600021579
8.872589000020525
8.884679999937362
9.483417999945232
8.437946000412921
8.913709999433195
9.039303999998083
8.63503300024604
9.072226000171213
8.923160999984248
8.566051999878255
8.669503000419354
8.145757000420417
8.481191000100807
8.790097000201058
8.29667200014228
8.589660000325239
8.769619000304374
8.506398999998055
8.75184599954082
8.503148000272631
8.76384599996527
8.866125000167813
9.089056000448181
9.24582100014959
8.479088000058255
9.01850500031287
8.590040999479243
8.745475999603514
8.815548000711715
8.838792999995349
9.591061000719492
9.160868999970262
9.043723999639042
9.065885000381968
9.585572999640135
9.195097999509017
8.94798500030447
8.495027999742888
8.870229000422114
9.179224000035902
8.694273999935831
8.757716000218352
8.349032999831252
8.445345999462006
9.4075580000208
9.21850299982907
9.795926999686344
9.227470000041649
8.700143999703869
9.698994000245875
8.793057000730187
9.154708000096434
8.777225999438087
8.258111000031931
8.999442999993335
8.895510000002105
8.712743999240047
8.661455000037677
8.374367000214988
8.735874999729276
8.519627999703516
9.12493799933145
8.925980999265448
9.102332000111346
9.400238000125682
8.442476999334758
8.940224000070884
8.308235999720637
8.590010999796505
8.325642000272637
8.754194999710307
8.429114999671583
8.520388000761159
8.828568000353698
9.32619600007456
8.341619000020728
8.876509999936388
8.202629000152228
9.248090999790293
8.215849000407616
8.351542999662342
8.499298000060662
8.670502999848395
8.771896000325796
8.521949000169116
8.855508000124246
8.808787000816665
8.655122000163828
8.73710499945446
9.251700000277197
8.622522000223398
8.592072999817901
8.552860000236251
8.993434000331035
8.58011099990108
8.536268999705499
9.184599000036542
9.799768000448239
8.709554000233766
9.184313000332622
8.307882999361027
9.037153999997827
8.882058999915898
8.11481199980335
8.222509999541217
8.3528640006989
8.656232999783242
8.783080000284826
8.360537000044133
8.81716799995047
8.725345000129892
8.777427000495663
8.662592999826302
9.367844000735204
8.966061999672092
8.657372999550716
8.405675999711093
7.992641999408079
8.831327999359928
9.040517000357795
8.961442000327224
8.784349999586993
8.915776000321785
9.962033000192605
10.108468999533216
8.579672999985632
9.002085999782139
8.565482999983942
8.694406999893545
8.323492999807058
9.272366999539372
9.617164999326633
8.196628999940003
8.581090000006952
8.200760999898193
8.330962999934854
8.48442000005889
8.469663000141736
9.444008999707876
8.643215000120108
8.346216000063578
8.848739999848476
8.707724999112543
8.671874000356183
8.357904999684251
8.629682999526267
8.131637000587943
9.567344000060984
8.715615000255639
9.186911000142572
8.316143000229204
8.716483999705815
9.543999000015901
8.683224999913364
8.807256999716628
8.364494000488776
8.206312000766047
8.62348199916596
9.563372999764397
8.298072999423312
9.356364000268513
9.040224000273156
8.750504999625264
8.159548000548966
8.292661000268708
9.027336999679392
8.40528800017637
8.783296999354206
8.810598000309255
9.287892000429565
8.846118000292336
9.010216000206128
8.834661000037158
8.289413000056811
8.715444999324973
8.957011999882525
8.874139999534236
7.998072000191314
8.50915899991378
8.485957999255334
8.795267000095919
8.404665999478311
8.513948000654636
8.242429999882006
8.995133000098576
9.04561500010459
8.33160499951191
9.613141000045289
8.922860999518889
8.073324000179127
8.840878999762936
8.535838999705447
8.681919000082416
8.406173999901512
8.749886000259721
8.20666900017386
8.413836000727315
8.722247000150674
8.478107999508211
8.198849000109476
8.393375000196102
8.618992999799957
8.202549000088766
8.046605000345153
8.694353999999294
8.340872999724525
8.09061899963126
8.449210000435414
8.33011600025202
8.954142999755277
9.204838999721687
8.456757000203652
8.86510000054841
8.21369900040736
8.729355000468786
8.505767999849922
8.792386999630253
8.502937999764981
8.767766999881133
8.266241999990598
8.544829999664216
8.517559000210895
9.132119999776478
8.182147999832523
8.56415999987803
8.71266500053025
8.426515999417461
8.680563999405422
8.473158000015246
7.993551999788906
8.997922999697039
8.182548000149836
8.26681099988491
8.482958000058716
8.702113999788708
9.299182999711775
8.697874000063166
8.188238999537134
8.770376999564178
8.280950999505876
8.41158599996561
8.820706999358663
8.730585000193969
8.32546700075909
8.762585999647854
8.177407000403036
8.738814999560418
7.86380099998496
8.831298999211867
9.274592000110715
9.841308999966714
8.398026000577374
8.971962000032363
9.377764999953797
8.595323000008648
8.548220000193396
9.116207000261056
8.376414999474946
8.804447999864351
8.538429000509495
9.003483000014967
8.440706000328646
8.887699999831966
8.116756999697827
8.70433399995818
8.169767999788746
8.810477999759314
8.50508900020941
8.532709000064642
8.432446000369964
8.019405999220908
8.404814999266819
8.018098999855283
8.828006999465288
8.439505999376706
8.55666899951757
8.36146399979043
8.497451000039291
8.323652999933984
8.854319000420219
8.883070000592852
7.987613000295823
8.911670999623311
8.239720000347006
8.30823300020711
8.536719999938214
8.773874999860709
8.601661000284366
8.368433999748959
9.386664999510685
9.23542000055022
8.824257999549445
8.48072700046032
8.581510999647435
8.471217000078468
8.302584999910323
8.633612000267021
9.007104000374966
8.522597999217396
8.369873999981792
8.863600000040606
8.606931000031182
8.644913000352972
9.101216000090062
8.567570000195701
8.44392599992716
8.610271999714314
8.673233000081382
7.941871999719297
8.08423499984201
8.703933999640867
8.667137999509578
9.033076999912737
8.636602000478888
8.470308000141813
8.800056999461958
8.262084999842045
8.631251999759115
8.54201899983309
8.820737999485573
8.667973000228812
8.276900999589998
9.025282999573392
9.190630000375677
8.162950000041747
9.458898999582743
8.672134000335063
8.72367400006624
8.853741999701015
8.688345000336994
8.506198999384651
9.026205000736809
8.329273000526882
8.689503999448789
8.80378700003348
9.473219000028621
9.61643400023604
8.488880999721005
8.523319000232732
8.85052900048322
8.274251000329969
8.059374999902502
8.713248999811185
9.042794999913895
8.703694999894651
8.3810549995178
9.399829000358295
8.436424999672454
9.14639700022235
8.99238200054242
8.396146000450244
8.385874999476073
8.680902999913087
8.877025000401773
9.214840999447915
9.105225999519462
8.084074999715085
8.641223000267928
8.65726300071401
8.571858999857795
9.167464000711334
8.759586999985913
8.857839000484091
8.221330000196758
9.715965000395954
8.497157000419975
8.135756000228866
8.399426000323729
8.697923999534396
8.999423000204843
9.121191000303952
9.617802999855485
8.54522999998153
8.619502000328794
8.77618699996674
8.351239999683457
8.868324999639299
8.932381999329664
8.681873000568885
8.155517999512085
9.291403000133869
8.593641000516072
9.003524000036123
9.199938999699953
8.636253000076977
8.342797999830509
8.795247999842104
8.573969000281068
9.688740000456164
8.350573999450717
8.629701999780082
8.3626040004674
11.139778000142542
8.37687500006723
9.42489699991711
8.425145999353845
8.81489700077509
8.584750999943935
8.219888999519753
8.940152000832313
8.617182000307366
8.897400000023481
8.99084299999231
8.64349299990863
8.470726999803446
8.973731999503798
8.514887999808707
9.272491999581689
8.969853000053263
9.41027600038069
9.319277999566111
8.545650000087335
8.7293349997708
8.228661000430293
8.961546999671555
9.098646999518678
8.342864000042027
8.355764000043564
8.022392999919248
10.512629000004381
8.120735999909812
8.342143999470863
8.745810000618803
8.197598999686306
8.911899999475281
9.413786000550317
8.647042999655241
8.517818000655097
9.344213999611384
8.374874000764976
8.766990999902191
8.788215999629756
9.224200999597088
8.562710000660445
9.794187000807142
8.29730199984624
9.10392699915974
8.559791000152472
9.029689999806578
8.576191999964067
9.516629000245302
9.066053999958967
9.606880999854184
9.5729909999136
8.688965000146709
8.35640399964177
9.081535000404983
8.585100999880524
8.777097000347567
8.250455999586848
9.588210999936564
8.340794000105234
8.48487599978398
10.08545700005925
8.661211999424268
8.875800000168965
8.814077000351972
9.512464000181353
9.800443000131054
8.271372000308475
8.383675000004587
8.062764999522187
9.297612000409572
8.15603800037934
9.025913999721524
8.846528000503895
9.129707000283815
8.321071999489504
9.352584000225761
8.394964000217442
9.231016000740055
9.119606999774987
9.133081999607384
8.29696300024807
8.538129000044137
9.47009799983789
8.05432400011341
8.406766000007337
8.7136450001708
8.034645000407181
8.586096000726684
9.088540999982797
8.452052999928128
9.26908099972934
9.316882999883092
9.282711999730964
9.662892999585893
8.53214000017033
9.499578000031761
9.309451999797602
8.722065000256407
8.906670000214945
8.562050000364252
9.453788000428176
8.270069999525731
8.390826000322704
9.225868999237719
8.049945000493608
9.521927999230684
9.016143999360793
9.380345999488782
7.85131700013153
8.604806999755965
8.919570000216481
8.831438000015623
8.842389000164985
9.60238199968444
9.209615000145277
9.768417000486807
9.375264000482275
8.454157000414853
8.941320999838354
8.356099000593531
8.468838000226242
8.830882999973255
9.301317999415915
8.877878999555833
8.746285000597709
8.983157000329811
8.569901000555546
8.066223999776412
8.924091000153567
8.673887999975705
8.210169000449241
9.227090999957
9.056846000021324
9.490617000665225
8.500909000758838
8.50704799995583
8.433752000200911
9.449536999454722
9.187698999994609
8.633227999780502
8.642112000416091
8.760755999901448
8.507776999977068
8.680083000399463
8.553318999474868
9.194109000418393
8.072966000327142
9.376994999911403
8.792067000285897
8.720800000446616
9.108480999202584
8.794276000116952
8.250601000327151
8.973091999905591
8.409926000240375
9.039523999490484
9.492748999946343
8.390125000005355
8.430056999713997
8.347021999725257
8.49074699999619
8.57973099937226
8.839447999889671
8.88556000063545
9.541849999550323
8.838699000079941
8.448747000329604
8.219819999794709
8.578010999372054
8.822936999422382
8.568870999624778
8.406854999520874
9.314009000263468
7.996284000000742
9.106507000069541
9.094246000131534
9.38322500041977
9.192958999847178
8.898670000235143
9.028804000081436
8.703024999704212
8.975822000138578
8.63014300011855
9.286921999773767
8.63398299952678
8.483607000016491
8.842469000228448
9.00465299946518
9.18656900012138
9.43669200023578
9.38405499982764
8.733884999855945
8.91489100013132
9.176069000204734
8.494968000377412
10.098357000060787
8.910700999877008
9.94794300004287
9.251941000002262
8.408544999838341
8.85870900037844
9.069095000086236
9.148758000264934
9.406504999788012
9.322892999989563
8.980882999821915
8.888965000551252
9.274051999454969
8.382895000067947
8.91599100032181
9.324962999926356
8.739334999518178
9.421277000001282
8.66763300018647
9.048714999153162
8.761646000493784
9.479917000135174
8.88862000010704
8.18394799989619
8.982743000160553
9.121377000155917
8.83576899923355
8.534048999536026
9.288102999562398
8.886030000212486
8.953090999966662
8.724765000806656
7.92248100060533
8.29834199976176
8.524640000359796
8.673473999806447
9.06991499959986
8.301342000777368
9.041265000632848
8.490172999700007
8.723189999727765
8.864020000146411
9.176008000395086
9.106217000407923
9.07055500010756
9.412176000296313
8.372143999622494
8.182937999663409
8.586601000388328
9.324767999714823
8.455827000034333
8.837748000587453
9.107317000598414
8.71479499983252
8.964711999396968
8.436846000222431
8.964671999819984
9.679624000455078
9.309082999607199
8.427945999756048
8.97341299969412
9.041213999807951
9.207709999827784
9.184178999930737
8.760086000620504
8.566759999666829
9.516279000308714
8.93943700066302
10.272092000377597
9.420535000572272
9.358763999443909
8.946556999944733
8.683067999299965
8.160807999956887
8.997053000712185
8.754235999731463
9.708149999823945
8.59866599967063
8.454148000055284
8.984914000393474
7.976872000654112
8.79589699979988
8.76649699966947
9.206730000187235
8.277761000499595
8.195409000109066
8.542969000700396
8.747217000745877
8.71118499981094
8.959873000094376
8.967591999862634
9.40073499987193
9.221330999935162
9.39036500039947
9.364890000142623
9.293383000112954
8.805817999927967
8.88021100035985
9.58258099944942
8.963121000306273
9.890790999634191
9.791253000003053
8.699534000697895
8.753246000196668
8.995543000310136
8.225069000218355
8.664972000588023
8.488607999424858
8.301722000396694
8.242720999987796
9.469996000007086
9.003093000501394
8.976362000794325
9.301422000135062
10.108387000400398
7.822403000318445
8.749525999519392
9.709339999972144
8.412013999986812
9.505508999609447
8.933580999837432
9.853318999375915
9.069304999684391
8.69097399936436
8.390355000301497
8.740726000723953
8.624612999483361
8.852168999510468
9.097396000470326
9.178598999824317
9.35966399993049
8.389435999561101
8.68967399946996
8.009943999240932
9.891073999824584
8.687924000696512
9.294102000239945
9.380043999954069
8.324002000335895
8.666974000334449
9.032113999637659
8.252940999227576
8.190008999918064
9.127942000304756
8.472317999803636
9.443236999686633
7.969033000335912
9.82348900015495
9.134767999967153
8.320152999658603
8.890110000720597
9.121736999986751
9.028694999869913
8.712775000276451
8.274171999801183
8.44317199971556
6.992581999838876
8.323651999489812
10.470293999787827
9.131402999628335
8.895019999727083
9.733285999573127
8.659779000481649
8.367150000594847
9.142758000052709
8.358864000001631
8.427255999777117
9.203145000356017
8.40476600023976
8.245121000072686
8.906621000278392
8.246630999565241
8.745895000174642
8.71812500008673
8.66956299978483
8.493397999700392
8.447907000117993
9.182709000015166
8.507799000653904
10.10699700054829
8.568819000174699
8.84176900035527
8.360824000192224
8.833009000227321
9.485376999691653
8.221305999541073
8.746006000365014
8.555740000701917
8.32955299938476
8.126007000100799
9.220429999913904
8.643332999781705
9.029763999933493
7.571420999738621
8.24730099975568
9.174058999633417
8.349472999725549
8.549350000066624
9.233779999703984
9.203454999806127
8.230299999922863
9.609733000615961
8.362524000403937
8.439215999715088
8.985283000583877
9.027346999573638
8.739275000152702
8.712365000064892
8.793897000032302
9.009335999508039
8.77912899977673
9.132266999586136
8.759934999943653
8.967982999820379
9.45172600040678
8.817064000140817
8.799088000159827
8.570891000090342
9.443222000300011
9.091985999475583
8.976504000202112
8.363783999811858
8.43265900039114
9.494966999227472
8.522498999809613
9.239050999894971
10.198874999332475
11.52559799993469
13.159347000510024
11.555932000192115
9.927320999850053
9.45293600034347
9.166527999695973
9.671964000517619
9.356345999549376
8.070584999586572
9.039273000780668
8.61759199960943
8.879490000254009
9.485988000051293
9.635652999349986
9.318962999714131
9.101575999920897
9.399096000379359
9.358194000014919
8.876230000169016
9.008594000079029
10.434296000312315
10.243220999655023
8.441506000053778
9.09878599941294
9.378063999974984
8.717005000107747
8.584250999774667
9.812897999836423
9.33959599933587
9.522157999526826
9.231529999851773
9.07116500002303
9.578689999216294
9.272221000173886
9.12453699947946
9.568020000187971
8.111277000352857
9.378274000482634
9.155661000477266
8.936170999731985
9.900553000079526
9.203239999806101
10.201120000601804
9.416695999789226
8.671303000483022
8.975853000265488
8.025602999623516
9.224989999893296
9.320362999460485
9.12801800041052
8.610632000454643
9.815899000386707
9.554560999276873
10.246312000163016
8.980633000646776
9.366834000502422
9.550970999953279
9.045054000125674
8.505019000040193
9.691173999271996
9.168958999907773
9.055794999767386
9.90555999942444
9.380284999679134
9.263451999686367
8.7019650000002
9.385315000145056
9.306484999797249
9.106017000704014
8.624232000329357
8.959614000559668
10.02822499958711
8.136247000038566
9.286952000366
9.637402999942424
9.275624000110838
9.222841000337212
10.14069900065806
9.094359000300756
8.34998399932374
10.045195000202511
9.265231000426866
8.590311000261863
9.96433300042554
8.522148999873025
9.474398000747897
9.300462000283005
9.84440899992478
9.81438800044998
8.863418999681016
8.636062000732636
9.411296000507718
9.048375000020314
10.018979999586008
9.521240000140097
9.385384999404778
8.957130999988294
9.217390999765485
9.764866999830701
9.254306000002543
9.517669000160822
9.131699999670673
8.4815290001643
9.820807999858516
9.178569000141579
9.140668000327423
9.206130000166013
9.968122000827861
8.765264999965439
9.483777999776066
9.590663999915705
9.381326999573503
8.988362999843957
9.93472399932216
8.239720999881683
9.842129000389832
8.802346999800648
10.220250000202213
9.244541000043682
8.873079999830225
9.729944999889995
9.825588999774482
8.143176999510615
10.09912700010318
9.075626000594639
9.283641999900283
8.691308999914327
8.53912999991735
10.353204000239202
8.738055000321765
9.158138000202598
9.092985000279441
9.243460999641684
8.88118900002155
9.358565000184171
9.112576999541488
8.48132600003737
9.198019999530516
8.950884000114456
9.53297200067027
8.601240999269066
9.382264999658219
9.302172999923641
9.196240000164835
8.849450000525394
8.70305499938695
9.31788200068695
9.81969799977378
9.16801299990766
9.124446999521751
9.441817999686464
8.702645000084885
9.289303000514337
9.24991199917713
9.626690999539278
8.494734000123572
8.982862000266323
8.961852000538784
8.13582699993276
9.557882999615686
9.201960000609688
8.746884999709437
8.599791000051482
8.77884500005166
8.916411999962293
8.605764000094496
9.16303899975901
8.997912999802793
8.811730000161333
9.707315000014205
10.250181999253982
9.642531999816129
8.585741000388225
8.989562999886402
8.863017999829026
8.621481999398384
10.265562000313366
8.730296000067028
8.395905000725179
8.994623000035062
8.964033999291132
8.856268000272394
8.848699000736815
9.80833799985703
9.59056099964073
9.870289999525994
8.904172999791626
9.233099999619299
9.423916999367066
9.32548300079361
9.042214000146487
9.116639000239957
8.482757999445312
9.067846000107238
8.806277999610757
9.69889400039392
9.560793999298767
8.851399000377569
9.414195999852382
9.527129999696626
8.802059999652556
9.58243099921674
9.017043999847374
9.502488000180165
8.673704000102589
9.047835000274063
9.797427999728825
9.100117000343744
9.05847600006382
9.565250999912678
8.856579999701353
9.311883000009402
9.667022999565233
10.320186000171816
8.714515000065148
8.920180999666627
9.669574000326975
9.815867999350303
8.801658000265888
9.063604999937525
9.10061600006884
8.98864299961133
8.950201000516245
9.722545999466092
9.138778000306047
9.236280000550323
8.738199000617897
9.833538999373559
9.64399499935098
9.462250000069616
9.87031000022398
9.196969000186073
8.837297999889415
9.344893999696069
9.07033500061516
9.043365000252379
8.80566700016061
9.065584000381932
8.908920999601833
9.31611200030602
9.078107000277669
9.644523000133631
9.476117999838607
9.603410999261541
9.83579900002951
9.81839799987938
8.72517500010872
8.904411000003165
8.65678299942374
8.276092000414792
9.065666000424244
8.846939000250131
9.176178999950935
8.233410000684671
9.210369999891554
9.42956599919853
9.632963000512973
8.993233000182954
9.432466000362183
10.014483999839285
9.143637999841303
9.100446000047668
8.965844999693218
9.515165000266279
8.808886999759125
9.938892000718624
8.731464999982563
9.82606800062058
8.617896999567165
9.381177000250318
8.794135999778518
9.538704999613401
9.212108000610897
8.367958000235376
9.47323999935179
9.487076999903366
9.12474699998711
8.914160000131233
8.807617999991635
9.270303999983298
10.257410999656713
9.177998999803094
9.450226999433653
9.566650000124355
9.117546000197763
9.272631999920122
9.196338999572617
9.740985999997065
10.215029999926628
9.611413000129687
8.972855000138225
9.302763000050618
8.4799109999949
8.961251999608066
10.291632999724243
9.773320000022068
8.701644000211672
9.655625999585027
9.274541000195313
9.192589000122098
9.714698000607314
9.6578459997545
9.577010000612063
9.54996000018582
9.173659000225598
9.130727000410843
9.309612999459205
9.775587000149244
9.201519000271219
8.892310000192083
8.658472999741207
8.930791999773646
9.450536999793258
9.45324599979358
8.90222099951643
9.630221999941568
9.151436999673024
9.282011999857787
9.376794999298
8.927531000153976
8.789497000179836
9.49538799977745
9.549039999910747
9.425356999599899
8.684883000569243
8.71876700057328
8.95815500007302
8.804453000266221
9.385145000123885
9.43243599976995
9.597142000529857
9.427667000636575
8.597800999268657
10.544480999669759
9.636712999963493
8.356254000318586
9.425907000149891
8.781526000348094
9.316102999946452
9.573065999575192
10.196592999818677
9.191968999402889
9.564723000039521
9.01382900065073
9.946331999344693
10.009273999457946
8.916750000025786
9.683735000180604
9.437429999707092
9.58206099949166
9.231541000190191
10.168418999455753
8.951251999860688
8.961597999586957
9.528931999739143
8.381317999919702
9.642643000006501
9.33142299982137
8.899439999368042
9.511772000223573
8.847372000673204
9.419447000254877
9.47391800036712
9.822209000049043
8.569001000068965
9.178119000353036
8.219689999350521
9.567064000293612
8.493408000504132
8.739865000279678
8.281770999928995
9.32273400030681
9.002173000226321
9.870280000541243
9.288485000070068
9.68871399982163
8.369973999833746
9.590732000106073
9.159077999356668
9.048354999322328
8.765216999563563
9.090145999834931
9.321794000243244
9.768478999831132
9.781260000636394
9.245551000276464
8.790490000137652
9.28298500002711
9.170217999781016
9.343433000140067
9.139688000686874
8.588161000261607
8.476737999444595
9.207530000821862
8.870528999977978
9.363188999486738
9.228492999682203
8.719846000531106
8.482077999360627
8.946111000113888
7.922081000288017
8.113656000205083
8.91286099977151
8.348452999598521
8.386815000449133
8.809227999336144
8.839578999868536
9.344672999759496
9.108016000027419
9.59709099970496
9.232286000042222
8.970012999270693
8.993942999950377
8.660382999551075
9.11520699992252
8.592221999606409
9.009843000058027
8.23413000034634
9.253680999790959
8.720994999748655
9.018834000016795
9.026193999488896
9.026449999510078
9.104427000238502
9.11734700002853
8.941602000049897
9.290281999710714
8.938721999584232
8.89389000076335
9.179828000014822
8.396055000048364
8.598911999797565
8.527379000042856
9.109955999520025
9.17618899984518
8.532648999789672
9.301603000494651
8.775686000262795
8.315033000144467
8.42927600024268
8.300752999275574
8.27412499984348
8.244861000093806
9.632962000068801
8.552680000320834
9.122367000600207
8.923950999815133
8.512227999744937
8.395084999392566
8.141602000250714
8.882619999894814
8.560530000067956
9.108096999625559
8.774605999860796
9.223089999977674
7.913930000540859
9.385284999552823
8.622661999652337
8.630520999759028
8.852468999975827
8.678633000272384
9.188029000142706
9.023913999953947
8.40580600015528
8.389005000026373
9.728375000122469
10.021504000178538
9.155357999588887
9.437097000045469
8.936812000683858
9.745616000145674
8.860159000505519
9.183338999719126
8.866408999892883
8.412165000663663
8.3454729992809
8.986072999505268
9.401944000273943
8.877379999830737
8.685883999532962
8.527918999789108
8.67023800037714
8.39768500009086
8.240509999268397
8.64930199986702
8.90761000027851
9.32803299929219
9.8194379997949
8.43427600011637
9.59849100036081
9.14231699971424
8.560899999793037
10.167759000069054
8.783067000877054
9.641122000175528
9.32275299965113
8.243936000326357
8.92798099994252
9.483064000050945
9.764557000380591
9.070371000234445
9.109356999942975
9.124236999923596
8.208090000152879
8.550219999960973
9.06459499947232
9.979103000659961
8.703564000825281
9.819699000217952
9.423876999790082
