Messages/sec=88.48
duration_sec=60.002
payload_size_bytes=1048576
total_messages=5309
payload_throughput_MiB_sec=88.48
mean_rtt_ms=8.939
median_rtt_ms=8.873
stddev_ms=0.583
min_ms=7.514
max_ms=15.574
---raw_latencies_ms---
15.574097999888181
10.909477000495826
13.388471999860485
10.235650999675272
9.239520000846824
9.865899000033096
9.895121000226936
12.392657000418694
12.422302000231866
12.154629999713507
8.969913000328233
9.883679999802553
9.916611999869929
10.21473299988429
8.655732000079297
8.406475999436225
8.71028399978968
9.058495999852312
9.129156999733823
8.664273000249523
9.03113399999711
8.620782000434701
8.645373000035761
9.076756000467867
9.202619999996386
8.959852000771207
9.041653999702248
8.268981000583153
9.254802000214113
8.36693400015065
9.292941999774484
8.718594999663765
8.930742000302416
8.340964000126405
8.962332000010065
8.883370000148716
8.256440999502956
8.311192000292067
8.587600000282691
8.78672699946037
8.66409299942461
9.310888000072737
8.223269999689364
8.61205199998949
8.552095000595727
8.361305000107677
8.517597999343707
8.790276000581798
10.593011999844748
8.487628000693803
8.565261000512692
9.465377000196895
9.425747000022966
9.812688000238268
9.10361699970963
9.194059000037669
8.643791999929817
9.104255999773159
8.957852000094135
8.857783999701496
8.38944499992067
9.701434999442426
8.83366699963517
8.557766000194533
9.112517000176013
9.723284999381576
9.304262999648927
8.923450000111188
9.630312999433954
8.611061000010523
8.660203000545152
9.008562999952119
8.588749999944412
8.837358000164386
9.12448199960636
9.055919999809703
8.588906999648316
8.797933000096236
9.078296000552655
8.820408000246971
8.515038999576063
8.346814000105951
9.112407000429812
9.38024500010215
9.05573500040191
9.28978600040864
9.13512700026331
9.53812999978254
8.759067000028153
8.386684000470268
8.640213000035146
8.968298000581854
8.69739399968239
9.106976999646577
9.421235999980127
8.719724999536993
8.748181000555633
9.285877000365872
8.607261000179278
9.276442000555107
8.983343000181776
8.979451999948651
9.801211999729276
8.476797999719565
9.135657000115316
8.756545999858645
8.831137999550265
9.842198000114877
8.515068999258801
8.649368000078539
9.653803000219341
9.337392999441363
9.661453000262554
9.413942000719544
9.67045900051744
7.863044000259833
8.693055000549066
9.52097900062654
8.571571000175027
9.191849000671937
9.067176000826294
8.90821099983441
7.897969000623561
8.807876999526343
9.73369600069418
9.465328000260342
9.213340000314929
9.109007000006386
9.0726349999386
8.514309000020148
8.298652000121365
9.493878000284894
9.069595000255504
8.833148000121582
8.752346000619582
10.032954999587673
8.619027000349888
8.735430000342603
9.268972000427311
8.428456000729057
8.67074399957346
8.632811999632395
9.018634000312886
9.25952200032043
8.400945000175852
8.402735000345274
8.579151000049023
8.612411999820324
8.929870999963896
8.818827999675705
8.48614699953032
8.706883999366255
8.131006999974488
8.962032000454201
8.427296000263595
8.941451999817218
9.12713699926826
9.325622999313055
9.710403999633854
9.680493999439932
9.858940000412986
8.998514000268187
9.666023000136192
9.397056000125303
9.273751999899105
9.513267999864183
9.06515600036073
8.223310000175843
9.746716000336164
8.906871000363026
8.403414999520464
8.74335600019549
8.437665999736055
9.003103999930318
9.408946000803553
8.45363799999177
9.190048000164097
8.544049999727577
8.471776999613212
8.847369000250183
8.247015999586438
8.504888999596005
8.62129199958872
9.134627000094042
8.531309000318288
8.541809999769612
9.465567000006558
8.806466000351065
8.981902999948943
8.641722999527701
9.400466000442975
8.67424799980654
8.5153790005279
8.454837000499538
8.554650000405672
8.660012999825994
9.154207999927166
8.665682999890123
8.35809300042456
8.875048999470891
8.565170000110811
9.131717999480315
8.915280999644892
8.59940100053791
8.289870999760751
8.830138000121224
8.775217000220437
8.283150999886857
9.006394000607543
9.117466999668977
9.045005000189121
9.001033000458847
9.280362000026798
9.324302999630163
8.466106999549083
9.495449000496592
9.650582000176655
9.189898999466095
10.0526850001188
10.23297099982301
10.53821000004973
10.140817999854335
9.61185799951636
9.309713999755331
8.604281999396335
8.913495000342664
9.332842999356217
9.583810999174602
8.948231999966083
7.912729999588919
8.462796999992861
8.596556000156852
8.316352000292682
8.797038000011526
8.497563000673836
9.277371999814932
10.222461000012117
8.60499099962908
8.033164000153192
8.698403999915172
8.278897000309371
8.256120999249106
8.6130019999473
8.217999999942549
8.893129999705707
8.809537999695749
9.350043999802438
8.977743000286864
8.879330000127084
8.214679999582586
8.841034000397485
9.0537050000421
8.318223000060243
8.61421099943982
8.567740000216872
8.62754199988558
8.696533999682288
8.512299000358325
8.544799999981478
8.666192999953637
8.627562000583566
7.928421000542585
9.040374000505835
9.060145000148623
9.273550999751023
9.027982999214146
8.63057199967443
9.0140030006296
7.982491999428021
9.495878000052471
9.843959999670915
8.442002000265347
9.129837000728003
8.843429000080505
8.683873999871139
9.397306000209937
8.425865999925009
8.616091000476445
8.024723999369598
8.264080999651924
9.243800999684026
9.212239000589761
8.541320000404085
9.096485000554821
8.18018799964193
8.392980000280659
8.806757999991532
9.27960199987865
8.387185000174213
8.542523999494733
7.514468999943347
8.751156000471383
8.93691100009164
9.662743000262708
8.151377000103821
10.10918700012553
9.064055000635562
8.999078999295307
8.683834999828832
9.211498999320611
8.281871000690444
8.726326000214613
9.667543999967165
8.265870999821345
8.66667399986909
9.349593000479217
8.730574999390228
9.092401000089012
9.555220999573066
8.58517100004974
9.114266000324278
9.510400999715785
9.20157900054619
8.802397000181372
9.416756000064197
9.245940999790037
8.928250999815646
8.713085000636056
8.78413600003114
9.409670999957598
9.295941999880597
8.708596999895235
9.215050000420888
8.987163000711007
9.27477099958196
8.725285999389598
8.948446999966109
8.648282000649488
8.39153500055545
9.083678999559197
9.258291000151075
8.49259799997526
8.758396000303037
8.7702660002833
8.630411999547505
9.060464999492979
9.833788999458193
9.186518999740656
8.936853999330197
8.87659900035942
9.605571000065538
9.625243000300543
9.505580999757512
8.699523999894154
8.152358000188542
9.43689700034156
8.856699000716617
9.516449000329885
8.955545000389975
9.701070000119216
8.568199999899662
9.697434999907273
8.60924399967189
9.845178999967175
9.320793000370031
9.363763999317598
8.868658999745094
9.697223999864946
9.272592000343138
9.198938999361417
9.437599000193586
8.638941999379313
9.501038999587763
10.323952999897301
8.427776000644371
9.628572999645257
9.347737000098277
8.873161999872536
8.958082999924954
9.305451999352954
8.947752000494802
9.426915999938501
9.660953000093286
8.27227399986441
8.805587000097148
9.059144999810087
9.664184999564895
9.765576999598125
8.461926000563835
9.498608000285458
9.76060600078199
8.485747000122501
9.020892999615171
9.757279000041308
7.991192999725172
9.053935000338242
9.200318999319279
9.66458299990336
8.573811000132991
9.108555999773671
7.778158999826701
9.518298999864783
9.269270999539003
9.323582999968494
8.67861400001857
9.626052000385243
8.327283000653551
8.312783000292256
8.470100000522507
8.447737000096822
8.399304000704433
8.837918999233807
9.050374999787891
9.137127000030887
9.004393000395794
8.692815999893355
9.675076999883458
9.378255000228819
9.707144999993034
8.962091999819677
9.403715999724227
9.663562999776332
8.5276600002544
9.35252399995079
8.830360000501969
8.544240000446734
8.499878000293393
9.508588999779022
8.842618000016955
9.501718999672448
9.506629000497924
9.369184000206587
8.487207999678503
9.161873999801173
9.220279999681225
8.864731999892683
10.15568799994071
8.83650800005853
10.037428000032378
8.613962000708852
9.612251999897126
9.124737000092864
8.379677000448282
8.650906000184477
9.785100000044622
9.127227000135463
8.628334999229992
8.581900000535825
8.300534999762021
8.572130000175093
9.177861999887682
8.947321999585256
8.585331000176666
10.205170000517683
8.837778000270191
9.238900000127614
8.899450000171782
9.26527400042687
8.594093000283465
9.216468999511562
9.380585000144492
9.068714999557415
9.244790000593639
9.449379999750818
8.785476999946695
9.33694299965282
9.529060000204481
9.41801499993744
9.680742999989889
8.612761999756913
8.105016000627074
9.604972000488488
9.600560999388108
9.010773999762023
9.271152000110305
9.586320999915188
9.320572999968135
9.872259999610833
8.724315000108618
9.670632999586815
8.857859000272583
9.238341000127548
8.79592599994794
8.49369800016575
9.20575899999676
9.594645000106539
8.12244600001577
9.433135999643127
8.769355999902473
9.198888999890187
8.528489000127593
9.181068000543746
9.442967000723002
9.065755999472458
9.278493999772763
8.942292000028829
9.31535299969255
9.290052000324067
8.686842999850342
10.113116999491467
8.379827000680962
8.253183000306308
9.004598000501574
9.261221999622649
8.826517999295902
9.242390999133931
8.515178999914497
8.756938999795238
9.142738000264217
8.72069500019279
8.6951039993437
9.273450999899069
9.291101999224338
7.781486000567384
8.30314199993154
8.870139999999083
8.0242329995599
8.481386999847018
8.321846000399091
8.265200999630906
8.653423000396288
8.605760999671475
8.73169499936921
8.670842999890738
8.202402000279108
8.459677000246302
8.797986999525165
8.996452999781468
9.068315000149596
9.33894700028759
9.352693999971962
8.646241999485937
8.62927199978003
8.735405000152241
9.022403999551898
9.226041000147234
8.73601500006771
8.461339999485062
8.04440399952
8.491917999890575
8.283302000563708
8.347074000084831
9.011955999994825
8.18813899968518
8.452987000055145
10.189489999902435
8.7182950001079
8.610101000158465
9.120317000451905
8.545099000002665
9.269121999750496
8.292640999570722
8.965252000052715
8.674673999848892
9.504630999799701
8.840319000228192
8.58977000007144
9.090096999898378
8.554299000024912
8.931791000577505
8.443366000392416
8.555630000046222
8.75497600009112
8.35548299983202
8.731875000194123
8.354454000254918
8.29829200029053
8.73889499962388
8.98593300007633
8.727735000320536
8.395968000513676
8.770116999585298
8.263921000434493
9.08615899970755
8.753205000175512
9.23810099993716
10.832558999936737
14.915038999788521
12.07171100031701
10.052815000562987
9.863259999292495
9.783417000107875
9.22086000082345
9.701144999780809
9.014372999445186
8.930512000006274
9.634142999857431
9.62371199966583
9.810017999370757
9.679544000391616
7.776935999572743
9.043985000062094
8.876280000549741
8.514709000337461
9.133427999586274
8.76630600032513
8.147826999447716
8.389094999984081
9.157958999821858
8.497487999193254
8.584113999859255
9.201849000419315
8.594640999945113
8.676903000377933
8.666513000207487
8.246243000030518
8.587601000726863
7.872631999816804
8.56295100038551
8.302710999487317
8.33556299949123
8.781786999861652
8.555600000363484
8.725534999939555
8.541614999558078
8.742235999307013
8.48780800060922
8.15801799944893
8.768028999838862
8.646971999951347
8.787250000750646
8.780426000157604
8.118235999972967
8.777766000093834
8.354843000233814
9.470298000451294
8.558879999327473
8.186688000023423
8.236490999479429
8.384474000195041
8.659722999254882
8.300634000079299
8.340133000274363
8.614941999439907
8.212689999709255
8.464167000056477
8.630204999462876
9.686578000582813
8.413825999923574
8.860678000019107
8.417185999860521
9.009706000142614
8.71332499991695
9.143407000010484
8.458539999992354
8.357574000001478
8.576060000450525
8.528717999979563
8.496257999468071
8.54066900046746
8.788686999650963
8.67644299978565
8.848059000229114
9.116256999732286
8.4295070000735
8.225539999330067
8.744886000386032
8.745985999667027
8.086945999821182
8.863748999829113
9.036314999320894
8.493387999806146
8.265292000032787
8.272920999843336
8.442559000286565
8.824618000289774
8.258900999862817
8.487967999826651
8.411694999267638
8.712634999938018
9.054035000190197
8.388934999857156
8.699923999301973
8.95367199973407
8.394844999202178
8.068215000093915
8.289651999803027
8.28953200016258
8.639906000098563
8.159867999893322
8.466676999887568
8.166188000359398
8.62219099963113
8.45094699980109
8.637991999421502
8.553048999601742
8.756826000535511
8.833857999889005
7.697133999499783
8.269611000287114
8.378767999602132
8.606233999671531
9.052994999365183
8.419666000008874
8.669163000377011
8.586230999753752
8.534059000339766
8.410826000726956
7.996993000233488
8.643051999570162
8.418475999860675
8.374105999791936
8.936532000006991
8.704984999894805
8.49071799984813
8.624651999525668
8.629641999505111
9.209498999553034
9.062195000296924
8.831228000417468
8.449547000054736
8.810502999949676
8.744441000089864
8.565979999730189
8.417494999775954
9.062434999577818
8.180058999641915
8.418905999860726
8.20172800013097
9.123827000621532
8.710684000106994
9.342272999674606
8.707064000191167
8.937743999922532
9.114167000007
9.27402399975108
8.462126999802422
8.077425000010408
8.5252290000426
8.406836000176554
8.207779000258597
8.692929000062577
8.812407999357674
8.10866600022564
8.209878999878129
8.279972000309499
8.18323900057294
8.08077600049728
9.006643999782682
8.683273999849916
8.737185999962094
8.359854000445921
8.991603000140458
8.395857000323304
8.78947799992602
8.784157000263804
9.125606999987212
8.755255999858491
8.264302000497992
8.384783999645151
8.580480999626161
9.068776000276557
8.812659999421157
8.25860399982048
8.315602999573457
8.335372999681567
8.323892000589694
8.043505000387086
9.450958000343235
8.597764000114694
8.413446000304248
8.4732579998672
8.522967999851971
8.450656999229977
8.189469000171812
8.578140999816242
8.053904000007606
8.229719999690133
8.265541000582743
7.976822000273387
8.23495999975421
8.523063999746228
8.865189000061946
8.275422000224353
8.0722450002213
8.403650999753154
8.934121000493178
8.981953000329668
8.255361000010453
8.509623999998439
8.173758000339149
7.66911299979256
8.542709000721516
8.53746000029787
8.43352500032779
8.598491000157082
8.480563000375696
9.306503000516386
8.868279000125767
8.87299899932259
8.888731000297412
8.879640000486688
8.59586099977605
9.635341999455704
8.205405000808241
8.922861000428384
8.446947000265936
8.799312000519421
8.67158399978507
8.723594000002777
8.124546000544797
8.890540000720648
9.012643999994907
8.806557999378128
8.709045000614424
9.271310999793059
8.629312999801186
8.54530899960082
8.282841000436747
7.882369999606453
8.649082999909297
8.946251999986998
8.194379000087793
8.612980999714637
8.897030999833078
8.895814999959839
9.273401999962516
8.391633999963233
9.400136000294879
9.147118000328192
9.06772500002262
9.211868999955186
8.596140999543422
8.670244000313687
8.926610999878903
8.849628000461962
9.451837000597152
9.258236999812652
8.342953999999736
8.867245000146795
9.169879000182846
9.137037999607855
8.335782999893127
9.382424999785144
8.609231000264117
9.129476999987673
8.796936999715399
10.040884999398259
8.474273000501853
10.001954000472324
8.784137000475312
9.392594999553694
8.883030000106373
8.838147999995272
9.042233999934979
8.732904999305902
8.537650000107533
9.12433699977555
8.639151999886963
8.635902999230893
8.710830000381975
8.996323000246775
8.810027999970771
8.607300999756262
9.375565000482311
9.541250000438595
8.886499999789521
9.372195000651118
8.518689000084123
8.460181999907945
9.340748999420612
9.940335999999661
8.091401000456244
9.068254999874625
9.137433000432793
8.692614999745274
9.57654099966021
8.915641000385222
8.575159999963944
9.786047000488907
8.305141999699117
9.121957000388647
9.343658999569016
8.498588999827916
9.465637000175775
8.632271999886143
8.206388999496994
8.184598999832815
7.997378999789362
9.069196000382362
9.051555000041844
8.925341000576736
8.732385999792314
9.483443000135594
8.891125999980432
9.151258000201778
8.757024999795249
9.293672000239894
8.11221599997225
9.234971000296355
9.175018999485474
8.80543299990677
9.274391999497311
7.981271999597084
8.473968000544119
8.342322999851604
9.582631999364821
8.659782999529853
8.447606000117958
8.247259999734524
11.035103999347484
9.737606000271626
9.815647999857902
9.207430000060413
8.31653300065227
10.477828000148293
8.452506000139692
9.243810999578272
8.613046999926155
8.747435999794106
8.735665000131121
8.77052600026218
9.192810000058671
8.769996999944851
8.56750999992073
8.928621999984898
8.892906000255607
8.733886000300117
8.582446000218624
8.544880000044941
8.760916000028374
8.61651100058225
9.015143000397075
9.36960499984707
8.64677300069161
8.91688100000465
8.456391999970947
8.37768400015193
10.335994000342907
8.772647000114375
8.938072000091779
9.129787000347278
9.646913000324275
8.865259000231163
9.409876000063377
8.946111000113888
9.293513000557141
9.40400600029534
8.426006000263442
9.39532499978668
9.249269999600074
9.006664000480669
8.403575000556884
9.183053999549884
9.212039999511035
8.211270000174409
8.810018000076525
9.0120630002275
8.850848999827576
9.126626999204746
8.243760000368638
8.786916999270034
8.907755999643996
9.646382000028098
8.657443000629428
8.27597199986485
8.722014999875682
8.872958999745606
8.367943999473937
9.071465000488388
9.807997999814688
9.191460000693041
9.292541999457171
9.480348000579397
9.618508000130532
8.99538300018321
9.069146000001638
9.725646000333654
9.248860999832687
8.884639999450883
9.678324999185861
9.358615000564896
9.295481999288313
8.586279999690305
9.300951000113855
9.214089999659336
9.395206000590406
8.44826600041415
9.694974999547412
8.382893999623775
9.654284000134794
8.498457000314374
9.211849999701371
9.265431999665452
8.967631999439618
8.410366000134673
8.820127999570104
9.039364000273054
8.558488999369729
8.588681999754044
8.716344000276877
8.771112000431458
8.99953399948572
9.208818999468349
8.73970599968743
9.21535900033632
8.981467999547021
8.944226000494382
9.61250199998176
8.58824100032507
9.976233000088541
9.214959999553685
8.504877999257587
8.93991199973243
9.165588000541902
9.946797999873525
8.916700000554556
8.703174999936891
9.26565100053267
9.172039000077348
8.910739999919315
8.839407999403193
8.486098000503262
8.740005000618112
8.22797000000719
8.643713000310527
9.158367999589245
10.223230000519834
9.519189999991795
8.132527000270784
9.81073299954005
8.256860000074084
9.226911000041582
9.281472000111535
8.33120199968107
9.009383999909915
8.837628000037512
8.923700000195822
9.161019000202941
8.705473999725655
9.843374999945809
9.520430000520719
9.654274000240548
8.677318000081868
9.952112000064517
8.231408999563428
9.235361000719422
9.108657000069798
8.939477000240004
9.47281800017663
8.790666999630048
8.828977999655763
8.307291999699373
8.411781000177143
9.658703999775753
8.503107999786153
8.884556000339217
9.392685000420897
8.445147000202269
8.7813569998616
8.561899999222078
8.546879999812518
9.230579999893962
9.045234999575769
9.272600999793212
8.879669999259932
8.382803999666066
9.222679999766115
8.327292999638303
9.287572999710392
9.11838199954218
9.699604999696021
7.995762000064133
8.950591999564494
8.93420100055664
8.517868000126327
9.043865000421647
9.023823999996239
8.280219999505789
8.876809999492252
9.122487000240653
8.649537999190215
9.00407399967662
8.95003200002975
8.847459000207891
9.18369899954996
9.119917000134592
8.5670399994342
9.261321999474603
8.968616999482037
9.061516000656411
8.970683000370627
8.648263000395673
8.707293999577814
8.458801999950083
8.378669999729027
9.718334999888611
8.914693999940937
8.902360999854864
9.153516999504063
8.940851999795996
8.127535999847169
9.159828000520065
8.911569999327185
10.227759999906993
9.447426999940944
8.738864999941143
9.788947000743065
8.629912000287732
9.677263999947172
9.533209000437637
8.818588000394811
8.43672599967249
9.039654999469349
9.48062800034677
9.522463999928732
9.775845999683952
9.094416000152705
8.515618999808794
8.582405999732146
9.232611000697943
8.958632000030775
10.085016000630276
8.826663999570883
8.53062999976828
9.348122999654151
9.034544000314781
8.669382999869413
9.374494999974559
8.589370999288803
8.70405500063498
9.550669999953243
8.507612999892444
8.778776999861293
9.24066999959905
8.690224000019953
8.776007000051322
8.810608000203501
8.838118999847211
8.825707999676524
8.455307000076573
9.220580000146583
8.394974999646365
8.516537999639695
8.680079000441765
9.484102999522293
9.285941999223724
8.391334999942046
8.660453000629786
8.828497999274987
9.97953400019469
8.528219000254467
9.546669999508595
8.025093000469496
8.886610999979894
9.133022000241908
9.10139600000548
8.6417819993585
8.477453000523383
8.637347999865597
8.616692000032344
9.126766999543179
8.608931000708253
8.641323000119883
8.500017999722331
8.60355199984042
8.783627000411798
8.921591000216722
8.288972000627837
8.586420000028738
8.833417999994708
8.509459000379138
9.178174999760813
10.694364000300993
8.503368000674527
8.488888000101724
8.144457000526018
8.58641600007104
8.571080999900005
8.427387000665476
8.726824999939709
9.489828999903693
8.454556999822671
9.691709999970044
9.563529999468301
8.85699399987061
8.830198000396194
9.418554999683693
8.409585999288538
8.971013000518724
8.572580999498314
10.248161000163236
9.169597999971302
9.489978000601695
9.322462999989511
8.78600599935453
7.918389999758801
8.952512000178103
10.28688200040051
9.112316999562609
8.285261000310129
9.324913999989803
8.553198999834422
9.41428599981009
8.547700000235636
8.471416999782377
10.033925000243471
9.15372799954639
9.179570000014792
8.09918100003415
9.626418000152626
8.864859999448527
9.277462000682135
8.524078999471385
9.593630999916058
9.1639190004571
8.933942000112438
7.959896000102162
8.170299000084924
9.16382400009752
8.61667099979968
9.384795999721973
9.087891999115527
8.390324999709264
9.45410699932836
8.814040999823192
8.953082000516588
9.290365000197198
9.679364000476198
8.595661000072141
8.60292200013646
8.681823999722837
8.5460990003412
8.792118000201299
8.43965600051888
9.203900000102294
8.46143699982349
8.683292999194236
8.580751000408782
8.499108000250999
8.207779000258597
8.941220999986399
8.272260999547143
9.159680999800912
8.62702199992782
9.162147999631998
8.58402100038802
8.92708199990011
9.378814000228886
9.252951000235043
8.370356000341417
8.519379000063054
8.477377000417619
8.79567800075165
8.423555999797827
8.626511999864306
8.662522999657085
8.275440999568673
8.53805899987492
8.423678000326618
8.64197300052183
8.506651000061538
8.301621999635245
8.714223999959358
7.976073999998334
8.730104999813193
8.857159000399406
8.303102999889234
8.468028000606864
8.721285000319767
8.468476999951235
8.226769999964745
8.620653000434686
8.701193999513634
8.783320000475214
8.440986999630695
8.915190999687184
8.111449999887554
9.053804999894055
8.381984000152443
8.192708999558818
8.803497000371863
9.535909999613068
8.835698999973829
8.364673999494698
8.458377000351902
8.488024000143923
8.469178000268585
8.611191999989387
8.655225000438804
8.692614000210597
8.271460999822011
8.372643999791762
8.523069000148098
8.667044000503665
9.115976000430237
8.420318999924348
8.566151000195532
8.111967000331788
8.867361000739038
8.624349000456277
8.325683000293793
7.984922999639821
8.741265000026033
8.914641000046686
8.737565000046743
10.09985700056859
8.714908000001742
8.61520099988411
8.345354000084626
8.88613000006444
8.696517000316817
8.053404999373015
8.956731999205658
8.56489000034344
8.41751500047394
8.994614000584988
8.853538999574084
8.689754000442917
9.242183999958797
8.921591000216722
8.482098000058613
9.350276000077429
8.814506999442528
9.06880100046692
8.291491999443679
9.274001999983739
9.275521000745357
8.380217999729211
8.926941000027
8.650103000036324
8.613861999947403
8.6053319992061
8.691494000231614
8.817577999252535
8.837068000502768
9.104409999963536
8.805238000604731
8.328551999511546
8.658523000121932
8.495798000694776
9.158928000033484
8.45912699969631
8.835877999445074
8.458816999336705
9.014426999783609
8.910210999601986
9.097575999476248
8.38479499998357
8.362804000171309
8.266200000434765
8.588500999394455
8.074655000200437
9.668774000601843
8.575259999815898
8.601606000411266
8.725865000087651
8.332553000400367
8.34155299980921
8.916722999856574
8.62373200016009
9.32218300022214
8.699953999894205
8.202810000511818
8.259721000285936
8.492207999552193
8.192797999981849
8.674192999933439
8.384415000364243
8.254425999439263
8.891580000636168
8.191339000404696
7.991922999281087
8.388618000026327
8.573461000196403
8.047084000281757
8.557299999665702
8.81778800066968
8.339803000126267
8.776945999670716
8.208121999814466
8.957538000686327
8.692256999893289
8.339828999851306
8.872430000337772
8.734277999792539
8.163448000232165
8.974805000434571
8.832118000100309
8.926880000217352
8.713074000297638
8.551720000468777
9.09725699966657
9.092336000321666
8.17690800067794
8.724474999326048
8.694094000020414
8.590080999965721
8.5051679998287
9.500041999672248
8.193818999643554
8.801837999271811
9.006643999782682
8.478556999762077
8.087035999778891
9.27622099970904
8.391235000090091
9.026704000461905
8.187767999515927
8.943761000409722
8.27953099997103
8.897220000108064
8.798136000223167
9.255091000341054
8.259860999714874
9.074100999896473
8.262137999736296
9.218229999532923
9.70076399971731
9.126070000093023
9.067466000487912
9.033165000801091
8.127037000122073
8.728015999622585
8.550941999601491
8.386999999856926
9.048145000633667
8.498250999764423
7.9494139999951585
8.658313000523776
8.953292000114743
8.501631000399357
8.634012000584335
8.361797000361548
8.756786000049033
9.225980999872263
7.976504999533063
8.50490799984982
9.021154000038223
8.276001000012911
8.951091999733762
8.642071999929613
8.984072999737691
8.186478999959945
8.493717000419565
8.212129000639834
8.467406999443483
8.911161000469292
8.335683000041172
8.28150200050004
8.700143999703869
8.721964999494958
7.935230999464693
8.272971999758738
8.197619000384293
9.247661000699736
8.54386999981216
9.164707999843813
8.932902000196918
8.117776000290178
8.532969000043522
8.43953900039196
8.693253999808803
8.6473430001206
8.21670000004815
8.42745600039052
8.141828000589157
8.87959800002136
8.377223999559646
8.466657999633753
9.095377000448934
8.600201000263041
8.513847999893187
8.435755999926187
8.836679000523873
8.832837999761978
8.381154999369755
8.4182589998818
8.624605000477459
8.839088000058837
8.21186899975146
9.33997299944167
9.079655000277853
8.166188000359398
8.438136000222585
8.250120000411698
8.300293000502279
9.187460000248393
8.40608499947848
8.738594999158522
9.364795000692538
8.481702999233676
8.6069420003696
8.435326999460813
8.596210999712639
8.384524000575766
9.216569999807689
8.872508999957063
8.59199400019861
9.083598999495734
8.496614000250702
8.700825000232726
8.96984200062434
8.898250000129337
8.828291000099853
9.775486999387795
9.08092699955887
9.11538800028211
9.29324800017639
9.420972000043548
8.404008000070462
8.51126099951216
8.105559000796347
9.040834000188624
8.688978999998653
8.200890999432886
8.498898000652844
9.417341000698798
8.790900000349211
9.00058600018383
8.535439000297629
8.615031999397615
8.687933999681263
9.090406999348488
8.884288999979617
9.41201700061356
8.482138000545092
8.686704999490757
9.094086000004609
8.163827999851492
8.869598999808659
8.779527000115195
8.569509999688307
8.469927999612992
9.050307000507019
8.375434999834397
8.348833000127343
8.311182000397821
8.67686799938383
8.51193400012562
8.663112000249384
8.724627999981749
9.197129000312998
8.460259000457881
8.627958000033686
8.787009000116086
8.391334999942046
8.65982499999518
8.577091000006476
8.752839999942807
8.694087000549189
9.415726000042923
8.697694000147749
8.563329000025988
8.883489999789163
8.551879999686207
8.196914000109246
8.606231000158004
8.35791400004382
8.501827999680245
8.457667000584479
8.776156000749324
7.8408680001302855
9.175778000098944
9.3949550000616
8.840108000185865
9.398625999892829
8.3558529995571
9.133656999438244
8.509009000590595
8.349993000592804
9.032934000060777
8.77264699920488
9.219219999977213
8.586719999584602
8.869838999999047
9.384418000081496
8.683454000674828
8.711036000022432
8.275074000266613
7.665514000109397
8.212409999941883
8.307521999995515
8.270312000604463
8.25362999967183
8.643182000014349
8.143396999912511
8.084466000582324
8.51260900071793
8.821718999570294
8.687993999956234
9.126056999775756
8.701405000465456
8.774255999924208
8.924223000576603
8.55093000063789
8.248250000178814
9.001896999507153
8.632832000330382
8.623771999737073
8.481157999995048
8.370034999643394
8.390525000322668
8.606920999227441
9.144968000327935
9.047183999427943
8.927431000302022
8.418665999670338
8.041724000577233
9.159378000731522
8.92794999981561
8.825687999888032
8.89071999972657
8.328384999913396
8.927815000788542
8.779791000051773
7.954320999488118
8.942960999775096
8.36094399983267
8.311943000080646
8.041134999984934
8.69204999980866
8.661313000629889
8.452666999801295
8.373067000320589
8.586263000324834
8.307412000249315
8.389425000132178
7.9926420003175735
7.890429000326549
8.57287000053475
8.125456000016129
8.27065199973731
8.726275999833888
8.246710999628704
8.277704000647645
8.157148000464076
8.804267999948934
8.185798000340583
8.62801200037211
8.558509999602393
7.883909000156564
8.233530000325118
8.479347000502457
8.689224999216094
8.209861999603163
8.169822999661847
8.416276000389189
8.412676000261854
9.315293000327074
8.112406000691408
8.959151999988535
8.655243000248447
8.3939799997097
8.523209000486531
8.369793000383652
8.098555999822565
8.2125899998573
8.275041999695532
8.341304000168748
9.35565400050109
9.408138999788207
8.04329500078893
8.370153999749164
9.003453999866906
8.541363999938767
8.505742000124883
8.437109000624332
8.462407000479288
8.278541999970912
8.311702999890258
7.969902000695583
8.161357000062708
8.13227700018615
8.36832300046808
8.258214999841584
8.500138000272273
8.418589999564574
9.218849999342638
9.029849000398826
9.459566999794333
9.307932999945479
8.590519999415847
8.679544000187889
9.273161999772128
8.863068999744428
8.493788000123459
10.023830000136513
10.1299680000011
8.448065999800747
8.971182000095723
8.760325999901397
8.556709000004048
8.793646999947669
8.64838800043799
8.734605999961786
8.834817999741063
9.175938999760547
9.05104499997833
8.626067000477633
9.618156999749772
8.778125999924669
9.774668000318343
8.796826999969198
8.694234999893524
9.36457399984647
8.890990000509191
8.786927000073774
11.340964000737586
12.615419000212569
12.753060999784793
11.736525999367586
8.922740000343765
8.651882999402005
8.594250999522046
9.218169999257952
9.205459999975574
9.490687999459624
9.026704999996582
8.742574999814678
8.411784999225347
8.213017999878502
8.695844999238034
9.196639999572653
9.732131000419031
9.332622999863815
8.854457999404985
9.07104599991726
9.35740499971871
8.966721999968286
9.009813999909966
8.858942999722785
9.47625800017704
8.760340999288019
8.140098000694707
8.906480999939959
9.320527999989281
9.229250999851502
8.862149999913527
8.539438999832782
9.517968999716686
9.0980059994763
8.538288999261567
9.52313800007687
8.410116000050039
8.718824999959907
8.431287000348675
9.347613000500132
9.398046000569593
9.452367999983835
9.409776000211423
8.087664999948174
8.679482999468746
8.553804999792192
8.343223000338185
8.726040999135876
9.037714999976743
9.123367000029248
8.78158599971357
8.493618000102288
8.27568099975906
9.31576299990411
8.754454999689187
9.308183000030112
8.831448999444547
9.61986199945386
7.789036000758642
8.021353000003728
8.652573000290431
8.41662000038923
9.393035000357486
8.923025000513007
9.774637000191433
8.210518999476335
8.723945000383537
8.31179200031329
8.807078000245383
9.21625099999801
9.94245200035948
9.085906999644067
9.251290999600315
8.38898500023788
8.611551999820222
9.252591000404209
8.905231000426284
9.758767000676016
8.708424000360537
9.103461999984575
9.665832999417034
8.828093000374793
8.688244000040868
8.860244000061357
8.532589000424196
8.619291000286466
9.463958000196726
9.066145999895525
8.589421000579023
9.224670999174123
9.564189000229817
9.06501500048762
8.853959999214567
9.324733000539709
8.308047999889823
9.191008999550832
8.864549999998417
9.086084999580635
9.02078499984782
8.928457000365597
9.77695700021286
9.011873999952513
9.165419000055408
9.321202000137419
8.352554000339296
8.906150000257185
8.552889999918989
8.651457999803824
9.357894000459055
9.248770999874978
8.40475399945717
9.06156099972577
9.336993000033544
8.640863000437093
8.461866000288865
8.806122999885702
8.654914000544522
9.39446600023075
8.31173700044019
9.644548000323994
8.259336000264739
8.442796000053931
8.92232000023796
9.376775000419002
9.15486800022336
9.147386999757146
9.217600000738457
8.321362000060617
7.817273000000569
8.748585999455827
8.6387930005003
9.961233000467473
9.513579999293142
9.48246799998742
8.350643999619933
8.393173999138526
8.522609000465309
9.14532800015877
8.199779000278795
8.934301999943273
9.302463000494754
8.710475000043516
8.593149999796879
9.508264000032796
8.349332999387116
9.354174999316456
8.548549000806815
10.156608000215783
9.328724000624788
8.898181000404293
8.724136000637372
10.066005000226141
9.052745000190043
8.807262999653176
8.87918999978865
8.651912999994238
8.90969000010955
9.445486000004166
8.28837199969712
8.912250000321364
9.081856000193511
8.342393999555497
9.002724999845668
9.232532000169158
8.091044000138936
8.381355999517837
8.394604999921285
9.069986000213248
9.573850000379025
9.187255000142613
8.928801000365638
8.603751000009652
8.589955999923404
8.250560999840673
9.035757999299676
8.654313000079128
9.14486800047598
8.499638000103005
8.671683000102348
9.624821999750566
8.719675000065763
8.429544999671634
7.991813000444381
8.85161899986997
9.125146999394929
8.583531000112998
7.628140999258903
7.804833000591316
8.610192000560346
8.025174000067636
8.99775200014119
8.773831999860704
8.447985999737284
8.607362000475405
8.287440999993123
8.947811999860278
9.336694000012358
9.63703900015389
9.207709999827784
9.009721999973408
9.06055599989486
9.26770200021565
8.119495999380888
8.695032999639807
8.979408000413969
8.786826999312325
8.207998000216321
9.246771000107401
8.293150999634236
12.32612399962818
8.85040899993328
8.29135700041661
8.834008000121685
9.03327900050499
8.746706000238191
8.878628999809735
8.213359999899694
8.743336000406998
9.01922299999569
8.51397799942788
8.970351999778359
8.457212000394065
8.6376620001829
9.727771000143548
8.01996300015162
8.7521059995197
8.381913999983226
9.774066999852948
9.0822060001301
8.95182800013572
9.4493570004488
8.830403000501974
8.70155899974634
8.21875900055602
8.461795999210153
8.319714000208478
8.884128999852692
7.8636989992446615
8.131302999572654
8.779922000030638
8.683973999723094
8.676933999595349
8.745656000428426
8.734815999559942
8.483917999910773
8.639082999252423
8.169359000021359
8.611570999164542
9.747805999722914
8.002433000001474
9.12217800032522
8.27670200033026
8.80419700024504
8.51753799997823
9.998534000260406
9.09804700040695
9.453532999941672
8.268706999842834
9.633521999603545
8.151436999469297
9.806777999983751
9.386781000102928
8.879364000677015
9.072966000530869
8.660192999741412
9.063445000720094
8.652842999254062
8.773831999860704
9.684234999440378
9.856740000032005
8.452458000647312
9.37705499927688
8.64095199995063
8.219009999265836
8.457664999696135
8.857690000695584
8.609720999629644
8.349063999958162
8.37542499994015
8.649262000290037
8.256654999968305
9.18761800039647
9.090656999433122
9.196119000080216
8.213150000301539
9.184129000459507
8.974561000286485
9.051545000147598
9.066395999980159
9.462216999963857
8.790546999989601
9.609800999896834
9.091487000659981
9.175348000098893
8.659042000545014
8.89201999962097
8.832739000354195
9.087571000236494
8.665383999868936
8.462292999865895
9.098966999772529
8.628992000012659
8.322461999341613
8.822508000775997
9.34928399965429
8.423434999713209
8.360673999959545
8.683609000399883
8.98709300054179
8.4810970001854
9.666334000030474
8.633391999865125
8.843228999467101
9.165028000097664
9.253881000404363
9.579929999745218
8.663972999784164
8.906251000553311
8.961346999967645
9.031993999997212
8.787447000031534
9.325314000307117
9.15679799982172
9.402375999343349
9.38019000022905
8.701134000148159
8.50250799976493
8.957772000030673
8.49810899944714
10.09126600001764
9.743746000822284
8.367073999579588
8.454666999568872
9.002442999189952
8.538698999473127
8.64528399961273
8.948312000029546
8.901451000383531
8.655382999677386
8.738425000046846
8.454827000605292
9.06064500031789
8.962652999798593
8.34153200048604
9.10845300040819
9.470842000155244
9.076684999854479
10.433632000058424
9.192899000481702
8.724680000341323
8.531598999979906
8.167373000105727
10.709875000429747
9.123652999733167
8.471348000057333
8.817234000161989
8.046154000112438
8.790453000074194
9.666539000136254
9.807573000216507
8.984912999949302
8.892690000720904
9.247460000551655
9.318677999544889
7.94180199955008
8.988183000838035
8.98310900083743
9.879129999717406
8.277332000034221
9.342903999822738
8.952942000178155
8.652352999888535
9.7018639999078
8.782046999840531
8.948601000156486
9.456177000174648
9.349564000331156
9.161706999293528
9.262582000701514
9.527090000119642
9.128947000135668
9.352963999845088
8.786256999883335
8.91478100038512
9.779777000403556
8.83303699993121
8.717544999853999
8.76708600026177
7.61770700046327
8.963772000242898
8.150327999828733
9.034073999828252
9.28463800028112
8.944481000071391
8.301793000100588
9.620466999876953
9.043324000231223
9.434051999960502
8.867249000104493
8.464647000437253
7.919650999610894
8.666672999424918
8.141307000187226
8.683435999955691
9.408118000465038
8.990483000161476
10.133877999578544
8.229879999817058
8.624574000350549
9.0984260004916
8.237371000177518
9.138548000009905
8.948302999669977
8.328103000167175
8.888600999853224
10.14562799991836
8.341193999513052
9.087886000088474
8.788017000370019
9.527788999548648
8.63150500026677
8.960971999840694
8.980758000689093
8.785355999862077
8.06466499943781
9.873140000308922
8.911631000046327
8.953423000093608
9.183159000713204
9.49275899984059
8.842238000397629
9.538121999867144
9.714264999274747
9.470889000112948
8.526991000508133
9.216959999321261
8.530668999810587
8.626011999695038
8.893268999599968
10.273131999383622
8.616042000539892
9.121056999902066
9.41760899968358
8.943781999732892
8.571249999477004
7.941994000248087
9.060546000000613
8.6565330002486
8.862480000061623
9.15288799933478
9.171257999696536
9.747995999532577
9.141118000115966
9.23777399930259
9.342454000034195
9.357853999972576
9.493628999734938
8.912530999623414
8.241258999987622
8.633624000140117
8.190388000002713
9.041037999850232
8.305691999339615
9.324382999693626
9.114405999753217
9.805873000004794
9.395964999384887
8.460717000161821
8.4835280003972
9.273491000385548
9.88973099993018
8.666732999699889
8.909871000469138
9.678714000074251
8.184779000657727
8.876219999365276
8.747195000069041
9.165188000224589
9.321573000306671
9.078816000510415
8.679296000082104
8.485610999741766
9.041385000273294
8.865399000569596
8.260410999355372
8.958311999776924
9.535213000162912
8.886290000191366
9.50576099967293
8.901060999960464
9.144268000454758
9.041753999554203
9.423106999747688
9.287101000154507
9.936771999491611
8.462596999379457
8.885758999895188
8.713355000509182
8.877049000147963
8.936381999774312
8.888755000043602
9.07564600038313
9.136046999628888
9.077574999537319
9.496708999904513
9.315403000073275
8.01996300015162
8.501717999934044
8.367215000362194
9.974984000109544
8.453655999801413
9.414508999725513
9.011504000227433
8.059867000156373
8.9097430000038
9.051005000401346
9.185199999592442
8.802725999885297
8.742416000131925
8.348834000571514
9.098526999878231
8.714724999663304
8.904879999136028
9.101728999667102
8.72421599979134
9.107717000006232
9.349107000161894
9.144910999566491
8.631791999505367
8.487316999890027
8.542360000319604
9.127827000156685
9.161320999737654
8.493051000186824
8.976803000223299
8.954901999459253
8.908920999601833
9.753696999723616
8.38183499945444
9.035347999997612
9.13948800007347
9.030144999996992
8.994112999971549
9.372165000058885
8.326762999786297
9.51712900041457
9.504562000074657
9.234051000021282
8.50924299993494
8.976373000223248
9.214979999342177
8.660453000629786
9.185238999634748
9.214882000378566
8.780466999269265
9.13694700011547
9.039747999850078
8.840047999910894
7.988862999809498
9.932651000781334
9.504648000074667
8.983693000118365
8.903640000426094
9.17015800041554
8.810260000245762
9.10370600013266
9.205710000060208
8.608002000073611
8.144528000229911
9.146827000222402
9.274082000047201
8.747267999751784
9.635061999688332
9.294473000409198
9.330277000117349
9.318733000327484
8.913370999835024
8.841347999805294
8.982594000372046
9.425585999451869
8.93622100011271
9.114098999816633
8.566163000068627
9.244691000276362
9.245951000593777
9.261340999728418
9.413585999936913
10.420686000543355
9.186528999634902
10.315106000234664
8.681143000103475
8.919670999603113
9.061603999725776
8.829033999973035
9.607262000827177
9.037363999595982
8.78675799958728
9.291241000028094
10.267542000292451
9.29050200011261
9.112777000154892
9.559729999637057
9.002196000437834
9.264071999496082
8.478691000163963
9.540478999952029
8.415006000177527
8.679934000610956
8.844478000355593
8.907439999347844
9.413854999365867
10.036654999566963
9.399419000146736
9.980370999983279
9.07343599919841
8.815797999886854
9.107406999646628
9.721554999487125
10.493379000763525
9.518609000224387
9.000044000458729
8.353522999641427
9.085675999813247
8.795767000265187
8.869830000548973
9.139765999861993
8.579149999604851
8.879449000232853
9.067596000022604
9.52791000054276
9.48735800011491
9.107826999752433
9.50327800001105
8.266013000138628
9.081805999812786
9.045494000019971
8.207959000174014
9.093255999687244
8.677402999637707
9.597569999641564
9.386364999954822
10.042174999398412
8.631382000203303
10.27670199982822
9.300222000092617
9.175748999950883
8.947661000092921
9.392196000590047
9.146907999820542
9.724526000354672
8.446987000752415
8.802766999906453
8.739737999349018
9.840017999522388
8.358363999832363
9.462300000450341
9.459769999921264
9.366074000354274
8.908830999644124
8.831267999994452
9.111946999837528
8.59049100017728
9.13767700058088
8.978711999588995
8.581500000218512
9.00592299967684
8.304640999995172
8.97222299954592
8.909180999580713
8.915391000300588
8.90843099932681
9.144187999481801
8.980076000625559
9.21075899987045
8.81304800077487
9.18558800003666
9.799088000363554
9.453067000322335
8.868050000273797
9.628371999497176
8.425076000094123
9.117949000028602
8.458537000478827
9.265620999940438
9.53319900054339
9.838259000389371
9.395936000146321
9.563020000314282
8.979983000244829
8.680482999807282
8.987281999907282
9.203249999700347
8.351833999768132
8.5052779995749
9.657181999500608
8.904833999622497
9.505528999397939
9.067788000720611
9.274602000004961
8.612380999693414
9.835550000389048
9.250580999832891
8.925942000132636
10.003383000366739
9.462278000683
9.835058999669855
8.345842999915476
9.35688499976095
9.19647899991105
9.152417999757745
8.673424000335217
9.092647999750625
9.507198999926914
9.224299999914365
9.061964000466105
8.97571799941943
9.182879000036337
9.171781000077317
8.680924000145751
8.348344000296493
9.022463999826869
9.547530000418192
8.498708999468363
8.770606000325643
8.620001999588567
9.102265999899828
8.383045000300626
9.613002000151027
9.490317000199866
9.178670999972383
9.051945000464912
10.304378000000725
9.498991999862483
8.81116800064774
8.69077399966045
9.11653999992268
9.021012999255618
9.746835000441934
8.857480000187934
8.788616999481746
9.50787199963088
9.103615999265458
8.535011999811104
9.38561499970092
9.65059400004975
9.127899000304751
9.219219999977213
8.778567000263138
9.33507300032943
9.459736999815505
9.378725999340531
9.3795439997848
9.437246999368654
9.282472999984748
8.913683999708155
8.650762999423023
8.581734000472352
8.610922000116261
9.304973000325845
9.277551999730349
9.049634999428235
9.456296000280418
8.87998000052903
9.630852999180206
9.649611999520857
8.983242999420327
8.963362000031339
9.21559000016714
9.391634999701637
8.56396000017412
9.76764600000024
9.616702000130317
8.925621000344108
9.713415000078385
9.821698999985529
9.307772999818553
8.360413999980665
8.740944999772182
8.62837199929345
9.988033999434265
9.008885999719496
9.278792000259273
9.038444999532658
8.682122999744024
9.395656000378949
9.541030000036699
9.925741000188282
9.462756999710109
9.037414999511384
9.570793000420963
9.145386999989569
9.354294999866397
8.88494199989509
8.927191000111634
8.085381000455527
8.524929000486736
9.380264999890642
8.524378999936744
9.369995000270137
9.32301800003188
9.685039000032702
8.697113999915018
9.13549699998839
8.651903000099992
8.387457000026188
9.715665999465273
8.373524000489851
9.406985999703465
8.636441999442468
8.977807000519533
9.095266999793239
9.354205999443366
9.040894999998272
9.4240960006573
9.040834000188624
9.010153999952308
9.229240000422578
8.776616999966791
9.259520999876258
9.118986999965273
8.916521999708493
9.23860000057175
9.380360999784898
9.931791999406414
9.415898000042944
8.468117000120401
9.1369969995867
8.56870000006893
9.313702999861562
9.084526000151527
9.180738999930327
9.824828999626334
8.267080999758036
9.011029000248527
8.895931000552082
9.87154999984341
8.701704000486643
8.995134000542748
8.715554999980668
8.489132999784488
8.68097799957468
8.788876999460626
8.862104000399995
9.049524999682035
9.034429999701388
8.563960999708797
9.787422000044899
9.333953000350448
8.472927000184427
8.611580000433605
9.132147999480367
8.572230000027048
8.873198999935994
9.051580999766884
9.125282000240986
9.397865999744681
8.01889400008804
8.676793999256915
9.393645000272954
9.289282000281673
9.213860000272689
8.703133999915735
8.966473000327824
8.827928000755492
8.21202000042831
8.366593999198813
8.340932999999495
9.143318000496947
8.156132999829424
8.61798100049782
8.36484399951587
8.54258200070035
8.894010000403796
9.137506000115536
8.64233299944317
8.894689999578986
8.560350000152539
8.140188000652415
8.889339999768708
10.281243000463292
8.652322999296302
8.462697000140906
8.64708300014172
9.151788000053784
8.938921000662958
8.89857999936794
9.30957299988222
9.01606399929733
9.652202999859583
8.696994000274572
8.920649999708985
8.964642999671923
8.545370000319963
8.859389999997802
8.77104600021994
9.710674999951152
8.545638999748917
8.897640000213869
7.790116999785823
9.135467000305653
8.75343499956216
8.726394999939657
9.532310000395228
9.750287000315438
8.901589999368298
8.808286999737902
8.735515999433119
8.510398999533209
9.037679000357457
9.170519000690547
7.88506899971253
8.557170999665686
9.70342900018295
7.9358509992744075
8.328292999976838
8.476447999782977
8.035283000026539
9.700255000097968
9.207890000652696
9.694004999801109
9.070046000488219
9.22003899995616
8.693835000485706
8.715515000403684
8.377744999961578
9.695734000160883
8.98281300032977
9.090520999961882
9.125143000346725
8.43828599954577
8.80198799950449
8.712494000064908
8.951122000325995
9.392435000336263
9.640137999667786
8.479578000333277
9.688813999673584
10.18857899998693
8.334023000315938
8.980771999631543
9.354275000077905
10.060455999337137
8.679362000293622
8.854929999870365
8.822297999358852
8.84435899934033
8.824638000078266
8.644522000395227
8.237680999627628
8.594160999564338
9.190750000016124
8.948081999733404
8.831703999931051
8.39924499996414
8.677609000187658
8.579561000260583
8.625447000667918
9.539190000396047
8.244696000474505
9.339274000012665
8.597379999628174
8.635122000669071
9.059469999556313
8.264310999948066
9.839118999479979
8.65070200052287
8.459643000605865
9.244300999853294
8.59977100026299
8.801367999694776
8.54030899972713
9.26614200034237
9.308843000326306
9.157256999969832
9.386591000293265
9.100931999455497
8.701882999957888
9.06879600006505
8.494224000060058
8.96804300009535
8.214499000132491
8.248180999544275
9.563095999510551
8.826147999570821
9.214239999892015
8.939796000049682
8.714210999642091
8.71334399926127
8.052593999309465
9.054855000613315
8.698720000211324
9.188363999783178
8.92396099970938
8.566960000280233
8.77182600015658
8.644872000331816
8.678814000631974
8.511818000442872
8.785275999798614
8.877799999936542
8.412214000600216
8.692244000485516
8.32226299917238
9.038214000611333
7.950651999635738
8.886719999281922
8.034674999180424
9.431501000108256
8.912391000194475
8.570850999603863
8.74486600059754
8.565995000026305
8.323773000483925
8.920190000026196
8.590931000071578
9.135668000453734
9.529289000056451
8.287151999866182
9.007014000417257
8.764616000007663
8.45227599984355
8.491158000651922
8.998593999422155
9.002293999401445
9.28481200025999
8.862249999765481
9.282752000217442
8.196114000384114
8.726755000679987
9.63642299939238
8.419910999691638
8.665413000016997
8.344982999915374
8.487648000482295
8.445704999758163
9.677774000010686
10.033104999820353
8.608159999312193
8.862429000146221
8.804208000583458
9.12605400026223
8.388865000597434
8.514208000633516
8.617720999609446
8.596386999670358
7.905690000370669
8.43364600041241
9.186604000205989
9.313952999946196
8.927841000513581
8.260529999461141
9.06247000057192
8.226939999985916
8.463316000415944
7.824518000234093
9.230380000190053
8.649687999422895
9.427786000742344
9.253770999748667
9.34908399995038
9.604680999473203
9.07685499987565
8.44525699994847
8.562089999941236
9.294173000853334
8.744605000174488
8.467392999591539
9.411486000317382
8.833947999846714
8.61852199977875
8.429122000052303
8.397275000788795
8.945541000684898
8.4615229998235
8.797241999673133
8.441216999926837
9.277371999814932
8.575621000090905
7.883068999944953
8.078935000412457
8.55149499966501
8.11518599948613
8.739456000512291
8.144227000229876
8.65754400001606
9.334923000096751
7.755945000099018
8.644782999908784
8.502048999616818
9.420655999747396
10.865903000194521
13.529720999940764
11.01394900069863
10.851144000298518
8.81875699997181
9.980563000681286
9.444236000490491
8.654463000311807
9.713354000268737
8.952162000241515
11.937422000301012
8.98179700016044
9.494937999988906
9.263466999982484
9.0816050005742
10.195640000347339
8.728460999918752
9.662342999945395
8.831938000184891
9.167858999717282
8.624991000033333
8.600142000432243
8.655902999635146
8.494237999912002
9.792757000468555
8.35358400036057
9.162207999906968
8.263216999694123
8.992983999632997
10.030935000031604
8.075005999671703
8.436781999989762
9.238020999873697
9.971043000405189
9.75699100035854
8.746430999963195
9.64999300049385
8.855093999954988
8.228640000197629
8.897210000213818
9.919347000504786
8.960621999904106
9.905895999509085
9.532038000543253
10.972117999699549
9.4046359999993
9.885735999887402
9.871799999928044
10.323563999918406
9.281851999730861
9.123716999965836
10.13774300008663
10.644758000125876
8.268151000265789
9.136927000326978
8.915167000850488
8.09076699988509
8.850688999700651
8.670122999319574
9.800628000448341
9.126077000473742
8.988491999843973
8.064444999945408
8.438996000222687
9.035193999807234
9.359983999274846
8.448132000012265
8.83439900007943
9.573731000273256
10.483013999873947
10.066369999549352
10.259251999741537
9.007233999909658
10.443831999509712
11.136507000628626
9.582229999978154
9.47836399973312
10.05594599973847
9.37701000020752
8.393109999815351
9.327015999588184
9.016363999762689
8.871459000147297
8.972532000370848
9.06304500040278
8.309152000038011
8.885670000381651
9.210069999426196
9.11748699945747
9.659523000664194
9.282722000534704
8.49869299963757
8.275256999695557
8.1741880003392
9.505367999736336
8.745400999941921
10.78494800003682
10.083641999699466
9.579976000168244
10.416076999717916
10.375633999501588
10.658844000317913
9.444401000109792
10.895075000007637
9.04130900016753
10.192669000389287
9.81255799979408
10.316092999346438
9.568900999511243
8.745145999455417
8.544369999981427
8.809466999991855
9.36388399986754
8.90791099936905
8.172187000127451
8.390715000132332
9.143247999418236
9.170143999654101
9.29174700013391
8.506048000526789
8.670691999213886
9.02493899957335
9.464053000556305
8.795817000645911
9.037249999892083
9.761285999957181
8.909060999940266
8.456597000076727
8.526630000233126
8.695184000316658
8.742834999793558
8.273190999716462
8.900430999347009
8.632758000203467
8.925721000196063
8.396404999984952
9.031743999912578
9.52833900009864
11.126207999950566
10.94727200052148
8.555809999961639
10.063110999908531
9.442151999792259
10.602362000099674
9.329323999736516
10.136467999473098
10.176847999900929
9.57492099951196
10.28725200012559
10.328823999770975
10.314972999367455
10.18881500021962
10.267511999700218
9.774756000297202
10.049745000287658
9.965872000066156
8.760435999647598
8.811818000140192
8.544780000192986
8.74541500070336
8.51881400012644
9.537508999528654
8.389581000301405
9.827269000197703
9.142328000052657
8.558230000744516
9.157126999525644
8.673014000123658
8.735415000046487
8.465566999802832
9.105746000386716
8.548830000108865
8.349684000677371
8.398158000090916
9.460696999667562
8.38215399926412
9.874750000562926
8.656703000269772
9.280761999434617
9.19437900029152
8.372704000066733
8.619564000582614
8.503398000357265
9.003582999866921
9.12737599992397
10.167728999476822
9.01966400033416
9.09263599987753
8.745196000745636
8.744404999561084
9.398308000527322
8.982862999801
9.349383999506244
9.191338999698928
8.56603099964559
9.443598999496317
9.761891999914951
9.505878999334527
9.96742700044706
10.174678999646858
9.730806000334269
10.338846999729867
9.071933000086574
9.57748300061212
9.456877000047825
10.092436999912024
8.830247999867424
9.834708000198589
10.156817999813939
9.601413999916986
8.88178999957745
9.099036999941745
9.008343999994395
8.912621000490617
9.131519000220578
9.66401300047437
9.351143999992928
8.884550000402669
9.113191999858827
9.286821000387135
9.048785000231874
9.86983999973745
8.901930000320135
8.829968000100052
9.584782000274572
9.372744000756938
8.899510000446753
8.551459000045725
9.249130999705812
9.444356999665615
8.916681000300741
9.49409100030607
9.455998000703403
9.801027000321483
9.43773700055317
8.774507000453013
9.015734000058728
9.205332999954408
9.91831099963747
9.202829000059864
9.721235999677447
9.650703000261274
9.311263000199688
9.04817499940691
9.96244299949467
9.553490000143938
9.419955999874219
9.479557999839017
8.922650999920734
10.063945999718271
8.16317800035904
9.553159999995842
9.267241999623366
9.52599900028872
10.2930130005916
9.67661400045472
9.208529999341408
9.54527500016411
9.950270000445016
9.845519000009517
9.872984999674372
9.81918300021789
9.95937799962121
9.828058000493911
10.285655000188854
10.236360999442695
11.17707200046425
9.648315000049479
10.490566000044055
11.787387999902421
9.098026999708964
8.857099000124435
8.755025000027672
9.030395000081626
11.084795999522612
9.04934400023194
8.72375499966438
9.501391999947373
9.944124999492487
8.303182999952696
9.013236000100733
9.257372000320174
10.177808999287663
9.684214000117208
9.214460000293911
9.208880000187492
9.302523000769725
9.70282500020403
9.69631499992829
9.076176000235137
8.248310000453785
9.988004000661022
9.411205999640515
9.230189999470895
10.044539999398694
9.862848999546259
9.292972000366717
9.081416000299214
9.32016300066607
9.294561999922735
9.340393999991647
8.983914999589615
9.247541000149795
8.650543000840116
10.08456199997454
9.187978999761981
9.782038000594184
8.988391999992018
9.253344000171637
9.328688000096008
9.226950000083889
9.32307299990498
10.296413000105531
9.397095999702287
8.995272999527515
9.292241999901307
9.241791000022204
8.873464999851421
8.936592000281962
9.062905000064347
9.978168999623449
10.451596999700996
9.448746999623836
9.434706000320148
9.046314999977767
9.12188700021943
8.973173000413226
9.072365999600152
8.348944000317715
9.152577000349993
8.405614999901445
9.35481400028948
9.447707000617811
9.241949999704957
10.993898999913654
9.939224999470753
9.84250700003031
10.86448499972903
8.795562000159407
10.263041999678535
9.40974799959804
10.462559999723453
11.010184999577177
9.628662999602966
10.72777599983965
10.751116999927035
9.694154000499111
9.619935000046098
9.612981000827858
9.586131000105524
9.145461000116484
9.03197400020872
9.52899999992951
9.35581399971852
9.664353000516712
9.527129999696626
9.554131000186317
9.294952000345802
9.733025999594247
9.212320000187901
9.64135400045052
9.026464999806194
9.884490999866102
9.311114999945858
10.407396000118752
9.557329999552167
10.082707000037772
9.439106000172615
10.968393000439391
9.755004999533412
8.973933000561374
9.591820999958145
9.813788000428758
9.890215000268654
9.45275699996273
10.355585000070278
9.76099699983024
9.744605999912892
9.543520000079297
9.32229299996834
8.914590999665961
9.444087000701984
8.870539999406901
9.440556000299694
9.545591000460263
10.171199000069464
9.037763999913295
9.233220999703917
9.107417000450369
9.02743900041969
9.411957000338589
9.382638000715815
9.800807999454264
10.301455999979225
9.339414000351098
9.72805600031279
9.093016999941028
9.613522000108787
9.56464099999721
9.071174999917275
9.003973999824666
9.32443300007435
11.941618000491871
10.05091499973787
10.073806000036711
9.618910999961372
9.340784000414715
10.128687999895192
9.430639000129304
9.6945040004357
9.090595999623474
9.332383000582922
9.13262699941697
9.103379000407585
8.805077999568311
8.816167999611935
9.159958999589435
9.190162000777491
9.569479999299801
8.731365999665286
8.838140999614552
8.342232999893895
9.139191000031133
8.838048000143317
10.557300000073155
9.451830000216432
9.723716000735294
11.295155999505369
10.233934000098088
10.07877899974119
10.431552000227384
10.027774999798567
9.836017999987234
10.544010000558046
9.810047000428312
10.19571199958591
9.720093000396446
8.833609000248543
9.2253000002529
8.940374000303564
8.846237999932782
9.403406000274117
8.251940000263858
9.385457000462338
9.111088000281597
9.045174999300798
8.473648000290268
8.855848999701266
8.654942999783088
9.084725999855436
8.832677999635052
8.797689999482827
8.422146000157227
9.388735000356974
8.758246000070358
8.17377800012764
8.343223000338185
8.678365999912785
8.795886999905633
8.980212999631476
8.670603000609844
8.093297999948845
9.048104000612511
9.021236000080535
8.226561999435944
8.162158000232012
9.25962399924174
8.397646000048553
8.47217700084002
8.165970999471028
8.871179999914602
9.219049999956042
9.042494999448536
8.81535000007716
8.827708000353596
8.375445000638138
9.043754999765952
8.61837199954607
8.46065699988685
8.674923000398849
8.95326199952251
9.403168999597256
8.664943000439962
10.00808299977507
8.603430999755801
9.047274000295147
9.049864999724377
9.018193999509094
9.47330700000748
8.434246000433632
8.805327999652945
8.929870999963896
8.722325000235287
9.527897999760171
9.165209000457253
8.944432000134839
9.031647000483645
8.554869999898074
8.532018000551034
8.656912999867927
8.226488999753201
8.618861999821092
8.541359999981069
9.174818999781564
9.19438899927627
8.534158999282226
8.443425999757892
8.920602000216604
9.15350800005399
8.459807000690489
8.12966699959361
9.839823999755026
9.018383999318758
8.72589499977039
8.251070999904186
9.327734000180499
8.977722999588877
8.657201999994868
9.013543999571993
8.592271000452456
8.609160999185406
8.631172000605147
8.617541999228706
8.792776000518643
8.485420000397426
8.939154000472627
9.46818699958385
8.888540000043577
8.905450999918685
8.931811000365997
8.510258000569593
8.64337299935869
8.587584000451898
9.369274000164296
8.735994999369723
8.573830999921483
9.418798999831779
8.648421999168932
8.440525999503734
8.672073000525415
8.283381000182999
8.931031000429357
8.801238000160083
8.216239999455865
8.516881999639736
8.761916999901587
9.034534000420535
8.14836099925742
8.604311999988568
9.18168800035346
9.113426999647345
9.047985000506742
8.856028999616683
8.777386000474507
8.580540000366454
8.696023999618774
8.741085000110616
9.59985100053018
9.373695000249427
8.942711000599957
8.42765600009443
8.413766000558098
9.256162000383483
9.01763399997435
8.876130000317062
8.555740000701917
8.68988399997761
8.393694999540458
8.371464000447304
8.506248000230698
8.25112300026376
8.675084000060451
8.448556999610446
8.876120000422816
8.649143000184267
8.235190000050352
8.617831999799819
8.122135999656166
8.273340999949141
9.157987999969919
8.520329000020865
8.99468399984471
8.2258489992455
8.74060499972984
8.366913999452663
8.877709000444156
8.464786999866192
9.016154000164533
8.799937000731006
8.52514100006374
8.67399300022953
9.201449000102002
8.533301999705145
8.54414899913536
8.326463000230433
9.39793500037922
9.17534899963357
8.846959000038623
8.462576999590965
8.351923000191164
8.175697999831755
8.93670099958399
8.245201000136149
8.44672699986404
9.026374000313808
8.608072000242828
8.980362999864155
8.463287000267883
8.650143000522803
8.487418000186153
9.172869000394712
9.28839300013351
8.465181999781635
9.111063000091235
10.012644000198634
9.394974999850092
9.022344000186422
8.978973000012047
9.207525000419992
8.554650000405672
8.944561000134854
8.911930999602191
9.136116999798105
9.524779000457784
9.67348399990442
8.888459999980114
8.4356809993551
9.185792000607762
9.557370000038645
9.26450100087095
9.619452999686473
8.589080000092508
8.775597000749258
8.67225900037738
10.008404000473092
9.464132999710273
9.25072099926183
8.565850000195496
9.263392000320891
9.43400600044697
9.992649000196252
8.974143000159529
9.267882000131067
9.948732000339078
9.221390999300638
8.937911000430177
8.888169000783819
9.177409000585612
8.613431000412675
9.06547600061458
8.41771500017785
9.143123000285414
9.604981999473239
9.0705259999595
8.733214999665506
8.829387999867322
8.769261999987066
9.561400999700709
8.309417999953439
8.901080000214279
8.211334999941755
9.050194999872474
8.713309000086156
8.670244000313687
8.9068799998131
8.563790999687626
8.91083999977127
8.355424000001221
9.684513999673072
8.845489000123052
9.129056999881868
9.172728000521602
10.143458000129613
9.307028999501199
8.7782269993113
9.0998360001322
8.580099999562663
8.865134999723523
8.677173999785737
8.581011000387662
8.08249599958799
9.300863000134996
8.59242099977564
8.747115999540256
8.564390000174171
8.301642000333231
9.013513999889256
8.889481000551314
8.738436000385263
8.82188700052211
8.190769000066211
9.459036999942327
9.173948999887216
9.725351000270166
9.128466999754892
9.274091999941447
8.961722000094596
9.360044000459311
8.527809000042907
8.825318999697629
9.224221000295074
9.289222000006703
8.492437000313657
8.770127000389039
8.711434000360896
9.036645000378485
9.762575999957335
8.989212999949814
9.467048000260547
8.87352900008409
8.171747999767831
9.066884999811009
9.13291799952276
8.470286999909149
8.939182000176515
8.838138999635703
9.850649000327394
9.868506000202615
8.911181000257784
9.295900999859441
9.130507000008947
8.687683000061952
8.752847000323527
8.726990000468504
9.664488999987952
8.700155000042287
8.940310999605572
8.846458999869355
8.93642200026079
8.627221999631729
9.46160800049256
9.242430000085733
8.903750000172295
9.366704000058235
8.891170000424609
10.291667999808851
8.994353000161937
8.552180000151566
8.252139999967767
8.969212000010884
9.45247300023766
8.44366099954641
8.56821100023808
8.443465999334876
8.657413000037195
8.812906999992265
9.256221000214282
9.096922000026098
9.259331000066595
8.782666999650246
9.58824999997887
9.197839000080421
9.511178999673575
9.623181999813823
8.582270999795583
8.858078999764984
8.669189000102051
9.136046999628888
8.633921999717131
8.791556999312888
8.895290000509704
8.843758999319107
8.476973000142607
8.659422999699018
8.052053999563213
9.086465999644133
8.628551999208867
8.513728999787418
7.765235000078974
9.067814999980328
8.940670999436406
8.401404999858642
8.423465000305441
8.420736000516627
8.631382000203303
8.903486000235716
8.891410000614997
9.134697999797936
9.116146999986086
9.613671999431972
8.549000000130036
8.951621000051091
9.328633999757585
9.348464000140666
8.880248999957985
8.92390199987858
9.061184999154648
8.8463590000174
8.944411999436852
8.53709999955754
8.704043999387068
8.755635999477818
8.91966000017419
8.927031999519386
8.998678999887488
8.388374999412918
8.725464999770338
7.810037000126613
8.454666000034194
8.827827999994042
9.26697199975024
8.444114999292651
8.696754000084184
10.001773000112735
8.516348000739526
9.153547999630973
8.681833000082406
9.637463000217394
8.470878000480297
8.887770000001183
8.290902000226197
8.764166999753797
9.219331000167585
9.127861999331799
9.273327000300924
9.933936999914295
9.76991699917562
9.314798000559676
9.015343999635661
10.06137599961221
8.900685999833513
9.39005499913037
8.96367299992562
8.626601000287337
9.283352000238665
8.765846000642341
8.203799000511935
9.153607999905944
9.224609999364475
8.776147000389756
9.294241999668884
8.803487000477617
8.834178999677533
9.399114999723679
9.174179000183358
9.876294999230595
8.976862000054098
8.34875300006388
8.788976999312581
8.576055000048655
9.73186600003828
9.021974000461341
8.741075999751047
9.75354199999856
9.286751999752596
9.196023999720637
8.612857000116492
8.74303599994164
8.391964999646007
9.072195000044303
8.402896000006876
8.704634000423539
8.915072000490909
8.91015100023651
8.741624999856867
8.549209999728191
9.256390999325959
8.297092000248085
9.884056000373675
9.055835999788542
9.584291000464873
9.0629540000009
9.150638000392064
8.753944999625674
9.299522999754117
9.152798000286566
9.762126000168792
8.84725800005981
8.59252100053709
9.437387000616582
7.901098999354872
8.910031000596064
8.964412999375782
8.097691000330087
9.153208000498125
8.649591999528639
8.349603999704414
8.943726999859791
8.847459000207891
8.804756999779784
8.273851000012655
7.820687000275939
9.036614999786252
8.405921000303351
10.007003999817243
8.302987000206485
9.567030999278359
9.326993000286166
8.572529999582912
9.619251999538392
9.29172300038772
10.188909000135027
9.447966999687196
8.391134999328642
8.497298000293085
9.427416000107769
8.7050400006774
8.818113000415906
8.724705000531685
8.244910000030359
9.029279000060342
9.599202000572404
8.396295000238752
8.834123000269756
8.698963999449916
8.801023000160058
8.889480000107142
9.060084999873652
8.823717000268516
9.230059999936202
8.917641000152798
8.688383999469806
8.418155999606824
8.453876999737986
9.433926000383508
9.005213999444095
8.50577900018834
8.681338999849686
8.799358000032953
8.728545000849408
8.75523600007
8.70968500021263
8.29583199993067
9.067144999789889
8.324912999341905
9.619670999200025
8.738536000237218
9.637832999942475
9.72947500031296
8.90388100015116
8.364719000383047
9.8636799993983
8.700364999640442
8.81159700020362
9.490774000369129
8.864530000209925
8.61266100037028
9.620501999961562
9.215998999934527
8.805948000372155
8.073104999311909
9.201248999488598
9.082165999643621
8.371294000426133
8.589346000007936
8.934122000027855
8.502327999849513
9.406844999830355
8.640852000098675
9.207895000145072
8.976371999779076
9.405004999280209
8.853377999912482
9.323283999947307
8.117516999845975
8.792067000285897
10.197259999586095
8.473797000078775
8.994082999379316
9.270972000194888
8.787996000137355
8.890920000339975
9.379715000250144
8.411124999838648
9.133667999776662
9.514839000075881
9.179429000141681
8.046654000281706
8.266221999292611
8.511953999914113
8.01248400057375
8.109425999464293
9.585472000253503
8.396315000027244
9.593340999344946
8.361063999473117
8.54784999955882
8.96286199986207
9.506938999948034
9.762556000168843
9.019519000503351
8.50149899997632
8.954611999797635
9.430025999790814
8.600610999565106
9.052434999830439
9.000334000120347
8.407215000261203
8.641862999866134
8.276802000182215
8.373693999601528
8.58972999958496
8.558178999919619
9.41830600004323
9.53812000079779
9.222290000252542
8.637892000479042
8.88308999947185
8.526079000148457
8.612321999862615
8.57798000015464
8.701904000190552
8.966571999735606
9.443722000469279
9.04509500014683
8.071739999650163
9.529560000373749
8.118117000776692
9.48554300066462
8.872618999703263
9.254972000235284
8.358513000530365
9.17627899980289
9.002552999845648
8.492707000186783
8.283641000161879
9.634582999751728
9.182013999634364
9.359194000353455
8.547870000256808
8.766896999986784
8.88165900050808
8.718895000129123
10.228999999526422
8.695479999914824
8.844199000122899
9.079616000235546
8.851690000483359
8.19221900019329
8.453417000055197
9.458655999878829
9.125192999817955
9.658244000092964
8.876179999788292
8.496637999996892
8.725593999770354
8.859327999743982
8.851288999721874
8.728224999686063
8.905989999220765
8.560010000110196
8.363134000319405
8.679583999764873
8.832907999931194
8.590470999479294
8.344515999851865
8.988703000795795
8.355584000128147
8.972732999609434
9.323756000412686
8.365773999685189
9.17034899975988
9.74735599993437
8.726375000151165
8.855989000039699
8.654593000755995
8.534182000403234
9.384564999891154
8.493968000038876
9.472677999838197
8.085165999546007
8.7352299997292
8.90258100025676
9.012273999360332
9.25223099966388
8.416145999945002
8.649912999317166
8.624173000498558
8.673368000017945
9.257552000235592
8.190069000193034
8.329164000315359
8.640392999950564
9.33526399967377
8.933514000091236
14.327953000247362
12.073940999471233
12.318013999902178
9.982882999793219
9.665603000030387
9.313435999501962
10.337394000089262
10.189418999289046
8.879019000232802
8.924931000365177
8.864070000527136
8.905050000066694
9.11723700028233
8.534022000276309
8.56500000008964
8.539289000509598
8.795017000011285
9.120541999436682
9.123107000050368
9.588271000211535
9.428406000552059
8.946801999627496
8.858928999870841
8.792059999905177
8.816696999929263
8.20397999996203
8.52439900063473
8.778126999459346
8.70228500025405
7.782715999383072
9.086875999855692
8.799938000265684
9.176241000204755
9.043153999300557
9.320954000031634
8.963405000031344
8.731287000045995
8.344783999746141
9.115486999689892
8.455286999378586
9.320142999968084
8.674592999341257
8.37372400019376
8.073824999883072
8.861458999490424
8.01131299976987
8.51558100021066
8.767036999415723
8.828950999486551
7.728623999355477
8.616471999630448
8.318953000525653
8.936460999393603
8.729295000193815
8.343613999386434
8.51273799980845
7.973751999998058
8.168731000296248
8.577931000218086
8.870188999935635
8.192287999918335
9.037763999913295
8.514217999618268
8.091226000033203
8.338153000295279
8.751836000556068
8.120980000057898
8.978652999758197
8.966691999376053
8.93644099960511
8.285780999358394
8.401256000070134
8.349493000423536
9.101198999815097
8.272084000054747
8.382125000025553
9.020563999911246
8.953552000093623
8.737365999877511
9.99653400049283
8.727574000658933
8.839033000185736
8.915173999412218
8.424708999882569
10.549280999839539
8.082977999947616
8.404739999605226
8.290362000479945
8.823168999697373
8.754235999731463
8.889853000255243
8.42207599998801
9.944131999873207
7.853887999772269
9.103497000069183
9.502199000053224
8.822148000035668
8.672414000102435
8.964713000750635
8.683273999849916
8.839780999551294
8.54471000002377
8.852527999806625
8.40848499956337
8.475587999782874
8.093376000033459
8.430865999798698
9.15340799929254
8.478247999846644
8.386097999391495
8.7884969998413
9.067365000191785
8.156287000019802
8.33412399970257
8.448425999631581
8.473767999930715
8.161167999787722
8.558079999602342
8.629781999843544
8.0625680002413
8.772486000452773
9.407796000232338
8.353242999874055
8.87466000040149
8.34764599949267
8.51037800021004
8.570359999794164
8.120876000248245
9.064834999662708
8.468496999739727
8.417334999649029
8.426645999861648
8.8087819995053
8.431115999883332
7.804117000887345
8.669253999869397
8.695533999343752
8.247600000686361
9.122850000494509
8.215868999286613
8.6441029998241
8.208892000766355
8.549212999241718
8.835747999910382
7.861514000069292
8.924930999455682
7.976511999913782
8.328392999828793
8.481756999572099
8.677982999870437
8.417064999775903
8.624431999123772
8.194218999960867
9.522391999780666
8.197670000299695
8.70696499987389
8.755625999583572
8.379693999813753
8.505288000378641
8.526590000656142
8.71662500048842
8.215851999921142
8.311223000418977
9.157917999800702
8.434501000010641
8.788146999904711
8.547332000489405
8.47164700007852
9.142328000052657
8.27244099946256
8.557822000511806
7.759185999930196
8.782289000009769
9.093227000448678
8.433815999524086
8.504118999553612
8.290970999951242
9.017903999847476
8.896479999748408
8.581100999435876
8.270470999377721
8.99605300037365
9.023662999425142
8.238229999733448
9.988738000174635
9.796016999644053
8.526878999873588
8.770386999458424
9.731676000228617
8.317251999869768
9.296602999711467
8.946265000304265
8.492638000461739
8.333022999977402
8.056105000832758
8.220545000767743
8.625011999356502
8.435878999989654
8.666222999636375
8.539029000530718
8.686823999596527
9.007884000311606
8.764426999732677
8.38935399951879
8.355764000043564
7.993373000317661
8.466246999887517
8.616261000497616
8.832608999910008
8.718194999346451
8.594660999733605
8.309672999530449
9.383988000081445
8.452749999378284
8.71083499987435
8.771687000262318
9.02955500077951
8.264901000075042
8.302111999910267
8.776726000178314
8.762466000007407
8.251160999861895
8.590741000261914
8.085846000540187
8.447817000160285
8.065680000072462
8.574143000259937
8.353184000043257
8.510908000062045
8.112857000014628
8.594549999543233
8.649442999740131
8.771765999881609
8.377224000469141
8.74248499985697
8.199058999707631
8.475577000353951
8.851931999743101
8.36686699949496
8.609621999312367
9.158458000456449
8.1770079996204
8.144117000483675
8.462226999654376
8.739628000512312
8.087375000286556
8.688654000252427
8.547409000129846
8.615821000603319
8.5622799997509
8.541549000256055
8.752399000513833
8.590270999775385
8.938861999922665
8.475571000417403
8.25653100037016
8.410685999479028
8.159388000422041
8.372524000151316
8.687984000061988
8.248729999650095
8.139306999510154
8.249241000157781
8.642785000120057
8.59451100041042
8.592190999479499
8.241980000093463
8.53409899991675
9.004802999697858
8.454537000034179
8.339031999639701
8.97009300024365
8.589930999733042
8.738647999962268
8.213848999730544
8.746436000365065
8.587061000071117
8.32722300037858
9.447996999369934
8.662062999974296
9.114479999880132
8.273641999949177
9.277121999730298
8.669933000419405
8.542700000361947
8.88889000088966
8.399307999752637
8.336792999216414
8.947391999754473
8.505918000082602
8.639722999760124
9.421866000593582
9.020518999932392
8.404715000324359
8.813670000563434
8.747168999434507
8.341216000189888
9.236653999323607
8.649302000776515
8.692856999914511
8.337856000252941
9.396968000146444
9.074188000340655
9.166451000055531
8.69563600008405
8.505492999574926
8.349056999577442
8.33736599997792
8.501190999595565
8.53148899932421
8.947362000071735
9.855792000053043
8.212182999159268
9.674374000496755
8.570070000132546
8.818137999696773
8.780477000073006
8.396965999963868
8.632121999653464
8.313252999869292
8.920290000787645
8.621482000307878
8.622141999694577
7.851760999983526
9.00555299995176
8.453235999695607
8.724894999431854
8.054163999986486
8.833559000777313
9.029036999891105
8.332313000209979
8.472516999972868
8.468167000501126
8.555280000109633
8.559431000321638
8.143458000631654
9.362314000100014
8.770937000008416
8.51361100012582
8.235569999669679
9.101426000597712
8.593970999754674
8.060436000050686
8.567619999666931
8.948601999691164
8.447639000223717
8.829637999951956
8.693753999978071
8.62748500003363
9.030514000187395
8.38074500006769
8.78095600000961
8.51080800021009
8.02172400017298
8.946161999119795
9.336002999589255
8.465837000585452
8.41500000024098
8.38241699966602
8.751084999857994
8.714665000297828
8.569560000069032
8.351082999979553
9.094236999771965
8.533240999895497
8.462097000119684
8.635531999971136
8.04414399954112
8.56436300000496
8.30689199938206
9.411225999429007
8.63754300007713
8.778137000263087
8.922674000132247
8.205321999412263
7.799605999935011
8.310182999593962
9.201081999890448
8.908419999897887
8.826217999740038
8.517178000147396
8.07886500024324
8.170689000507991
8.887789999789675
8.486327999889909
8.42395600011514
8.501177999278298
8.133586999974796
8.619172000180697
8.296191999761504
8.556440000575094
8.047463999901083
8.978662999652443
8.771386000262282
8.858679000695702
8.615301000645559
8.61950499984232
9.027323999362125
9.40656599959766
8.071274999565503
8.625323999694956
8.544459000404458
9.164748000330292
8.486407000418694
7.990433000486519
8.536509999430564
8.084066000265011
8.598630000051344
8.304803000100947
8.637342000838544
8.298581999952148
8.203468999454344
8.594781000283547
8.62726100058353
8.093234999250853
8.519883999724698
8.947422000346705
9.071034999578842
9.046404999935476
8.985512999970524
8.94763199994486
8.355113999641617
8.613512000010815
8.598581000114791
9.773227999176015
9.07307600027707
8.566890000111016
8.670053000059852
9.32024400026421
8.639972000310081
8.874029000253358
8.610311999291298
9.15550800073106
8.590530999754264
8.719913999811979
8.710425000572286
8.862749000400072
8.64457300031063
8.934581000175967
9.350844999971741
9.475367999584705
8.929485999942699
9.542899999360088
8.848509000017657
8.351919000233465
9.938031999809027
8.393195000280684
8.246370000051684
9.359753999888198
8.644991999972262
9.016933000566496
8.611401999587542
8.17111800006387
8.904741000151262
8.42609099981928
9.08914100000402
9.291316999224364
8.724705000531685
8.252661000369699
8.197848000236263
8.758697000303073
8.74232500063954
8.941661999415373
8.65959800012206
8.725391000552918
8.980352000435232
8.278410999992047
7.939250999697833
8.407524999711313
8.397855000112031
8.19048900029884
8.229340000070806
8.538045000022976
9.527888999400602
8.888809999916703
8.467847000247275
8.404725999753282
8.321923000039533
8.266800999990664
8.452486999885878
8.378114000151982
8.599001000220596
8.657123000375577
8.562689999962458
9.13744800072891
8.906520999516943
8.609030999650713
8.52083900008438
9.133638000093924
8.53274900055112
8.516048999808845
9.26339099987672
8.503698999447806
8.989093000309367
9.535400000459049
8.375753999644076
8.98552299986477
9.252010999261984
8.500097999785794
8.309102999191964
8.68109299972275
8.512547999998787
8.263271000032546
8.294872000078612
8.254315999693063
9.250687000530888
8.885279999958584
8.153467000738601
9.263977000045998
9.467717999541492
9.722386000248662
8.539198999642394
8.62783299999137
8.626560999800859
8.118566000121064
8.295073000226694
8.366039000065939
8.804688000054739
8.465797000098974
8.998427999358682
9.035514999595762
8.603451000453788
8.619852000265382
8.427230000052077
9.203419999721518
9.497807999650831
8.239376000346965
8.970753000539844
8.438316000138002
8.43154699941806
8.645113000056881
8.563409999624128
9.243560999493639
8.286121999844909
10.742231999756768
9.201480000228912
8.683293999638408
8.507137999913539
8.414175999860163
9.662483999818505
8.927161000428896
8.21620900023845
8.722345000023779
8.452005999970424
8.89268999981141
8.177977999366703
8.711884999684116
9.435642000426014
8.65803800024878
8.076506000179506
8.837039000354707
9.905310999783978
7.820657999218383
8.304882000629732
9.653322999838565
8.504088000336196
8.882860000085202
9.416315999260405
8.886954999979935
9.269872000004398
9.166859000288241
8.902421000129834
9.535805000268738
8.974553000371088
9.02848400073708
8.522278999407717
8.35681399985333
8.28837700009899
9.665154000686016
8.614266000222415
9.496419000242895
8.432006000475667
9.002533999591833
8.513888999914343
8.794567000222742
8.00276300014957
8.833693000269704
8.510649000527337
9.146537000560784
8.936511999309005
8.929040999646531
8.391710000068997
8.45164600013959
8.415165000769775
8.364113999959955
8.499417999701109
8.663483999953314
8.557885000300303
8.665812999424816
9.271551999518124
9.043823999490996
8.519238999724621
8.589726000536757
8.02359399949637
9.251315999790677
9.187929999825428
8.415025000431342
8.079555999756849
7.993033000275318
9.48030400013522
9.258580999812693
8.681743000124698
8.73597499958123
8.458596999844303
8.104145999823231
8.83577799959312
8.086655000624887
8.850348999658308
8.378075000109675
8.381575000385055
8.435656000074232
8.414876000642835
8.721470999262237
8.83989800058771
9.27111100008915
9.208610999849043
9.647252999457123
9.36998399993172
8.798927000498225
8.618832000138354
8.683633999680751
8.768952000536956
8.50849800008291
9.983634000491293
11.125497999273648
9.442171000046073
9.607297999536968
9.712465000120574
9.415601999535284
8.808827999928326
10.530948999985412
9.735925999848405
9.314812999946298
9.470008000789676
10.10621700061165
9.219840999321605
10.141898000256333
8.818957000585215
9.23755199983134
8.67939399995521
8.2066400000258
9.494718999121687
8.67935399946873
8.400300000175775
8.313701999213663
8.662148999974306
9.077506000721769
8.54848899962235
9.380735000377172
8.817678000013984
9.109296999668004
8.930340999540931
10.312542999599827
8.338622999872314
8.890299000086088
9.093557000596775
8.793506999609235
8.359602999917115
8.349922999514092
8.843963999424886
8.916200999919965
8.717593999790552
9.525069999654079
9.295482999732485
8.65887300005852
8.641571999760345
9.531110000352783
9.529085000394844
9.292701999584096
9.040285000082804
9.389835000547464
8.596075999776076
9.659434000241163
8.048463999330124
9.437546000299335
9.33697399977973
9.546420000333455
8.643832999950973
9.892889999719046
9.45158300055482
9.00142299997242
8.46112700037338
9.732513999551884
8.874570000443782
8.65850300033344
9.60843200027739
8.36374399932538
8.485376999487926
8.457807000013418
9.300697000071523
8.711604000382067
8.878988999640569
8.769655999458337
8.626421999906597
9.76961600008508
8.512618000168004
9.16090900045674
8.323912000378186
8.7717859996701
8.953512000516639
9.403275000295253
9.053359999597888
8.630642000753141
9.253141000044707
8.703024999704212
8.816851999654318
8.500908000314666
8.191238999643247
8.285171999887098
8.279160999336455
9.999482999774045
8.750445999794465
8.918821000406751
9.548300999995263
8.118495999951847
9.913580999636906
9.231070000168984
10.087156999361468
8.886929999789572
8.761316000345687
8.501647999764828
7.998522999514535
8.948477000558341
8.450992000689439
9.408466000422777
8.859597999617108
9.860000000116997
8.646143000078155
8.718504000171379
8.853133999764395
9.274414999708824
8.314482999594475
8.909611000490258
9.044403999723727
9.098826999434095
8.969262999926286
8.539759000086633
8.482006999656733
9.495098999650509
8.55073899947456
8.304488000248966
8.780737000051886
8.658792999995057
9.078349999981583
8.807147999505105
8.929736000027333
8.898555999621749
9.014044000650756
8.544409000023734
9.32286299939733
9.365333999994618
8.441246000074898
10.344194000026619
8.583220999753394
8.64229300077568
8.570495999265404
8.950731999902928
8.65970299946639
9.771457000169903
9.036953999384423
9.435916999791516
8.932761000323808
8.628571999906853
8.56536999981472
9.11067200013349
8.678012999553175
8.69685500038031
8.937911999964854
9.608561999812082
9.006154000417155
8.039562999329064
9.059304999937012
8.962582000094699
8.358533999853535
8.895060000213562
8.46351699965453
9.131357999649481
8.613461000095413
8.96084099986183
8.634812000309466
9.54208499933884
8.975032000307692
9.244911000678258
8.554230000299867
9.090386000025319
9.339774000181933
9.350674000415893
9.554860000207555
8.644042999549129
8.649542000057409
9.146467999926244
8.977221999884932
8.378894000088621
9.313997000390373
8.856228999320592
9.26660200002516
9.796421999453742
8.94173199958459
9.591941000508086
8.572600999286806
8.992987999590696
8.216938999794365
8.736155000406143
8.035223000661063
8.326453000336187
8.738274000279489
9.160577999864472
8.297480999317486
9.499633999439538
8.594181000262324
8.491808000144374
8.737594999729481
8.449517000371998
9.002744000099483
9.210969999912777
8.370073999685701
8.901530000002822
8.408335999774863
9.432206000383303
9.596457000043301
8.995684000183246
9.045198999956483
8.786336999946798
8.690743999977713
8.9178059997721
9.593302000212134
9.061544999894977
9.301041999606241
8.746925999730593
8.42525600000954
9.122297999965667
8.450166000329773
8.82055800047965
8.925770000132616
9.385694999764382
8.739775999856647
9.116737000113062
8.379994000279112
8.920850999857066
8.460877000288747
8.822347999739577
8.89556999936758
8.742004999476194
8.426154999142454
8.66265900003782
8.371494000130042
8.635442999548104
9.317742000348517
9.456376999878557
9.093347000089125
9.442726999623119
7.904789999884088
8.409045000007609
8.215759999984584
9.056573999259854
8.131827999932284
8.460676000140666
8.910130999538524
9.113399999478133
8.981792999293248
8.583981000811036
9.355334999781917
9.486938000009104
8.845688999826962
10.60055200014176
9.046907000083593
8.725685000172234
8.403326000006928
9.551129999636032
9.985302999666601
9.548850000101083
9.351924999464245
9.04486400031601
8.873530000528262
9.440847000405483
9.240878999662527
8.669206000377017
8.853669999552949
9.226441000464547
9.025373000440595
9.535854999739968
8.814768000775075
8.79178699960903
8.624543000223639
8.703704999788897
9.465727000133484
8.90639099998225
9.000443999866548
8.748134999223112
8.516977999533992
9.364845000163768
10.026013999777206
9.501739000370435
9.583830999872589
9.749861999807763
9.257850999347284
9.215499999299936
8.585290999690187
8.517918000507052
8.725569000489486
8.854669000356807
8.860939999976836
8.363085000382853
8.603713999946194
8.874420000211103
9.525518000373268
9.113086999605002
9.074715000679134
9.22190999972372
9.009144000629021
9.264980999432737
9.342454000034195
9.417226000550727
8.722444999875734
9.247360999324883
9.002703000078327
9.633032999772695
9.249761999853945
8.959855000284733
8.859813000526628
9.200859999509703
8.192378000785538
9.207260000039241
9.624662000533135
9.930530999554321
9.054034999280702
9.569679999913205
9.551801000270643
8.949611999923945
9.350383000310103
9.259151999685855
9.776066999620525
7.9580909996366245
8.436877000349341
9.469738000007055
8.737266000025556
9.97914299932745
9.27453200074524
9.103456000048027
8.946662000198558
8.74872599979426
8.75916600034543
8.718394999959855
9.334884000054444
9.041713999977219
9.008834999804094
8.66459400003805
9.223580000252696
9.505510000053619
9.205219000250509
8.587010999690392
8.93799100049364
10.093646000314038
9.309751999353466
8.478106999973534
8.648164000078395
8.7317659999826
9.53714899969782
9.870480000245152
7.8201079995778855
9.219464999659976
9.29538299988053
8.583230000112962
8.127146000333596
8.783496000432933
8.861971999976959
8.865648999744735
9.683074000349734
10.191309999754594
8.93665100011276
8.822738000162644
10.144601999854785
10.133298000255309
8.395435000238649
9.02607399984845
8.942661000219232
9.789841000383603
9.485398000833811
9.427078000044276
9.049416000380006
9.430946000065887
8.811626999886357
10.074886999973387
9.168378999675042
9.24510300046677
9.8975299997619
9.346404000098119
9.19300999976258
9.068800000022748
9.356204000141588
10.120677000486467
8.087725000223145
10.171379999519559
8.804156999758561
9.768216999873403
9.827290999965044
9.751450999829103
9.220519999871613
8.764488999986497
9.380495999721461
9.234670000296319
9.09533000049123
10.205390000010084
9.07732500036218
9.36237399946549
8.828727999571129
8.773455999289581
9.517659000266576
8.709837000424159
8.945811999183206
9.023483999953896
9.783616000277107
8.602102000622835
9.168608000436507
8.825177999824518
9.133196999755455
8.961741999883088
9.108535999985179
9.146408000560768
8.91833100013173
9.663453999564808
8.650963000036427
9.006404000501789
9.608811999896716
9.06810500055144
8.51536399932229
8.532828999705089
9.656172999711998
8.88461000067764
8.834047999698669
8.92491099966719
9.218748999956006
8.931141000175558
8.80829800007632
9.045824999702745
7.954844000778394
8.837069000037445
9.106186000281014
8.51593899915315
9.662393999860797
9.7278240000378
8.671823000440781
9.865949999948498
9.038594999765337
9.002452999993693
9.388045000378042
8.538338999642292
9.592221000275458
9.800367999559967
9.73348600018653
9.64129500061972
8.609334000539093
9.254710999812232
9.124119999796676
8.62806199984334
8.625303999906464
10.087706000376784
9.622051999940595
9.067325000614801
9.213700000145764
8.413606000431173
9.735446000377124
9.064564999789582
9.412034999513708
9.450755999750982
9.107996999773604
9.087765000003856
9.016584000164585
9.921671000483911
9.665033000601397
9.632962000068801
9.72620900029142
9.451587000512518
9.22794999951293
9.413399000550271
9.564520000822085
9.027164000144694
8.43182600056025
9.174208999866096
8.472247999634419
8.300082000459952
9.660405999966315
9.57157199991343
9.162407999610878
10.183739000240166
8.617370999672858
9.191748999910487
9.276302000216674
8.574801000577281
8.769986000515928
9.997624000789074
9.099748999688018
9.531939999760652
9.859529999630468
9.243780000360857
9.106503000111843
9.583330999703321
9.885749999739346
9.590302000106021
8.954421999987972
9.240620999662497
8.874488999936148
9.91467099993315
8.95003200002975
10.23616100064828
9.060236000550503
8.886603000064497
9.197491999657359
8.401184999456746
8.475589999761723
9.924982000484306
8.081876000687771
9.26871100000426
8.958131999861507
9.41240599968296
9.048814999914612
8.781705999354017
10.151688999940234
9.22073099991394
8.936229999562784
9.46530100009113
8.418724999501137
8.464470000035362
8.979232999990927
8.418845999585756
8.577900000091176
9.53834900064976
8.382813999560312
9.172088999548578
8.822457999485778
9.76306500069768
9.23637400046573
8.800958000392711
9.716436999951839
9.349594000013894
8.808278000287828
9.11491599981673
8.631252999293793
9.023112999784644
8.86546299989277
9.047036999618285
8.629654999822378
13.338155000383267
13.817760000165435
11.954213000535674
8.179980999557301
9.887888999401184
9.070818999134644
9.5684509997227
9.410656000000017
9.589141000105883
9.214530999997805
9.950781999577885
9.70962400060671
9.098191999328265
8.789836999312683
10.310491999916849
9.505759000603575
9.339754000393441
8.769205999669794
9.406958999534254
9.084375999918848
9.1311569995014
8.875569000338146
10.197020999839879
9.973612000067078
9.164668000266829
9.431475999917893
8.753807000175584
9.108862000175577
8.120536000205902
9.111680000387423
9.065496000403073
9.641671999816026
9.503328999926453
9.52590999986569
10.06926799982466
9.431716000108281
9.537918999740214
9.634381999603647
9.291781999309023
9.383644999616081
9.043054999892775
9.952620999683859
8.796467000138364
8.120145999782835
9.50986899988493
8.364034000805987
9.294763000070816
9.43240699962189
9.03801399999793
8.265681000011682
9.16066799982218
9.72633599940309
10.050075000435754
9.035494000272593
8.4218760002841
9.374406000461022
9.156498000265856
9.726414999931876
9.264290999453806
9.66707400039013
8.516158999555046
9.625122999750602
8.341742999618873
9.661404000326002
9.518040999864752
9.499038000285509
9.884990000500693
9.126847000516136
9.17252900035237
9.581720999449317
8.699924000211468
9.368955000354617
9.017866999784019
8.409564999965369
9.385015000589192
9.078725999643211
9.297380999669258
9.966012999939267
9.609472000192909
9.118506999584497
8.418975000495266
9.672203999798512
9.816207999392645
8.662693000587751
8.625791999293142
9.309302000474418
9.419946000889468
8.198461000574753
10.152509000363352
9.338844000012614
9.184399000332633
9.164068000245607
9.166128000288154
8.559969999623718
10.182338999584317
8.7751989995013
8.913579000363825
9.128027999395272
9.510018000582932
9.235339999577263
9.152218000053836
8.34338300046511
8.95929300077114
8.363074000044435
8.625762000519899
8.648181999888038
9.451276999243419
9.03050400029315
8.261660999778542
8.39516799987905
9.051314999851456
8.583830999668862
9.999423999943247
8.857959999659215
8.620421000159695
8.923911999772827
9.43747700057429
9.42654600021342
8.005432999198092
8.656442999381397
8.629762000055052
8.442727000328887
9.235020999767585
12.11447900004714
9.461446999921463
9.780676999980642
10.25314399976196
8.153877999575343
9.002383000733971
9.41731599959894
9.115866000684036
8.555180000257678
9.068495000065013
9.862309000709502
9.064565000699076
9.6664940001574
8.663434000482084
9.501301000454987
9.144427999672189
9.59837000027619
9.596601000339433
9.572240999659698
8.839458000693412
11.923852000109036
8.8277669992749
9.016128999974171
10.565761999714596
8.489193000059458
8.7441960004071
7.912420000138809
8.829498000523017
9.140596999714035
8.715739999388461
9.535529999993742
8.810822999294032
7.904191000307037
9.105527000428992
8.27919200037286
8.712824999747681
8.836838999741303
9.272960999624047
9.475006999309699
9.847749000073236
8.796387000074901
9.259260999897378
8.571860999836645
8.452216000478074
8.677344000716403
8.62358199992741
8.342553999682423
7.9499769999529235
9.83750900013547
8.887570000297274
8.011103000171715
8.664763000524545
8.630231999632088
8.306323000397242
8.263532000455598
8.993884000119579
8.890260000043781
8.724685999368376
8.563360000152898
8.541359999981069
8.16874900010589
9.346064000055776
8.68222400004015
8.809978000499541
9.28702799956227
8.889089999684074
9.728005999932066
8.902055000362452
8.321912999235792
9.16118799977994
9.655113000007987
8.70216499970411
8.529549999366282
9.209728999849176
8.376314999622991
8.156468000379391
9.468947000641492
8.416026000304555
8.716534999621217
9.098726000047463
8.633311999801663
8.38433500030078
9.175668000352744
8.848924000631087
9.955262999937986
8.488548000059382
8.823748999930103
8.938927000599506
8.876199000042106
8.494697999594791
9.475622000536532
8.609901999989233
9.661332999712613
9.074876000340737
8.342572999936237
9.014724000735441
8.206699999391276
8.996073000162141
8.387714000491542
8.52490899978875
8.871869999893534
8.861383999828831
8.355294000466529
8.312501999171218
8.512817999871913
8.34531300006347
8.476617999804148
9.634791999815207
8.688493999216007
8.85604900031467
9.051795000232232
8.631982000224525
9.804886999518203
9.475548000409617
9.11639700007072
9.594946000106575
9.139248000792577
8.544745000108378
9.049975000380073
9.141737000391004
8.583910000197648
8.77300699994521
9.112685999753012
9.686680000413617
9.513275000244903
8.464647000437253
8.928921000006085
9.703000000627071
8.617462000074738
8.832599000015762
9.367955000016082
8.973297000011371
8.296833000713377
8.25037100003101
10.075350999613875
9.195803000693559
9.244355999726395
9.188113999698544
8.731814999919152
9.298242000113532
8.623221000561898
8.997463999548927
8.745555000132299
8.343124000020907
9.018143000503187
9.197074000439898
8.920640999349416
9.058105000804062
8.21301899941318
9.305444000347052
8.96969200039166
9.47267700030352
9.20646000031411
8.85234900033538
9.601112000382273
8.479287999762164
8.886438999979873
8.660972999678052
8.468398000331945
8.611981999820273
8.898029999727441
9.060954999768
8.510743999977421
8.145318000060797
8.641458000056446
7.857963999413187
8.251270999608096
9.149577999778558
9.575941000548482
8.712503999959154
8.097756000097434
8.090786000138905
8.027444000617834
8.209339000131877
8.40026600053534
8.191728999918269
9.589610999682918
8.716434999769263
9.044590000485186
8.657352999762224
9.064934999514662
9.324292999735917
8.561024999835354
8.796848000201862
9.161547999610775
8.981672999652801
9.034005000103207
8.558430000448425
8.579721000387508
8.419215999310836
9.102766000069096
