Messages/sec=87.84
duration_sec=60.008
payload_size_bytes=1048576
total_messages=5271
payload_throughput_MiB_sec=87.84
mean_rtt_ms=9.017
median_rtt_ms=8.960
stddev_ms=0.596
min_ms=7.045
max_ms=15.852
---raw_latencies_ms---
14.364136000040162
13.887121999687224
13.610534000690677
9.398194999448606
9.873519999928249
11.658204999548616
15.852061999794387
11.191314999450697
10.345904000132577
10.543890000008105
11.45859299958829
9.748940999998013
10.404294999716512
11.695055000018328
10.962443000607891
8.882299000106286
8.931911000217951
9.167457999865292
9.254661000341002
9.18133899995155
8.769095999923593
8.55260900061694
9.222685000167985
8.98691400016105
9.3293639993135
9.33905199963192
8.292112999697565
8.830278999994334
8.384716000364278
8.090326000456116
8.63282199952664
8.615861000180303
9.108548000767769
8.789616000285605
8.990864000224974
8.289771999443474
8.539789999304048
8.329251999384724
8.953691999522562
8.371603000341565
8.639513000161969
9.089566000511695
8.006303000001935
9.139157999925374
8.16114799999923
8.37199400029931
10.2790119999554
10.185804999309767
8.883159000106389
9.650082000007387
9.468207000281836
9.810837999793875
10.343099999772676
9.9071009999534
9.297186999901896
9.587845999703859
8.977878000223427
8.634152000013273
10.113896999428107
9.225249999872176
10.587269999632554
9.042284000315703
8.247180999205739
8.971116999418882
9.166049000668863
8.915810999496898
9.297423000134586
9.006082999803766
8.647327000289806
10.154648999559868
8.482202999402944
8.666822999657597
8.102650999717298
9.064035999472253
8.250560999840673
9.488157999840041
8.189309000044886
8.343272999809415
7.62258099985047
10.601652000332251
9.784447000129148
8.79257700034941
9.211918999426416
8.84716699965793
9.238792000360263
9.365984999931243
8.207100000618084
8.332782999787014
8.91233599941188
8.765517000028922
8.562370000618102
8.992132999992464
8.618281000053685
8.640562999971735
8.848119000504084
9.013253999910376
8.617311000307382
9.481317999416206
9.531079000225873
8.264090000011493
8.461236000584904
8.716070000446052
8.791558000666555
8.575614999244863
8.72370500019315
8.362683999621368
9.183049000057508
8.38231400030054
8.738630999687302
8.663141999932122
8.557610000025306
8.406074000049557
9.135148000495974
8.705404000465933
9.33963900024537
8.489817999361549
8.546091000425804
8.961400999396574
8.489408000059484
8.950796999670274
8.708149000085541
8.622291999927256
8.563715000491356
9.43498600008752
8.4161499999027
8.544649999748799
8.957636000559432
8.239010999204766
9.388006000335736
9.671314000115672
8.188378999875567
8.554390000426793
8.259271000497392
9.636193000005733
8.778036999501637
8.795611999630637
8.166628999788372
8.61248199998954
8.845639000355732
9.408865999830596
8.607060999565874
8.59870200019941
9.390008999616839
8.206739000343077
8.742450000681856
8.80043699999078
7.862319000196294
9.650283999690146
8.198188000278606
9.087415999601944
8.778735999840137
10.051944999759144
9.147028000370483
9.00104399988777
9.733361000144214
8.423575999586319
9.026683999763918
9.078375000171945
8.672103000208153
8.784886000285042
9.392175000357383
9.54574000024877
8.8828090001698
8.688543999596732
8.47705600062909
9.507648999715457
9.252081000340695
8.31135299995367
8.657893000417971
9.050974999809114
8.752970999921672
8.670983999763848
9.691835000012361
8.796151000751706
8.485057999678247
8.592991000114125
8.440817000519019
8.74149499941268
8.14513299974351
8.713174000149593
8.69528499970329
8.962161999988894
8.5193889999573
8.883505000085279
9.396276000188664
9.645223000006808
8.304617000248982
8.810278000055405
8.428437000475242
8.738824999454664
9.267130999432993
9.055855000042357
8.93860200085328
9.265400999538542
8.818309000162117
8.518364000337897
9.072050999748171
8.360333999917202
8.7518820000696
7.860394000090309
8.489228999678744
8.87560899991513
9.246091000022716
9.062054999958491
9.344864000013331
9.503207999841834
9.080275999622245
8.609170999989146
8.821807999993325
9.171994000098493
8.35097399976803
8.508537000125216
8.893109999917215
9.013812999910442
8.653222999782884
9.303008000642876
8.846577999975125
8.320972999172227
8.559208999940893
8.171342999958142
8.28280200039444
8.737764000215975
8.8734500004648
8.232010000028822
9.222421000231407
8.95096200019907
8.719301000382984
9.482464000029722
8.33747399974527
9.769522000169673
8.232635000240407
8.644352000374056
8.46365799952764
8.817322999675525
8.73959599994123
9.784616999240825
8.817919000648544
8.417334999649029
9.53180499982409
8.611322000433574
9.140437000496604
9.399276000294776
9.97640399964439
9.050253999703273
10.016283999902953
9.542679999867687
8.473361999676854
9.38385500012373
8.197578999897814
9.376144999805547
9.492137999586703
8.874955000464979
9.029953999743157
9.627362000173889
9.487061000072572
8.688613999765948
9.126056999775756
10.447319999911997
9.607463000065763
9.763376000591961
8.979813000223658
9.35287500033155
9.059324999725504
9.596020000572025
8.950581999670248
9.42513600057282
9.709394000310567
8.958362999692326
8.63448200016137
9.537249999993946
9.580791000189492
8.924880999984453
9.58065099985106
9.141180999904464
9.552900000016962
9.755776000019978
8.596233999924152
9.248190999642247
9.007943000142404
8.807080000224232
10.36551499964844
9.382395000102406
9.063925999726052
9.970485999474477
9.27049099936994
9.026874000483076
9.984366000026057
8.890772999620822
9.46469700011221
9.34504500037292
8.747926000069128
8.969593000074383
9.218871999109979
9.175878999485576
9.39064900012454
8.47863699982554
9.093986000152654
9.419656000318355
9.056455000063579
8.391084000322735
9.545310000248719
9.579650999512523
8.635951999167446
9.063594999133784
9.690075000435172
8.67309400018712
9.358595000776404
8.105345999865676
8.602705000157584
9.79243999972823
10.252791999846522
9.029112999996869
9.320584000306553
8.859129000484245
9.860668999863265
9.029007000208367
8.801046999906248
9.895889999825158
9.810491000280308
8.97473299937701
8.267832999990787
9.230861000105506
10.030456999629678
9.735295000609767
9.413527000106114
9.61813199955941
9.614761000193539
9.293035000155214
8.987672999865026
9.381724999911967
9.531499999866355
9.672703000433103
9.419116000572103
9.812408000470896
9.431100000256265
8.440569000413234
8.638962999611977
9.056806999979017
9.700755000267236
10.290792999512632
9.18060899948614
9.301842000240867
9.852058999967994
9.385418000420032
10.169349000534567
9.066743999937898
9.610432000044966
9.573961000569398
8.378275000723079
8.767758999965736
9.616102000109095
8.674233999954595
8.506779000526876
9.615672000109043
9.47019800059934
9.443650000321213
8.775696999691718
9.12959699962812
9.18118899971887
9.63122199937061
10.265072000038344
10.476378000021214
10.05908599927352
8.966391999820189
8.532539999578148
8.609963999333559
9.066235000318557
9.392146000209323
9.595762000571995
8.752675999858184
8.456436999949801
9.701494999717397
9.238551000635198
8.862558999680914
9.229709999999614
8.146627999849443
9.412845999577257
8.93091100078891
8.837838000545162
9.208802000102878
8.390904999941995
8.944455000346352
8.974842000498029
8.395985999413824
9.39758900040033
8.719344999917666
8.600911999565142
8.918030999666371
10.051268999632157
9.33841299956839
8.659275000354683
9.464198000387114
9.311666000030527
9.211769000103232
9.5463200004815
9.348644000056083
9.346624000500015
9.985944000618474
9.464377999393037
9.719255000163685
9.50309899963031
9.461858000577195
10.243300999718485
8.635802000753756
10.285792999638943
9.276382000280137
8.500148000166519
9.613512000214541
8.42057499994553
9.383194999827538
8.796226999947976
9.415036000063992
9.78732699968532
8.35256299978937
8.20379899960244
9.201009000207705
9.56675300039933
9.300063000409864
9.37805500052491
9.080406000066432
9.232561000317219
9.417696000127762
9.155577999990783
9.496427999692969
9.542538999994576
9.250783999959822
9.229980000782234
9.512628999800654
9.436499000003096
9.174548999908438
8.851728000081494
9.33123400045588
9.420277000572241
9.250811000129033
9.357043999443704
8.681743000124698
8.707644999958575
9.031384000081744
8.89102000019193
9.606782000446401
9.062428000106593
8.740495999518316
9.332447000815591
10.050884000520455
8.865490000061982
9.396354999807954
9.056144000169297
9.382506000292778
9.461126999667613
9.728115000143589
9.301963000325486
9.785840999938955
8.473148000121
9.080111000002944
8.986503000414814
9.839628999543493
8.56223000027967
9.451955999793427
9.508928999821364
9.254100999896764
8.9984939995702
9.489953000411333
8.578054000281554
9.322791999693436
9.104326999477053
9.060805000444816
9.089216000575107
8.99361299980228
9.417966000000888
8.607391999248648
8.848369000588718
8.926401000280748
8.974991999821214
9.54423900020629
9.126218000346853
9.890240999993694
8.095988000604848
8.685124000294309
8.902829999897222
9.462007000365702
8.653431999846362
9.373605000291718
9.225480999702995
8.531417999620317
8.479007000460115
8.671872999912011
9.607171999959974
9.317441999883158
8.681393999722786
8.855338999637752
9.184438999909617
8.443965999504144
9.497979000116175
9.016783999868494
8.478077999825473
8.505368000442104
8.938631000091846
8.967712000412575
9.164137999505328
9.173917999760306
8.796757000709476
8.894239999790443
8.486398000059125
9.238110000296729
9.021384999869042
9.344439999949827
9.195638000164763
8.586711000134528
9.82141100030276
8.768897000663856
8.333652999681362
9.102037000047858
9.367435000058322
8.962560999862035
9.026075000292622
8.809897999526584
10.020519000136119
9.055905000423081
9.018474000185961
9.05558700014808
8.096235999801138
9.882150000521506
9.309633000157191
8.500428999468568
9.25318999998126
8.907061000172689
8.834297999783303
9.116570000514912
8.246481000242056
9.25156099947344
9.006084000247938
8.805887000562507
8.880311000211805
8.661221999318514
8.891602999938186
8.30834499993216
8.432156999333529
11.01638699947216
9.21133900010318
8.845289000419143
9.25763199938956
8.901909999622148
8.833908999804407
9.794687000066915
8.276571000351396
9.103135999794176
8.761846000197693
9.554631000355585
10.01065499985998
9.149487000286172
8.54429000082746
8.997973000077764
9.949992999281676
9.066665999853285
8.97119199998997
8.551479999368894
8.796527999948012
9.056474999852071
8.696797000084189
7.970814999680442
11.437166999712645
8.81204799952684
8.721335000700492
8.857439000166778
8.795997000561329
8.578689999922062
9.028073999616026
9.594731000106549
8.791127000222332
9.07255600031931
9.642435999921872
8.978363000096579
9.238620000360243
9.64190300055634
8.532362000551075
8.635082000182592
8.17995899978996
9.638133000407834
9.643212999435491
9.169496999675175
8.567525000216847
9.323143999608874
9.184881000692258
8.517672999914794
8.80554699961067
8.10527599969646
8.544579000044905
9.05467999928078
9.123146000092675
8.959931999925175
8.605861999967601
8.706687999620044
9.235270999852219
8.774756000093475
8.952373000283842
8.872558999428293
8.332172999871545
8.516038000379922
8.803738000096928
8.874099000422575
8.338352999999188
8.269924000160245
8.964313000433322
9.078036000573775
8.134427000186406
9.939331999703427
8.929765999710071
8.311892000165244
8.956792000390124
8.208348999687587
8.567070000026433
8.245099999840022
8.308903999932227
8.118226000078721
8.767846999944595
8.54961999993975
8.795646999715245
8.534788999895682
8.770607000769814
8.367883999198966
8.654903000206104
8.407444000113173
8.668822999425174
8.700003999365435
8.075404999544844
9.015554000143311
7.998303000022133
7.950220999191515
8.265501000096265
9.1253169994161
8.453356000245549
8.471287999782362
8.540509000340535
8.821937999528018
8.40736600002856
8.348624000063865
9.114756999224483
8.680613999786146
8.59127100011392
8.413395000388846
8.148797999638191
8.790867000243452
8.57386999996379
8.715335000488267
8.54059999983292
8.509807999871555
8.551859999897715
8.60520100013673
8.830448000480828
8.370183999431902
8.701974999894446
9.115197000028274
8.751995999773499
8.57416100006958
8.706844000698766
8.414756000092893
8.27118100005464
9.52040899937856
8.375454000088212
8.455797000351595
8.068305000051623
8.756686000197078
8.488542000122834
8.308022000164783
8.381763999750547
8.561059999919962
9.199144999911368
8.366826999917976
8.799778000138758
8.263490999524947
7.999616999768477
8.49415799984854
8.396974999413942
8.390494999730436
9.27241099998355
8.49129800008086
8.745184999497724
8.46310699944297
7.965841999975964
8.515788000295288
8.309264999297739
8.977855000011914
8.456995999949868
8.919621000131883
8.782265999798256
8.463493000817834
8.924042000217014
8.533403999535949
9.008233000713517
8.836809000058565
8.372483999664837
8.85116800054675
9.299381999881007
8.544288999473793
9.385694999764382
8.532107999599248
8.814847999929043
8.975391999229032
8.26612099990598
8.290040999781922
9.059955999873637
8.470046000184084
8.31950300016615
8.718434000002162
9.365774999423593
8.029273999454745
8.560949999264267
8.360393999282678
8.63115199990716
8.534128999599488
8.116506999613193
9.316902999671584
9.310912999353604
8.79126699965127
9.039235000273038
8.468422000078135
7.981722000295122
9.053384000253573
8.637893000013719
8.470616000522568
8.775766999860934
9.091754999644763
8.032333999835828
8.396324000386812
9.329192999757652
9.841819999564905
8.800406999398547
9.008484000332828
8.560369999941031
8.03903399992123
8.388509000724298
9.943762000148126
9.118316999774834
9.194169000693364
9.24373099951481
9.40194499980862
8.850139000060153
8.706184000402573
8.72841000000335
9.44295699991926
9.846738999840454
8.361342999705812
8.680422999532311
8.638592999886896
8.607251000285032
8.613351000349212
8.67503300014505
8.715103999747953
8.687253999596578
8.730063999792037
9.175278999464354
7.754056000521814
8.556288999898243
8.75410600019677
8.757845999753044
9.20014999974228
9.365634000459977
8.514518000083626
8.511738999914087
9.292131999245612
9.395525000400085
9.194154999931925
9.459036999942327
9.674104000623629
8.612431000074139
8.679909000420594
8.782321999206033
9.483548000389419
8.539684999959718
8.681194000018877
8.361263999177027
9.347264000098221
9.231050000380492
9.121187000346254
8.517528999618662
9.21417500012467
8.534349999536062
9.269481000046653
11.21669300027861
14.050936000785441
11.983782999777759
9.39339500018832
8.965832999820122
9.332227999948373
9.61371199991845
9.64284299971041
9.04884499959735
9.274592000110715
8.113896999930148
9.731744999953662
8.456956999907561
8.237080000071728
8.395993999329221
8.664902999953483
8.654702000058023
8.644123000522086
8.783227000094485
8.56973999998445
8.218366000619426
8.832489000269561
8.523789000719262
8.426526000221202
8.419895000770339
8.303532000354608
8.647182999993674
8.890320000318752
8.746775999497913
8.37574399974983
8.344474000296032
8.688652999808255
8.87980500010599
8.586740999817266
8.492328999636811
8.418436000283691
8.894919999875128
9.74186599978566
8.388704999561014
8.559660000173608
9.34884299931582
9.19259000056627
8.04120500015415
8.896610000192595
8.983163000266359
8.51157799934299
8.184819000234711
8.801726999990933
8.659043000079691
8.626867999737442
8.331112999258039
8.375359000638127
9.03752500016708
8.699023999724886
9.38231599957362
8.878048999577004
9.271201999581535
8.505158999469131
8.561415999793098
8.790295999460795
8.902290999685647
9.320503000708413
8.991073000288452
9.038364999469195
8.691143999385531
7.802146000358334
8.26774100005423
9.712755000691686
8.857028999955219
9.117337000134285
8.568614999603597
9.10603599913884
8.254061000116053
8.56102999932773
8.824427999570617
9.42938200023491
9.367154999381455
8.72569500006648
8.88774499981082
8.884849999958533
8.936971000366611
8.804578000308538
8.854058999531844
9.214759999849775
8.582780999859096
8.733915999982855
9.468037999795342
8.489587999974901
8.694359999935841
8.625591000054555
8.312191999721108
8.925001000534394
9.441447000426706
9.49584899990441
8.641560999421927
9.756807000485423
9.439176999876508
8.303261999571987
8.800427000096533
8.323562000441598
8.835718999762321
8.38907500019559
8.952442999543564
8.80058800066763
8.196828999643913
9.007872999973188
8.327083999574825
8.754995999879611
9.05498600059218
8.897949999663979
8.39568599985796
9.054735000063374
8.993983000436856
8.281230999273248
8.359204000043974
10.084395999911067
9.663013999670511
9.57362099961756
8.774977000030049
8.339942999555205
8.47214800069196
8.659422999699018
8.717765000255895
7.863378999900306
9.006412999951863
8.240239999395271
8.87548999980936
8.628050999504921
8.936756999901263
8.16938800016942
8.991478000098141
9.080341999833763
8.719065999684972
8.653247999973246
9.7437770000397
8.306002999233897
8.409645000028831
8.660132999466441
8.196417999897676
8.216730000640382
9.45616799981508
9.059054999852378
8.30632199995307
8.688719000019773
9.09043699994072
8.279441000013321
9.331322999969416
9.44012699983432
8.588575999965542
8.66606799991132
9.293121999689902
8.214569000301708
9.189388999402581
8.198999000342155
8.748035999815329
8.202238999729161
8.079205000285583
8.7976869999693
9.006893999867316
8.64979299967672
8.050024999647576
8.447631999842997
9.018714000376349
9.274490999814589
9.620503000405733
8.273901999928057
8.758526000747224
8.529519000148866
9.466078000514244
8.764230999986466
9.071086000403739
8.712703999663063
9.564300999954867
8.650752999528777
8.763781000197923
8.812377999674936
8.18600900038291
9.273457000745111
8.480432999931509
8.692962999703013
9.07986600032018
8.659293000164325
8.990528999675007
8.901868999600993
9.402304999639455
8.946022000600351
8.331242999702226
8.084285000222735
9.08974699996179
9.419986000466452
8.78711099994689
9.172852999654424
8.729406000384188
9.059635999619786
8.987823000097706
9.411715000169352
9.892170999592054
9.089306000532815
8.615260999249585
8.647532000395586
8.749585999794363
8.656887999677565
7.936650999909034
8.584870999584382
8.625962000223808
9.032565000779869
8.981033000054595
8.688974000506278
8.423810999374837
8.55091999983415
8.60225199994602
9.085006000532303
8.561249999729625
8.823567000035837
9.607852000044659
8.724405000066326
8.16490800025349
8.696733999386197
8.383565000258386
9.116236000409117
8.187147999706212
8.307311999487865
8.308331999614893
8.230039999943983
8.82996899963473
9.085670999411377
9.299973000452155
8.341733000634122
8.510304000083124
9.509069000159798
8.786637000412156
9.019023999826459
8.347414000127173
9.907310999551555
9.201754000059736
9.443776999432885
9.001183000691526
8.792062000793521
8.953822000876244
8.83443300062936
9.198820000165142
8.73471500017331
8.939811000345799
8.547788999749173
9.045464000337233
8.933486999922025
8.840638999572548
9.460127000238572
9.53188899984525
8.257020999735687
8.217130999582878
8.889010000530106
8.83768899984716
9.41803599926061
8.883165000042936
8.690894999745069
8.496373000525637
9.304332999818143
8.557640000617539
8.247665999988385
9.024754000165558
8.993538000140688
8.885909999662545
9.444657000130974
8.288342000014381
8.57250999979442
8.916030999898794
8.43169499967189
8.19169900023553
8.613427000454976
9.075590999600536
8.713744000488077
8.214860000407498
8.717701000023226
9.930582000379218
9.707715000331518
8.989742000267142
9.042475000569539
8.920500999920478
9.138527000686736
9.42113699966285
8.535709000170755
9.038184999553778
8.765906000007817
9.216199999173114
8.288836999781779
8.659522999550973
8.350662999873748
9.079735999875993
8.497568000166211
8.780682000178786
9.155228000054194
8.414635000008275
8.645597000395355
8.668342999953893
9.418816000106744
8.38523000038549
8.543850000023667
9.858094999799505
8.750175999921339
8.4991630001241
9.048780000739498
8.280252000076871
8.657522999783396
8.787058000052639
8.58861100005015
8.414685999923677
9.403445000316424
8.701794999979029
8.681813999828591
9.656223000092723
8.192389000214462
8.478066999487055
9.869819999948959
8.152392000738473
9.170067999548337
8.425036000517139
8.774712000558793
8.624271999906341
7.9319209999084705
8.4530869999071
9.111936000408605
8.104555000500113
9.243182000318484
8.936786000049324
8.458520000203862
8.3278429992788
8.743391000280099
8.172218999789038
10.148239000045578
8.405716000197572
8.495883000250615
9.250521000467415
9.573429999363725
8.724565999727929
8.69775400042272
8.436090999566659
9.797789000003831
8.849948000715813
10.027583999544731
9.680823999588029
8.416325999860419
9.02361499993276
8.32852300027298
9.254861000044912
8.579630999520305
9.009843000058027
8.638483000140695
9.1511079999691
8.58454100034578
8.32218199957424
9.226971000316553
8.59195099928911
9.057475000190607
9.743295999214752
8.941193999817187
8.51259899991419
8.553310000024794
8.339012999385886
8.833398000206216
8.487981000143918
8.95712200053822
9.482497999670159
9.098137000364659
9.255441000277642
8.84614899950975
8.839909000016632
8.582212999499461
8.43292600075074
8.622872000159987
8.805746999314579
8.221068999773706
9.021402999678685
8.970642000349471
8.4159260004526
8.42207599998801
8.971391999693878
8.2383810004103
8.60309400013648
8.827497999845946
9.124676999817893
8.366553999621829
8.97352299944032
8.030404999772145
8.127826999952958
8.39649499994266
8.76269600030355
8.516650999808917
8.267610000075365
8.722915000362264
8.959073999903922
8.70762399972591
8.903652999833866
8.610042000327667
8.426205000432674
8.654762000332994
8.485866999762948
8.274537000033888
8.71162400017056
8.887541000149213
9.011963000375545
8.602910999798041
9.101286000259279
9.053304999724787
9.566351000103168
8.89753999945242
9.319785999650776
8.18834900019283
8.40878800045175
8.764856000198051
8.589521999965655
8.671483000398439
8.472497999719053
8.942971000578837
8.928901000217593
8.6830939999345
8.931201999985205
9.592710999640985
8.775495999543637
10.087680000651744
8.911191999686707
8.825758000057249
8.630512000308954
9.39682499938499
7.9849330004435615
8.304651999424095
8.087764999800129
9.723405999466195
8.677363000060723
8.80847700045706
8.997264000754512
9.319912999671942
8.535369000128412
9.030163999341312
8.477400000629132
8.665833000122802
9.066444999916712
8.547819999876083
8.444978999250452
8.640653000838938
8.175159000529675
8.404135000091628
8.102627999505785
8.03329400059738
7.824968000022636
8.758875999774318
8.609841999714263
8.748735000153829
8.596841000326094
9.113915999478195
8.569059999899764
9.447016999729385
8.99240299986559
9.215719999701832
8.291062000353122
8.939814999394002
8.743196000068565
8.587350000198057
8.791196999482054
8.858019000399509
8.390598000005411
8.352844000000914
8.768808999775501
8.805366999695252
9.200819000398042
8.958981999967364
8.769676000156323
8.535058999768808
8.715694999409607
9.056814000359736
9.614343000066583
8.696794000570662
8.187037999960012
8.66036399929726
8.868199000062305
8.460336999633
8.695783999428386
8.689713999956439
8.19658900036302
8.699103999788349
8.977491999758058
8.632332000161114
8.515978999639628
9.044054000696633
9.267262000321352
8.690753999871959
8.746805000555469
9.065255000678007
9.02248399961536
8.774826000262692
9.021003999805544
8.102257000246027
8.558239999729267
8.767616999648453
9.059025999704318
8.079284999439551
8.467337000183761
8.701654000105918
8.96220800041192
8.698853999703715
8.31094299974211
9.013953999783553
8.530819000043266
8.744464999836055
8.543539000129385
8.716785000615346
8.289763999528077
9.242361000360688
9.075861000383156
8.313647000250057
9.242791999895417
8.183748999726959
8.666753999932553
8.52175799991528
8.74150500021642
9.029313999235455
9.093656000004557
8.699173999957566
8.694844000274315
7.950972000799084
8.736464999856253
8.65558300029079
8.74965599996358
9.176909000416344
7.987891999619023
9.513580000202637
9.604802000467316
8.523738999429042
8.660974000122224
8.46938799986674
8.609002000412147
9.390055000039865
8.205179000469798
9.532329000649042
8.97978300054092
8.384474999729719
8.494077999785077
8.494910999615968
9.151189000476734
8.236132000092766
8.846079000250029
8.671512999171682
8.979752999948687
8.274021999568504
8.652683000036632
8.636590999230975
8.82873800037487
8.816176999971503
9.635512999921048
8.695165000062843
9.195642000122461
8.728445999622636
8.756765999351046
8.401025999773992
8.843048000017006
9.069980999811378
9.287782000683364
8.539348999875074
8.259020999503264
8.61806200009596
8.640561999527563
8.719784999811964
8.502327999849513
8.577580999372003
8.637662999717577
8.57897999958368
8.014142999854812
8.627404999970167
8.25202000032732
8.512039000379445
8.325126000272576
9.268761999919661
8.219689000725339
9.05277699985163
8.95664199924795
8.051745000557275
8.641454999633424
8.515444000295247
8.129396999720484
8.996742999443086
8.224000000154774
8.69937400057097
8.853657999679854
8.169517999704112
9.004413000184286
8.945092000431032
9.074665999833087
8.146486999976332
9.418816000106744
8.599239999966812
8.42614599969238
8.560880000004545
8.7702660002833
8.254399999714224
8.769727000071725
8.33253299970238
8.715824999853794
9.115887000007206
8.618410999588377
8.380534000025364
8.925420999730704
9.392727999511408
9.646263000831823
8.907921000172792
8.20478900004673
8.560911999666132
8.610750999650918
8.498088000123971
8.377094000024954
9.227872999872488
8.186138999917603
8.898310999938985
8.771176000664127
8.431008999650658
8.493997999721614
8.492617999763752
8.545179000066128
9.419555999556906
8.647413000289816
8.898250000129337
8.221260000027542
8.488047999890114
8.56865999958245
8.792329999778303
8.475816999634844
9.087755999644287
8.62537099965266
8.549679000680044
9.029214000292995
8.887070000128006
8.88336000025447
8.488849999594095
9.009874000184936
8.608131000073627
8.651812000607606
8.284681000077398
8.290872000543459
7.976122999934887
8.34722400031751
9.44195700049022
8.73007499922096
9.132486999988032
8.996624000246811
8.671372999742744
8.630822000668559
8.689674000379455
8.116807000078552
9.060764999958337
8.21354900017468
8.343174000401632
8.02531400040607
9.427816000425082
8.703533999323554
8.857689000251412
8.858188999511185
8.963551999841002
8.331357999850297
9.356663999824377
8.802737999758392
9.145707999778097
8.576651000112179
9.470328000134032
8.58058100038761
8.947560999331472
8.321723000335624
8.608611000454403
8.543328999621735
8.46278699918912
8.995953000521695
8.770398999331519
9.044680000442895
9.149888000138162
8.777066999755334
8.649762000459305
9.037075000378536
8.552178999707394
8.763136000197846
8.525309000106063
8.902529999431863
8.261631000095804
8.569513000111328
8.765485999902012
8.281311999780883
8.910253999601991
9.64481299979525
8.56327999917994
8.663705999424565
8.394727999984752
8.424107000791992
8.738454999729584
9.375995000482362
8.584490000430378
8.388995000132127
9.081705000426155
9.654303000388609
8.213608999540156
8.28115100011928
9.009244000480976
8.56307000049128
8.765399000367324
8.314532000440522
8.48773799953051
8.495338000102493
8.667743000842165
8.233028999711678
8.650923000459443
8.367024000108358
8.093925999673957
8.642223000606464
8.347994000359904
8.929204000196478
8.391854999899806
8.773687000029895
8.514518999618303
8.331233000717475
8.061534000262327
8.76982699992368
8.248760999777005
8.158777999597078
8.913079999729234
8.276472000034119
8.73112499994022
8.60702099998889
8.723307999389363
8.424386000115192
8.69208400035859
8.709355000064534
8.173387999704573
9.101405999899725
8.599061000495567
8.895370000573166
8.842188000016904
8.737885000300594
8.763691000240215
9.389658000145573
9.015306000037526
9.074989000509959
8.868439000252692
9.157510000477487
10.835449000296649
9.521242000118946
8.93220400030259
9.21691199982888
9.466299999985495
10.37161800013564
9.4713700000284
8.915560000787082
9.171771000183071
9.684695000032661
10.619962999953714
9.744979000060994
8.843811000588175
9.164551000139909
8.959544999925129
9.130760000516602
8.52502900033869
9.343884000372782
8.812807999674988
8.687534000273445
9.428997000213712
8.97538200024428
8.862408999448235
8.203729000342719
8.983683000224119
9.18635899961373
8.582450000176323
9.447606999856362
8.467800000289571
8.804147999398992
8.930010999392834
8.674083999721915
8.889940000699426
10.030844000539219
8.762088999901607
8.69963400054985
9.185688999423292
8.923790999688208
8.69984399923851
8.165006999661273
9.178909000183921
8.492740000292542
8.523249000063515
8.234919999267731
8.720345000256202
9.033833999637864
8.740884999497212
8.254260999819962
9.284871999625466
8.771662000071956
8.285201000035158
8.721645000150602
8.79031699969346
9.092837000025611
8.250579999184993
7.958442000017385
8.287032000225736
9.068145999663102
8.563090999814449
8.538359999874956
8.561255000131496
8.655773000100453
8.800046000033035
8.617171999503626
9.281591999751981
7.964831999743183
8.705464000740903
8.54497000000265
8.626222000202688
9.252691000256164
8.412736000536825
9.045200000400655
9.050694999132247
8.67384299999685
9.034214999701362
9.004913000353554
8.581500999753189
8.50821900075971
9.3559639999512
9.833278999394679
9.286292000069807
7.937571000184107
8.171847999619786
8.20618000034301
9.06303499959904
8.394604999921285
9.756905999893206
8.306433000143443
9.806758999729936
9.189709000565927
8.987213000182237
8.173797999916133
9.33047299986356
8.584311000049638
8.157117000337166
8.21228000040719
8.653242999571376
9.252811000806105
9.467507999943336
8.04309400064085
8.418025000537455
9.014094000121986
8.933932000218192
9.101666999413283
8.988218000013148
9.129758000199217
9.208914999362605
9.260800999982166
8.691889000147057
9.829898000134563
7.9471919998468366
9.409195999978692
8.560109999962151
8.023613999284862
9.087335999538482
9.034565000547445
9.25025100059429
9.049674999914714
8.785935999185313
8.302692000142997
9.304672999860486
9.581370999512728
9.057549999852199
9.495283999967796
9.87243999952625
9.019064000312937
8.601151000220852
8.783626999502303
8.178308000424295
8.164828000190028
9.33157300005405
9.33494399941992
9.015994000037608
8.538319999388477
8.600830999967002
8.54343399987556
8.500453000124253
8.996553000542917
8.314303000588552
8.518888999788032
8.237029999691003
8.331404000273324
8.97173399971507
9.094756000195048
8.628661999864562
9.608927000044787
9.408605999851716
9.65171299958456
8.589920999838796
8.517178999682073
8.295861999613408
8.361584999875049
9.24425099947257
8.901051000066218
9.61376199938968
9.16514799973811
8.629062000181875
9.917302000758355
8.906639999622712
8.794768000370823
8.721103999960178
9.954173000551236
9.549759000037739
9.139288000369561
8.299502000227221
8.620302000053925
10.325003000616562
9.87901000007696
8.370499000193377
8.139257000038924
8.662129000185814
8.138223000059952
9.891781000078481
9.028004000356304
9.28972200017597
8.996567999929539
9.625321999919834
9.063245999641367
8.928109999942535
9.86019900028623
9.497639000073832
9.099687000343692
8.701493999978993
8.594781000283547
9.720694999487023
8.768806000261975
8.614952000243647
8.57882000036625
8.295112000269
7.847089000279084
8.721584999875631
9.445493000384886
8.807852999780152
7.968820999849413
9.416934999535442
8.611921999545302
8.708014000148978
9.054565000042203
8.695254000485875
8.769547000156308
9.32041800024308
8.57484999960434
9.534480000183976
9.26290200004587
8.171608000338892
8.194478999939747
8.403086000726034
9.34668900026736
8.002363000741752
8.865988999787078
8.854788999997254
8.907780000299681
9.99349300036556
9.479237999585166
8.108676000119885
8.355152999683924
8.93558200004918
8.406805000049644
8.694963999914762
8.326152999870828
9.17243399999279
9.138187000644393
8.863310000378988
8.871138999893446
8.934982000027958
9.025383999869518
9.654077999584842
8.17862799976865
8.828177999930631
9.187399999973422
8.948731000600674
8.869180000147026
9.00090300001466
8.308622000186006
8.421395999903325
8.173747999535408
8.973401999355701
9.043304999977408
8.788617000391241
8.398306000344746
8.539049999853887
8.598241000072449
8.42969599943899
8.89321500017104
9.33377300043503
9.257370000341325
8.41424600002938
8.609806000094977
8.954552000432159
8.353348999662558
8.405874999880325
8.402071000091382
10.81537899972318
8.95647800007282
8.71489500059397
8.663653999974485
9.05397000042285
8.999883000797126
8.76063499981683
8.857699000145658
8.997752999675868
9.140936999756377
8.744425999793748
8.379984000384866
8.80422800037195
8.425656000326853
8.734994999940682
8.160367999153095
8.810088000245742
9.598666000783851
8.476187999804097
8.735481000258005
8.6916399995971
9.210260000145354
9.025733999806107
8.60752200060233
8.024603999729152
7.447365999723843
9.109675999752653
7.832538000002387
8.151216999976896
8.441766999567335
8.783407000009902
8.463616999506485
9.021973999551847
8.420270999522472
9.249511000234634
8.363373999600299
9.254851000150666
9.746756999447825
8.405686000514834
9.265951999623212
8.106496000436891
8.008013000107894
8.596571000452968
8.426735999819357
9.668552999755775
9.524619000330858
8.30577299984725
12.265413000022818
8.999552999739535
8.558149999771558
9.06275600027584
8.228530000451428
9.57010000001901
8.672122999996645
9.540496000226995
8.779587000390165
9.340433000033954
9.286898000027577
9.703624000394484
8.88066900006379
9.148747999461193
9.081136000531842
8.93501200062019
10.695740999835834
9.40997699945001
8.417555999585602
8.69864400010556
8.995813000183261
8.538539000255696
8.220009000069695
9.360024000670819
9.039065000251867
8.497959000123956
9.36815499971999
8.637212999929034
9.285262000048533
8.465736999824003
9.434251999664411
9.30909300041094
8.362724000107846
8.666292999805592
9.031053999933647
8.628241999758757
8.162666999851353
8.593511000071885
9.348104000309831
8.469227999739815
8.376404000046023
9.185378999973182
8.625371999187337
9.513964000689157
9.217081000315375
8.555104999686591
7.712963999438216
9.057015000507818
9.384805000081542
9.527848999823618
8.81678799942165
9.07635599924106
8.377344999644265
8.425055999396136
8.961411999734992
7.761640999888186
8.948563000558352
8.134066999446077
8.73210499958077
8.414095000262023
9.06280599974707
9.09942599992064
8.654117999867594
8.41618600043148
9.446586999729334
8.863199000188615
8.860808000463294
8.64194200039492
9.95768200027669
8.498447999954806
8.78548599939677
9.465228000408388
8.872039000380028
9.673052999460197
8.577691000027698
8.66112299991073
8.735684999919613
8.911001000342367
8.574449999287026
9.439767000003485
8.345082999767328
8.75878599981661
8.688402999723621
8.983763000287581
8.98826199954783
8.487617999890062
9.807577999708883
8.732385000257636
8.92182600000524
8.717124000213516
8.46288699995057
9.396034999554104
8.672044000377355
8.580470000197238
8.498188999510603
8.42259599994577
8.478763000312028
9.305462999691372
8.626882000498881
9.42064599985315
8.810962000097788
9.47213300059957
8.524539999598346
8.433766000052856
8.319962000314263
8.925781000471034
8.188518000679323
9.094405999348965
9.178928999972413
10.59801600058563
12.748496999847703
13.73823700032517
12.333734999629087
9.205924000525556
9.317162999650463
9.582691000105115
9.57056500010367
8.776587000284053
9.723096000016085
9.110496000175772
8.621261999905983
8.507193999321316
8.57761999941431
9.330023000075016
8.752865999667847
9.012698999868007
9.044645000358287
8.939471000303456
8.693923999999242
9.489973000199825
9.910241999932623
8.585126000070886
9.375039000588004
9.00401399940165
9.222171000146773
8.149557999786339
9.330553000836517
8.87157500073954
8.52653900074074
8.948601999691164
9.228691000316758
8.814537000034761
8.591751000494696
8.217738999519497
8.68660399919463
8.953910999480286
9.61799200013047
8.54325999989669
8.841234000101394
8.720575000552344
9.047194999766361
9.297721999246278
8.842158000334166
9.329683000032674
8.864129000357934
8.683922999807692
8.839959000397357
9.113822000472283
8.556580000004033
9.566009999616654
9.314242999607814
9.130927000114752
9.011633999762125
8.7658359998386
9.74703599968052
9.601411999938136
9.763135999492079
9.372053999868513
8.564970000406902
8.736435999708192
8.794537000540004
9.093566000046849
7.862839000154054
8.693103999576124
8.926200999667344
8.581940000112809
8.141358000102628
8.846548000292387
9.491429000263452
8.652813000480819
8.913710999877367
8.884206000402628
8.348714000021573
8.933722000620037
8.561186000406451
10.073755999655987
8.936222000556882
8.655888000248524
8.818518000225595
8.156617999702576
9.057735000169487
8.778607000749616
10.597611999401124
9.0718259998539
8.185638999748335
9.742726000695257
9.12827100000868
8.959502000834618
9.603102000255603
8.161167999787722
8.827087999634387
9.181039999930363
9.621152000363509
8.899469999960274
8.67884299987054
8.35577399993781
9.038197999871045
8.784315999946557
8.919980999962718
8.377293999728863
8.671193999362004
9.733615999721223
8.576409999477619
8.907401000215032
9.02504400073667
8.629542000562651
9.604740999748174
9.33553600043524
9.761609000634053
8.682763999786403
8.167838000190386
9.08038600027794
9.053785000105563
9.150488000159385
9.314853000432777
8.661003000270284
8.931241000027512
8.166827999957604
8.726785000362725
8.360913999240438
8.348422999915783
9.257843999876059
8.460785999886866
8.731375000024855
8.968746999926225
8.301314999698661
8.808759000203281
9.461157999794523
8.555209999940416
9.700094999971043
8.71354499940935
8.736464999856253
9.097287000258802
9.43587599977036
9.011753999402572
8.780897000178811
8.868652999808546
9.69012399946223
8.644742999422306
9.184128999550012
8.564700000533776
8.893129999705707
9.411676000127045
8.771816000262334
9.377094999763358
8.99212400054239
8.112516000437608
8.6649730001227
9.10619600017526
8.621021999715595
8.775709000474308
8.957791999819165
9.555932000694156
8.543038999960118
8.620411999800126
9.472777999690152
9.257330999389524
8.746555000470835
9.35584699982428
9.644313000535476
9.269082000173512
8.324942999934137
9.136919999946258
8.804617999885522
9.288131999710458
9.277891999772692
9.319732999756525
9.062964999429823
9.096536000470223
8.272950999526074
9.605952000129037
9.81648899960419
8.635852000224986
9.43206600004487
8.521528000528633
9.714685000290046
8.99241300066933
9.571251000124903
9.592090999831271
8.967632000349113
8.863658999871404
9.612212000320142
9.423186000276473
9.486718000516703
8.355733999451331
8.796916999926907
8.669163999911689
9.340614000393543
9.586121000211278
9.832218999690667
8.405876000324497
9.528679000140983
9.424015999684343
10.465057999681449
8.557770000152232
9.71575799940183
9.282502000132808
9.169339000436594
8.62577199950465
8.579590000408643
9.11532600002829
8.459447000859655
9.327892999863252
9.888411000247288
9.863219000180834
9.960341999430966
9.389805000864726
9.56496100025106
8.915059999708319
9.136738000051992
8.673903999806498
9.446418000152335
9.62845300000481
9.532449999824166
9.344965999844135
10.053494999738177
8.832619000713748
9.39604499944835
9.833238999817695
8.354687000064587
9.320863000539248
9.119927000028838
9.314552999967418
9.257016000447038
9.58515099955548
9.613821000129974
9.242330999768456
9.380864999911864
8.79572600024403
9.141088999967906
9.287432999371958
10.005053999520896
9.19708899982652
9.624114999496669
8.680593000462977
9.587211000507523
9.00110600014159
9.387105999849155
9.655173999817634
9.837988000072073
9.148039000137942
9.38202499946783
8.385984000597091
8.717325000361598
9.146198000053118
9.703844999421563
9.609114999875601
9.486767999987933
10.21021000087785
9.474007999415335
10.041245000138588
9.64368299992202
9.053974999915226
9.145380000518344
8.8879499999166
9.213518999786174
9.603571999832639
9.335766999356565
9.521596000013233
9.187098999973387
8.835848999297014
9.748837999723037
9.347894000711676
9.34605600014038
9.220349999850441
9.62816199989902
8.918710999751056
9.095645000343211
9.395466000569286
9.270401000321726
9.305343000050925
8.913970999856247
9.502079000412778
9.215430000040215
9.028364999721816
9.059414999683213
9.036993999870901
8.676834000652889
9.024494999721355
9.47766799981764
9.33636799982196
9.006482999211585
9.556621000228915
9.868508999716141
8.835048000037204
9.317502999692806
9.312631999819132
8.781597000051988
9.069425000234332
8.750656000302115
9.425825999642257
9.324271999503253
9.855598999820359
9.533351999380102
10.283198000252014
9.643012000196904
9.069904999705614
9.296522999648005
8.581070999753138
9.783037000488548
9.019566000461055
9.282281999730913
8.702993999577302
9.043283999744745
8.869509000760445
9.22715300021082
9.118646000388253
9.394128000167257
9.85217899960844
9.113346999583882
9.63715299985779
9.92973099982919
9.458297000492166
8.773065999776009
9.172007999950438
9.123777999775484
9.235454000190657
9.390164999786066
8.718545000192535
10.48126899968338
9.090776000448386
10.277422000399383
9.8265189999438
9.258121000129904
8.984643000076176
9.697624000182259
9.116436999647703
9.033332999933918
10.38286600032734
9.024543999657908
9.239019999768061
9.108027000365837
9.295402999669022
9.468618000028073
9.16398799927265
9.439890000066953
9.753675999490952
9.074444999896514
9.096266000597097
8.78390700017917
9.099986999899556
9.35711399961292
8.904240999981994
9.928331999617512
9.664696000072581
9.618031000172778
9.693764000076044
8.791057000053115
8.987133000118774
8.689633999892976
8.608911000010266
9.476438000092458
9.159997999631742
9.85660900005314
9.8676190000333
9.680304000539763
9.17364799988718
9.669754000242392
10.126927000783326
9.222040000167908
9.185218999846256
9.068866000234266
9.561553999446915
9.770485999979428
9.628105000047071
9.304261999204755
10.026594999544614
9.451957000237599
9.334172999842849
9.42474899966328
9.095155999602866
9.411955999894417
8.735806000004231
9.231795000232523
9.499948999291519
9.171071999844571
8.936320999964664
9.151127999757591
9.525270000267483
9.744628000589728
9.10075699994195
9.895711000353913
8.80840999980137
8.890622999388142
8.771976999923936
9.036526999807393
9.390085000632098
8.636722000119335
9.476217999690562
9.073925000848249
10.089276999678987
9.082135000426206
9.371004000058747
9.205749999637192
9.244040000339737
8.851599000081478
8.55282599968632
9.776677000445488
8.886981999239651
8.565619999899354
9.155126999758068
9.471647999816923
9.065384999303205
8.821727999929863
9.012683000037214
9.261030999368813
9.015674000693252
8.652653000353894
9.39963600012561
8.97151200024382
9.43148599981214
8.912239999517624
8.624441999927512
9.312883000347938
9.164498999780335
9.251553000467538
9.300773000177287
9.047163999639452
8.848518999911903
8.583960000578372
9.808357000110846
9.571219999997993
9.129978000601113
9.774637000191433
8.889679000276374
10.79005799965671
9.108309000112058
8.611032000771957
8.608312000433216
8.955221999713103
9.28862199998548
8.992113000203972
9.407165999618883
9.357394000289787
9.465316999921924
9.687003999715671
9.348815000521427
9.011126000586955
11.412997000661562
9.534659000564716
9.903251000650926
9.541030000036699
8.82161699973949
9.958516000551754
9.665374000178417
9.172737999506353
9.509079000054044
8.701476999704028
9.117260000493843
9.068025000487978
8.503259000463004
9.274491000724083
9.235229999831063
9.608491999642865
8.8373379994664
9.63773300009052
9.241013000064413
9.41091500044422
9.930741000061971
9.136608000517299
9.388925000166637
8.980383000562142
10.088146999805758
9.668253000199911
9.383978999721876
9.04035500025202
9.004183000797639
10.455537999405351
9.417066000423802
9.129326999754994
8.916900999793143
9.59149200025422
8.925334000196017
9.534549999443698
9.431366000171693
9.968741999728081
8.968623999862757
9.041305000209832
8.907740000722697
9.450127000491193
9.612801999537623
9.609531000023708
8.924742000090191
9.63064699953975
9.344243999294122
9.999834000154806
9.395205999680911
9.888133000458765
8.585562000007485
9.270281999306462
9.504250000645698
9.89136999942275
10.058674999527284
8.849779000229319
7.861379000132729
9.210670000356913
8.782845999121491
8.79850700039242
8.580350999181974
8.806939999885799
8.870128999660665
8.821567999802937
8.628251999653003
8.650753999972949
9.07032600025559
9.629922000385704
8.643033000225842
8.690212999681535
8.613011999841547
8.881548999852384
9.635422999963339
8.55761899947538
8.745025000280293
9.514668000520032
8.053149000261328
9.438723000130267
8.636581000246224
9.784332999515755
9.655163000388711
8.951430999331933
9.511965000456257
9.132367999882263
8.370683000066492
9.009129000332905
9.918965999531792
10.019403999649512
9.73787499970058
8.85515000027226
9.093605999623833
9.850669000115886
8.493549000377243
8.706435000021884
8.35520400050882
9.6952149997378
8.423584999945888
9.299811999881058
9.356733999993594
8.461626000098477
9.500348000074155
10.374954999861075
9.053194999978587
9.668173999671126
9.11705799990159
10.245821000353317
8.83687799978361
10.167409000132466
9.282250999604003
9.664569000051415
8.881271000063862
8.29925100060791
9.14547800039145
8.800191999398521
8.39693600028113
8.75051499951951
9.075056000256154
8.386665000216453
10.256401999868103
9.376574999805598
8.948891999352782
9.993589000259817
8.938852000028419
9.568209999997634
9.021132999805559
8.525259000634833
10.158956999475777
9.123056000134966
9.917641999891202
8.852998000293155
8.320453000123962
8.972542000265094
9.55324999995355
9.758687000612554
9.30769299975509
9.438934999707271
8.950633000495145
9.547625999402953
9.026433999679284
9.434112000235473
9.289223000450875
8.447164999779488
8.732285999940359
8.912950000194542
8.18088899995928
9.437626999897475
9.463207999942824
8.555119999982708
9.578529999998864
9.126267000283406
8.852439000293089
9.858184000222536
11.189899999408226
8.762905999901704
9.391715999299777
9.335484000075667
8.588390000113577
8.466258000225935
8.521388999724877
9.378014000503754
9.031175000018266
9.657983000579407
9.351933000289137
9.734660000503936
9.034005000103207
8.89160000042466
8.706435000021884
9.07535500027734
8.632101999864972
10.563056000137294
8.760415999859106
8.527505000529345
8.752946000640804
8.627451999927871
9.351663999950688
8.977878000223427
8.956693000072846
9.270220999496814
9.64018299964664
8.554756000194175
8.734705000279064
8.956328000749636
8.50907800031564
8.56581100015319
8.779165999840188
9.249090999219334
8.612290999735706
8.887330000106886
8.980793000773701
8.754985999985365
8.965701999841258
9.858659000201442
9.234069999365602
8.97092299965152
8.637359000204015
9.616602000278363
9.288280999498966
8.83139800043864
9.482097999352845
8.825027000057162
8.573460999286908
9.504792999905476
9.165379000478424
8.960902000580973
9.184947999528958
9.395926000252075
8.288282000648906
9.329643999990367
8.643531999950937
8.736145000511897
8.613480999883905
9.539430000586435
8.501547999912873
10.02274300026329
8.593655999902694
8.393374999286607
8.885620000000927
8.879740000338643
8.286336000310257
9.59025100019062
8.971952999672794
9.297181999500026
9.033704000103171
9.52131800022471
8.785297000031278
9.3415740002456
8.93486099994334
8.96856300005311
9.0433249997659
9.457836999899882
9.778378000191879
9.583161000591645
9.632912000597571
8.865339000294625
9.367214000121749
9.472718000324676
8.873675000359071
8.879250000063621
8.829497999613523
9.267351000744384
9.076986999389192
9.779756999705569
9.381304999806162
8.812158000182535
8.849687999827438
8.669652999742539
9.490168000411359
9.037814999828697
8.814937999886752
8.793038000476372
9.136237000348046
10.022643999946013
9.731704999467183
9.452737000174238
9.907801000736072
9.56382499953179
8.862009000040416
9.064814999874216
8.96228199962934
9.724075000121957
8.881039999323548
9.420786000191583
9.026644000186934
9.086955999919155
9.64451299932989
9.33752299988555
8.951752000029956
8.63344200024585
9.46248799937166
8.76257500021893
8.438685999863083
9.515288999864424
9.060436000254413
10.672065000107978
8.795186000497779
9.4059359998937
8.551648999855388
8.916520999264321
8.213529000386188
7.905485000264889
8.70653099991614
8.750641000005999
8.787927999946987
9.634101999836275
8.781165999607765
9.038574999976845
9.290731999499258
8.668273999319354
9.772346999852743
9.514029000456503
8.379314000194427
8.697355000549578
9.206216000166023
9.013453000079608
9.017083999424358
8.827888000269013
8.767916999204317
8.683653999469243
9.478648999902362
8.295512000586314
9.419046000402886
8.838298999762628
8.72564000019338
9.167148999949859
8.879359000275144
9.249361000001954
9.037155000441999
9.081844999855093
9.574740999596543
8.997083000394923
9.528819000479416
9.477018000325188
9.04587500008347
9.599275999789825
8.932450999964203
9.543296000629198
8.442715999990469
9.159687999272137
9.150687999863294
9.659433999331668
9.529089000352542
8.568080000259215
8.813236999230867
8.68043399987073
8.319097999446967
8.750887000132934
8.58099100059917
10.224060000837198
8.905810000214842
9.050194999872474
9.307012000135728
9.042005000083009
9.354394000183675
8.877579999534646
8.798887999546423
9.187618999931146
8.913460000258056
9.380530000271392
8.124342000883189
8.590221000304155
9.094834999814339
10.024454999438603
8.697599000697664
7.748851000542345
8.522494000317238
8.74142100019526
8.606491000136884
9.19780999993236
8.30230199971993
8.997693000310392
8.235570000579173
9.353133999866259
9.01051499931782
9.145702999376226
10.772686000564136
8.593100999860326
8.611801999904856
8.978253000350378
8.650433000184421
9.052304000761069
8.415874999627704
9.291372000006959
8.342304000507283
8.996571999887237
9.250791000340541
9.265951000088535
9.603556000001845
8.768406999479339
9.48125299964886
9.353704000204743
9.455737999815028
9.533500000543427
9.166128000288154
8.309042999826488
8.733654999559803
9.282592000090517
8.96108200049639
9.398856000188971
8.578820999900927
9.506536999651871
8.569251999688277
8.75113100028102
9.242850999726215
8.308571999805281
9.481712999331648
9.466538000197033
9.204310000313853
9.797297000659455
9.030683999299072
8.216244999857736
8.531839999704971
7.04526400022587
8.745461000216892
9.9637220000659
9.012124000037147
8.86515000001964
9.179472999676364
9.225830000104907
9.370969999508816
9.232111000528676
9.269492000385071
8.491582999340608
12.046226000165916
9.09197100008896
8.7013799993656
9.368614000777598
8.378814000025159
9.20000899986917
9.27324199983559
8.765925999796309
9.100926999963121
8.834848000333295
8.395739999286889
8.867979000569903
9.266291999665555
9.363594999740599
10.709524999583664
8.647063000353228
9.264512000299874
8.866223999575595
9.232331000021077
8.781966999777069
8.724864999749116
9.578541000337282
8.802206999462214
9.495518000221637
9.00399500005733
8.569913999963319
9.412695999344578
9.096415999920282
9.170217999781016
9.643403000154649
9.010243999910017
8.927312000196252
9.581481000168424
8.753995000006398
8.91130099989823
9.56308100012393
8.397379000598448
9.33870399967418
9.261141000024509
9.728355999868654
8.299172000079125
9.333583000625367
8.696764999513107
9.352842999760469
8.679022999785957
8.887199999662698
9.492766999755986
8.863169000505877
9.101746999476745
9.354525000162539
10.098857999764732
9.226899999703164
8.983016999991378
8.685333999892464
9.497912999904656
9.762951000084286
8.932522000577592
9.618742000384373
9.502646999862918
9.487213999818778
9.528743999908329
9.200610000334564
8.793252000032226
9.375835000355437
8.588580999457918
9.041039999829081
8.403985999393626
9.189299000354367
9.239070999683463
9.57139999991341
8.372925000003306
9.260779999749502
9.251230999325344
9.550859999762906
9.192469000481651
9.019953999995778
8.923616000174661
8.727440000257047
8.698618999915197
8.330683000167483
8.313292999446276
9.16855899959046
9.098135999920487
9.244449999641802
8.993163000013737
9.153338000032818
8.254796000073839
8.626752000054694
9.491968000475026
8.788506999735546
8.93126599930838
8.258080999439699
8.68716399963887
8.490377999805787
8.854984000208788
8.705984999323846
8.38741499956086
8.639052000035008
9.012503000121797
9.070776000044134
9.306557999479992
8.675432999552868
9.512139999969804
9.162342999843531
9.115457000007154
8.723545000066224
9.164687000520644
8.407087999330543
9.019013999932213
9.022424000249885
9.62142199932714
8.423725999818998
8.460176999506075
9.457027000280505
8.754997000323783
9.614612999939709
9.613381999770354
8.925441000428691
8.591770999373693
9.123146999627352
9.3023630006428
10.693645999708679
8.345733000169275
9.730125000714906
9.449827000025834
9.6783939998204
8.087686000180838
9.150577000582416
8.694174000083876
9.790729999622272
9.44181600061711
9.096507000322163
9.728805999657197
9.409244999915245
9.135737999713456
8.925774000090314
9.48318799964909
8.89467299930402
9.22420000006241
8.81768099952751
8.81259699963266
9.907901000588026
8.686664000379096
9.056545000021288
9.439025999199657
9.542260000671376
8.471057000861038
9.430297000108112
9.614597000108915
10.198218999903474
9.310782000284235
9.226352999576193
10.228402000393544
8.986642999843752
9.328166999694076
8.940900999732548
9.463186000175483
8.88892999955715
9.856838999439788
9.744124999997439
9.973962999538344
8.66855399999622
8.979203000308189
8.950561999881756
9.907230999488092
10.155177999877196
9.671615999650385
9.450680000554712
9.055035000528733
8.9933529998234
9.827109000070777
7.060683999952744
9.012194000206364
9.94786200044473
8.984781999970437
9.086095999919053
9.49795799988351
9.894420999444264
9.092006999708246
10.196229999564821
9.168238000711426
9.30174299992359
9.20580899946799
10.299755000232835
9.527129999696626
9.858809999968798
9.797527000046102
9.691244000350707
9.677093999926
9.459967000111646
9.717898000417335
9.15298099971551
9.216509999532718
9.216720000040368
9.629371999835712
9.150358000624692
8.495867999954498
9.042953999596648
10.177588999795262
9.083876000659075
10.059078000267618
10.27520200022991
10.16000100025849
8.840698999847518
9.721348999846668
9.109679000175674
8.88398299957771
9.29894199998671
8.889679999811051
10.025514000517433
8.851528999912261
9.602455000276677
8.942291000494151
10.095966000335466
8.802828000625595
10.288613000739133
9.368474999973841
9.656143999563938
9.858500000518688
9.039034000124957
9.955452000212972
9.230202999788162
9.724315999847022
9.043342999575543
8.871578999787744
9.215089999997872
8.733156999369385
9.195388999614806
8.876359000169032
9.339144000477972
10.011194000071555
9.394055000484514
8.994803999485157
10.1179109997247
9.213979999913136
9.344294000584341
9.08381599947461
9.683892999419186
9.209119999468385
8.972902000095928
9.92338100058987
9.060055000190914
8.856278999701317
8.995293000225502
8.90665099996113
9.579532999850926
8.71497600019211
10.124548000021605
8.646842999951332
8.89894100055244
8.82138799988752
9.132731000136118
9.475920000113547
9.30155200057925
9.351525000056427
9.114405999753217
8.5677389997727
9.623054999792657
11.433788000431377
13.187833000301907
11.274604999925941
9.940892000486201
9.498618999714381
9.411596000063582
8.98312299977988
9.221039999829372
9.20207999934064
9.556330000123126
9.147048000158975
9.969511999770475
9.285807000196655
10.006135999901744
9.845589000178734
9.375948000524659
9.950671999831684
9.076375999939046
9.1320090004956
9.54937099959352
9.13136700000905
9.256391000235453
9.965152999939164
9.088345999771263
9.08186500055308
10.115937000591657
9.366444999614032
8.733505999771296
9.421626999937871
9.138357000665565
9.05205399976694
9.830807999605895
9.62799199987785
9.039755999765475
9.763566999936302
10.238830999696802
9.12801800041052
9.670426999946358
8.762245999605511
10.805167000398797
9.356944000501244
9.224741000252834
9.193470000354864
9.735186999932921
9.412445000634762
10.546440999860351
9.275561999857018
9.226621000379964
9.738665999975638
9.058924999408191
9.323252999820397
9.370773999762605
9.600612000213005
9.830341000451881
8.542980000129319
8.773995999945328
9.327276000476559
9.501837999778218
9.330593999948178
9.512169000117865
9.549140000672196
9.19433899980504
9.598681000170473
8.826308000607241
9.273871999539551
9.144966999883763
9.001712999634037
9.476107999944361
9.616781999284285
10.608691999550501
9.265061000405694
9.572605000357726
9.088585999961651
8.865269000125409
8.970761999989918
9.451066999645263
8.376503999897977
8.666972999890277
9.23787400006404
9.417997999662475
9.673147000285098
9.93774200014741
8.873028000380145
9.572445999765478
8.929792000344605
8.537581000382488
9.169588999611733
9.596891000001051
8.618701999694167
9.12770999912027
9.578684000189241
8.662473000185855
9.254323999812186
9.330344000773039
9.086785999897984
8.773956999903021
8.807168000203092
8.28204099980212
8.76549700024043
9.487016999628395
9.315342999798304
9.016573999360844
9.080406000066432
9.279884000534366
8.426746000623098
9.998968999752833
9.236677999979293
9.00312399971881
8.978492000096594
9.473437999986345
9.37310500012245
10.276052000335767
9.386474999701022
9.614432000489614
9.495379000327375
8.61765099944023
8.615364999968733
9.33785200049897
9.244590999514912
8.944121999775234
10.356843999943521
9.295992999795999
8.990803000415326
8.735315000194532
8.774916999755078
9.390805000293767
9.402575999956753
9.274441999878036
9.639441999752307
8.934141999816347
9.15361799980019
9.716598000522936
10.21740000032878
9.273804000258679
10.247311999592057
9.229530000084196
10.020864999205514
9.598570999514777
9.611602000404673
9.28304199987906
10.101107000082266
8.875899000486243
9.600996999324707
9.015253999677952
8.805796999695303
10.109307000675471
9.895480000523094
8.618341999863333
9.159877999991295
9.144728000137547
9.433315999558545
9.338632999970287
9.279961999709485
9.420006000254944
9.191458000714192
8.918811000512505
8.743785000660864
9.426967000763398
9.141367000665923
9.53244500033179
8.675214000504639
9.29342200015526
8.727497999643674
9.714834999613231
8.554730000469135
9.25177299995994
8.902210000087507
9.242911000001186
8.592164000219782
8.954991999416961
9.030563999658625
9.381934999510122
9.279302000322787
9.397165000336827
8.898041999600537
9.080544999960694
9.053404000042065
9.170839000034903
9.12662700011424
9.434565999981714
9.41610599966225
9.96146499983297
9.682744000201637
9.485927999776322
9.369995999804814
9.319743000560266
9.526969000035024
9.53890999971918
9.279542000513175
9.470807000070636
8.633542000097805
8.914009999898553
8.964683000158402
9.374545000355283
9.769215999767766
9.16133800001262
8.494958000483166
8.618695000222942
8.827447999465221
9.327603000201634
9.61960199947498
8.610361000137345
9.221819999766012
8.990033000372932
9.200249000059557
9.652903000642254
8.587550999436644
8.970691999820701
9.032564999870374
8.988143000351556
9.294065000176488
9.679777000201284
9.340614000393543
9.269821999623673
8.6364720000347
8.755334999477782
9.195650000037858
9.361503999571141
9.721274999719753
9.24723099979019
10.160668999560585
9.838108000622015
10.219270000561664
9.127469999839377
9.733976000461553
8.926139999857696
10.019513999395713
9.112198999901011
9.70825700005662
9.723525000481459
9.654723000494414
9.506118999524915
9.330704000603873
9.595731999979762
9.002345999761019
9.095836000597046
9.350074999929348
9.076705999177648
9.317332000136958
9.13937800032727
8.998463999887463
8.89190999987477
8.303481999973883
8.726600000045437
9.171148999485013
9.353213000395044
9.563089999574004
9.15748799980065
8.95659199977672
9.70412500009843
8.66705299995374
9.400916000231518
8.996503000162193
9.54976000048191
8.940243999859376
9.261731000151485
9.596531999704894
9.388184999806981
8.755087000281492
8.996134999506467
9.230650999597856
8.76409199918271
10.26141300008021
9.65873599943734
9.515079000266269
8.194168999580143
9.900721000121848
9.160970999801066
8.583769999859214
8.883599000000686
8.531640000001062
9.444907000215608
9.35934399967664
9.6997549999287
9.347524000077101
8.28347200058488
8.378164000532706
8.43579599950317
8.203188000152295
8.964122000179486
8.849339999869699
8.93665100011276
8.675083000525774
9.277107999878353
9.715295000205515
8.959011999650102
8.873078999386053
8.592920999944909
8.673324000483262
8.548049000637548
8.754454999689187
9.088486000109697
8.700343999407778
8.342541999809328
9.103956000217295
9.133857000051648
8.136516999911692
8.756956000070204
8.357502999388089
9.095926999179937
8.737136000490864
9.388884999680158
8.569770000576682
8.738304999496904
9.154747999673418
9.277172000111022
9.59788100044534
11.159738999594992
10.615977999805182
10.512668999581365
10.46664800014696
11.021274000086123
9.892400999888196
10.09138500012341
9.510632999990776
9.701359999780834
10.795357999995758
9.9344669997663
9.758125999724143
9.783356000298227
9.414535999894724
9.546739999677811
9.188508999613987
9.28631700026017
10.181648999605386
8.848729000419553
9.305463000600867
8.970632999989903
8.36928400076431
10.076726000079361
9.020544000122754
9.094456000639184
8.348664000550343
9.383909999996831
9.519553999780328
10.035814999355352
9.536759000184247
10.049913999864657
9.766535999915504
10.05775499925221
9.075471000869584
9.960567000234732
10.470187999999325
9.805296999729762
9.900335000565974
10.097931000018434
8.997674000056577
9.599611000339792
9.811097999772755
9.757515999808675
9.273491999920225
8.043359000112105
8.895390999896335
8.68515300044237
8.8558750003358
8.783942000263778
8.902021000722016
9.21282000035717
8.708004000254732
9.324564000053215
10.30580199949327
9.253781000552408
8.812279000267154
8.729664999918896
8.582270999795583
8.868279999660444
8.900350000658364
8.022443000299972
8.020674000363215
9.065014999578125
8.631742000034137
9.33819300007599
8.877209999809565
9.267172000363644
8.768996000071638
8.730505000130506
9.951377000106731
10.598731000754924
10.01776900011464
11.17301900012535
10.729999999966822
10.063620000437368
10.90128600026219
10.57074999971519
10.515250000025844
10.313142000086373
10.682923999411287
11.161364000145113
8.943015999648196
9.531188999972073
9.820258999752696
9.627397999793175
8.977683000011893
9.408836000147858
9.824859000218567
9.726186000079906
8.902966000277956
9.235200000148325
9.168278999823087
9.543899999698624
9.216464999553864
9.233140000105777
9.161589000541426
8.904529000574257
9.153203000096255
8.508973000061815
8.736906000194722
9.09020499966573
10.499438999431732
8.3476840000003
10.615842999868619
9.207828999933554
8.690883999406651
9.063025000614289
9.031993999997212
9.371414999804983
9.3473040005847
8.197033999749692
9.702659999675234
8.76332600000751
8.609572000750632
8.96507300058147
8.318572999996832
9.10794699939288
9.256362000087393
9.380054999382992
9.613272000024153
9.52159899952676
9.3948450003154
10.082595999847399
8.946902000388945
8.523704000253929
9.93007699980808
9.508658999948238
9.907054999530374
9.58352100042248
10.707694999837258
10.231250000288128
9.398195999892778
8.745424999688112
10.175999000239244
9.022195000397915
8.513067999956547
9.01052900007926
9.523619999527
9.305981000579777
9.621782999602146
8.148408000124618
8.631083000182116
9.479358999669785
8.85121800001798
8.720560000256228
9.003373000268766
8.688624999194872
8.206919000258495
8.52354899961938
9.041092999723332
9.363724000650109
8.16970800042327
9.226409999428142
8.907640999495925
8.769295999627502
9.04102000004059
9.159547999843198
8.579260999795224
9.024803999636788
8.15765800052759
9.558650000144553
9.042444999977306
8.928690999709943
8.179798000128358
9.009114000036789
8.131136999509181
8.351573000254575
9.378335000292282
8.861358999638469
8.235030000832921
8.850883999912185
8.709730000191485
9.239426000021922
8.83528699978342
9.571660999426967
8.263040999736404
9.55182999950921
9.108046999244834
9.17196799946396
9.60362800014991
9.033653999722446
9.026493999954255
9.158144000139146
9.081740000510763
9.831237999605946
10.648597999534104
10.384144999989076
10.409735999928671
8.816683000077319
12.206661000163876
9.148227999503433
9.523819000605727
9.256327000002784
9.938741000041773
10.86940000004688
9.25435200042557
9.127042999352852
8.804318000329658
8.861839000019245
9.275270999751228
9.38379499984876
9.194330000354967
10.612942000079784
9.673933000158286
10.119988000042213
8.850588999848696
9.219099999427272
9.000612999443547
9.40518500010512
9.02852399940457
9.375835000355437
9.339924000414612
8.47869700010051
9.020043999953486
8.847828000398295
9.49803899948165
9.333093999885023
9.406455000316782
9.08419600000343
8.682353000040166
8.771365999564296
8.652931999677094
9.155947999715863
9.585171999788145
8.70894500076247
9.010288999888871
9.693035000054806
8.376144000067143
9.171679000246513
9.032120000483701
8.470828000099573
8.735946000342665
9.158468000350695
9.201374999975087
8.370579999791516
8.520153999597824
9.734799999932875
9.250570999938645
9.314562999861664
8.983172000625927
9.139307999248558
8.279231999949843
9.650734000388184
8.913769999708165
8.950092000304721
8.375903999876755
9.076475999791
8.82519299921114
8.899189999283408
9.344183999928646
8.11628599967662
9.137279000242415
8.26889099971595
8.312992999890412
8.53617899974779
8.762157000091975
8.751606000259926
8.67032400037715
8.886149999852933
8.884009999746922
10.048877999906836
9.126447000198823
10.881350000090606
10.001344000556855
9.357099000226299
9.748616000251786
10.033044000010705
10.037084000032337
9.125391999987187
9.28273700083082
10.434486999656656
9.430635999706283
9.64900300004956
9.461507000196434
9.489653999480652
9.897541000100318
9.528499000225565
9.603641000467178
9.201136000228871
9.737066000525374
9.92360700001882
9.046264999597042
8.71422000000166
9.85873000081483
8.884540000508423
9.519409999484196
8.862634999786678
9.76939699921786
9.425665999515331
9.217009999701986
9.871250999822223
9.189638999487215
10.659794000275724
8.983203000752837
8.939655999711249
9.128476999649138
9.130227000241575
8.553284999834432
9.482818000833504
8.908169999813254
9.028444000250602
8.870869999554998
9.122036000007938
8.751555999879201
9.502517999862903
9.462177000386873
8.736500999475538
9.891661000438035
9.802147000300465
8.504297999934352
8.546310000383528
9.019625000291853
9.16707799933647
9.239418999641202
9.05703500029631
8.339822999914759
9.274232999814558
8.858273999976518
9.109237000302528
8.624911999504548
10.744277000412694
9.06068999938725
8.200838999982807
8.610361000137345
8.952082000178052
10.04186399950413
8.304152000164322
9.354454999993322
8.483816999614646
8.456746999399911
8.939941000789986
9.42564599972684
8.470177000162948
8.147937000103411
9.49409800068679
8.374240000193822
9.815917999731028
8.240920000389451
9.033353999257088
8.632717999716988
9.162688999822421
9.333914000308141
8.952791000410798
8.22072000028129
9.165127999949618
8.884109999598877
10.661958999662602
9.856284999841591
11.387161000129709
10.624338000525313
10.23782599986589
10.071169999719132
11.60484699994413
9.637747999477142
10.625913000694709
9.729970000080357
10.8093339995321
9.905876000630087
9.546605000650743
8.78480700066575
9.332593000181078
9.08411199998227
9.256096000171965
9.638393000386714
9.794148000764835
9.522230000584386
8.996132999527617
11.375355000382115
9.314013000221166
9.802827999919828
8.720725000785023
8.502239000335976
9.518769000351313
10.02431000051729
10.053791000245837
10.993543000040518
10.890661000303226
9.749605999786581
9.963792000235117
9.064730999853055
10.46913800018956
11.134234000564902
10.147274000701145
10.677295999812486
9.547802000270167
10.414723999929265
9.63198299996293
10.0283039992064
9.027937000610109
8.652243000142334
9.202631999869482
8.300802000121621
8.552338999834319
8.645161999993434
8.758685999964655
8.606780999798502
8.62321200020233
8.38787499924365
8.826318000501487
8.538568999938434
8.616901000095822
8.468037000056938
8.986283000012918
8.49019799989037
8.843968999826757
8.698996999555675
8.165418000317004
9.418204999747104
8.781496999290539
8.80459800009703
8.928031999857922
8.725525000045309
8.102316000076826
7.989492999513459
8.593180999923788
10.346076999667275
10.450214999764285
9.744867999870621
10.44831899980636
9.243933000107063
9.383609999531473
10.969804000524164
9.260257000278216
9.406663999470766
8.493268000165699
9.550158999445557
9.392643999490247
10.060355999485182
8.95108400072786
9.330245999990439
8.029143999920052
9.209674999510753
8.139528000356222
9.19685999997455
9.057025000402064
8.265631000540452
9.075285999642801
12.03011800043896
8.85918899984972
9.635392999371106
9.175778000098944
8.372544999474485
8.729595000659174
8.262350999757473
8.438476000264927
9.211169000082009
8.610273000158486
8.551619999707327
8.919080000850954
8.425635999628867
7.873029999245773
8.313223000186554
8.645282000543375
8.316384999488946
8.744966000449494
8.989893000034499
8.657013000629377
8.448886000223865
8.078114999989339
8.169337999788695
8.617402000709262
8.935554000345292
8.5343090004244
9.089965999919514
8.423836000474694
8.231060999605688
8.506217999638466
8.414145000642748
8.172419000402442
8.268880999821704
8.54574999993929
8.559459000025527
8.658652999656624
8.815037999738706
8.37199400029931
9.79024699972797
8.612201999312674
7.91122999999061
8.29109200003586
8.230270000240125
8.427536000453983
8.11877700016339
8.324562999405316
8.697984999344044
8.626464000371925
8.904994000658917
8.595510999839462
8.470887999465049
8.43224599975656
8.588501999838627
8.474780000142346
8.319063000271854
8.05903499986016
8.395044999815582
8.730214999559394
8.362592999219487
8.579780000218307
8.158677000210446
8.926291000534547
8.19484299972828
8.694136000485742
8.618991999355785
8.604171999650134
8.34689899966179
8.717899999282963
8.634712000457512
8.346362999873236
8.984533000329975
8.846491000440437
8.616502000222681
8.434745000158728
8.564989999285899
8.4175049996702
8.988102999865077
8.73170399972878
8.081484999820532
8.631983000668697
8.687614000336907
9.121588000198244
8.262440000180504
8.355052999831969
8.69165400035854
8.81199800005561
7.971991999511374
8.990813000309572
8.248221000030753
8.479200999317982
8.338956000443432
8.506408000357624
8.319993000441173
8.767405999606126
8.181798999430612
8.763425999859464
8.878848999302136
8.747656000196002
8.71499499953643
8.633011999336304
8.924820999709482
8.875829999851703
9.0576049997253
8.539149999705842
8.145066999531991
8.632661999399716
8.409005000430625
8.582280999689829
8.20947200008959
8.614532000137842
8.389833999899565
8.828148000247893
8.97647199963103
8.565901000110898
8.27629400009755
8.06123500024114
8.668292999573168
8.842098000059195
8.300151999719674
8.243530000072496
8.654742999169684
8.674673999848892
8.643592999760585
8.247901000686397
8.796047000032559
8.551948999411252
8.745979000195803
8.800847000202339
8.226270000704972
9.034534000420535
8.42591899981926
8.565991000068607
8.600763999311312
8.42504599950189
8.351164000487188
9.547680000650871
8.307002000037755
9.293252999668766
8.386866999899212
8.81810100054281
9.402155999850947
9.194109000418393
9.205639999890991
8.713643999726628
8.41205600045214
8.675182999468234
8.779216000220913
8.900251999875763
8.084175000476534
9.070144999896002
8.886420000635553
9.556880000673118
8.246520000284363
9.165018000203418
8.7540459999218
9.324263000053179
8.71250499949383
8.52048900014779
8.56277900038549
9.255600999495073
8.77572700028395
8.488496999234485
8.585751000282471
8.814177999738604
8.614481999757118
8.427376000327058
9.242240999810747
8.22390000030282
8.691664000252786
8.557670000300277
9.005023000099754
8.559629999581375
8.42068499969173
8.71973799985426
8.955344000241894
8.502708000378334
8.700483999746211
8.754905999921903
8.506387999659637
8.947872000135249
8.299081999211921
9.295092999309418
8.393335000619118
9.475337999901967
8.168138000655745
8.541588999833039
8.533118999366707
8.686604000104126
8.247730999755731
8.345133000148053
8.922793999772693
8.86833000004117
8.073349999904167
8.21680999979435
8.711024999684014
8.874520000063058
8.479746999910276
8.80034700003307
8.490807999805838
8.227469999837922
8.360474000255635
8.55619000049046
8.962502000031236
8.563719999983732
8.478108000417706
8.768476000113878
8.279030999801762
8.565600000110862
7.893509000496124
8.067335999839997
8.697313999618927
8.366393999494903
8.829788000184635
8.3590969998113
8.315502999721502
8.365424000658095
8.4330259996932
8.727237000130117
8.555788999728975
8.126726999762468
8.481410999593209
8.231750000049942
8.943091000219283
8.057853999162035
8.515048000845127
8.224838999922213
8.93526199979533
8.378967999306042
8.978021999610064
8.859590000611206
9.143648000645044
8.529551000719948
9.040345000357775
9.442246999242343
8.441426999524992
8.441795999715396
8.101906000774761
8.669784000630898
8.367874000214215
8.78442700013693
8.330253000167431
7.892429999628803
8.928170999752183
8.640281999760191
9.299221999754081
9.173858999929507
8.431715999904554
9.115046999795595
8.715474999917205
8.249010999861639
8.145437000166567
8.94292199973279
9.194009000566439
8.163368000168703
8.910770000511548
8.002573000339908
10.092606999933196
9.015323999847169
8.226420999562833
8.421445999374555
8.781559000453854
8.11417699969752
8.20331900013116
8.924579999984417
8.18845899993903
8.603631000369205
9.036013999320858
8.076574999904551
8.523999000317417
8.301116999973601
9.126056999775756
8.901639999749023
8.726624999326305
8.946091999860073
8.537452000382473
8.394136999413604
8.70743500036042
8.470175999718776
8.935430999372329
9.038614000019152
8.595791000516328
8.622782000202278
9.804016999623855
8.396034999350377
8.381804999771703
8.53871999970579
9.194448999551241
8.510199000738794
8.377094000024954
9.127116999479767
8.50826900023094
8.688773000358196
8.436885999799415
8.301832000142895
8.289352000247163
8.661353000206873
8.872651999809023
7.973402000061469
8.200899000257778
8.493037999869557
9.165939000013168
8.33483300084481
9.2449409994515
8.606326000517583
8.494317999975465
8.583111000007193
8.092325999314198
8.831568999994488
8.354112999768404
8.798787000159791
8.247510000728653
8.053328000642068
8.547139999791398
8.425796000665287
8.742727999560884
8.631540999886056
8.603841999502038
9.051895000084187
8.599071000389813
8.75331599945639
10.0007139999434
8.326193000357307
8.584890999372874
9.66868399973464
8.803106000414118
8.957134999945993
8.382587999221869
8.469637000416697
8.376793999559595
9.052104999682342
8.360556999832625
8.330874000421318
8.332353000696457
8.545448999939254
8.94974099992396
8.178217999557091
8.618480999757594
8.917371000279672
8.211268999730237
9.195918999466812
8.549248999770498
8.820967999781715
8.708983999895281
9.457277000365139
9.071364999726939
8.38876500074548
8.942470999500074
8.668022999700042
8.948352000516024
8.979051999631338
8.714614999917103
8.952381000199239
8.755369000027713
8.559240000067803
8.400855000218144
8.781550000094285
8.66596300056699
8.384804999877815
9.349253999971552
8.363914000256045
9.702045999802067
10.321765999833588
8.29691300077684
8.81678799942165
8.716974999515514
8.857998999701522
8.90243100002408
8.781798999734747
8.511197999723663
8.344132999809517
8.029003000046941
8.421065999755228
8.359874000234413
8.926900999540521
8.612541999355017
9.061935000318044
10.874833000343642
12.864968000030785
11.891770999682194
10.945433000415505
10.71755600059987
10.027884999544767
9.957303000192042
9.302501999627566
9.960933000002115
9.071449999282777
8.767131000240624
10.373997999522544
8.387726999899314
8.803771000202687
8.642421999866201
8.73924499956047
8.142783000039344
9.054555000147957
8.548124999833817
8.889474999705271
9.095591999539465
9.886164999443281
8.49812300020858
9.61568700040516
8.939255999393936
8.657708000100683
9.502973999587994
9.359179000057338
8.93633600026078
8.270506999906502
8.977323000181059
8.488018000207376
8.311032000165142
8.77217200013547
9.401880999575951
9.883830000035232
8.455586999843945
8.793878000687982
9.124616999542923
8.371945000362757
8.852668999679736
8.930962000704312
9.429881999494683
8.958841000094253
9.504838999419007
8.727984999495675
9.189239000079397
9.060565000254428
8.610311999291298
8.508028000505874
8.091145000435063
8.854318999510724
9.483798000474053
9.054774999640358
8.231260999309598
8.68330400044215
8.735866000279202
9.352519999993092
9.66206900011457
9.232939999492373
8.690693999596988
8.08770099956746
7.753846000014164
9.453677000237803
8.965592000095057
8.966753000095196
9.486148000178218
9.170217999781016
8.75866699971084
9.991643000830663
8.66483200024959
9.179208999739785
8.628622000287578
8.710594000149285
8.984781999970437
8.713729999726638
8.412490999944566
8.781976999671315
9.319302999756474
9.572429999934684
9.200299999974959
8.156857999892964
8.786106999650656
8.69065899951238
8.91229100034252
9.433967000404664
9.44268200055376
8.966713000518212
8.182929000213335
8.47820800026966
8.472637000522809
8.468367000205035
9.471016999668791
8.945937000135018
8.65869399967778
9.141227999862167
9.602252000149747
9.348904000034963
8.659392000481603
8.788927000750846
9.306222000304842
8.84470799974224
8.422765999966941
9.477174000494415
9.004143999845837
8.909359999961453
9.210760000314622
8.45834699975967
9.22944100057066
9.01986400003807
9.285791999900539
9.20864999989135
8.355804000530043
9.623142999771517
8.806947999801196
9.220049999385083
8.629631999610865
9.24712100004399
9.271492000152648
9.542810000311874
8.290921000480012
9.91605699982756
8.959971999502159
9.520378999695822
9.030799999891315
8.724965000510565
8.480098000291036
8.997623000141175
9.581090999745356
9.214511000209313
9.76706599976751
9.013562999825808
9.411985999577155
8.84568799938279
8.928942000238749
8.5805500002607
8.701414999450208
9.038655000040308
9.111567000218201
8.883599000000686
9.061005999683402
8.56973099962488
8.513565000612289
9.190815000692965
9.018138999635994
8.342623000316962
9.469458000239683
9.543870000015886
8.609696999883454
9.567551000145613
9.253000999706273
8.50417799938441
8.832088999952248
8.598391000305128
8.94308699935209
8.97477299986349
9.644732999731787
9.328708999419177
8.732735999728902
8.495343000504363
9.004094000374607
9.766822000528919
9.362335000332678
8.609526000327605
8.594510999500926
9.505699000328605
9.07814599941048
8.29823700041743
9.121938000134833
9.089162000236684
9.496417999798723
9.88022900037322
8.910231000299973
9.28857200051425
9.1282780003894
9.78850799947395
8.93772200015519
8.162627999809047
9.40742499915359
8.958022000115307
9.334854000371706
8.721774000150617
9.568469999976514
8.945292000134941
8.88304500040249
9.214220000103523
9.241539999493398
9.447396999348712
8.382109999729437
9.615570999812917
8.805282000139414
8.394335000048159
9.218055999554053
9.640284000852262
8.25382999937574
8.60314199962886
8.377285000278789
9.175228999993124
8.473506999507663
8.7943369999266
9.00819400067121
8.601671000178612
8.857189000082144
8.694170000126178
9.32518399986293
8.765085000050021
8.524619000127132
8.938310999837995
8.756606000133615
9.22139900012553
8.454496000013023
9.351024000352481
9.023124000123062
9.53613999990921
9.102696999434556
8.384604999264411
8.647042000120564
9.210340000208816
8.518212999661046
8.958601999438542
9.075795000171638
8.326221999595873
9.6683240008133
8.54717000038363
9.602450999409484
9.882370999548584
8.309923000524577
8.33879799938586
9.599761999197653
8.852847999150981
9.437257000172394
9.371969999847352
9.654053000303975
9.09217600019474
8.884834999662417
8.861758000421105
8.906351000405266
9.137697000369371
8.38762500006851
9.254341000087152
8.317252999404445
9.015003999593318
8.921541000745492
9.073275999980979
8.518344000549405
8.943901999373338
8.745875999920827
8.663383000566682
8.75315600023896
9.032310000293364
9.4982489999893
9.195030000228144
8.358453999790072
8.69306399999914
9.006292999401921
9.540764999655948
9.073704999536858
8.375735000299755
8.54348899974866
9.389984999870649
8.778456999607442
9.82978899992304
8.364604000234976
8.90614999934769
9.069341000213171
9.462248000090767
8.563190000131726
8.714155000234314
8.745635999730439
9.004833000290091
9.200208999573078
8.66753299942502
9.705153999675531
9.121997999500309
8.551339000405278
8.867298999575723
8.855840000251192
9.308552000220516
9.546776000206592
8.406951000324625
9.012714000164124
9.983934000047157
9.326172999863047
9.015464000185602
9.666264000770752
8.635101999971084
8.517913999639859
9.023663999869314
8.716493999600061
9.515488999568333
8.976673000688606
8.485416999974404
9.676605000095151
8.542528999896604
9.426616000382637
8.741086000554787
8.06863500019972
9.280561999730708
9.160509000139427
8.93497600009141
9.045580000019982
8.585440999922866
9.661258999585698
9.812952999709523
9.447643000385142
9.045931000400742
8.823742999993556
8.733644999665557
9.026445000017702
8.845739000207686
9.031599999616446
8.79130700013775
8.670854000229156
8.453226999336039
8.15724299991416
8.511658999850624
8.64312300018355
8.158268000443059
8.323302000462718
8.923560999392066
9.088926000003994
8.823684000162757
10.366005999458139
8.711524999853282
8.971817000201554
8.96384199950262
8.58788599998661
9.211949999553326
8.417664999797125
8.888814999409078
9.18852999984665
10.124686999915866
8.645433000310732
8.786035999946762
8.536119000382314
8.905910000066797
8.396249999350403
8.495828000377514
8.269977000054496
9.157183999377594
9.137952999481058
9.0400849994694
9.016504000101122
8.483356999931857
9.16196299931471
8.959522999248293
9.009394000713655
8.765307000430766
9.384825999404711
9.271521999835386
8.406056000239914
8.096875999399344
8.229230000324605
9.378565000588424
8.270100999652641
8.618281000053685
8.985524000308942
8.69106499976624
8.836818999952811
8.401624999351043
9.014028999445145
9.12878799954342
8.572929999900225
8.72590500057413
8.752476000154275
8.976732000519405
8.653632999994443
9.21418000052654
9.034708999934082
9.209015000124054
8.724696000172116
8.717554999748245
8.966381999925943
8.426921000136645
9.234150999873236
9.006582999973034
8.670703999996476
8.83370300016395
8.976932999757992
9.70449499982351
8.323072999701253
8.133046999319049
9.338513999864517
8.62815300024522
8.829227999740397
8.880665999640769
7.745775000330468
8.434825999756868
8.515649000401027
8.641491999696882
9.627301999898918
9.234750000359782
8.918811000512505
8.454577000520658
8.689094000146724
9.026774000631121
9.206408999489213
8.98056300047756
9.336694000012358
8.784115999333153
8.533569000064745
9.653673000684648
9.135367999988375
8.654722999381192
9.135708000030718
9.086074999686389
8.957082999586419
9.418505000212463
8.326598999701673
9.449627000321925
8.294940999803657
9.13364799998817
9.475148000092304
8.84015800056659
9.067361000234087
10.133748000043852
8.844078999572957
9.38556500022969
8.835868000460323
8.857243999955244
8.791356999608979
8.890889999747742
8.613480999883905
9.739946000081545
9.084481000172673
9.021044000292022
9.624322000490793
9.236880000571546
9.232829999746173
10.32199400015088
9.236500999577402
9.32652300070913
8.884730000318086
8.453186000224377
8.917051000025822
8.90572099979181
9.227659999851312
8.429835999777424
8.971992000624596
8.593706999818096
9.294373000557243
8.210689000407001
9.728071000608907
8.800976999737031
7.880418999775429
9.737986000800447
9.07980600004521
9.217625000019325
9.377485000186425
8.7643160004518
9.51813800020318
9.261821999643871
9.035664000293764
9.52306899944233
8.417906000431685
9.695724999801314
8.15545099976589
9.066075000191631
8.733677999771317
8.635762000267277
8.593389999987266
8.359244000530452
8.2892720001837
8.550080000532034
8.897460000298452
8.86895999974513
8.995223000056285
8.185249000234762
8.291071999337873
8.66485400001693
8.947561999775644
8.583383999393845
8.407275000536174
8.98880300064775
8.228650000091875
9.346554000330798
8.33101300031558
8.280330999696162
8.960082999692531
8.428355999967607
8.263120999799867
8.18586100012908
8.14732799972262
9.275832000639639
8.977112999673409
8.770385999923747
10.059864999675483
8.84875900010229
8.955311999670812
9.239709999746992
9.722284999952535
9.440607000215095
9.966762999283674
9.278462000111176
9.182638999845949
9.426489000361471
9.059035000063886
8.753596000133257
9.52321199929429
9.262031999242026
9.693535000224074
9.235200000148325
9.986383999603277
9.008373999677133
8.763205999457568
8.208019000448985
9.068716000001587
9.220140000252286
9.153777999927115
9.626641999602725
9.35588300035306
9.322953000264533
9.228509999957168
9.380475000398292
9.856000000581844
8.69557399983023
9.02590500027145
9.311662999607506
9.429965999515844
9.40604799961875
9.075105999727384
9.683334000328614
8.688533000167808
8.975443000053929
8.803337000244937
8.428995999565814
8.847637999679137
9.416326000064146
8.829947999402066
8.843818999594077
9.425666999959503
8.806587000435684
9.39937600014673
8.289632000014535
9.036133999870799
8.61312100005307
8.83554899974115
9.113596999668516
8.813127999928838
9.425585999451869
8.856403000208957
9.378015000038431
9.792177999770502
8.640877999823715
8.713164999790024
10.24179100022593
8.443786000498221
9.947882000233221
9.493407999798364
9.003223000036087
8.435875999566633
9.39891500001977
9.251241000129085
9.321262999947066
8.940331000303559
8.731165999961377
9.629621999920346
8.711167000001296
8.24164000005112
8.741487999941455
8.298572000057902
8.916330999454658
8.380035000300268
9.402747999956773
9.566911000547407
8.739275000152702
9.312913000030676
9.137176999502117
8.398904999921797
8.918370000174036
9.317882999312133
9.544559999994817
9.10187599947676
8.624242000223603
8.721175000573567
10.945822999929078
9.719974999825354
9.310292000009213
8.51705100012623
8.652432999951998
9.74891599980765
8.949701000346977
8.691248999639356
9.07762599945272
8.974823000244214
9.906410999974469
9.262960999876668
8.983813000668306
8.868009999787319
9.154467999906046
9.407215999999607
9.419510999578051
8.629062000181875
9.453707999455219
8.323032999214774
9.75563600059104
10.199379999903613
9.072005999769317
9.709175000352843
9.076295999875583
8.617942000455514
9.61678200019378
8.883083000000624
8.978183000181161
8.936981999795535
8.61315200017998
9.111055999710516
9.254060999410285
9.224471000379708
9.479298999394814
9.392625000145927
9.151348000159487
9.541639999952167
9.126916999775858
8.193889000722265
8.914299999560171
8.73725800011016
8.619090999673062
9.070725000128732
8.921440999984043
9.325973000159138
9.343583999907423
9.284151999963797
9.54745999933948
10.30312300008518
8.787156999460422
9.532432000014524
8.594721000008576
8.294303999718977
9.148907999588118
8.279321999907552
9.343909000563144
8.532708999155147
10.301452999556204
8.742896000512701
9.611333000066224
8.911140000236628
8.6741630002507
9.555289999298111
9.632163000787841
8.560929999475775
9.08512600017275
9.075824999854376
9.235629999238881
8.59460100036813
10.026173999904131
9.33548300054099
9.575660999871616
9.714745000565017
10.144488000150886
9.194088999720407
8.929871999498573
8.725265000066429
8.757366000281763
9.638552999604144
9.43278700015071
8.875059000274632
9.411246000126994
8.653122999930929
9.37894500020775
9.341263999885996
9.989012999540137
9.305322999352938
8.962773000348534
8.671312999467773
8.922936000089976
8.672672999637143
9.243890999641735
8.62046200018085
9.74510600008216
8.850587999404524
8.807498000351188
9.887260000141396
9.693105000224023
9.431057999790937
9.43446600012976
9.333543999673566
8.443216999694414
8.978923000540817
8.220558999710192
8.58695999977499
9.856738999587833
8.377004000067245
8.763896000345994
9.2681320002157
9.439006999855337
9.57065100010368
8.562330000131624
9.475718000430788
9.246431000065058
9.290162000070268
9.440317000553478
9.22543999968184
8.82441799967637
8.587841000007757
9.020353999403596
9.261970999432378
9.065904999260965
8.251470999312005
8.761146000324516
8.91323999985616
8.613721000074293
8.746855000026699
8.418935000008787
8.805398000731657
9.120847000303911
8.747494999624905
8.423334999861254
8.278680999865173
8.82925099995191
8.821788000204833
9.92077099999733
9.467259999837552
8.867890000146872
8.365306000087003
8.403595000345376
8.445686000413843
9.979053000279237
8.651295000163373
8.916660999602755
9.056484999746317
9.351204000267899
8.953122000093572
9.077026000340993
7.927951000056055
9.447825999814086
9.265421999771206
8.727214999453281
9.262581000257342
8.725445000891341
8.527119000063976
9.756958999787457
7.854618999772356
9.835918999669957
9.32798299982096
9.840439000072365
9.65911299954314
8.953851999649487
9.744215999489825
8.847607999996399
9.109907000492967
9.873912999864842
9.335663000456407
8.338374000231852
8.925574000386405
9.265290999792342
9.443047000786464
8.807907000118576
9.629131999645324
11.306616999718244
9.265241999855789
9.344123999653675
9.471137000218732
9.450147000279685
8.659383000122034
9.11688599990157
9.342023999124649
8.871829999407055
9.744085999955132
10.147867999876325
8.951312000135658
9.173539000585151
9.041987999808043
9.12291699933121
8.993851999548497
9.117667000282381
9.757217000696983
9.435367000151018
8.355744000255072
9.19986900044023
9.560780999890994
8.681362999595876
9.822618000725925
8.708195000508567
9.26411199998256
8.843769000122848
9.2487309993885
8.103336000203853
8.723955000277783
9.230240000761114
10.366325000177312
9.237525999196805
9.469220000028145
9.286361999329529
9.131587000410946
9.640103000492672
9.073655000065628
9.910321000461408
9.49763799962966
9.202768999784894
8.566200999666762
8.463017000394757
9.452426999814634
8.585686000515125
8.97145199996885
9.291641999880085
8.388484999159118
8.573850999709975
9.686914000667457
10.066584999549377
9.130456999628223
9.201899999425223
8.73401799981366
9.29458600057842
8.796146999884513
9.146468000835739
9.952471999895351
9.270122000089032
9.553610999319062
9.563671000250906
8.929440999963845
9.503619000497565
9.06339500033937
9.063054999387532
9.103046999371145
8.6878539996178
8.517969000422454
9.224552999512525
8.968672000264633
9.209785000166448
9.050476999618695
9.034437000082107
9.07012500010751
9.775346999958856
9.124267000515829
9.383224999510276
8.979694999652565
9.615621999728319
8.935871000176121
8.566429999518732
9.195000000545406
8.615673999884166
8.767197000452143
8.382344999517954
8.415035999860265
8.840347999466758
9.45171700004721
10.20357299967145
9.098819000428193
8.000933000403165
9.360185000332422
9.240701000635454
9.079499000108626
9.077875000002678
8.923420999963128
9.25787100004527
9.216114999617275
9.575543999744696
9.227419999660924
9.66273399990314
8.863809000104084
8.55983000019478
9.362196999973094
9.421210000255087
8.915349999369937
8.420035999733955
9.624465000342752
8.828578000247944
9.492479000073217
9.442096999919158
9.616061999622616
9.456806999878609
8.642062999570044
9.265775999665493
9.750095999152109
9.369234000587312
9.415315999831364
9.438897000109137
9.323613000560727
9.05353500002093
10.079055999995035
9.285451999858196
9.992872999646352
9.064064999620314
9.780046999367187
9.653903000071296
9.838281000156712
8.84421899991139
9.755205999681493
8.970032000434003
9.675887000412331
10.247301999697811
9.659762999945087
9.258291000151075
9.56501099972229
8.896051000192529
8.378590000575059
9.392156000103569
9.152558000096178
8.342772999640147
9.264680999876873
9.381425000356103
8.37282399970718
9.652079000261438
8.413376000135031
9.1843689997404
8.611612000095192
8.79069700022228
9.306612999353092
8.676542999637604
9.543999999550579
9.063745000275958
9.136067000326875
8.892850999473012
9.534615000120539
9.036035000463016
9.45556700025918
8.818977999908384
9.390205000272545
8.929051000450272
9.433846999854723
9.560270000292803
9.065246000318439
9.394584999427025
9.030024000821868
8.340823000253295
8.27719100016111
8.414726000410155
9.237850000317849
8.004513000742008
8.245125999565062
8.745715999793902
8.687714000188862
9.098847000132082
8.739366000554583
8.473828000205685
8.78687699969305
9.29498700043041
8.987232999970729
9.137696999459877
8.840417999635974
9.423686000445741
8.657962999677693
8.897540999896592
9.229174999745737
8.592741999564169
9.233855999809748
8.999693000077968
8.187759000065853
8.149018000040087
8.623726999758219
8.548110000447195
9.170518999781052
8.72627500029921
8.571450000090408
8.571229999688512
8.760577000430203
8.682094000505458
9.436176999770396
8.951142000114487
8.123296000121627
8.524689000296348
8.75768599962612
8.683842999744229
8.707963999768253
9.356734999528271
8.910251000088465
8.849853999890911
8.168739000211644
8.645862999401288
8.562199999687437
9.507819000646123
8.611031999862462
9.375285000714939
8.976943000561732
8.271231999970041
8.748975999878894
8.50178800010326
8.376275000046007
8.22192499981611
8.964853000179573
8.579989999816462
8.521329000359401
10.069371000099636
9.18258000001515
8.950142000685446
8.629441999801202
8.551299999453477
7.977971999935107
8.245295000051556
8.779332999438338
9.317412999735097
8.14903900027275
8.755216000281507
8.890319999409257
8.151416999680805
8.144247999553045
8.631216999674507
9.126986999945075
9.236265999788884
8.601491999797872
9.011408999867854
8.54055000036169
8.488188000228547
8.136777999425249
9.004853000078583
8.072786000411725
8.759196000028169
8.517197999935888
9.099746999709168
8.202529000300274
8.766722000473237
9.270681000089098
9.12427699950058
9.093986000152654
9.4838630002414
8.605861999967601
8.604851000200142
8.774136999818438
9.79970600019442
9.921861000293575
8.691543999702844
8.72611499926279
9.59021099970414
8.712924000064959
9.247161000530468
8.632892000605352
8.711524000318605
9.475627999563585
8.187029000509938
8.916650999708509
8.590161000029184
8.961982000073476
10.409030999653623
8.636522000415425
8.787582999502774
9.093636999750743
8.49773699974321
8.149107999997796
9.303026999987196
9.436766999897372
8.846783999615582
8.733435000067402
9.264811999855738
9.703923999950348
9.471596999901521
8.45606700022472
8.750130999942485
9.542940000756062
8.480837999741198
8.238811000410351
8.966571999735606
9.34287400014
8.530004000022018
8.253320999756397
8.220880000408215
8.963422999840986
8.35199300036038
8.919331000470265
8.876090000740078
8.554346999517293
8.60838100015826
8.72436600002402
8.53044899940869
8.683664000272984
8.550648999516852
8.203270000194607
9.135216999311524
8.3037719996355
9.579501000189339
8.454056000118726
8.4880680005881
9.097995000047376
9.36883500071417
8.057145000748278
10.016430000177934
9.373404000143637
9.020363999297842
8.803685999737354
8.499448000293341
9.503418000349484
8.622521999313904
8.288257000458543
9.72739000008005
8.994472999802383
9.67062400013674
9.301677999246749
9.353415000077803
9.596691999831819
9.307032999458897
9.253401000023587
8.427376000327058
8.422826000241912
9.195169000122405
8.69985400004225
8.843489000355476
9.788526999727765
11.177289999977802
8.649552999486332
8.963493000010203
8.351823999873886
9.012233999783348
8.913521000067703
9.353579000162426
9.221839999554504
8.442182000180765
8.604120999734732
8.835679000185337
9.00344399997266
9.168247999696177
8.177159000297252
8.801041999504378
8.863919000759779
9.492838000369375
8.735366000109934
8.567679999941902
8.97757199982152
8.373433999622648
9.11390700002812
9.081794999474369
8.577345999583486
9.841424000114785
13.948493000498274
11.72409599985258
12.958154000443756
10.653473000274971
9.313403000305698
9.353443999316369
9.091375000025437
9.64368299992202
7.694833999266848
8.888619999197545
8.544909000193002
8.644513000035658
9.202119000292441
8.941860999584605
8.604550999734784
