Messages/sec=87.94
duration_sec=60.007
payload_size_bytes=1048576
total_messages=5277
payload_throughput_MiB_sec=87.94
mean_rtt_ms=8.998
median_rtt_ms=8.875
stddev_ms=0.844
min_ms=7.066
max_ms=33.857
---raw_latencies_ms---
16.575358999944
10.993314000188548
9.976492999612674
9.081209000214585
9.211879999838857
9.729045999847585
8.901211000193143
9.294312000292848
9.387175000028947
10.03283400041255
8.517438999660953
9.384596000018064
9.102446000269993
8.774066000114544
9.165688999928534
9.441707000405586
9.485303000019485
9.070780999991257
10.104046999913407
10.358347999954276
9.700735000023997
9.590091000063694
9.97484399977111
10.78739799959294
10.53159000002779
10.639986000114732
9.80937799977255
9.345423000013398
9.82043900012286
9.580380999977933
9.67082399984065
9.937910999724409
9.841367999797512
10.380416000316472
9.426655999959621
9.761647000232188
9.932752000167966
9.259171999929094
9.464347000175621
9.770226000000548
10.4719189998832
9.144187999936548
9.82968800008166
9.283922000122402
8.782465999956912
11.24737100008133
9.42370699976891
9.37983499989059
9.26661099992998
9.497788999851764
9.039640000082727
8.837028999550967
9.797737000099005
8.971151999958238
9.032885000124224
9.30503299969132
8.732145000067248
9.24489099998027
8.569151000301645
9.570260999680613
8.51666300013676
9.459352999783732
8.617856999990181
8.715546000075847
9.398570999564981
8.44640699961019
9.162328000002162
8.991682999749173
9.465187999921909
9.068511000350554
9.620001999792294
9.411235999778
9.57078100009312
10.208600000169099
9.178279000025213
9.999279000112438
9.340119000171399
9.08499099978144
9.480552000241005
9.904055999868433
8.913771000152337
9.033553999870492
9.828777999700833
9.231730999999854
9.350884000014048
8.83348900015335
9.126785999796994
8.793232000243734
8.695498999713891
8.801426999980322
8.731075000014243
9.270520999962173
8.966467999925953
8.411195000007865
8.924890999878698
11.203459999705956
10.586181999769906
11.573382000278798
9.781486000065343
9.053374999894004
9.291522000239638
8.810817999801657
8.843058999900677
9.28676200010159
9.34441399977004
9.402084999692306
9.256131000256573
9.085595999749785
8.83180699975128
9.496269000010216
8.941931999743247
8.951050999712606
9.241491000011592
8.212819999698695
9.827567999764142
9.232110000084504
9.69774499981213
8.419041000252037
9.896045999994385
9.072520000245277
9.074575000340701
9.324504000232992
8.634882000023936
9.439816000394785
8.702264000021387
8.952461999797379
8.491928000239568
9.006342999782646
9.834362000219699
14.248042999952304
11.90199200027564
10.169579999910638
9.278180999899632
9.962442999949417
9.389484000166703
8.548835000055988
9.146517000317544
9.2097299998386
9.384924999721989
9.298242000113532
9.33700499990664
8.085550000032526
8.25124999983018
8.943532000103005
9.132206999765913
9.30196099989189
8.627043000160484
9.373229000175343
9.575220999977319
7.957431999784603
8.702093000010791
8.69844099997863
9.131837000040832
8.936325999911787
9.333858999980293
8.905086999675405
8.705285000360163
9.536909999951604
9.756380999988323
10.501440000098228
9.450127000036446
9.74465599983887
9.173948999887216
9.18347900005756
9.201699000186636
8.769346000008227
9.319351999693026
9.403005999956804
9.2205950004427
8.780410999861488
8.691484000337368
8.92668100004812
8.938750999732292
8.436686000095506
9.623902999919665
8.590631000060966
8.539268000276934
8.685053000135667
9.090305999961856
9.217809999881865
10.272451999753685
9.16769299965381
9.059225000328297
9.524618999876111
8.78790700016907
8.755045999805589
8.878409000317333
8.453426999949443
8.392105999973865
8.818109999992885
9.335778999684408
9.040303999881871
9.558956000091712
9.181734999856417
8.596209999723214
9.253141000044707
8.61658699977852
8.423855999808438
8.660664000217366
9.353409000141255
9.593156999926578
8.74670499979402
9.493629000189685
9.081386000161729
9.22731000036947
8.49149799978477
8.779115999914211
9.047675000147137
8.964392000052612
9.001864000310889
8.80274700011796
9.087085999908595
9.126939999987371
9.555770999668312
9.422115999768721
9.104361000026984
8.570571000291238
9.240841000064393
9.359174000110215
9.183808999750909
8.56583499989938
9.634493000248767
8.764595999764424
9.640891999879386
8.90278600036254
9.33716400004414
8.911859999898297
9.069011000065075
9.14097800023228
9.350893999908294
8.935872000165546
8.510007999575464
8.32786799992391
8.029479000015272
9.081367000362661
11.473957999896811
8.346442999936698
9.20051900038743
9.079766000013478
9.18861999980436
9.308152999892627
9.46138700010124
9.516708999854018
8.902381000098103
9.433736000119097
9.023313999932725
10.973151999678521
9.209659999669384
9.526410000034957
9.879289999844332
9.018682999794692
9.473518000049808
8.955952000178513
9.450127000036446
8.548029999928985
9.481547999712348
9.21841100034726
8.81813800015152
8.977747000244563
8.356222999736929
8.830658000078984
9.220769999956246
8.577761000196915
9.620662000088487
8.916791000046942
8.328092999818182
8.6953650002215
8.936542000355985
9.022063999964303
9.802006999962032
9.846319000189396
9.515248999832693
9.195858999646589
9.901591000016197
9.289657999943302
9.18309999997291
9.965681999801745
8.301233000111097
9.56049999967945
9.758957000030932
8.912120999866602
9.311721999893052
8.83811300036541
10.735306000242417
9.731565000038245
9.06275600027584
8.788165999703779
8.552059000066947
8.929719999741792
8.330093000040506
9.924270999817963
10.059834999992745
15.305604999866773
11.346056000093085
9.791306999886729
9.356615000342572
8.640202000151476
8.627482000065356
9.174088000236225
8.548329999939597
8.690905000094062
8.661974000006012
8.82761799994114
8.00586299965289
8.827788999951736
9.590161999767588
8.684132999860594
8.470881999983249
9.15617900000143
10.523660000217205
10.142288000224653
9.39086500011399
9.634113000174693
10.976094000398007
9.975372000099014
9.33590800013917
8.912120999866602
9.316541999851324
9.649433000049612
9.298492000198166
9.237790000042878
9.588680999968346
8.528773999842088
9.022050000112358
8.89141000016025
8.296796000195172
9.575620999839884
8.856665000166686
8.617262999905506
9.155588000339776
9.812858000259439
8.991573000002973
8.744035999825428
9.155727999768715
9.23611999996865
8.826207999845792
8.877838999978849
8.748936999836587
9.015134000037506
10.869830000046932
9.713235999697645
8.35872300012852
9.299806999933935
9.3420650000553
9.773176000180683
8.73417499997231
8.530729000085557
8.573310999963724
9.015304000058677
8.915090999835229
8.283222000045498
9.227269999882992
8.882169000116846
8.322168000177044
8.921601000110968
8.797716000117362
8.06718500007264
9.00900399983584
9.00059900004635
9.049123999830044
10.81899800010433
9.547160000238364
9.15270799987411
9.602292000181478
8.782632000020385
9.31217800007289
8.721734999653563
9.472427999753563
8.277247000023635
9.11958599999707
9.204400000271562
9.778687000107311
10.883650999858219
9.106005999910849
9.140406999904371
8.616786999937176
9.542090000195458
9.248411000044143
8.335673000146926
8.75054599964642
9.249431000171171
8.901950000108627
9.02518400016561
8.095544999832782
8.465516999876854
9.140982000189979
8.60585100008393
8.805481999843323
9.072554999875138
8.70127300004242
8.668383999975049
9.823788999710814
8.519607999915024
8.821738000278856
8.665843000017048
8.782196999618463
8.425490999798058
10.318283999822597
9.680390000085026
9.151703000043199
10.183049999795912
8.891179999864107
8.758211999975174
8.973086999958468
11.274372000116273
9.550715000386845
8.752405999985058
9.644937999837566
11.347005000061472
11.28683299975819
13.763727999958064
10.209077000126854
10.397066000223276
9.277451999878394
10.302362999937031
9.494492999692739
10.608911999952397
9.28723800006992
10.288037999998778
9.774267000011605
12.988954000320518
10.166499000206386
9.295405000102619
8.591182999680314
8.846317999996245
9.892800999750762
9.24010000017006
13.135498999872652
15.090208999936294
12.41154599983929
10.533455000313552
9.866298999895662
10.227889999896433
8.83293800006868
10.294323999914923
11.911047000012331
9.637142999963544
11.41523199976291
8.976932999757992
12.894231999780459
10.73400599989327
9.358013999644754
10.59125200026756
8.89177999988533
9.558879999985948
9.662178999860771
9.098631000142632
9.646723000059865
9.79330799964373
9.096426000269275
10.458648000167159
8.515237999745295
9.257442000034644
9.51451899982203
9.034014999997453
9.091366000120615
9.245840999938082
10.588970999833691
12.254145000042627
10.463366999829304
10.73422199988272
9.71617499999411
8.773257000029844
10.4323369996564
9.807978000026196
8.967862999725185
9.307332999924256
9.217509999871254
10.43472199989992
9.46366800008036
9.251970000150322
9.707063999940146
9.922506999828329
8.950731999902928
9.992626999974163
9.63111500004743
9.647400000176276
10.208940000211442
10.502171999632992
9.411775999979
10.089327000059711
9.46334999980536
10.327894000056403
9.623271999771532
10.036666999894805
11.066606999975193
9.35095899967564
10.159493000173825
9.074997999960033
9.437284999876283
9.406624999883206
8.900629999970988
10.085725999942952
9.977407999940624
9.514319000118121
10.821748000125808
12.134178999986034
11.303536000013992
22.199497000201518
9.297237000282621
14.534792000176822
33.85744800016255
10.633793999659247
12.48414999963643
10.674533999917912
8.87375999991491
12.034181000217359
9.199048999562365
14.727346999734436
11.311429000215867
11.932772000363912
8.868410000104632
9.228751000136981
8.780627000305685
9.600761000001512
9.127257999807625
8.161438000115595
9.093485999983386
8.58184299977438
8.21051900038583
8.871953999914695
7.820468000318215
9.13835699975607
9.07712799971705
8.453827000266756
9.294892000070831
7.910299999821291
8.58474100004969
9.290801000133797
8.348548000412848
9.254311999939091
8.709865000128048
9.338514999853942
8.705703000032372
9.283793000122387
8.783337000295433
8.975624999948195
8.502077999764879
8.530848999726004
9.155327999906149
8.961691999957111
9.447077000004356
8.382704999803536
8.575621000090905
8.306432999688695
14.25772299990058
8.792616999926395
9.308883999892714
8.840899000006175
8.875869999883435
8.758008999848244
8.913599999686994
10.102716999881522
8.626425000329618
8.494958000028419
7.93919099987761
8.546853000098054
8.905441000024439
10.332072999972297
8.223049999742216
8.320532000198
8.118395999645145
8.585793999827729
8.607611000115867
8.290461999877152
9.345433999897068
8.606740999766771
8.63835200016183
8.519358999819815
8.136651999848254
8.720775000256253
8.019143999717926
9.369501000037417
9.610772000087309
11.965042000156245
10.546120000071824
9.611893000055716
8.894890999727068
11.076996000156214
9.807002999878023
9.600503999990906
9.101158999783365
10.029625000242959
10.047655000107625
10.840590000043449
9.85636399991563
9.263305999866134
8.81836700000349
10.629148999669269
9.664252999755263
9.653382000124111
11.374975999842718
11.639434000244364
11.99714899985338
11.554412999885244
8.568143000047712
8.171709999714949
8.581520000007004
8.224619999964489
8.530538999821147
8.624932999737212
8.643353000024945
9.290843000144378
8.650381999814272
8.292932000131259
8.40201499977411
8.111849000215443
8.942023999679805
8.993132999876252
8.709934999842517
9.01546299974143
9.069826000086323
8.472826999877725
8.279092000066157
8.764364999933605
9.229313000105321
8.873811999819736
8.634631999939302
8.409224999923026
8.54224000022441
8.622251000360848
9.39811499983989
12.024484999983542
11.115557000266563
12.812223999844718
9.985542999856989
10.893691999626753
9.354336999876978
11.326264000217634
9.178188999612757
9.411414999703993
9.600881000096706
9.567630000219651
9.473458000229584
10.385785000380565
10.943272000076831
10.117931999957364
9.449019999919983
9.891759999845817
10.008855999785737
10.140127999875403
8.996178999950644
12.260832999800186
10.353344000122888
9.905446000175289
13.989105000291602
9.656483000071603
8.55691900005695
8.935491000102047
8.858412000336102
8.458477999738534
9.220110999649478
9.172131000013906
8.520588999999745
8.277120999991894
8.996063000267895
9.131778000210033
10.389855999619613
9.89440499961347
8.243839999977354
9.723825000037323
9.31024300007266
8.766586000092502
8.690364000358386
9.308382999734022
8.405998999933217
9.3154040000627
8.590620000177296
9.356908999961888
8.248789000390389
9.591990999979316
12.69802599972536
18.54069300043193
18.00713700004053
11.052185000153258
13.228481000169268
8.963732999745844
11.442346999956499
9.9396020000313
8.911480999813648
9.442657999898074
8.812498000224878
11.19044099959865
9.283832000164693
9.470607999901404
9.248035999917192
9.857191999799397
9.585279000020819
9.285597000143753
10.152358000141248
11.089050000009593
10.18556000008175
10.53926099984892
10.087445999943156
9.260492000066733
8.565942000132054
10.146348000034777
8.435755999926187
9.339284000361658
8.718705999854137
10.40291499975865
13.218671000231552
13.39033800013567
9.688493999874481
10.16314800017426
9.363373999804026
10.58058099988557
17.828602000008686
9.470567999869672
8.86018899973351
9.325684000032197
9.604482000213466
8.95081199996639
8.96298299994669
8.558919999813952
8.75164599983691
8.911930000067514
9.518718999970588
9.569120999913139
9.220169999935024
8.216599999741447
8.795836999979656
8.777225999892835
9.652993000145216
8.568260000174632
8.477907999804302
8.35155400000076
8.239960000082647
9.095545999571186
10.599031999845465
9.871040000234643
10.172108999995544
9.813918999952875
8.405134999975417
11.177031999977771
9.269460999803414
8.935004000250046
9.221660999628511
8.785287000137032
9.67510400005267
8.358096999927511
8.658992999698967
8.569229999920935
8.665857999858417
8.626220999758516
8.45550700023523
8.288724000067305
8.347797000169521
8.290745000067545
7.897930000126507
9.127098000135447
8.442706000096223
8.223778999763454
8.677862999775243
8.440419000180555
8.31201199980569
8.663663999868731
8.011035999970773
8.586054000261356
8.59270099999776
8.910440999898128
7.954690000133269
8.432925999841245
8.397324999805278
8.452467000097386
8.021419000215246
8.202649000395468
8.298802000354044
8.257890000095358
8.371724000426184
8.445346999906178
8.600751999892964
8.60957100030646
8.967873000074178
8.317091999742843
8.432405999883485
8.561680000184424
8.949302000019088
9.667173999787337
8.273681999980909
8.641831999739225
8.510309000030247
9.785798999928375
8.357523000086076
10.7059750002918
8.224532999975054
9.01593500020681
8.391345999825717
7.835057999727724
8.142697000039334
8.330763000230945
8.82157800015193
8.341773000211106
8.770986999934394
8.472436999909405
8.299730999624444
8.465407000130654
8.809876999748667
8.331763000114734
8.817048000310024
8.502958999997645
8.50412799991318
8.1879280000976
8.193278999897302
8.733285999824147
8.876984000380617
8.643372999813437
8.112775999961741
8.202109000194469
8.466695999686635
9.431767000023683
9.420225999747345
9.310575000199606
8.201839000321343
8.845957999710663
8.715573999779735
8.633651999844005
9.328702999937377
8.373464999749558
8.77603699973406
8.064064999871334
8.408554999732587
8.73241399995095
8.59958099999858
8.892939000361366
8.243579999998474
8.224139000049036
8.559218999835139
8.34287400039102
8.342895999703615
8.250201000009838
8.705892999842035
9.746097000061127
8.452997000404139
9.127307999733603
8.704163999937009
8.644122999612591
8.579310000186524
8.400856000207568
8.694833999925322
8.169238000391488
8.441597000000911
9.305456000220147
9.125118000156363
8.75657599999613
8.521758999904705
9.062345000074856
8.52607899969371
8.681066000008286
8.579210999869247
8.82777700007864
8.673463999912201
8.883878999768058
8.641762000024755
9.386924999944313
8.53078899990578
8.090828000149486
8.247521000157576
8.324532999722578
8.202557999993587
8.448948000022938
8.527850000064063
9.399335999660252
8.441085999947973
9.232970000084606
8.220629999868834
8.63154199987548
8.75183600010132
8.074095999745623
8.50963800030513
8.795007000117039
8.983322999938537
8.419836000030045
8.24274000024161
8.48854699961521
8.373870000013994
8.768875999976444
8.360143999652792
8.249210000030871
8.801628000128403
8.541839999907097
8.244921000368777
8.38854999983596
8.825198000067758
9.316312999999354
7.876999000018259
8.628781999959756
8.026294000046619
8.700074999978824
8.791707000000315
8.355393999863736
8.529687999725866
8.853749000081734
8.745194999846717
8.326624000346783
8.331752000231063
8.332132999839814
8.364539000012883
8.523199000137538
8.520664000116085
9.566840999923443
8.333252999818797
8.430590999978449
8.958182000242232
8.978762999959145
8.633821999865177
9.002494000014849
9.325823999915883
8.360744000128761
8.565791000364698
8.005692000097042
7.76454000015292
8.884280000074796
8.352233000096021
8.912061000046378
8.325743000114016
9.303143000124692
9.152366999842343
9.18997999997373
8.41385600006106
8.538070000213338
8.197397999992972
8.585610999944038
8.165078000274661
8.029385000099865
8.469451999644662
8.415024999976595
9.112937000281818
8.215159999963362
8.791098000074271
8.155927000188967
8.969302999958018
8.0598050003573
8.582969999679335
8.555469999919296
8.736925999983214
8.70552400010638
7.066463999763073
8.628292000139481
8.275499999854219
8.578340999974898
7.910779999747319
8.332243000040762
8.438316000138002
9.40716600007363
8.743574999698467
8.502488999965863
8.63212099966404
8.378644999993412
8.177908000106981
8.410344999902009
8.184859000266442
9.221370000432216
8.375493999665196
9.027274000345642
8.980702999906498
8.359974000086368
8.682264000071882
8.748135000132606
8.76739599971188
9.333473999959097
8.835004000047775
8.181523000075686
8.70897499999046
11.862260000270908
8.306302000164578
8.945820999997522
8.57474100030231
8.844918999784568
7.934001000194257
9.326283000063995
9.194028999900183
8.764866000092297
9.957012000086252
8.532219000244368
9.366834000047675
8.197828999982448
8.81997800024692
8.509917000083078
8.527469000000565
8.17572799996924
8.538828999917314
9.84543999993548
8.807837999938783
8.725886000320315
8.407975000409351
9.044794000146794
8.136967000154982
8.858528999553528
8.465691999845149
8.648052999888023
8.579370999996172
9.183248999761418
8.291631000247435
8.679722999659134
9.250700999928085
8.394024999688554
8.69574400030615
8.765135999965423
8.661372999995365
8.202658999834966
8.512147999681474
8.716154000012466
8.522130000073957
8.462106000024505
8.596521000072244
8.112525999877107
8.244959999956336
9.082115999717644
8.372305000193592
8.640972999728547
8.318842999869958
9.307012999670405
8.463298000151553
9.034794999934093
8.275681000213808
8.778016999713145
8.817088000341755
8.874934999766992
9.2284400002427
8.190148000267072
8.448656999917148
8.42800200007332
8.69431400042231
9.618961999876774
10.056824999992386
8.622096999715723
9.29797199978566
8.51098400016781
9.186909000163723
9.164774000055331
9.074675999727333
8.339148999766621
8.520815000338189
9.261271000013949
8.357579999938025
8.749646000069333
8.534279999821592
8.361844000319252
8.315032000155043
8.661592999942513
9.053733999735414
8.751485000175308
8.326831999966089
9.055434999936551
8.788867000021128
8.432541000274796
8.05926399971213
9.430916999917827
8.305251999900065
9.21150000021953
8.804117000181577
8.437139999841747
8.827428000131476
8.110931999908644
9.42047199987428
8.589740999923379
9.109646999604593
8.870240000305785
8.741755000301055
7.999923000170384
9.505494000222825
9.315972999957012
8.672262999880331
8.904485999664757
8.693943999787734
8.72251500004495
9.08120499980214
9.156142999927397
8.779646999755641
8.338492999882874
8.675813000081689
9.052974000042013
8.20634899992001
8.980973000234371
7.86031899997397
8.760926999912044
8.86919399999897
8.593666000251687
9.073325999906956
9.803946999909385
8.971492999990005
9.27566200016372
8.924989999741229
8.282662000056007
9.33008299989524
9.777261999715847
9.586010999555583
8.482983000249078
8.758916999795474
7.912930000202323
9.406555999703414
9.017483999741671
8.522954999989452
8.015304000309698
9.389674999965791
8.939571999690088
8.128821999889624
9.331883999948332
9.363153999856877
8.889480000107142
9.14156799990451
9.60841200003415
8.737125999687123
8.460747000299307
8.29568199969799
8.297901999867463
8.647633000236965
8.132762000059301
9.232120999968174
9.350122999876476
8.891541000139114
8.925290999741264
8.755486000154633
8.382523999898694
9.149198000159231
8.288730999993277
9.140928000306303
8.170918999894639
8.422876000622637
8.343992999471084
9.065846000339661
8.430101000158174
8.907260999876598
9.328082999672915
8.794528000180435
8.621472000413632
8.451076999335783
8.772246000262385
8.561339999687334
8.103076000224974
8.656912999867927
8.35319999987405
8.391045000280428
8.605236999756016
8.58898099977523
9.01168400014285
8.85249900056806
9.219851000125345
9.285631999773614
8.841643999403459
8.308821999889915
8.215689999815368
8.859868999934406
9.110015999794996
8.893849999367376
9.422955999980331
9.50665799973649
9.116126999288099
9.113296000577975
8.945172000494495
8.403734999774315
8.60621199990419
9.04807500046445
8.882885000275564
9.450568000829662
8.906860000024608
8.63595200007694
8.889194000403222
9.227235000253131
8.794016999672749
8.616762000201561
9.079354999812494
8.382015000279353
8.854468999743403
9.656412999902386
8.03022400032205
8.983132999674126
8.379994000279112
8.605601999988721
10.263408000355412
8.91662100002577
7.941011000184517
8.714314999451744
8.430075999967812
8.089165999990655
8.061790000283509
8.362538000255881
9.395495999342529
8.255740000095102
9.009053999761818
10.265401999276946
8.356432999789831
7.97349300046335
8.77791699986119
8.187888000065868
9.341584000139846
8.25638100013748
8.26398099979997
8.26311099990562
8.291361999908986
8.587211000303796
9.674554000412172
8.632491999378544
8.239069999945059
8.40779499958444
8.933080999668164
8.464695999464311
7.897899999989022
7.980303000294953
8.801537999715947
8.457126999928732
8.397435000006226
8.33829400016839
8.219619000556122
8.314661999975215
8.499868000399147
9.00902400007908
8.103286000732624
8.705590000317898
9.733595999932732
8.77736599977652
8.286131999739155
8.731285000067146
8.831572999952186
9.262262000447663
8.960881999882986
9.049805000358901
8.791186999587808
9.633652000047732
8.291682000162837
8.966061000137415
7.832726999367878
8.232049999605806
8.349583999915922
8.584031000282266
8.389685000111058
8.719015000679065
9.034084999257175
12.649563999730162
12.504729000283987
12.020755000776262
9.034779000103299
9.828846999880625
9.015532999910647
9.752916999786976
10.404356000435655
9.885491000204638
9.75149199985026
9.344424000119034
8.716051000192238
7.959531999404135
8.691334000104689
9.306812999966496
7.92223999997077
8.473627000057604
8.706083999641123
8.234840000113763
9.390756000357214
8.241698999881919
8.646882999528316
8.111035999718297
8.584111000345729
9.16601900007663
8.472327000163205
9.209679999912623
9.046803999808617
8.540079000340484
8.59225099975447
8.561515000110376
9.218754999892553
8.458047000203806
9.199289999742177
8.491237000271212
8.39849600015441
8.82967799952894
9.64452199968946
8.366823999494954
8.190358999854652
8.647843000289868
8.383244000469858
9.454697999899508
8.043263999752526
8.156897999469948
8.314662999509892
8.341484000084165
7.743641000161006
8.80456699997012
8.777297000051476
8.748365999963426
8.332772999892768
8.074933999523637
9.261531999982253
9.10740600011195
8.561030999771901
8.86292900031549
8.76644700019824
8.713754999917
8.550085999559087
9.11144699966826
8.48592800048209
10.175025000535243
9.376758999678714
9.051979999640025
8.92306199966697
8.85959900006128
8.436066999820468
8.360408999578794
8.642443000098865
8.917500000279688
9.450938000554743
8.61925200024416
8.840419000080146
8.622671000011906
8.382470000469766
8.937330999287951
8.749046999582788
8.674553000673768
8.366545000171755
8.0943759994625
8.739055999285483
8.922740000343765
9.09292699998332
8.116306999909284
8.175928999662574
8.32539299972268
8.891399999811256
8.954071000516706
8.295472999634512
9.42974999998114
8.490788999552024
9.543120000671479
8.505849999892234
9.069905000615108
8.359112999642093
8.464006999929552
8.210541000153171
8.701984000254015
10.093296999912127
8.814927999992506
8.792066999376402
8.932722000281501
8.835382999677677
8.910829999877024
8.210809000047448
8.676023000589339
8.30089200007933
8.22031200004858
8.938367000155267
8.55249000051117
8.324172999891744
8.307383000101254
8.234769999944547
9.018583999932162
9.1368280000097
8.196978999876592
8.324233000166714
9.031384000081744
8.52589900023304
8.01181400038331
8.433555999545206
8.496338000441028
9.255223999389273
8.126131999233621
8.819380999739224
8.389229999920644
8.88759199915512
10.305636000339291
9.821456000281614
8.775746999162948
9.09761000002618
8.567521000259148
7.91487300011795
9.04446300046402
8.722694999960368
8.660905999931856
8.771499999966181
8.495359999869834
8.89502299924061
8.256123999672127
8.6629739998898
8.71257400012837
8.886593000170251
9.211149999828194
9.70493400018313
9.086715999728767
9.074976000192692
8.228009000049497
9.26015200002439
8.28789500064886
8.894470000086585
8.396265000556014
8.740244999899005
8.201349999580998
8.36354399962147
8.33869300004153
8.440055999926699
8.4283169999253
8.375794000130554
8.08970500020223
7.92727099997137
9.019004000037967
8.372854000299412
8.251851000750321
8.53666799957864
8.363253999959852
9.189138000692765
8.833771000354318
8.641053000246757
9.183759999359609
8.102036000309454
8.661963000122341
8.800288000202272
9.303871999691182
7.897640000010142
8.248850999734714
8.750166000027093
8.776065999882121
9.136012999988452
8.42062799983978
7.9307709993372555
7.9277410004579
8.114375999866752
8.577221000450663
8.656342999529443
8.390626999243977
8.601122000072792
8.382723999602604
8.932431000175711
8.443525999609847
10.14767699962249
8.756925999477971
8.395535000090604
8.36840400006622
8.142081999721995
8.369125000172062
8.68781300050614
8.05398700049409
8.938113999647612
8.169308000105957
8.476276999317633
8.450217000245175
8.58350100043026
8.212452000407211
8.8001770000119
8.295351000015216
9.441079999305657
9.31323200074985
8.316663000186963
8.981164999568136
8.7298650005323
8.522909000021173
8.735123999940697
8.755826000196976
8.53764899966336
8.716074999938428
8.791897000264726
8.634511999844108
8.945010999923397
8.416915999987395
8.72060399979091
8.46732699938002
8.655042999635043
8.50500800061127
8.802816999377683
8.678153999426286
8.40843500009214
8.705154000381299
8.677604000695283
8.97039300070901
8.784352000475337
9.565971000483842
8.894599999621278
8.515239000189467
8.819468000183406
8.927974000471295
8.33389299987175
9.318872999756422
8.821948000331759
8.565119999730086
8.701855000254
8.657673000016075
8.697373999893898
8.023103000596166
8.947332000388997
8.408224000049813
9.48668799992447
8.225360000324144
8.346333999725175
8.84344800033432
9.218483000040578
8.322543000758742
8.433707000222057
8.499199999278062
8.448677000160387
8.763465000811266
8.323864999510988
8.079055000052904
8.499927999764623
8.353283999895211
8.542599999600498
8.709164000720193
8.44620699990628
8.468248000099265
8.074635000411945
8.754636000048777
8.578590000070108
9.791287000552984
8.972657000413164
8.588951000092493
9.098610000364715
8.13226999980543
7.719734999227512
8.486998000080348
8.913191000829102
9.354474000247137
8.11617599993042
9.701054000288423
8.65558300029079
8.333933000358229
8.871928999724332
7.848228000511881
9.107827000661928
8.77869699979783
8.761426000091888
8.381734999602486
8.15311800033669
9.352103999844985
8.330268999998225
8.530858000085573
8.08359999973618
8.601405999797862
8.63308199950552
8.053393999944092
9.039794999807782
8.605324000200198
8.4317259997988
8.481460999973933
8.590071999606153
8.136657000250125
8.451765999780037
9.361763999550021
8.205449000342924
8.876163000422821
8.255190999989281
9.513619000244944
8.633102000203507
9.114789999330242
8.871139999428124
9.165448000203469
7.890279000093869
8.429865999460162
8.004183000593912
8.95402500009368
8.4162480006853
8.67760300025111
8.319723000568047
8.577139999943029
9.460176999709802
8.527488999789057
8.659405999424052
8.472317000268959
8.591071000410011
8.853307999743265
8.660913000312576
8.630142000583874
8.459736999611778
8.12961700012238
8.733794999898237
8.37765500000387
8.523800000148185
8.564730000216514
8.62384199990629
8.458199999950011
8.604517000094347
8.214280000174767
8.4311250002429
8.499358000335633
8.706034000169893
9.299602000282903
8.243180000135908
8.122076999825367
8.405495000260998
8.81924799978151
8.083255999736139
8.642515999781608
8.198819999961415
8.599120999861043
9.614943000087806
8.854839000377979
8.679333999680239
8.20295899939083
8.29620199965575
8.725545000743296
8.542100000340724
8.494208000229264
8.698704999915208
9.111647000281664
8.148097000230337
8.676663999722223
8.51078900086577
8.959631999459816
8.657712999593059
8.220561999223719
9.15615899975819
8.097076000012748
8.54284000070038
8.18261899985373
8.891440999832412
8.554240000194113
9.013324000079592
9.212650000335998
8.504518000336247
8.812658000351803
8.480208000037237
8.174787999450928
8.66922400018666
8.451445999526186
8.22995999988052
8.597301000008883
8.511357999850588
8.572409999942465
8.776315999966755
8.702424000148312
8.515939000062644
8.477577999656205
8.139346999996633
7.871709000028204
7.968472000356996
9.011234000354307
8.751581000069564
8.537300000170944
8.38467399989895
8.717785000044387
8.174388000043109
8.796147000794008
8.591349999733211
8.93215100040834
8.81269700039411
8.204438999200647
8.747697999751836
8.70119400042313
8.784856000602304
8.556169999792473
8.52053899961902
8.524101999682898
8.380414000384917
8.588979999331059
8.598391000305128
8.530140000402753
8.36417399932543
8.208449999983713
8.131668000714853
8.18570799947338
8.85511900014535
9.36889400054497
8.491187999425165
9.009603000777133
9.636462999878859
9.262550999665109
8.706854000593012
8.808249999674445
9.44226699994033
10.480678999556403
8.482098000058613
9.276773999772558
9.561910000229545
8.977823000350327
9.13888000013685
9.106147000238707
7.9113709998637205
8.541349999177328
9.3792650004616
8.731945999898016
9.387707999849226
8.87664899983065
8.693704000506841
9.254091000002518
8.631822999632277
8.311753000270983
9.974634000172955
8.698386000105529
8.819566999591189
9.452856999814685
9.272534000047017
8.861000000251806
9.249951000128931
8.388754000407062
8.289192000120238
8.523639000486583
8.417274999374058
9.626992999983486
8.45328699961101
8.493517999340838
9.130996999374474
9.311812000305508
8.723235000616114
9.478468000452267
8.151387999532744
9.301091999986966
9.209779999764578
9.240321000106633
9.32499799910147
9.020043999953486
9.009726999465784
9.13974800005235
9.263461999580613
9.567994000462932
8.135817000038514
9.545229999275762
9.451097999772173
9.297282999796153
9.325072999672557
8.560060000490921
9.727176000524196
9.163127999272547
8.86179900044226
9.048314999745344
8.973503000561323
8.695034000083979
9.530842999993183
8.638741999675403
8.836328000143112
9.63872500051366
9.88606000009895
8.494809000694659
9.09831899934943
8.302461999846855
8.762745000240102
8.68223300039972
9.046156999829691
8.208340000237513
8.640321999337175
9.376084999530576
9.18113399984577
9.320445999946969
8.582730999478372
9.13824700000987
9.332583999821509
8.366916999875684
8.374654999897757
9.068293999916932
9.429296000234899
9.71961499999452
9.042155000315688
8.594374000495009
9.727314999508963
9.444455999982893
9.27677199979371
9.185498999613628
8.467036999718403
8.54847000027803
9.226756000316527
8.125865999318194
8.523258000423084
8.704714000487002
8.740025999941281
8.488108000165084
9.083445999749529
8.569333000195911
8.751925000069605
8.415105000494805
9.372884999720554
9.176058999400993
9.387224999954924
8.993792999717698
8.907370999622799
9.52642999982345
9.37324799997441
9.986026000660786
8.899073000065982
11.0583259993291
10.078680999868084
9.863149000011617
9.638382999582973
10.508815000321192
11.240380999879562
10.03823500013823
9.293963000345684
10.164327999518719
10.104002000844048
9.635043000344012
9.272831000089354
9.265345999665442
9.347653999611794
9.641937999731454
8.983163000266359
9.750860999702127
9.36752500001603
8.445676000519597
9.154629000477144
9.515378999822133
9.798002000025008
9.772596999937377
10.502829000870406
11.757057000068016
10.908921000009286
10.723535000579432
10.006273999351833
8.879509000507824
9.822534000704763
9.266400999877078
9.917006999785372
9.684840999398148
10.631933000695426
10.568027000772418
9.67938900066656
9.459762999540544
10.291722999681951
8.912962000067637
9.913241000504058
9.444177000659693
9.50228799956676
8.45733599999221
9.177107999676082
9.031664999383793
8.683953999934602
9.008658999846375
8.650688000670925
8.74309600021661
8.727344999897468
8.72679500025697
8.224600000175997
9.179598000628175
9.103077000872872
9.325713999714935
9.108026999456342
8.375485000215122
8.631771999716875
8.51377799972397
8.327243000167073
9.515439000097103
8.761245999266976
8.964151999862224
9.140772000137076
9.776187000170466
9.252640999875439
9.535518000120646
10.741826000412402
10.697875000005297
9.769872000106261
9.984176999751071
10.27687199984939
9.069644999726734
10.21294600013789
9.352097999908437
9.86263000049803
9.865379000075336
9.844653999607544
9.920761000103084
9.7727060001489
8.687953999469755
10.147297999537841
9.42229700012831
9.184808999634697
8.818936999887228
9.48903800053813
8.082915999693796
9.242700999493536
8.146068000314699
9.089661999496457
9.056466000401997
8.692683999470319
8.476737999444595
9.25657100015087
9.31900300020061
8.59693199981848
8.707363999747031
8.380694999686966
9.119076000388304
9.421476999705192
8.881119000761828
9.403314999872237
8.727406000616611
9.165757999653579
9.879549999823212
9.00836300024821
10.143407999748888
8.871900000485766
8.647253000162891
9.021613000186335
8.43406599960872
9.01119300033315
8.543860000827408
9.153787999821361
8.621062000202073
8.037644000069122
9.673873999417992
9.667483999692195
9.532084000056784
9.97319799989782
9.352199000204564
11.468693000097119
10.657013999662013
11.57004099968617
10.284803000104148
9.580779999851075
10.084556000037992
10.681565000595583
9.974898000109533
9.789762999389495
8.319403000314196
9.552789999361266
8.273561999885715
9.38536500052578
9.120856999288662
8.348603999365878
8.54421900021407
8.594750000156637
8.714224999494036
9.316304000094533
9.207879000314279
8.910350000405742
8.357123000678257
8.181129000149667
8.80208800026594
9.211120000145456
9.16436799980147
8.61540200003219
8.440431999588327
9.171603000140749
9.092805999898701
8.734555000046385
8.820058000310382
10.132258000339789
8.903820000341511
9.263231000659289
10.344633999920916
8.8579840003149
8.404444999541738
8.990272999653826
8.602930999586533
9.670934000496345
8.417154999733611
8.22203899952001
8.911770999475266
9.29252199966868
9.53153999944334
8.584555999732402
8.091385999250633
8.803317000456445
9.159227999589348
8.405755000239878
8.886370999789506
8.138217000123404
8.089310999821464
8.615591999841854
8.508848000019498
8.398013999794784
8.924071999899752
8.220513999731338
8.376775000215275
9.561110000504414
9.769170999788912
9.057649000169476
9.331448000011733
9.628636999877926
9.086662000299839
10.864833999221446
10.707201000514033
9.995213999900443
8.892494999599876
9.601031999409315
10.326079000151367
9.684569000455667
9.859140000116895
9.833378000621451
8.58188100028201
9.559496000292711
8.672573000694683
8.712570000170672
8.396205000281043
8.99509400005627
8.889419999832171
8.533698999599437
9.068860999832395
8.481647000735393
9.036504000505374
9.185709000121278
10.218069999609725
9.559125999658136
9.259871000722342
9.683728999334562
8.931112000027497
9.90111099963542
9.321283000645053
10.320928000510321
9.785037000256125
10.228766000182077
9.26465599968651
11.908550999578438
8.821532999718329
8.633516999907442
9.13448800019978
8.64335200003552
9.548661000735592
8.198788999834505
9.535239000797446
8.753105999858235
9.226299999681942
8.976482999969448
9.177998999803094
9.413425999809988
8.893289000297955
9.092475999750604
9.440427000299678
8.73456499994063
8.501118999447499
8.610771000348905
8.711335000043618
8.370294000087597
9.3514239997603
9.202655000080995
8.247669999946083
8.92637100059801
8.477228000629111
8.909670999855734
8.945452000261866
8.52991000010661
10.153667999475147
9.533098999781942
8.913909999137104
9.86310999996931
10.46110300012515
9.661594000135665
10.338758999751008
8.898196000700409
9.632137999687984
10.57333100015967
9.31829699948139
9.377664000567165
10.238476999802515
9.414172000106191
11.18785999915417
9.669134000432678
8.943821000684693
8.195408999199572
9.102525999878708
8.900531000108458
8.52199900054984
9.15324800007511
9.515838999504922
8.491767000123218
10.004484000091907
9.240401000170095
8.097386000372353
9.425877000467153
8.490383000207657
8.45136200041452
8.376105000024836
9.615771999960998
8.339893000083975
9.465848000218102
8.726828999897407
8.383425000829448
8.256629999777942
9.301752000283159
8.759061000091606
7.923900999230682
9.159657999589399
8.488978000059433
8.716474000721064
8.851849000166112
8.530769000572036
9.57070999993448
9.257835999960662
9.153177999905893
8.803327000350691
8.675252000102773
8.579719999943336
8.75193499996385
10.101872000632284
10.089332000461582
9.022348999678798
9.391669999786245
9.159213000202726
9.313503000157652
9.630760999243648
9.519686999738042
9.957993000170973
9.359669999867037
9.426540000276873
9.698584000034316
9.069591000297805
10.192665000431589
9.511594000287005
9.771776999514259
8.387864999349404
9.123847000410024
9.322392999820295
8.700104000126885
8.427715999459906
8.62369199967361
10.211684999376303
9.108637999815983
8.753125999646727
8.917620999454812
9.047765000104846
8.350803000212181
8.556490000046324
8.764076000261412
8.330182999998215
9.108847000788955
8.825177999824518
9.87269999950513
8.623931999863998
9.546980000777694
9.36654399993131
8.896729999833042
9.491486999650078
9.18333900062862
9.056474999852071
8.916320000025735
9.177219000775949
8.723325000573823
9.081246000278043
9.384085000419873
8.583245000409079
9.297932000663423
8.874848999766982
8.519398999851546
9.899339999719814
9.431411999685224
10.279903000082413
9.361885000544135
9.853468999608594
9.590630999809946
8.824427999570617
9.976732999348314
9.608616000150505
8.913831000427308
8.629121999547351
8.568764999836276
8.792477000497456
9.484127999712655
8.694403999470524
10.157707999496779
9.246620999874722
9.19986900044023
9.859145000518765
9.296472000642098
9.807137999814586
10.39205600045534
10.143799000616127
9.760812000422447
10.300652999831073
9.645932999774232
9.305552000114403
9.216970000125002
10.37719499981904
9.213944999828527
8.662984000693541
8.293402000163042
8.507209000526927
8.876369000063278
8.439606000138156
9.457076999751735
9.172408999802428
8.936042000641464
8.622266999736894
8.795781999651808
8.516009000231861
8.272002000012435
8.964852000644896
8.299832000375318
8.399174000260246
8.376564999707625
8.59116100036772
10.12433300002158
9.774927999387728
9.390599999278493
9.269531999962055
9.381894999933138
9.087976000046183
9.200309999869205
9.093826000025729
8.679694000420568
9.573020999596338
8.598761000030208
9.52830999995058
9.91179100037698
8.423766999840154
9.040775000357826
9.87271400026657
8.397415999752411
8.659353000439296
8.76153700028226
9.321124000052805
8.610550999947009
8.279701999526878
9.647672999562928
9.0963170005125
9.625026999856345
9.18050900054368
9.155667999948491
8.743606000280124
8.975863000159734
8.78062699939619
8.853459999954794
9.551510000164853
9.431555999981356
9.419275999789534
8.883812000021862
9.32365300013771
9.957782000128645
9.092436999708298
9.55679999970016
9.265823999157874
9.208200000102806
9.820317999583494
9.007734000078926
8.784386000115774
8.332643000358075
9.439747000214993
9.123116000409937
9.142128000348748
9.67024900000979
9.060325999598717
8.351952999873902
10.20051900013641
8.723058000214223
9.098757000174373
8.870219000527868
9.143178000158514
9.068725000361155
8.67936600025132
9.492838999904052
9.248330000446003
8.380314999158145
8.835028000248712
9.140559999650577
8.526689000063925
8.821467999950983
10.040505000688427
9.185898999930941
9.23780999983137
8.761375999711163
8.733546000257775
10.074678999444586
8.16589800069778
9.645553000154905
9.32148399988364
8.46924699999363
9.67045400011557
10.175409999646945
9.547349000058603
9.272620999581704
9.468487000049208
9.016983999572403
9.11530700068397
8.871259999978065
9.113746999901196
9.157978000075673
8.829559999867342
8.769417000621615
9.036753999680514
8.62013499954628
10.150148000320769
8.706124000127602
8.758195999689633
8.977303000392567
8.589201000177127
8.739865999814356
8.320603000356641
8.714765000149782
9.474997999859625
9.440667000490066
8.895699999811768
8.829087999401963
8.960465000200202
9.166638999886345
9.187979000671476
8.982715999991342
9.144848000687489
9.676943999693322
8.885860000191315
8.705135000127484
9.90073399952962
8.581203000176174
9.35778399980336
9.67024399960792
9.463398000661982
10.559471000306075
9.411686000021291
9.485167999628175
8.973922999757633
9.348573999886867
9.193081999910646
9.410126000148011
9.30046199937351
8.726945999114832
8.761376000620658
9.116406999964966
8.596450999903027
8.593410999310436
8.893211000213341
9.10359800036531
9.327125999334385
8.677554000314558
8.73095499991905
9.235069999704137
8.999163000225963
8.89415999972698
8.582483000282082
8.883530000275641
8.800556999631226
8.88355299957766
9.434626000256685
9.80525800059695
8.207150000089314
9.213119999913033
9.139738000158104
8.057363999796507
8.192659000087588
9.930490999977337
9.628601999793318
9.584844000528392
10.70633600011206
9.896880999804125
9.113817000070412
9.22302100025263
9.257522000552854
9.21649200063257
9.400744999766175
9.35229500009882
9.291585000028135
9.939243999724567
9.414556000592711
8.485168000333942
9.639283000069554
9.319476000200666
8.425005999924906
9.816828000111855
9.695194999949308
9.953691999726288
9.007873000882682
8.555010000236507
8.983935000287602
9.380047999911767
9.735136000017519
8.895550000488583
8.848797999235103
8.966831999714486
9.726506000333757
9.272220999264391
9.087236000596022
9.68515499971545
9.284631999435078
9.06971499989595
9.4351870002356
8.853754000483605
9.822551000070234
8.93855199956306
9.633943000153522
10.29601200025354
12.676074000410154
12.899536000077205
11.807959000179835
10.858409999855212
9.66628700007277
9.59850099934556
9.843818999797804
9.853268999904685
9.826017999330361
9.061645999281609
9.537119999549759
9.134498000094027
9.389025000018592
8.961301000454114
9.219259999554197
9.22712000010506
9.333363999758149
8.632272000795638
8.793766999588115
9.715385000163224
9.183309000036388
8.247400000072957
9.994863999963854
8.692753999639535
9.83328900019842
8.572940000703966
9.716644999571145
9.7313979995306
9.389464999912889
8.757645000514458
8.511807999639132
9.187308000036865
8.776595999734127
9.083425999961037
9.812467999836372
9.637123000175052
9.161838000181888
9.306635000029928
9.66259600045305
9.505009000349673
9.038275000420981
8.498678000250948
8.572549999371404
8.629111999653105
9.076006000213965
9.672004000094603
8.751465999921493
9.208278999722097
9.829808999711531
8.7104049998743
9.429505999833054
9.006412999951863
9.571130000040284
9.059326000169676
8.6472330003744
9.468937999372429
8.971972999461286
8.99131300047884
9.647264000705036
8.423356000093918
9.377415000017209
9.179229000437772
8.989891999590327
9.603292000065267
9.107546999985061
8.634971999526897
8.82664099935937
9.296423000705545
9.190914999635424
8.754208000027575
9.180019000268658
8.720375000848435
9.666152999670885
9.366823999698681
10.00718399973266
8.881219000613783
8.896139999706065
9.093566000046849
9.734625000419328
9.610472000531445
8.81254700016143
8.829120999507722
8.466390000648971
9.082376000151271
9.5946309993451
9.551701000418689
8.225539999330067
9.13598299939622
8.597990999987815
9.239430999514298
8.761745999436243
8.856520000335877
9.7516670002733
8.8862729999164
8.51713900010509
9.806710999328061
8.605881000221416
8.29260200043791
9.555503000228782
8.852191999721981
8.731034999982512
8.52126900008443
9.031780000441358
9.288092000133474
9.32466399990517
9.766216999196331
9.175977999802853
8.993012999781058
9.175728000627714
9.621032000723062
9.426990000065416
8.638043000246398
9.8363689994585
9.074395999959961
8.505707999574952
8.937941999647592
9.420375000445347
9.647853999922518
8.795187000032456
8.804497999335581
8.582334000493574
9.214322999469005
8.692213999893283
8.84936900001776
9.113367000281869
8.61696199990547
9.391855000103533
8.61445200007438
9.37520399929781
8.76260600034584
8.908871000130603
9.115150000070571
8.965951999925892
8.879359999809822
9.149010999863094
9.60546200076351
8.906631000172638
8.790596999460831
8.341423000274517
8.96281200039084
9.383644999616081
8.658832999572041
9.487102999628405
9.366858000248612
9.102736999921035
8.37621400023636
9.234610000021348
8.705596999789122
8.174358000360371
8.96505199943931
9.174101000098744
8.221600000069884
8.901682999749028
8.033464000618551
9.252351000213821
8.461866999823542
8.459226999548264
8.586821000790223
7.837348000066413
8.976893000181008
8.684604000336549
8.374944000024698
9.694745000160765
8.071424999798182
8.830867999677139
9.167207999780658
8.292053999866766
8.857070999511052
9.292821999224543
8.552719999897818
8.896459999959916
8.760766000705189
9.04932000048575
8.52554900029645
9.150618000603572
9.35552499959158
7.863359000111814
9.694854999906966
9.574380999765708
10.147017999770469
8.8313289998041
9.391104999849631
9.398404999956256
8.828928000184533
9.394656000040413
9.083255000405188
8.128307000333734
9.232619999238523
9.192632000122103
8.868449000146938
8.612384000116435
9.340193999378243
9.735116000229027
9.660247999818239
9.63871299973107
9.173157999612158
9.278491999793914
9.312682999734534
9.350053999696684
9.270292000110203
8.874649000063073
9.10185900011129
9.783587000129046
8.509891000358039
8.510018000379205
8.97535300009622
8.608561000073678
9.314883000115515
9.1594890000124
9.688457000265771
9.443606999411713
9.709984999972221
9.294782999859308
8.359553999980562
9.636493000471091
9.86739000018133
9.496801999375748
9.47067800007062
7.808086999830266
8.845508999911544
9.08977600010985
8.357603999684216
8.722904999558523
8.411675999923318
8.940531000007468
8.213138999963121
8.436236000306963
9.663572999670578
8.349404000000504
9.723535000375705
9.447807000469766
8.529508999345126
9.403095000379835
9.438279999812949
8.755105999625812
9.646133000387636
9.050704999935988
8.301161999952456
9.827003000282275
9.766791999936686
9.182089000205451
9.091496000110055
8.889602000635932
8.741925999856903
9.401151000020036
9.555660999467364
9.042054000019561
8.9957840000352
9.330834000138566
9.063534999768308
9.279332000005525
8.892083000318962
8.361746999980824
8.971842999926594
9.021243999995932
10.287785000400618
8.822278000479855
9.130927000114752
8.715554999980668
9.290832000260707
8.78753999950277
9.167668999907619
8.846548999827064
9.275892000005115
8.503097999891907
8.574070000577194
8.366835000742867
10.614593000354944
9.412196000084805
9.770657000444771
8.74815600036527
8.81339100033074
8.9901129995269
10.184568999648036
9.703355000056035
8.36016399989603
9.982092999962333
9.428307000234781
10.124163000000408
9.909606000292115
9.408967000126722
8.959841999967466
9.176603999549116
9.41579600021214
9.597741999641585
8.909650000532565
8.702348999577225
9.53219899929536
9.285383000133152
8.228689999668859
9.028824000779423
8.964302000094904
7.944400000269525
9.288922000450839
8.420795000347425
8.762256000409252
9.412514999894483
8.65378199978295
9.211569000399322
8.66774299993267
8.186942000065756
9.331893999842578
9.127156999966246
8.175817999472201
9.315233000052103
9.004853000078583
9.147337999820593
8.308492000651313
8.89489500059426
8.914850000110164
9.348990000034973
8.55841100019461
10.20721999975649
8.796267999969132
9.180459000162955
8.120927000163647
8.612182000433677
8.787567000581475
9.62929199977225
9.119896999436605
8.629951999864716
9.149848000561178
8.677864000674163
8.768536000388849
8.581601000514638
8.953996999480296
9.380954999869573
8.971053000095708
8.581111000239616
8.841588999530359
9.196758999678423
9.06141999985266
8.542059999854246
8.059634999881382
9.314063000601891
8.817007000288868
8.37661500008835
9.38269499965827
8.375404999242164
8.177247999810788
8.455567000055453
8.274351000181923
9.029185000144935
9.142676999545074
9.147797999503382
8.912361000511737
8.871490000274207
8.550759000172548
8.934002000387409
9.263257000384328
8.334493000802468
7.853104000787425
8.509389000209922
8.153327999934845
8.726564999960829
9.128927000347176
8.733215000575
9.061095000106434
8.854788999997254
8.648392999930365
9.93777100029547
8.518988999639987
8.461936999992759
8.212460000322608
8.814236999569403
8.553644999665266
8.735071000046446
8.453741999801423
8.955880999565125
8.559660000173608
8.106622000013886
9.103186999709578
8.270961000562238
8.102232000055665
8.780717000263394
8.92983700032346
9.289700999943307
9.103626000069198
9.405175000210875
8.561269999518117
8.754235999731463
9.218904999215738
8.721055000023625
9.003712999401614
8.146887999828323
7.85304900000483
8.284872000331234
8.947341000748565
9.408805999555625
8.518779000041832
8.822128999781853
11.32922399938252
8.645037999485794
9.385340999870095
9.537969999655616
8.089984999969602
8.520329000020865
9.098297000491584
9.181608999824675
8.655473000544589
8.744105999539897
8.505978000357572
11.628089000623731
9.648733000176435
8.065675000580086
9.248090999790293
8.788911000010557
9.14736799950333
9.522929000013391
8.814967000034812
9.868455000287213
8.61113100017974
10.146008000447182
8.937282000260893
9.29688799988071
8.833899000819656
8.817977999569848
8.918269999412587
8.142458000293118
8.558644999538956
9.126787999775843
9.029124000335287
8.202138999877207
8.590391000325326
8.658847999868158
8.340092999787885
9.254771000087203
8.404846000303223
9.439487000236113
9.617177000109223
8.327092999934393
10.085126999911154
8.19664900063799
8.351614000275731
7.8985410000314005
8.36901900038356
9.508484999969369
9.763626999301778
8.876804999999877
8.978763000413892
9.726229999614588
8.959971999502159
10.366434999923513
9.297682000578789
8.421335000093677
8.789272000285564
8.72919500034186
8.888129999832017
8.24517100045341
8.66679299997486
13.24435300011828
9.366194999529398
8.420415999353281
8.804997999504849
8.892849999938335
9.283082000365539
9.283741999752237
9.021773999847937
9.307813000305032
9.31073199990351
8.743895999941742
9.740796000187402
8.294711999951687
9.504659000413085
9.404506000464607
9.278121000534156
9.432355999706488
8.902210000087507
9.193840000079945
8.8828090001698
8.259430999714823
9.002423999845632
9.27131200023723
9.757966000506713
8.506938999744307
8.44817699999112
9.18448399988847
8.437856000455213
9.365574000185006
8.6748229996374
8.817678000013984
8.58349099962652
9.114137000324263
9.354363999591442
8.21678900047118
8.988223000415019
8.846439000080863
7.861599000534625
8.561730000110401
8.989443000245956
8.848127999954158
8.589725999627262
8.967502999439603
8.75924699994357
9.046075000696874
8.767096999690693
8.902949999537668
8.69118399987201
9.042530000442639
8.72657999934745
8.435495999947307
7.896480000454176
8.902900000066438
8.586050999838335
8.313653000186605
8.903861000362667
8.935402000133763
8.597990999987815
8.631982000224525
8.584670999880473
10.102916000505502
8.585350999965158
9.106853000048432
8.37589500042668
9.229690999745799
8.83093800075585
8.615302000180236
8.656582000185153
8.92349099922285
8.974252000371052
9.19948899991141
9.512819000519812
8.919110000533692
8.836608999445161
8.339512999555154
8.332862999850477
8.030172999497154
9.457226999984414
8.843377999255608
8.384405000469997
8.756046000598872
8.672593000483175
8.093065999673854
9.528288999717915
8.279910999590356
8.783786999629228
8.819188000416034
10.162839000258828
8.797627000603825
8.486018999974476
8.871959999851242
9.682498999609379
8.391313999709382
8.448221999969974
8.60159100011515
8.300041999973473
9.784897999452369
8.401021000281617
8.778412000538083
8.948007999606489
8.968041999651177
8.442616000138514
8.532509000360733
8.349114000338886
8.407309999711288
8.187658999304404
8.643813999697159
9.407116000147653
8.81663799918897
9.244271000170556
8.418305000304827
8.32418299978599
8.972403000370832
9.089786999538774
9.362353999676998
8.187499000086973
9.055024999724992
9.538760000395996
8.44782700005453
8.796916999926907
8.356243999514845
9.012263999466086
7.736134999504429
8.465176999379764
8.977852000498387
8.489957999699982
8.328322999659576
8.567300000322575
8.680214000378328
8.454691999759234
8.06430500051647
8.870519000083732
8.12486699942383
8.528049000233295
8.779247000347823
7.989423000253737
8.677718999933859
8.551849000468792
8.091325999885157
8.519379000063054
7.979252000041015
8.289442000204872
8.66889299959439
9.830588999648171
9.826948999943852
8.568201000343834
8.154927000759926
8.31795200065244
9.149943000011262
8.518468999682227
8.643932999802928
8.960162000221317
8.472657000311301
9.689903999969829
8.193739000489586
9.166688000732393
8.788976999312581
9.42734699947323
8.637042000373185
8.944961999986845
8.604761000242434
8.774707000156923
9.131896999861056
8.833007999783149
8.531948999916494
8.621052000307827
8.919869999772345
8.247210999797971
8.859698999913235
8.757665999837627
8.361424999748124
8.38375500006805
7.978938000633207
8.499307999954908
8.2904620003319
8.497668000018166
8.379115000025195
8.546803999706754
8.579340999858687
7.972862000315217
8.236235000367742
8.044455000344897
9.070025000255555
8.396176000132982
8.806867999737733
9.15471799999068
8.801128000413883
8.36334399991756
8.594961000198964
9.136948000559642
8.678694000082032
9.07832499979122
8.679778999976406
9.207738999975845
8.023364000109723
8.5656299997936
8.94887699996616
8.377973999813548
8.78045699937502
8.978087999821582
8.240885000304843
9.63440199939214
8.84566900003847
9.85482000032789
9.219170000505983
9.681443999397743
9.201988999848254
9.05662500008475
9.587512000507559
8.801667000625457
8.983392999653006
8.52806800048711
8.65299899942329
10.13221799985331
9.124223000071652
8.393164999688452
9.447726999496808
8.41452499935258
8.555549999982759
9.410285999365442
9.761365999111149
9.374784999636177
8.050804000049538
8.35300400012784
7.947156999762228
8.95003200002975
9.858839000116859
9.850668999206391
9.273321999899053
8.816993000436923
8.550049000405124
9.507038999799988
8.225859999583918
8.661532999212795
8.52814900008525
8.727634999559086
8.969032000095467
8.68295400050556
9.69024599999102
8.627230999991298
9.869150000668014
8.440161999715201
8.902699999453034
9.245481000107247
8.912521000638662
8.651523000480665
9.294683000007353
8.3105230005458
9.012382999571855
9.214454999892041
9.267786999771488
8.907400000680354
8.815837999463838
9.075365999706264
8.609759999671951
8.98057299946231
8.827657999972871
9.685744999842427
9.61006199941039
8.544669000002614
8.489668000038364
9.219079000104102
8.313651999742433
8.370433999516536
8.5383189998538
8.18247799998062
9.42371600012848
8.736386000236962
8.470247999866842
8.37288399998215
8.446486000138975
8.95049199971254
8.196298999791907
8.609310999418085
8.744206000301347
8.116837000670785
8.492897999531124
9.014974999445258
8.258803999524389
8.036307000111265
8.429812000031234
8.592966000833258
8.907693999390176
8.41635500000848
8.30554200001643
8.64330200056429
9.000343000479916
8.24401099998795
8.0890660001387
8.670533999975305
8.296881999740435
8.956686000601621
8.379575000617479
8.557819000088784
8.546559999558667
7.976672000040708
8.413716000177374
7.8590190005343175
8.327312999426795
8.681412999976601
8.026714000152424
8.892410999578715
8.370133999960672
8.595839999543387
9.21777999974438
8.584633999817015
8.349053000529238
10.187079999923299
8.453038999505225
8.850510000229406
8.495062999827496
9.306822999860742
8.133936000376707
8.338603000083822
9.0866360005748
9.013853999931598
8.380485000088811
9.049716999470547
8.758556000429962
8.419656000114628
8.994984999844746
8.401975999731803
8.687442999871564
8.184578999134828
8.42479600032675
8.893320000424865
8.781509000073129
8.97324200013827
8.509401000083017
9.082345000024361
8.789367000645143
8.812408000267169
8.551698999326618
8.414735000769724
8.190279000700684
9.101706999899761
8.41028600007121
8.93396199990093
8.54557599996042
8.81674800075416
8.624982000583259
9.041804999469605
8.731930000067223
8.79723600064608
8.586580000155664
8.538549000149942
9.147906999714905
9.007362999909674
7.9769919993850635
8.560230000512092
8.60494100015785
8.36046400036139
8.370663999812678
8.48617799965723
8.648162999634224
8.740416000364348
9.118689999922935
8.111866000035661
8.117807000417088
8.372803999918688
8.684203000484558
8.60509100039053
8.5931530002199
8.586323000599805
8.558439999433176
8.589610999479191
8.355164000022341
8.175408000170137
8.560770000258344
8.64256199929514
8.55135900019377
8.785420000094746
8.929392000027292
9.19035199967766
8.370244000616367
8.649133000290021
8.501307999722485
8.819898000183457
8.403505999922345
8.717494999473274
8.29225100005715
8.638892000817577
8.714175000022806
8.401225999477901
8.376023999517201
8.655491999888909
8.597731000008935
9.122616999775346
8.772257000600803
8.986241999991762
8.689053999660246
8.58925000011368
9.286422000513994
8.529128999725799
7.938880999972753
8.555778999834729
8.642613000120036
9.079935999579902
8.292302000882046
8.605101000284776
8.781747000284668
8.313684999848192
8.794166999905428
8.1905180004469
8.467390000078012
8.829936999973143
8.515147999787587
8.929862000513822
8.477868000227318
8.363544000530965
8.36422400061565
8.16214799942827
8.163409999724536
9.368435000396858
8.28840099984518
8.37940399924264
8.200059000046167
8.628612000393332
8.004226000593917
8.854238999447261
8.480008000333328
8.428846000242629
8.737294999264122
8.4010059999855
7.804746999681811
8.411329999944428
8.06869500047469
8.426858999882825
8.469887999126513
8.258181000201148
8.650425999803701
8.589670999754162
7.8151470006559975
8.778325999628578
8.628501999737637
8.571011000640283
8.405954999943788
8.747296000365168
9.049193999999261
9.056034999957774
8.126466999783588
8.719935000044643
8.81690799997159
8.509888999469695
8.281620999696315
8.193160000701027
8.659322999847063
8.227778999753355
8.42274600017845
8.61445200007438
7.988493000084418
8.455535999928543
8.445416000540718
8.1736970005295
8.71109499985323
8.729035999749613
8.155127999998513
8.227549999901385
8.779089000199747
8.618302000286349
8.512348999829555
8.147746999384253
8.763610999267257
8.27087100060453
8.720304000235046
8.1823020000229
8.580249999795342
8.250720999967598
8.569940000597853
8.11235699984536
8.19033900006616
8.595354000135558
7.910820000688545
8.273989999906917
8.483717000672186
8.52297900019039
8.5136079997028
8.55333200070163
9.225830000104907
8.454506999441946
8.96828200075106
8.421245000135968
8.348422999915783
8.630063000055088
8.457158000055642
8.541130000594421
8.292802000141819
8.811277999484446
8.706753999831562
8.42357900000934
8.253250000052503
8.333353000125499
8.654922999994596
8.447299000181374
8.535258999472717
8.907980999538267
8.463756999844918
8.887830000276153
8.45446599942079
8.701433999704022
8.274910999716667
8.2431999999244
9.1378059996714
8.702705000359856
8.012563999727718
8.532889999514737
8.461567000267678
8.253349999904458
8.888434999789752
9.533168999951158
9.422768000149517
8.423475999734364
8.577220000006491
8.910001000003831
8.961251999608066
8.846548000292387
8.546738999939407
9.13720700009435
8.661603000291507
8.202988999983063
9.036903999913193
8.149886999490263
8.743504999983998
8.010503000150493
8.48889799999597
8.651912999994238
8.17840800027625
8.33363299989287
8.05444500019803
8.473118000438262
9.338352000668237
8.756266000091273
8.666663000440167
8.212613000068814
8.34880299953511
9.76429599995754
8.540009000171267
8.278442000118957
8.035523999751604
8.251492999988841
8.375626000088232
8.523268999852007
8.449236999695131
8.582321000176307
8.28568399992946
8.491047999996226
8.32669299961708
8.265471999948204
8.40918599988072
8.074915000179317
8.190098999875772
8.364577000065765
8.332553000400367
8.555599999453989
8.35021299917571
9.358614999655401
8.682303000568936
8.218019000196364
8.437528000285965
8.04163399971003
8.363974000531016
8.4408060001806
8.564620000470313
8.23887000024115
8.005294000213325
8.612053999968339
8.682406999469094
8.440515999609488
8.455827000034333
8.891989000403555
8.493137999721512
8.671241999763879
7.899109000391036
8.193421999749262
8.678114000758796
8.206428999983473
7.859308999286441
7.185458999629191
8.727245000045514
8.216983000238542
7.778207000228576
8.337974999449216
8.844359000249824
8.062915000664361
8.411284999965574
9.125096999923699
8.151668000209611
8.728197999516851
8.674372999848856
9.095806000004814
8.375753999644076
8.927022000534635
8.183298999938415
8.485788000143657
9.169208999992406
8.223578999604797
8.667203000186419
8.481597000354668
8.570729999519244
8.477807999952347
9.21590500001912
8.975658000053954
8.80933799999184
8.296021999740333
8.85317899974325
8.682884999871021
8.476108000650129
8.39582399930805
8.550708999791823
8.724733999770251
8.14019700010249
8.475227000417362
8.678142999997362
8.543779000319773
8.488066999234434
8.725226000024122
8.22094900013326
8.50112900025124
8.931071000006341
8.406115000070713
8.091716000308224
8.111226999972132
8.331122000527103
8.068025000284251
8.353074000297056
8.671782999954303
8.834707999994862
8.147628000187979
8.500527999785845
8.545269000023836
9.030045000145037
7.852118999835511
8.159246999639436
8.841448000566743
8.647686000585963
8.346153999809758
8.141272000102617
8.060494000346807
8.03807499960385
8.70869499976834
8.75990499935142
8.8462490002712
8.267850000265753
8.25836099920707
8.596920999480062
8.379975000025297
8.488278000186256
8.615961999566935
8.690524000485311
9.343185000034282
8.803247000287229
8.224430000154825
8.377613999982714
8.461600000373437
8.441225999376911
8.445186000244576
8.770166999966023
8.27583099999174
8.656996000354411
9.41234599940799
8.387933999983943
8.84277800014388
8.155677000104333
9.139739999227459
8.804097000393085
8.063256000241381
8.474397000099998
8.854439000060665
8.251150000432972
8.244069999818748
8.45083700005489
10.956524999528483
11.985894000645203
11.57752899962361
11.85159000033309
9.022724000715243
9.362073999909626
9.490348999861453
8.949211000071955
9.03942700006155
8.267662000434939
8.40979500026151
8.564090000618307
8.552287999918917
8.449005999864312
8.680932999595825
8.592381000198657
8.998633000373957
8.137026999975205
8.687285000632983
8.726416999706998
8.309412000016891
7.9680019998704665
9.478068000134954
8.40675499966892
8.33282399980817
9.263863999876776
8.32452199938416
8.282682000753994
9.016143999360793
8.2774820002669
8.94977200005087
8.152809999955934
9.025744000609848
9.038994999173156
8.455178999611235
8.619012000053772
8.883778999916103
8.4112760005155
8.796857000561431
8.585642999605625
8.886599000106798
8.90609999987646
8.237620000727475
8.832798000184994
8.893170000192185
8.624542000688962
8.911580999665603
8.545118999791157
8.35136300065642
8.591679999881308
8.20827899951837
8.726115000172285
8.450027000435512
8.901311000045098
9.116557999732322
9.189208999487164
8.820207999633567
9.36100500075554
8.397384999625501
9.080245999939507
9.179638999739836
8.158247000210395
8.574731000408065
8.578881000175897
9.444567000173265
8.45970699992904
9.127738000643149
9.100276000026497
8.495458999277616
8.990111999992223
9.228861000337929
8.495127999594843
8.474868000121205
9.352314000352635
8.803177000118012
9.084361000532226
9.054983999703836
8.331618999363855
9.080771000299137
9.688158999779262
8.767257000727113
8.717403999980888
8.607030999883136
9.145586999693478
8.067030000347586
8.258941000349296
9.195190000355069
11.588640999434574
8.630121999885887
9.767006999936712
8.880510000381037
8.247839999967255
8.069425000030606
9.029959999679704
8.64124300005642
8.678402999976242
8.375665000130539
8.333943000252475
8.53279900002235
8.83453799997369
9.41162599974632
9.114487000260851
8.421716000157176
8.849808999912057
8.194058999833942
8.36818400057382
8.638941999379313
8.457115000055637
8.569640999667172
9.169447999738622
8.287671000289265
8.33525300004112
8.187828000700392
8.552089999284362
8.49875800031441
10.84954900034063
9.061085000212188
8.284650999485166
8.113167000374233
8.382034000533167
8.787198000391072
8.688532999258314
8.63812300030986
9.112867000112601
8.57324000025983
9.111716999541386
7.948931999635533
8.741705999455007
9.178709000480012
9.295232999647851
8.910040000046138
8.755245999964245
8.9061809994746
8.828828000332578
9.054265000486339
9.786626999812142
9.357194000585878
8.833027999571641
8.145417999912752
8.578500000112399
9.476117999838607
8.852599000420014
8.119217000057688
8.94977200005087
8.291961999930209
9.423676000551495
8.875908999470994
8.697104000020772
8.239238999522058
8.308821999889915
9.368254000037268
8.77211700026237
8.891578999282501
8.189139000023715
8.015263000743289
8.794997000222793
8.46640799954912
8.088375000625092
8.8716199998089
9.793947999241936
8.310352000080456
10.213200000180223
8.649182999761251
8.405254999161116
8.396465000259923
8.757426000556734
8.930072000111977
8.671847999721649
8.350322999831405
8.161397999174369
8.917090000068129
8.651058000396006
8.884079999916139
8.881365000888763
8.940630999859422
8.721833999516093
8.587295999859634
9.195363999424444
9.322408000116411
9.04397400063317
8.589289999690664
8.341792999999598
8.093196000118041
8.936410999922373
8.69290899936459
8.472806999634486
8.006612999452045
8.420064999882015
9.632653000153368
8.497043999341258
10.137963000488526
8.912860000236833
9.284482000111893
9.312909000072978
8.388420999835944
8.599302000220632
9.5932209997045
9.082884999770613
8.07033599994611
8.702423999238817
8.34750299964071
8.940661000451655
8.281481000267377
9.444408000490512
9.038448999490356
8.258160999503161
7.885074999649078
8.394314999350172
9.119882000049984
8.291061000818445
8.401918999879854
8.413515000029292
9.22929100033798
8.804617999885522
8.296361000247998
8.444731000054162
8.861029000399867
8.536549000382365
8.667643000080716
8.525758000359929
8.798537999609835
9.277510999709193
9.268232000067655
7.940647000395984
9.728404999805207
8.41213500007143
8.556120000321243
8.98429200060491
8.67326299976412
9.191578999889316
9.14000299962936
8.714914999472967
9.587061000274844
8.399545000429498
9.188809000079345
8.535734000361117
8.678474000589631
8.65406799948687
8.862329000294267
9.53947000016342
9.291272000155004
9.581300000718329
8.506623999892327
8.799367999927199
9.326933999545872
8.636292000119283
8.848098999806098
9.324544000264723
8.76705500013486
9.659473999818147
8.415995999712322
8.564519999708864
8.30652199965698
8.615531000032206
8.23331900028279
8.480402999339276
8.835394000016095
9.806193000258645
8.886040000106732
9.552659999826574
8.387664000110817
9.145326999714598
9.365894999973534
8.806052000181808
9.09982599932846
9.062365999852773
8.417199999712466
8.425106000686355
8.487007999974594
9.027359000356228
8.11109700043744
8.53982900025585
9.841629000220564
8.458286999484699
8.797056999355846
8.37432499974966
8.71922500027722
8.207259999835514
9.13994599977741
8.614092000243545
8.59257100000832
8.564265999666532
8.635352000055718
8.465476999845123
8.813976999590523
8.521198999915214
9.487041999818757
9.105617000386701
8.688599000379327
8.23515999945812
8.784885999375547
10.365604999606148
9.10171600025933
9.53551000020525
8.875879999322933
8.30913700065139
8.345463999830827
10.25433199993131
8.308512000439805
8.36004399934609
8.763832000113325
8.174012999916158
8.109627000521868
8.728405000510975
8.660942999995314
9.033894999447512
9.234459999788669
8.725456000320264
7.996243999514263
10.113007000654761
8.415065000008326
8.979426999758289
10.53847000002861
8.615861000180303
9.449827000025834
8.863043000019388
9.469127999182092
8.812617999865324
9.60651199966378
8.65439300014259
8.639582999421691
8.917337000639236
9.480028000325547
8.268150999356294
8.968992000518483
9.780731999853742
9.699770000224817
9.21628900050564
9.404210999491625
10.068356999909156
9.293551999689953
9.580261999872164
8.630341999378288
9.469503000218538
8.89869999991788
9.574710999913805
8.994142999654287
9.156273000371584
9.770468000169785
9.430207000150403
9.68241400005354
9.191928999825905
8.840886999678332
9.02754399976402
9.502677999989828
9.421576000022469
9.68838499920821
9.780647999832581
8.988101999420905
10.15617899975041
9.444272000109777
8.919980999962718
9.763277000274684
9.484107999924163
9.302992999437265
9.97184300013032
9.461796999858052
8.914059999369783
9.29114100017614
9.856589000264648
10.08884700058843
9.263622000617033
8.995832000437076
9.492219000094337
9.086025999749836
9.382935999383335
9.010574000058114
9.31093700000929
9.708585000225867
9.848210000200197
8.72034399981203
8.483157999762625
8.601470999565208
8.691115000146965
8.639012999992701
8.338073000231816
8.113906999824394
9.52796000001399
9.640137999667786
9.381234000102268
8.906426000066858
9.357204000480124
8.977217999927234
8.87819999934436
8.722164000573684
8.216379000259622
8.20706899958168
8.538494000276842
8.723615999770118
8.49707799989119
9.230511000168917
8.194938000087859
9.399596000548627
9.105516999625252
9.069826000086323
8.374445000299602
9.291841000049317
8.214980000047944
9.017142999255157
8.478103000015835
8.75742599964724
8.944260999669496
8.99819300047966
9.29866300066351
8.067386000220722
8.845628999551991
8.270680999885371
9.35781299995142
9.303982999881555
9.020323999720858
9.369813999910548
9.612142000150925
9.091347000321548
9.545799000079569
9.233441000105813
8.537188999980572
9.610748000341118
8.924250999370997
8.749085000090417
8.465636999972048
9.422534999430354
8.911271000215493
8.535128999938024
9.066165999684017
8.60207099958643
8.472718000120949
9.211749999849417
8.431454999481502
8.42629599992506
8.558170000469545
8.915210999475676
8.750416000111727
8.993444000225281
9.10482699964632
9.804077999433503
8.450430999801029
9.42466600008629
9.005779000290204
8.724214999347168
8.483397999953013
8.203268999750435
8.18477799930406
9.615121000024374
8.801977999610244
8.920267000576132
8.33999299993593
9.569910000209347
9.086405999369163
8.675803000187443
7.928650999929232
8.560029999898688
9.282191999773204
8.356583999557188
8.736495000448485
9.106937000069593
8.618351000222901
9.423067000170704
9.208950000356708
9.664533999966807
9.436506999918493
8.971522999672743
9.107765999942785
9.532649999528076
8.312212999953772
8.56506000036461
8.822959000099218
8.438156999545754
8.992593000584748
9.275022999645444
8.29713199982507
8.537269999578712
8.516417999999248
8.857208999870636
8.641727999929572
9.273511999708717
9.088916000109748
8.859347999532474
9.652542999901925
9.421067000403127
8.48568699984753
8.80776799931482
9.071565000340343
9.270223999919835
8.381983999242948
9.681876999820815
9.236092999344692
9.06500600012805
9.744576000230154
7.917610000731656
9.370794999995269
10.090515999763738
8.334002999617951
8.346504000655841
8.211558999391855
8.372534000045562
8.18545800029824
8.106397000119614
8.321803000399086
8.621142000265536
8.96278300024278
8.529289999387402
9.577769999850716
8.467918000860664
8.480157999656512
8.554959999855782
8.27711200054182
8.439707000434282
8.151567999448162
8.408784000494052
8.6342530003094
9.139097000115726
8.350434000021778
8.764965999944252
8.586230000219075
8.241780000389554
8.579079999435635
8.347964000677166
8.594541000093159
10.370326000156638
8.600981000199681
9.271160000025702
7.974391999596264
8.378845000152069
9.284964000471518
8.936811999774363
8.672193000165862
8.280172000013408
8.427085999755946
9.038305000103719
8.334082999681414
7.916535000731528
9.082085999580158
8.271524000520003
8.02088399996137
10.287215000062133
8.872809000422421
8.248993000051996
8.663804000207165
8.654293000290636
8.58020099985879
8.978132999800437
9.844848999819078
9.181778999845847
8.39469799939252
8.152737999807869
8.464399000331468
8.750325999244524
8.235241999500431
8.61502199950337
8.728423999855295
8.414395000727382
8.25217000056
8.973547999630682
8.723764000023948
8.392175000153657
8.642801999485528
8.043633999477606
8.849132000250393
8.649452999634377
8.304042000418121
8.506219000082638
8.24689999990369
8.716934000403853
8.303342000544944
8.731234000151744
8.381684999221761
8.763876000557502
8.259040999291756
8.483777000037662
8.70020399997884
8.528418999958376
8.346915999936755
8.157277000464092
8.59830100034742
8.82274800005689
8.786350000264065
8.951730999797292
8.023952999792527
9.211173000039707
13.129901999491267
10.504111999580346
9.167377999801829
8.519621999766969
8.293003999824577
9.10967200070445
8.507511999596318
8.74219599973003
8.427757999925234
8.92740600011166
8.600334000220755
8.679216000018641
8.740000000216241
8.42380799986131
8.573233000788605
8.724057000108587
8.436449000328139
8.693106000464468
8.566602999962925
9.862582000096154
8.345473999725073
8.415455000431393
8.68143599927862
8.125817000291136
8.601860999988276
8.249659999819414
8.163147999766807
8.127877000333683
8.547599999474187
8.679634000145597
8.763335999901756
8.466038000733533
8.206569999856583
8.48138099991047
8.012332999896898
8.380014000067604
8.613011999841547
8.72580499981268
8.609522000369907
8.051795000028505
9.597501999451197
8.79615699977876
8.12207600029069
8.621842000138713
8.264620999398176
8.496918000673759
8.856288999595563
8.99520399980247
8.45031700009713
8.480567000333394
8.417101000304683
8.776196999860986
8.702195000296342
9.32863400066708
8.864829000231111
8.175981000022148
8.765165999648161
8.594079999966198
9.046567999575927
8.871478999935789
8.318555000187189
7.769385999381484
8.572931000344397
8.1423370002085
8.696607000274525
8.539669999663602
9.14860799912276
8.311553000567073
9.112607000133721
8.828889000142226
8.875669999724778
9.937541999534005
8.667407000757521
8.299871999952302
8.739666000110446
8.601532000284351
8.467212000141444
8.556552999834821
8.838878999995359
8.524181000211684
8.798088000730786
9.42790600038279
8.490228000482603
8.71617399934621
8.52475899955607
8.521411000401713
8.699974000592192
8.79607900060364
8.846339000228909
8.956951000072877
8.53007899968361
8.767776000240701
9.03487000050518
8.26584200058278
8.832008000354108
8.72820499989757
8.802407000075618
8.492517999911797
9.034024999891699
8.544560000700585
8.321612999679928
8.11362599961285
8.201018999898224
8.883853000043018
8.66268299978401
8.36666399936803
8.713955000530405
8.427886000390572
8.902771000066423
8.914571999412146
8.53872900006536
8.939210999415081
9.094306000406505
8.624031999715953
8.82401899980323
8.696593999957258
9.000916000331927
7.917983999504941
9.013146999677701
8.464489999823854
8.055005000642268
8.526702000381192
8.474837999528972
8.46325699967565
8.104055999865523
8.647622999887972
8.285741000690905
8.868664000146964
9.334712999589101
9.089455999856
12.343968000095629
13.300607000019227
13.759095999375859
10.780348000480444
11.356568000337575
8.63598300020385
9.1341299994383
9.829949000049965
10.17782899998565
9.551064999868686
9.177568000268366
9.300353000071482
8.993382999506139
8.82933699995192
8.763165999880584
9.399665000273671
8.683373999701871
8.572969000852027
8.869068999956653
8.342423000613053
8.586390999880678
8.19023899930471
8.459196999865526
8.353655000064464
8.492680999552249
8.208259999264556
8.103716999357857
8.716375000403787
9.1552670000965
8.654958000079205
8.25988100041286
8.858271999997669
8.123427000100492
8.365413999854354
8.51539799987222
8.354433000022254
8.647542000289832
8.004685999367211
8.965701999841258
8.554860000003828
8.572770999307977
8.4693070002686
8.253920000242942
9.002984000289871
8.642042999781552
8.347654000317561
8.278234000499651
9.071714999663527
8.818182999675628
8.33008300014626
8.479977999741095
8.522919000824913
8.46664700020483
8.479926999825693
8.60853100039094
8.85659800042049
8.528248999937205
9.30328400045255
8.657244000460196
9.173998000733263
8.226110000578046
8.539979000488529
8.359516999917105
8.251980999375519
8.547220000764355
8.001412999874447
8.430306999798631
9.46948699947825
8.615421999820683
8.231129999330733
8.844390999911411
8.537309000530513
8.55238000076497
8.331971999723464
8.216719000301964
9.048615000210702
9.369403999698989
9.52671899995039
8.427357000073243
8.676626999658765
8.110277000014321
8.653722000417474
8.348182999725395
9.091626000554243
8.699783999873034
9.726914000566467
8.56240000030084
8.823647999633977
8.533080000233895
8.707445000254666
9.63227200008987
8.133467000334349
9.203422000609862
8.658673999889288
9.232830000655667
8.195731999876443
8.429076000538771
9.109836999414256
8.310062999953516
9.019684000122652
8.505538000463275
8.534958999916853
8.388475000174367
8.946341999944707
8.487578000313079
9.180289000141784
8.361914000488468
8.875071000147727
8.695593999618723
8.866029999808234
8.03021699994133
8.543619999727525
8.989893000034499
8.692364000125963
8.803857000202697
9.152738000011595
8.961882000221522
8.391114000005473
9.121496999796364
9.117706999859365
9.073876000002201
8.54282999989664
8.601482999438304
9.213129999807279
8.555468999475124
8.478237999952398
9.093255999687244
8.36013699972682
9.445565999158134
8.289022000099067
8.134966999932658
8.107225999992806
8.911340999475215
8.363664000171411
9.21213300080126
8.779146000051696
8.952581999437825
8.440026999778638
8.629944999483996
9.595950999937486
8.880839000084961
8.667334000165283
8.405188000324415
9.01586399959342
8.860388999892166
8.623151999927359
7.82124799934536
8.608762000221759
8.326653000040096
8.123237000290828
9.168317999865394
8.240670999839494
7.871868999245635
8.478438000565802
8.838308000122197
8.794636999482464
8.932351000112249
8.463026999379508
8.379944999433064
8.155098000315775
8.707234999747016
8.727663999707147
8.31109299997479
8.510611000019708
8.278821999738284
8.203581999623566
8.271691000118153
8.378735000405868
8.499849000145332
9.452872000110801
9.589821999725245
8.071745000052033
8.64093300060631
9.087366000130714
9.137938000094437
9.17323799967562
8.389775000068767
9.207252999658522
8.754725000471808
7.871118999901228
9.809778000089864
8.715535000192176
10.04936700064718
9.239070999683463
9.227243000168528
8.994843000436958
11.08088000000862
8.945671999754268
8.801146999758203
8.183648000340327
9.529919999295089
9.136917000432732
8.670332999827224
8.533889000318595
9.341224000309012
9.062645000085467
9.066804999747546
8.532270000614517
8.868788000654604
9.578121000231477
9.593451000000641
8.46660599927418
9.1460769999685
9.037445999638294
8.761556000536075
8.402574999308854
9.533309000289591
8.907280000130413
9.095917000195186
9.303394999733428
8.307353000418516
8.634533000076772
9.025989000292611
7.406175000141957
9.460137000132818
9.319204000348691
9.324683000158984
8.87071399938577
9.298242000113532
9.734104999552073
8.522989000084635
8.738165999602643
9.089951000532892
8.908370999961335
8.647692000522511
8.812207999653765
9.286961999350751
9.19720900037646
8.652432999951998
8.745905000068888
9.420546000001195
9.369094000248879
9.576331000062055
8.700745000169263
8.639562000098522
9.104776999265596
8.445036999546573
9.010073999888846
8.440726999651815
9.10844600002747
9.489097999903606
8.930081000471546
9.146797999164846
8.340893000422511
8.81257800028834
8.877219999703811
9.018525000101363
9.055174999957671
8.504308999363275
8.633402000668866
8.627402999991318
9.080896000341454
8.820817999549035
8.741616000406793
8.337578000464418
8.817053000711894
8.840518999932101
8.923221000259218
9.655228999690735
9.206573999108514
8.837698999741406
9.114106000197353
9.926446999998007
9.772671000064292
9.68726399969455
8.363425000425195
9.005289000015182
9.26269199953822
9.37015399995289
8.82673900014197
9.388344999933906
9.77873199917667
8.692574000633613
8.825017999697593
8.966993000285584
9.864849999758007
8.76963600057934
9.08633600010944
8.813096999801928
9.069515999726718
8.469337999486015
8.86140999955387
9.903580999889527
9.270342000490928
9.180688999549602
8.661342999403132
9.527428999717813
9.111088000281597
8.399405999625742
8.904491000066628
9.625791999496869
9.196197999699507
9.557841000059852
9.229279999999562
8.992023000246263
9.280131999730656
9.063765999599127
9.401174999766226
9.206579999954556
8.942686999944272
8.96809299956658
10.037134999947739
9.025684999869554
9.462736999921617
8.56290999945486
9.249091000128828
8.73199099987687
9.07318600002327
8.70333400052914
9.846274999290472
8.747156000026735
9.19583899940335
10.189339999669755
9.398574999977427
8.8736190000418
9.074495999811916
9.213659999659285
8.78985700001067
9.190798999952676
8.510544000273512
8.61112199982017
8.866620000844705
9.730386000228464
8.853408000504714
9.291121999922325
8.869520000189368
9.09011699968687
8.585481000409345
8.597560999987763
9.277131999624544
8.257339999545366
8.97587300005398
8.327152000674687
8.430126000348537
8.359064999240218
8.888170000318496
9.245410000403353
8.476861999952234
9.338333000414423
8.588100999986636
9.23250000050757
8.781387000453833
8.976993000032962
8.586021000155597
8.950573000220174
9.430076999706216
9.329774000434554
8.651948000078846
9.703695000098378
9.107445999688935
8.764145999521133
9.400865999850794
8.774346999416593
9.338523999758763
8.789757000158716
8.763770999394183
8.829227999740397
8.508236999659857
8.598990999416856
8.924016000491974
8.685734000209777
8.330249000209733
8.519684000020789
9.717849999105965
9.55762000012328
9.55084999986866
8.692413999597193
8.860128999913286
9.012163999614131
8.852108000610315
8.86277900008281
9.013174000756408
8.981093000329565
9.009473999867623
9.316982999735046
9.20088000020769
8.769455999754427
8.776007000051322
8.742734999941604
9.102821999476873
9.430757000700396
8.24473900047451
8.555764999982785
9.034185000018624
9.123871999690891
9.493958999883034
9.664544000770547
8.82840899976145
8.548924000024272
8.982293999906688
8.013083999685477
8.74830600059795
8.66147299984732
9.017333999508992
8.77917200068623
8.782997000707837
9.716254000522895
8.42262500009383
8.837663999656797
8.97547200020199
8.10879499931616
8.759286999520555
8.29098200028966
8.923640999455529
8.974002000286418
8.81491800009826
8.8086679998014
9.067240000149468
13.513690000763745
13.205975999881048
11.67149499997322
10.199405000093975
9.681962999820826
9.400115999596892
9.713905000353407
8.738000000448665
9.402855999724125
9.29056099994341
9.937660999639775
9.191138999995019
9.951092999472166
9.61128099970665
9.386175999679836
9.398715999850538
8.685523999702127
8.569029999307531
8.930801000133215
9.466427999541338
9.164598000097612
8.103965999907814
8.558450000236917
8.909481000046071
9.428916000615573
8.334122999258398
9.114272000260826
9.338587999991432
8.998342999802844
8.240406000368239
8.332522999808134
8.953911999924458
9.168728000076953
8.85855900014576
8.563089999370277
8.535489000678353
8.887150000191468
9.242670999810798
8.711919999768725
9.094626000660355
8.730613999432535
8.738255999560351
8.437514999968698
9.045684999364312
8.28718699995079
9.106616999815742
9.000643999570457
10.099666000314755
9.414296000613831
8.531168999979855
8.853678999912518
9.408476000317023
8.666247999826737
9.945692000655981
8.692243999576021
9.121057000811561
8.167177999894193
9.229680999851553
9.4041059992378
9.374389999720734
9.554670000397891
8.359234000636206
9.202739000102156
9.499259000222082
8.598152000558912
9.255560999918089
9.022914000524906
8.914291000110097
8.136847000059788
9.289813000577851
8.972128000095836
9.179129000585817
8.831598000142549
8.69835499997862
9.237480000592768
8.75342100061971
9.202619999996386
8.583430999351549
8.503713000209245
8.896260999790684
9.01201300075627
8.608142000412045
8.711650999430276
9.437296999749378
8.65506300033303
8.940252000684268
9.245770999768865
9.007238999402034
9.17396800014103
8.765467000557692
8.677777999764658
8.765777000007802
8.922541000174533
8.83760800024902
9.324822999587923
8.19267899987608
9.50512899999012
9.626781999941159
8.767186000113725
8.85996899978636
7.851828000639216
8.751686000323389
9.815127999900142
9.17315900005633
9.256065999579732
8.61753199933446
8.659623000312422
8.80085699918709
8.862609000061639
9.102586000153678
9.04347499999858
9.237551000296662
9.17649899929529
9.807808000005025
8.65037299990945
9.108805999858305
9.07741600076406
8.870708999893395
9.13243800005148
8.956182000474655
8.750751000661694
8.4276060006232
9.189049000269733
8.897681000235025
8.685353999680956
9.33016300041345
8.54476499989687
8.95902800039039
9.024494000186678
8.586632000515237
8.817837999231415
8.573150999836798
9.603461999176943
8.505877000061446
8.713805000297725
9.097856000153115
9.607056999811903
9.054649999598041
8.562299999539391
9.058355000888696
9.124987000177498
9.093545999348862
8.869610000147077
8.619122000709467
9.689843999694858
8.392644000196015
8.437076000518573
9.321743000327842
8.714233999853604
8.682812999722955
9.097666999878129
9.17165800001385
8.53632899998047
9.633922999455535
9.167457999865292
8.646553000289714
9.482697999374068
8.554358999390388
8.505208000315179
8.25165000060224
9.279172000788094
9.466337000048952
8.919047000745195
9.1258470001776
9.157847999631485
8.85395899967989
8.827128000120865
9.501537999312859
8.768916000008176
9.226990000570368
8.974883000519185
9.022999000080745
8.858378999320848
8.414814999923692
8.554080000067188
8.559738999792899
9.217139999236679
9.139466999840806
8.764855999288557
8.623892000287015
9.317187999840826
8.537888999853749
9.005384000374761
9.27729199975147
8.485397000185912
8.796638000603707
9.571450999828812
9.004923999782477
10.278021999511111
8.875129999978526
8.740145999581728
8.997552999971958
9.676813999249134
9.272692000195093
8.810082999843871
8.91248599964456
9.00654300039605
8.920081000724167
9.338824000224122
9.045733999300865
9.22455100044317
8.781857000030868
8.922361000259116
9.428606000255968
9.508439000455837
8.921470000132103
9.544020000248565
8.972573000392003
8.580460000302992
8.829828999296296
8.967257000222162
9.073567000086769
9.618881999813311
9.126757000558428
8.579311000175949
9.071740000763384
9.029503999954613
8.994322999569704
9.13515299998835
9.323772999778157
8.158388000083505
9.02966500052571
8.589285999732965
9.077086000615964
8.907305999855453
9.62996300040686
8.492364000630914
8.868068999618117
8.433571999376
9.133528000347724
8.955241999501595
8.575905999350653
8.208909999666503
9.203239999806101
8.611831999587594
9.567931000674434
8.511777999956394
8.628511999631883
9.081086000151117
8.477178000248387
9.1842589999942
8.837667999614496
9.18222899963439
8.98864299961133
8.92908100013301
9.119096000176796
9.549169000820257
9.31305300036911
8.848018999742635
8.734075000575103
9.757605999766383
9.649151999838068
8.849378000377328
9.137242000178958
9.484152999903017
9.297243000219169
8.322802999828127
9.238861000085308
9.602500999790209
9.253681000700453
8.924512000703544
9.187990000100399
9.216010000272945
8.769946999564127
8.57711000026029
8.922191000237945
8.511338000062096
9.033254000314628
8.641852999971888
9.232110000084504
8.770516000367934
9.023879000778834
9.109765999710362
8.54795000032027
9.270852000554441
9.564930999658827
8.986091999759083
9.791487000256893
9.30538299962791
9.770376000233227
9.153068000159692
8.58401099958428
8.53088999974716
8.084246000180428
8.403368000472256
8.203379999940807
9.556179999890446
8.422826000241912
8.393264000005729
9.396594999998342
9.579181000844983
8.731704999263457
8.319104999827687
8.823608000056993
9.63565500023833
9.053878000486293
8.590120999542705
8.698124999682477
8.210219999455148
9.027234999848588
9.749716999976954
8.875448999788205
9.501849000116636
8.778706999692076
8.873308999682195
7.881188999817823
9.60418100021343
9.669013999882736
8.666072999403696
9.396995999850333
9.57738099987182
9.624982000786986
9.137957999882929
8.898631000192836
13.187939999625087
13.459197999509342
13.460598999699869
12.470020999899134
12.885600999652524
9.35562500035303
9.669592999671295
9.566971000822377
9.321212999566342
10.090426000715524
9.26677400002518
9.29240299956291
8.587870999690495
9.419229000741325
8.89826999991783
9.496040000158246
8.635262999632687
9.303951999754645
9.69440399967425
9.467107000091346
9.035215000039898
9.191318999910436
8.89550100055203
8.933121000154642
9.06030600071972
9.426587000234576
9.091085999898496
9.110715999668173
9.326151999630383
9.171828999569698
9.106436000365647
9.628642000279797
9.945652000169503
8.915080000406306
9.25724100034131
9.103659000174957
9.010853999825486
9.232729999894218
9.139607999713917
9.53587999993033
9.36441400062904
8.85604900031467
8.877198999471148
9.554160000334377
9.305832999416452
8.978863000265846
9.759088999999221
9.436246999939613
9.353334000479663
8.734295000067505
8.840747999784071
9.397146000083012
8.786456999587244
9.064554999895336
9.203978999721585
8.783997000136878
11.289883000245027
14.197931000126118
13.092786999550299
11.286902000392729
14.272385999902326
9.915470999658282
9.494658999756211
8.69380599942815
9.991832999730832
7.820737000656663
9.59011100076168
8.745395999540051
9.866998999314092
9.594450999429682
9.597051000127976
9.145727999566589
9.482516999923973
9.232659999725001
9.657933999733359
8.552279000468843
10.69414500034327
9.143038000729575
9.038195000357518
9.58484100010537
9.296352000092156
9.324503000243567
8.648951999930432
9.120159999838506
9.576276000188955
9.036032000039995
8.084447999863187
9.48182799947972
9.689873999377596
9.29700300002878
9.824417999880097
9.130356999776268
9.248510999896098
8.594521000304667
9.042834999490879
9.909351000715105
9.168418000626843
7.858689000386221
9.814568000365398
9.170119000373234
9.344893999696069
9.318742999312235
9.044314999300695
9.878990000288468
9.233931000380835
9.332604000519495
9.251491000213719
9.749185000146099
9.5353549995707
9.00702699982503
9.178868000162765
9.524960000817373
8.952801999839721
10.536859999774606
9.586170999682508
9.751245999723324
9.54230000024836
8.8608079995538
9.23573000000033
9.337652999420243
9.119667000049958
8.769897000092897
9.623112999179284
9.706124999866006
8.99865400060662
9.185088000776886
10.237260999929276
9.342334000393748
8.994545999485126
9.944424999957846
10.28433600004064
9.69908399929409
9.661607000452932
9.310381999966921
8.98807300018234
9.309473000030266
9.334973000477476
9.268321000490687
9.210920000441547
9.00180300050124
9.301042000515736
8.868609000273864
9.444416999940586
9.272082000279624
9.043804000611999
9.363013999973191
9.336153999356611
9.19084099950851
8.721315000002505
9.497789000306511
9.079876000214426
10.731775999374804
9.445386999686889
9.481627000241133
9.050925999872561
8.835659000396845
9.093018999919877
9.582091000083892
9.474616999796126
9.233549999407842
8.946081999965827
9.515418999399117
8.773827000368328
8.977883000625297
9.01158599936025
9.523768999315507
9.198718999869016
8.78610700056015
8.824548000120558
9.483928000008746
9.20580899946799
8.714573999895947
9.255801000108477
9.28299200040783
8.50393000018812
9.446767000554246
10.256980999656662
8.806266999272339
8.585730999584484
9.794337000130326
9.13734999994631
9.639252999477321
9.654232999309897
9.863089000646141
9.362017000057676
9.573531000569346
9.314602999438648
10.096836999764491
8.592911000050663
9.371083000587532
8.031296999433835
9.501438000370399
9.300061999965692
9.162909000224317
9.172257999125577
9.271271999750752
8.640411999294884
9.016393999445427
8.998962999612559
9.88571900052193
9.091676000025473
8.993553999971482
8.41932499952236
8.96217500030616
9.510179000244534
9.76782700035983
9.205580000525515
9.5491989995935
9.228900999914913
9.304473000156577
8.900899999389367
9.932842000125675
8.726935000595404
8.864819000336865
9.197858999868913
9.619982000003802
9.121916999902169
9.568991000378446
8.63564200062683
8.388544999434089
8.660942999995314
9.45012800002587
9.291452000070421
9.048515000358748
9.031014000356663
9.88281999980245
9.155828000075417
9.432756999558478
9.47798699962732
9.490438000284485
9.382674999869778
9.299602000282903
9.108336999815947
8.445775999462057
9.187909000502259
9.33387299937749
10.96289299948694
9.2367130000639
9.289474000070186
10.15556899983494
9.428587000002153
9.68808400011767
9.102436999455676
9.726815999783867
9.27636199958215
9.49524800034851
10.447789999489032
8.139587999721698
9.58446399999957
8.706720000191126
9.205899000335194
8.941451999817218
10.050445000160835
9.075745000700408
9.555573000397999
10.325404000468552
9.893361000649747
9.595260999958555
9.107556999879307
9.104916000069352
8.696554000380274
9.081725999749324
9.67553299960855
9.446117000152299
8.523889000571216
9.060205000423593
9.197620000122697
9.017852999932074
9.37752499976341
10.115316999872448
9.204538999256329
9.680333999313007
9.261660999982269
9.547579999889422
9.527718999379431
9.150797999609495
9.973713000363205
8.875989999978628
9.41454599978897
9.06630600002245
8.939361000557255
9.437630000320496
8.792656999503379
9.36330500007898
9.532758999739599
9.045023999533441
8.992033000140509
9.383835999869916
9.243694999895524
9.345634000055725
9.450057000321976
8.82941799955006
9.916910999891115
9.662313999797334
9.76440599970374
9.322363000137557
9.089476000553987
8.696976000464929
8.453170000393584
9.218170000167447
9.712725000099454
9.289791999435693
9.173207999992883
9.013683999910427
9.33022300068842
9.051635000105307
8.806556999843451
9.262331000172708
9.115630000451347
9.227530999851297
8.256999999503023
9.483958000600978
9.350403000098595
9.356324999316712
8.54228400021384
9.766629000296234
8.858999000040058
9.349904000373499
9.242761000678001
9.245741000086127
8.876699000211374
9.260651999284164
8.758566000324208
8.922310999878391
8.771678999437427
9.825006999562902
9.907020999889937
9.855992000666447
9.55413000065164
9.616155000003346
9.206728999743063
8.809926999674644
9.048495000570256
9.148107999862987
9.734545999890543
9.172057999421668
9.694545000456856
9.154831000159902
8.981522999420122
8.940781000092102
9.293462000641739
9.306495999226172
9.037855000315176
9.079815000404778
9.802742999454495
8.78809599998931
8.678399000018544
8.954941999945731
9.627311999793164
9.103916999265493
9.33306399929279
8.711593999578326
9.252210999875388
9.370194999974046
9.002474000226357
8.926241000153823
8.560010000110196
8.910130000003846
9.630971999285975
8.205460000681342
9.312033000242081
8.943310999711684
8.917051000025822
8.726494000256935
9.3383889998222
8.186045000002196
8.274650999737787
9.059095000338857
8.42233599996689
8.808538000266708
8.364613999219728
8.31959800052573
8.767706000071485
9.08310600061668
9.296681999330758
9.038913999575016
8.63608299914631
8.779476000199793
9.171959000013885
8.794557000328496
