payload_size_bytes=51200
runs=500
mean_ms=0.673
median_ms=0.612
stddev_ms=0.254
min_ms=0.422
max_ms=2.753
---raw---
0.7190719998106943
0.646728999527113
0.5025379996368429
0.5463739998958772
0.5264359997454449
1.1233740005991422
1.7714129999149009
1.0474020000401651
2.7532269996299874
1.1476239997136872
0.7617999999638414
0.7065339996188413
1.4503740003419807
1.9289589999971213
1.992129000427667
0.7349420002356055
0.7155209996199119
0.6435099994632765
0.5898579993299791
0.6554199999300181
0.8242450003308477
0.7172420000642887
0.5275670000628452
0.9467840000070282
0.7175770006142557
1.0190010007136152
0.5975379999654251
0.6014729997332324
0.6851680000181659
0.5959879999863915
0.8395530003326712
0.6411089998437092
0.8763170008023735
0.6626199992751935
0.6250290007301373
0.6212089992914116
0.6650400000580703
0.6838210001660627
0.6563189999724273
0.8618470001238165
0.7006759997238987
0.6328270001176861
0.6199159997777315
0.658580000163056
0.7173869998950977
0.6930110002940637
0.5270840001685428
0.7197920003818581
0.8601830004408839
0.5522269993889495
0.6197719994815998
0.795322000158194
0.623728999926243
0.6272990003708401
0.6370050004989025
0.70861599942873
0.8385250002902467
0.6598999998459476
0.7806069997968734
0.7507250002163346
0.5881679999220069
0.5531540000447421
0.6647929994869628
0.6617979997827206
0.9648320001360844
0.5292859996188781
0.6211190002431977
0.6587100006072433
0.6870659999549389
0.7822739999028272
0.6888910002089688
1.1292050003248733
0.6925909992787638
0.669721000122081
0.6106079999881331
0.522256000294874
0.49102499997388804
0.6360190000123112
0.5081050003354903
0.6158579999464564
0.566808000257879
0.9645099999033846
2.5001499998325016
0.7089560003805673
0.6192789996930514
0.7541830000263872
0.9872350001387531
0.6753249999746913
0.584757999604335
0.5879130003449973
0.6651109997619642
0.6021449999025208
0.7320530003198655
1.272786000299675
0.7325819997276994
0.9878999999273219
0.764057999731449
0.6164239994177478
0.7306460001927917
0.7010159997662413
0.8068349998211488
0.6774299999960931
0.745856999856187
0.5577070005529094
0.5734149999625515
0.7086339992383728
1.320330999988073
1.1869409991049906
0.5793720001747715
0.6145629995444324
0.7474730000467389
0.8707990000402788
0.6234070006030379
0.6028080006217351
0.6040810003469232
0.71173399919644
0.5956320001132553
0.630542000180867
0.7032189996607485
1.1272239999016165
0.7255809996422613
0.669969999762543
0.5925390005359077
0.5988430002616951
0.8395200002269121
0.6604310001421254
0.6013889997120714
0.6147439999040216
0.5323719997250009
0.5056059999333229
0.49750499965739436
0.47245600035239477
0.49389199921279214
0.5612069999187952
1.410623000083433
0.8825790000628331
0.6840989999545855
0.649569000415795
0.6232890000319458
0.55009700008668
0.6362590002026991
0.6213490005393396
0.5844380002599792
0.6157509997137822
0.5475140005728463
0.5915379997532
0.5554959998335107
0.5712980000680545
1.0981229997923947
0.6588500000361819
0.5227259998719092
0.5129450000822544
0.5474469999171561
0.6562620001204778
0.5342889999155886
0.6537549998029135
0.5528470001081587
0.5110750007588649
0.788104000093881
0.6212610005604802
0.5287430003590998
0.5957490002401755
0.6093829997553257
1.684668999587302
0.6934209995961282
0.5189439998503076
0.6947000001673587
0.6640299998252885
0.5453169997053919
0.5617690003418829
0.5148039999767207
0.5383260004236945
0.6725109997205436
0.6809430005887407
0.6422170008590911
0.5981579997751396
0.6772030001229723
1.0245879993817653
0.7496959997297381
0.5310530004862812
0.6314499996733502
0.5777379992650822
0.6018279991621966
0.646292000055837
0.5876580007679877
0.6854590001239558
0.5575569994107354
0.6812810006522341
0.5942070001765387
0.5471660006151069
0.6485499998234445
0.6231289999050205
0.7337930001085624
0.5222559993853793
0.5518970001503476
0.7112109997251537
0.5785180001112167
0.6282690001171432
0.48242400043818634
0.5677179997292114
0.48749600045994157
0.6552880004164763
0.6102890001784544
0.5946179999227752
0.6247589999475167
0.5389960006141337
0.48235499980364693
0.578698000026634
0.557010999727936
1.6005160005079233
0.8665340001243749
0.5352169991965638
0.5590689997916343
0.6437170004574
0.5503369993675733
0.6187809995026328
0.5831050002598204
0.4568490003293846
0.5332809996616561
0.5051150001236238
0.6032580004102783
0.5166549999557901
0.6113689996709581
0.52732600033778
0.5295959999784827
0.648129000182962
0.4952449999109376
0.6029010000929702
0.6007049996696878
0.4641940004148637
0.7666729998163646
0.6855499996163417
0.5502369995156187
0.5936229999861098
0.5857250007466064
0.6002660002195626
0.5194880004637525
0.5730549992222222
0.5735909999202704
0.639906999822415
0.9853399997155066
0.5970909996904084
0.676177000059397
0.6158590003906284
0.6853510003566043
0.6529000002046814
0.5732620002163458
0.5870730001333868
0.6061079993742169
0.5069349999757833
0.608477999776369
0.616207999883045
0.48706600045989035
0.49754500014387304
0.5053380000390462
1.2505450004027807
0.8352350005225162
0.5403659997682553
0.5409060004240018
0.48700499974074773
0.6859899995106389
0.5744680001953384
0.5775019999418873
0.5236110000623739
0.7011120005699922
0.5079060001662583
0.7250620001286734
0.641152000753209
0.5220439998083748
0.5330859994501225
0.5596770006377483
0.5557069998758379
0.8139490000758087
0.5400710006142617
0.7462319999831379
0.5404189996625064
0.5743949996031006
0.6351689999064547
0.6884009999339469
0.5717770000046585
0.8255849998022313
0.6502590003947262
0.5519269998330856
0.7775040003252798
0.5935980007052422
1.2740280008074478
0.9230579998984467
0.60679899979732
0.6627300008403836
0.6393490002665203
0.653469000098994
0.7121620001271367
0.5836880000060773
0.6760099995517521
0.5338259998097783
0.5207650001466391
0.5416670001068269
0.5337560005500563
0.8027940002648393
1.8943469995065243
0.49236600079893833
0.5177359998924658
0.48759500077721896
0.6241190003493102
0.5729069998778868
0.741942999411549
0.7158819998949184
0.5889379999644007
0.5518100006156601
0.6574879998879624
0.5631989997709752
0.5141129995536176
1.194866000332695
0.9431970001969603
0.6373699998221127
0.6379509995895205
0.617712000348547
0.6110939993959619
0.5506870002136566
0.5882969999220222
0.5424170003607287
0.641849000203365
0.5282470001475303
0.7223619995784247
0.6308390002232045
0.5461709997689468
0.5888270006835228
1.0420360003990936
0.6272190003073774
0.5282259999148664
0.6780009998692549
0.5816370003230986
0.6505299998025293
0.6848800003353972
0.7827139997971244
0.6789909994040499
0.5998590004310245
0.5496469993886421
0.6077079997339752
0.8244760001616669
1.8347959994571283
0.6372990001182188
0.6480590000137454
0.6401099999493454
0.639208999928087
0.6237789993974729
0.6349699997372227
0.6808810003349208
0.6272079999689595
0.5627969994748128
0.48540499938098947
0.6011479999870062
0.5700680003428715
0.5084169997644494
0.5792680003651185
0.6060830000933493
0.6919860006746603
0.5939480006418307
0.7051909997244366
0.7010419994912809
0.4652440002246294
0.663640000311716
0.47346900009870296
0.5184709998502512
0.6457300005422439
0.5058650003775256
0.5386259999795584
0.5386960001487751
0.919606999559619
1.3180199994167197
0.6124689998614485
0.6117889997767634
0.6670309994660784
0.5134359998919535
0.6376380006258842
0.5753380000896868
0.6881429999339161
0.6590100001631072
0.455223999779264
0.5028649993619183
0.5016249997424893
0.46500400003424147
0.8164939999915077
0.48152499948628247
0.519365999934962
0.7897539999248693
0.511158000335854
0.44081400028517237
0.6208869999682065
0.4576479996103444
0.47776000064914115
0.4790800003320328
0.576123000428197
0.47202899986587
0.4967400000168709
0.5303549996824586
0.46843400014040526
0.6193280005390989
0.46947500050009694
0.7475430002159555
0.9826289997363347
1.091073999305081
0.5686570002580993
0.546506999853591
0.6269579998843255
0.5915780002396787
0.6030679996911203
0.6142390002423781
0.6149379996713833
0.5828980001751916
0.44675400022242684
0.4984560000593774
0.5094200005260063
0.46594400009780657
0.7835790001990972
1.7481229997429182
0.5519459991774056
0.5668869998771697
0.6032279998180456
0.6652430001850007
0.5535639993468067
0.5121950007378473
0.7342529997913516
0.6161679993965663
0.6165790000522975
0.6809110000176588
0.6044680003469693
0.7472360002793721
0.6435589993998292
1.6493200000695651
0.45228599992697127
0.4880699998466298
0.4694239996752003
0.57916599962482
0.49234800007980084
0.6102380002630525
0.47325400009867735
0.4974249995939317
0.7931239997560624
0.7089709997671889
0.445460999799252
0.5630969999401714
0.46442799975920934
0.549252000382694
1.1388940001779702
0.9909099999276805
0.7275620000655181
0.5433559999801219
0.5400170002758387
0.5067700003564823
0.5203210002946435
0.564605999898049
0.5681900001945905
0.5161030003364431
0.4895150004813331
0.5151060004209285
0.533665999682853
0.496325000312936
0.7372319996648002
0.5051660000390257
0.5649869999615476
0.8054939999055932
0.6658000002062181
0.5611470005533192
0.5562769993048278
0.6451620001826086
0.5329830000846414
0.579458999709459
0.42176199985988205
0.4676850003306754
0.5213859994910308
0.4409630000736797
0.5248969991953345
0.7616729999426752
0.5505070002982393
1.3152889996490558
0.860126999214117
0.6670200000371551
0.5718869997508591
0.705631999153411
0.5226149996815366
0.5732979998356313
0.5691179994755657
0.6112689998190035
0.5186759999560309
0.5759579998994013
0.598237000303925
0.49482600024930434
0.5526070008272654
0.5600719996436965
1.4725830005772877
0.6891089997225208
0.5887300003450946
0.5322690003595199
0.5814980004288373
0.6040429998392938
0.5986489995848387
0.6307590001597418
0.6177889999889885
0.6208690001585637
