payload_size_bytes=51200
runs=500
mean_ms=0.734
median_ms=0.615
stddev_ms=0.413
min_ms=0.419
max_ms=5.924
---raw---
1.3818220004395698
0.5708670005333261
0.9059770000021672
0.7084110002324451
0.6287589994826703
0.7173719995989813
0.8740749999560649
0.5184660003578756
0.5263359998934902
0.529716000528424
0.5883579997316701
0.5094759999337839
2.092924000862695
0.7939340002849349
0.5481860007421346
0.9460189994570101
0.8989269999801763
0.7492630002161604
1.0862430008273805
3.6368910004966892
0.9528190003038617
0.5673179994118982
0.6921009999132366
1.0203110005022609
0.6605899998248788
0.6372800007738988
0.6316809995041694
0.7182720000855625
0.5307530000209226
0.6137840000519645
0.5111199998282245
0.4706350000560633
0.48733999938121997
0.5217859998083441
0.44276300013734726
0.48195199997280724
0.4803949996130541
0.49498199950903654
0.6017340001562843
0.5330770000000484
0.5242750003162655
0.4839889998038416
0.5559769997489639
0.49243100056628464
2.14125000002241
0.7349929992415127
1.392533999933221
1.35590899935778
1.7596629995750845
0.5803700005344581
0.6321669998214929
0.45812299958924996
0.5452720006360323
0.627704000180529
0.9038179996423423
1.7409430001862347
0.4912349995720433
0.8657859998493223
0.725161999980628
0.5485570000018924
0.44795400026487187
0.4710450002676225
0.6149890004962799
1.4118929993856
0.4440539996721782
0.5417160000433796
0.6396519993359107
0.49951500022871187
0.6138389999250649
0.47572200037393486
1.5061859994602855
0.9083869999813032
0.6175380003696773
0.716031999218103
0.5944579997958499
0.5329659998096758
0.4814650001208065
0.44892400001117494
0.46964499961177353
0.45303299975785194
0.4517739998846082
0.5989109995425679
0.49460500031273114
0.49709500035532983
0.608008999734011
0.446214000476175
0.5039249999754247
0.4409729999679257
0.5287359999783803
0.4236230006426922
0.6406100001186132
0.5096550003145239
1.480414999605273
0.5860379997102427
0.510205999489699
0.5616570006168331
0.49971499993262114
0.5597170002147323
0.43726300009439
0.5328960005499539
0.5499969993252307
0.4994849996364792
1.1855859993374906
0.8700359994691098
1.1969959996349644
1.2352779995126184
0.6574090002686717
0.4357640000307583
0.45090399999025976
0.6802210000387277
0.9566890003043227
0.4194329994788859
0.6802099997003097
0.9099079998122761
0.9974200002034195
0.9642889999668114
0.4616839996742783
1.047662000019045
1.2303069997869898
0.8118450004985789
0.9706399996503023
0.7030819997453364
0.5314859999998589
0.5097950006529572
0.6126980006229132
0.45868400047766045
0.565856999855896
0.5984580002404982
0.4679849998865393
0.9775299995453679
0.967009000305552
1.2034470000799047
1.2810689995603752
0.8380560002478887
0.9762590007085237
0.4824640000151703
0.9097780002775835
0.4595640002662549
0.6940510002095834
0.9439989999009413
0.9875499999907333
0.948948999393906
1.2684789999184432
1.2244580002516159
0.8072439995885361
0.8446649999314104
0.6249790003494127
0.6001989995638723
0.5908470002395916
0.4711149995273445
0.7208119995993911
0.6543500003317604
0.7609929998579901
0.8169950006049476
0.9148979997917195
1.2179570003354456
1.2103069993827376
0.9518990000287886
0.5630270006804494
0.8573959994464531
0.5693769999197684
0.5842680002388079
0.5300559996612719
0.5345859999579261
0.6936220006537042
0.6653200007349369
0.668720000248868
0.6049889998394065
0.7303519996639807
0.7706240003244602
0.4890549998890492
0.4775340003106976
0.54237699987425
0.4863250005655573
0.7527830002800329
0.49349500022799475
0.5335859996193903
0.7879039994804771
0.5896180000490858
0.6832010003563482
0.545007000255282
0.8393549996981164
0.5407160006143386
0.5518670004676096
1.2388369996187976
0.5793490008727531
5.923951999648125
0.7697740002186038
0.8353550001629628
0.5486259997269372
0.7807539996065316
0.5369359996620915
0.7568130004074192
1.0161709997191792
0.6957810001040343
0.636519000181579
0.4846339998039184
0.800774999333953
0.5332959999577724
0.5492269992828369
0.5550870000661234
0.4593339999701129
0.5276860001686146
0.6366400002661976
0.5703870001525502
0.5632969996440806
2.7235329998802627
0.7024209999144659
0.6199990002642153
0.5066359999545966
0.4598139994413941
0.6020990003889892
0.534845999936806
0.7360019999396172
1.479864999964775
0.496354999995674
0.46363399997062515
0.49831500018626684
0.48234499990940094
0.47446400003536837
0.49548500010132557
0.5911799999012146
0.4765619996760506
2.3972129993126146
0.6071979996704613
0.5363569998735329
0.5118359995321953
0.8653159993627924
0.6158689993753796
0.65102900043712
0.8541090001017437
0.7101390001480468
0.6444800001190742
0.7975039998200373
0.6265190004342003
0.7175619994086446
0.9048470001289388
2.8153160001238575
1.6568800001550699
0.9720790003484581
0.9365980004076846
0.7525329992859042
0.6753899997420376
0.5533469993679319
0.5945880002400372
0.6975129999773344
0.5748049998146598
0.5535669997698278
1.173826000012923
0.5524970001715701
0.5293459998938488
0.907976999769744
0.8200150004995521
0.610849000622693
0.6387620005625649
0.7040380005491897
0.5341770001905388
0.5289059999995516
0.6610820000787498
0.8910439992177999
0.5451570004879613
1.9245729999965988
0.6306839995886548
0.6429089999073767
0.5422069998530787
0.6927109998287051
0.5826280003020656
0.5499270000655088
0.5768669998360565
0.5980209998597275
0.5943850001131068
1.3223690002632793
0.5408659999375232
0.6027989993526717
0.588067000535375
0.5472570001074928
0.9455139997953665
0.5609919999187696
0.705762000507093
0.5974289997539017
0.638321999758773
0.5678170000464888
1.3983290000396664
1.2328379998507444
0.6145990000732127
0.5781230001957738
0.5971430000499822
0.6515499999295571
0.6021680001140339
0.5651000001307693
0.6057379996491363
0.5763750004916801
0.8543149997422006
0.650619999760238
1.506055999925593
1.0043029997177655
0.555208000150742
0.5649350005114684
0.6868709997434053
0.5690369998774258
0.5936580000707181
0.5672880006386549
0.6317699999272008
0.5769600002167863
0.5927250003878726
1.516225999694143
1.0322709995307378
0.5718270003853831
0.6548999999722582
0.6635590007135761
0.61656099933316
0.6545469996126485
0.5577179999818327
0.6088579993956955
0.6894030002513318
0.6487969994850573
0.7030910001049051
0.6626610002058442
0.6284599994614837
0.5882380000912235
0.559336999685911
0.5482769993250258
0.6894210000609746
0.6046990001777885
0.8360760002688039
0.5568489996221615
0.5967360002614441
0.5994699995426345
1.013291000163008
0.6105709999246756
0.9235260004061274
0.6144310000308906
0.610793999840098
0.6848650000392809
0.5559620003623422
0.595328000599693
1.126228999964951
2.0014459996673395
0.6905540003572241
0.7006789992374252
0.5902279999645543
0.7201320004242007
0.6482520002464298
0.7835610003894544
0.6498500006273389
0.6313889998637023
0.9487790002822294
0.7966350003698608
0.7404819998555467
0.6540229996971902
0.6502980004370329
0.6862609998279368
0.655918999655114
0.7897440000306233
0.9045070000865962
2.5194559993906296
0.6942609998077387
0.7542530001956038
0.6861410001874901
0.7418229997711023
1.7633939996812842
0.9828400006881566
0.8804970002529444
1.1271040002611699
0.6666449999102042
0.6970269996600109
0.597628999457811
0.5582189996857778
0.6024529993737815
0.6810759996369598
0.5247709996183403
0.6804049999118433
0.7356920004895073
0.6026780001775478
1.2500330003604176
0.6164429996715626
0.536536000254273
0.5829069996252656
0.6221290004759794
0.6201390006026486
0.5614970004899078
0.727621999430994
0.5924280003455351
0.5236160004642443
0.5629190000036033
0.5543170000237296
0.5396549995566602
0.6861550000394345
0.5920319999859203
0.9748229995238944
0.9923070001605083
0.5409959994722158
0.48834500012162607
0.49052499980462017
0.5218460000833147
0.628132000201731
0.643707000563154
0.5536469998332905
0.45416400007525226
0.5777280002803309
1.0307439997632173
0.47281200022553094
0.4802740004379302
0.7351619997280068
0.5264060000627069
0.6796509997002431
0.5463170000439277
0.5310360002113157
0.5238849998931983
0.9020779998536455
0.5102559998704237
0.4741140000987798
0.5441089997475501
0.6451890003518201
0.8613640002295142
0.4496040000958601
0.4556339999908232
0.5194080004002899
0.6977689999985159
0.570668000364094
0.5278759999782778
0.6102910001573036
0.5164659996808041
0.5621150003207731
0.5533220000870642
0.8738040005482617
0.5965560003460268
0.9477809999225428
0.8462129999315948
0.6463400004577124
0.5843779999850085
0.5820280002808431
0.620370999968145
0.591974999224476
0.7961640003486536
1.0840160002771881
0.7120419995771954
0.7499749999624328
0.6406439997590496
0.5618069999400177
0.7254719994307379
0.545056999726512
0.673551000545558
0.5947580002612085
0.6800830005886382
0.5452039995361702
0.5231159993854817
0.7999370000106865
1.8783460000122432
0.7503369997721165
0.6591450000996701
0.5148350001036306
0.6560789997820393
0.5303620000631781
0.7253969997691456
0.6547920002049068
0.5535059999601799
0.6760180003766436
0.7290359999387874
0.7225790004667942
0.5437360005089431
0.5094849993838579
0.5614319998130668
0.82786499933718
0.6101939998188755
0.5558089997066418
0.5454470001495793
0.5017820003558882
0.7257139995999751
0.6947890005903901
0.6077690004531178
0.6696800001009251
0.7195320004029782
0.8047749997786013
0.9928099998433026
1.6253099993264186
0.6930620002094656
0.8957869995356305
0.6431789997805026
0.5945570001131273
0.541499999599182
0.6890979993841029
0.6003979997331044
0.5136759991728468
0.5688669998562546
0.6089290000090841
0.5170659997020266
0.5580099996222998
0.5516070004887297
0.9265650005545467
0.6923210003151326
0.6076079998820205
0.4720249999081716
0.6381290004355833
0.5029159992773202
0.5119870002090465
0.5948569996689912
0.5463760007842211
0.5230960005064844
0.5613969997284585
