payload_size_bytes=51200
runs=500
mean_ms=0.680
median_ms=0.605
stddev_ms=0.262
min_ms=0.406
max_ms=2.374
---raw---
0.7707739996476448
0.6613699997615186
0.6488300005003111
0.5996690006213612
0.6149889995867852
0.6306590003077872
0.6458599991674419
1.0565920001681661
0.6386690001818351
0.5446870000014314
0.6241479995878763
0.7230920000438346
0.5680770000253688
1.626639999813051
0.7808930004102876
0.46597400069003925
1.3953319994470803
0.6174790005388786
1.306730000578682
2.373892999457894
0.5930329998591333
0.6239839995032526
0.5858280001120875
0.6901609995111357
1.5366870002253563
0.5773080001745257
0.558106999960728
0.6700510002701776
1.007740999739326
0.7242819992825389
0.5118159997437033
0.6265890006034169
0.5524660000446602
0.6069080000088434
1.0397830001238617
0.6709529998261132
1.5042449995235074
1.2242330003573443
0.7850539996070438
0.6682299999738461
0.8281350001198007
0.7443220001732698
0.7087310004862957
0.6727210002281936
0.6077540001570014
1.1488249992908095
0.7910539998192689
0.6792660005885409
1.119135999942955
1.6688189998603775
0.5903680003029876
0.6622710006922716
0.6344699995679548
0.5435860002762638
0.5136560002938495
0.5304959995555691
0.5259360004856717
0.6205529998624115
0.6038080000507762
1.679007000348065
0.6639220000579371
0.9245179999197717
1.0170890000154031
0.5175060005058185
0.541385999895283
0.6515690001833718
0.5719470000258298
0.6103979994804831
0.6545999995068996
0.6581799998457427
0.8461910001642536
1.1966860001848545
0.6414090003090678
0.7917640004961868
0.5061029996795696
0.60503599979711
0.5857870000909315
0.5418270002337522
0.6559390003531007
0.6096090000937693
0.6272590007938561
0.6077380003262078
0.5071949999546632
0.5603569998129387
0.5960180005786242
0.5398280000008526
0.6121890000940766
0.6756929997209227
0.9835880000537145
1.4166920000207028
0.8037439993131557
2.3201499998322106
0.6368189997374429
0.8770770000410266
0.7421629998134449
0.622268999904918
0.5596470000455156
0.5996780000714352
0.7481129996449454
0.7913939998616115
0.6487800001195865
0.6574500002898276
0.5664680002155364
0.6104980002419325
0.6216690007931902
1.058583000485669
1.0087109994856291
1.2685880001299665
1.1343249998390093
1.1850159999085008
0.6575799998245202
0.6436400008169585
0.6785300001865835
0.5325259999153786
0.675289999890083
0.5845870000484865
0.6659110003965907
0.6697230001009302
0.8262849996754085
2.105180999933509
0.7619629996042931
0.5801970000902656
0.6881219997012522
0.9750799999892479
1.052771999638935
0.7597030007673311
1.04912200004037
0.7223120001071948
0.6701799993606983
0.6862709997221828
0.5609769996226532
0.6897910006955499
1.423462999809999
0.5124350000187405
1.8652759999895352
0.8221950001825462
0.5529270001716213
0.5662869998559472
0.5028160003348603
0.47245400037354557
0.7414719993903418
0.7102109993866179
0.4969159999745898
0.9624389995224192
0.5228760001045885
0.6188589995872462
0.5054149996794877
0.498824999340286
0.46345400005520787
0.6141990006653941
0.5275860003166599
1.0695130004023667
0.6234390002646251
0.48914499984675786
0.7220919997052988
0.5385160002333578
0.6143190003058407
0.7442330006597331
0.4899750001641223
0.5933880001975922
0.5642269998133997
0.6029890000718297
1.1815190000561415
0.5150360002517118
0.6017879995852127
0.5040360001657973
0.602108000748558
0.5655669992847834
0.6104690000938717
0.5742780003856751
0.5768999999418156
0.6956090001040138
0.7362730002569151
0.5487960006576031
0.6263189998207963
0.5456570006572292
0.5221380006332765
0.6001580004522111
0.677940000059607
0.47363500016217586
0.4701139996541315
1.0985110002366127
0.5860399996890919
0.5073429992989986
0.5334489997039782
0.40980199992191046
0.47183399965433637
0.6708699993396294
0.4638049995264737
0.5033959996580961
1.1223040000913898
0.73538299966458
0.6564570003320114
0.6415689995264984
0.9041580005941796
0.6280190000325092
0.5333389999577776
0.6765879998056334
0.5208859993217629
0.5548270000872435
0.5821369995828718
0.5461360005938332
0.9522589998596231
0.6112889996074955
0.5848570008311071
0.6247689998417627
0.577218000216817
0.6398100003934815
0.4971749995092978
0.6387100002029911
0.6272290002016234
0.6473900002674782
1.6230599994742079
0.5441860002974863
0.4740550002679811
0.4829239996979595
0.5203850005273125
0.5131859998073196
0.5130159997861483
0.4840740002691746
0.5461959999593091
0.6136289994174149
0.5461760001708171
1.107033999687701
0.5090560007374734
0.4058519998579868
0.4263830005584168
0.4326030002630432
0.5768379996879958
0.5962180002825335
0.4918749991702498
0.5139550003150362
0.5001660001653363
0.9722900003907853
0.4662040000766865
0.49786500039772363
0.5158859994480736
0.6919909992575413
0.6081390001781983
0.5029949998061056
0.49690500054566655
0.9083880004254752
2.231407999715884
0.6220989998837467
0.8039650001592236
0.5868469997949433
0.500465000186523
0.4931150006086682
0.5480760000864393
0.6353700000545359
0.5340360003174283
0.5842279997523292
0.6672600002275431
0.5325560005076113
1.8215150003015879
0.49720500010153046
0.8317450001413818
0.5505369999809773
0.5703999995603226
0.5973950001134654
0.5912090000492753
0.4495229995882255
0.5902279999645543
0.567297000088729
0.5528570000024047
0.7618529998580925
0.4659449996324838
0.48560499999439344
0.4065119992446853
0.5199460001676925
0.6682299999738461
0.49100499927590135
0.5337259999578237
0.5323060004229774
0.5940279997957987
0.6996110005275114
0.49118500010081334
0.7831339999029296
0.5897009996260749
1.1511220000102185
0.47794400052225683
0.4669939999075723
0.583728000492556
0.5777679998573149
0.6356200001391699
0.583517999984906
0.5882979994566995
0.531265999597963
0.5805869996038382
0.5032050003137556
0.5238270005065715
0.48030700054368936
0.5077730002085445
0.9636289996706182
0.9427989998584962
0.5577969996011234
0.4834539995499654
0.5688480005119345
0.5932080002821749
0.5392970006141695
0.5593670002781437
0.763723999625654
0.5780179999419488
0.6148779993964126
0.4717840001831064
0.6056390002413536
0.6001189995004097
0.7900440004959819
0.5978580002192757
0.7954339998832438
0.5799470000056317
0.6161689998407383
0.6455500006268267
0.4408730001159711
0.4974550001861644
0.6284990004132851
0.49801499972090824
0.6449000002248795
0.6232590003492078
1.056383000104688
0.6286679999902844
0.6048090008334839
0.6543489998875884
0.6304089993136586
0.6204990004334832
0.6218389999048668
0.6669799995506764
0.6199690005814773
0.6802910002079443
0.5503169995790813
0.9144779996859143
0.7781639997119782
0.5956579998382949
0.6311890001597931
0.5384759997468791
0.5630669993479387
0.6943529997442965
0.5312640005286084
0.6432400004996452
0.6382290002875379
0.5084280001028674
0.7487509992643027
1.032670999848051
0.7187510000221664
0.5372059995352174
0.5579570006375434
0.5180250000194064
0.4812340002899873
0.6170690003273194
0.6441589994210517
0.6065379993742681
0.5732270001317374
0.6429400000342866
0.735372999770334
0.6437689999074792
0.8946179996200954
0.6655309998677694
0.4887039995082887
0.5794669996248558
0.6865240002298378
0.5875679999007843
0.599866000811744
0.582546999794431
0.6510399998660432
0.5202149995966465
0.5695870004274184
1.2673080000240589
0.901458000043931
0.664042999233061
0.5509969996637665
0.53483600004256
0.5719199998566182
0.5698980003217002
0.589705000493268
0.47792400073376484
0.6025779994160985
0.7410560001517297
0.4976230002284865
0.4687939999712398
0.4728149997390574
0.5166599994481658
0.5479840001498815
0.5355489993235096
0.6137479995231843
0.5037199998696451
0.8159480003087083
0.5508550002559787
0.5172710007173009
0.5015229999116855
0.6044359997758875
0.77695300024061
0.7038659996396746
0.6047690003470052
1.0776480003187316
0.9591240004738211
0.8995210000648513
0.5432570005723392
0.5311260001690243
0.47230400014086626
0.48963500012177974
0.9056330000021262
0.6669300000794465
0.5170859994905186
0.5120460000398452
1.3810070004183217
0.9422809998795856
0.6752010003765463
0.6568700000570971
0.5316460001267842
0.5297210000207997
0.6012140001985244
0.5712370002584066
0.8931809998102835
0.6616700002268772
0.635388999398856
1.0507880006116466
0.5727769994336995
0.7080309997036238
0.6807710005887202
0.5759179994129227
0.6152349997137208
0.6825360005677794
0.5533659996217466
0.7247930006997194
0.5778300001111347
0.5356540004868293
0.5846429994562641
0.6515539998872555
0.5994679995637853
0.8347549992322456
0.5755219999628025
0.6212069993125624
0.5797949997941032
0.6332299999485258
0.6615510001211078
0.5178690007596742
0.6572069996764185
0.7866340001783101
0.5529990003196872
0.7188370000221767
1.4939960001356667
1.0543500002313522
0.6163819998619147
0.5785529992863303
0.6524390000777203
0.5331160000423552
0.6478029999925639
0.6330489995889366
0.540653999451024
0.5388760000641923
0.6295590001172968
0.646940000478935
1.0445369998706155
0.9464929999012384
0.5528270003196667
0.5481059997691773
0.44811400039179716
0.546475999726681
0.5511970002771704
0.7090110002536676
0.5498290001924033
0.4526009997789515
0.8507559996360214
0.9095269997487776
0.5614819992842968
0.578602999667055
0.5313090005074628
0.5926510002609575
1.3441609999063076
0.5850480001754477
0.6703950002702186
0.5616870002995711
0.6095810003898805
0.5270359997666674
0.5380340007832274
0.45509600022342056
0.5401640000854968
0.7903850000730017
0.5008980006095953
0.5540669999390957
0.644040000224777
0.7208610004454385
0.5146149997017346
0.47410699971806025
0.6891789998917375
0.5304959995555691
0.6029819996911101
0.4499140004554647
0.4532900002232054
0.7511519997933647
0.4741650000141817
0.5310659998940537
0.5914079993090127
0.5597220006166026
0.6052630005797255
0.5851789992448175
0.581241999498161
0.4685789999712142
0.5384070000218344
0.6342890001178603
