payload_size_bytes=51200
runs=500
mean_ms=0.789
median_ms=0.590
stddev_ms=0.729
min_ms=0.416
max_ms=13.569
---raw---
0.7146619991544867
1.169055999525881
0.7022610006970353
0.678921000144328
1.077662000170676
1.087614000425674
3.0438730000241776
0.7243820000439882
1.3263900000310969
0.5608669998764526
1.660220000303525
0.5738579993703752
0.6148080001366907
1.0005410003941506
0.4434630000105244
0.748192999708408
0.5045649995736312
0.5224360002102912
0.5649830000038492
0.46390900024562143
0.45362299988482846
0.5030560005252482
0.4786239996974473
0.5210459994486882
0.5339669996828889
0.4925240000375197
0.4726999995909864
0.5523070003619068
0.47084899961191695
0.45646299986401573
0.44574300045496784
0.45858900011808146
0.44218899984116433
0.44644399986282224
0.4332629996497417
0.4508029996941332
0.45309399956749985
0.4604239993568626
0.4157330004090909
0.5018960000597872
0.502914999742643
0.48087499999383
0.4658540001400979
0.7665740004085819
0.47541000003548106
0.4542990000118152
0.5137950001881109
1.9419989994275966
0.5050550007581478
0.5811629998788703
1.0646969994922983
1.5919870002107928
0.8911979994081776
0.7358920001934166
0.5140949997439748
0.4677540000557201
0.43147299948032014
0.5480469999383786
0.5222760000833659
0.48714900003687944
1.1231739999857382
1.0791089998747339
0.541366000106791
0.7913640001788735
0.6296490000750055
0.9998399991673068
2.7686040002663503
1.195426999402116
2.698252000300272
1.0301219999746536
2.593099000478105
13.568972000030044
1.2368570005492074
1.1465749994385988
1.3079000000288943
1.5539070000158972
0.9521789997961605
0.9114270005738945
1.2906789997941814
1.3219909997133072
2.766714000244974
1.706052999907115
1.9208579997211928
1.6982810002446058
1.969009999811533
0.8415949996560812
1.0465320001458167
1.948099000401271
1.4918349997969926
1.0982029998558573
1.2564680000650696
1.939419000336784
0.7757240000501042
1.1424439999245806
1.9356789998710155
1.9747400001506321
1.6985610000119777
1.941839000210166
1.477165000324021
1.892948000204342
2.4662759997227113
1.5509570002905093
0.6866920002721599
0.4614409999703639
1.1523560006025946
0.5589669999608304
0.7425230005537742
0.5817379997097305
1.0185209994233446
2.699930999369826
0.8728069997232524
0.8369560000573983
0.6422390006264322
0.5315060006978456
0.5438859998321277
0.5435670000224491
1.428773000043293
0.5462560002342798
2.5468579997323104
0.6653699992966722
0.6403300003512413
0.5645170003845124
0.6458899997596745
0.6039079999027308
0.7592530000692932
1.2282369998501963
0.513084999511193
0.8415959991907584
0.644280000415165
0.6250989999898593
2.2917590003999067
0.5173359995751525
0.5210559993429342
0.49470499925519107
0.448634000349557
0.45852399944124045
0.4795640006705071
0.45649399999092566
0.45077400045556715
0.4461129992705537
0.5592469997282024
0.4615440002453397
0.48301000060746446
0.5701219997717999
1.1722219996954664
0.5182559998502256
0.47891899976093555
0.5809069998576888
0.5054250004832284
0.4966650003552786
0.5350359997464693
0.5952179999439977
0.44039400017936714
0.49286499961453956
0.6920159994479036
0.726706000023114
0.594013000409177
0.635174000308325
0.5382320005082875
0.4417330001160735
0.44673399952444015
0.4471929996725521
0.43066299986094236
0.4277829993952764
0.4195729998173192
0.4259429997546249
0.47106399961194256
2.7881400001206202
0.5463059997055097
0.47798499963391805
0.47091400028875796
0.4791250003108871
0.479434999760997
0.44533399977808585
0.5101599999761675
0.5522609999388806
0.49642100020719226
0.7383069996649283
0.5779080001957482
0.4922950001855497
0.7288119995791931
0.6361289997585118
0.5574959996010875
0.5851730002177646
0.5557020003834623
0.48727500052336836
2.3136390000217943
1.1487850006233202
0.7048810002743267
0.7911740003692103
1.1089939998782938
0.9102670001084334
0.8082340000328259
0.574846999370493
0.7538840000052005
0.5052149999755784
0.6549599993377342
0.5905279995204182
0.4645039998649736
0.5287659996611183
0.5852579997736029
0.5695030004062573
0.4940609996992862
0.4889450001428486
0.5826870001328643
0.6692429997201543
0.4942319992551347
1.0725040001489106
0.7172409996201168
0.586406999900646
0.5136159998073708
0.7391230001303484
0.4749749996335595
0.6086379999032943
0.6129389994384837
0.4441840001163655
0.7918189994597924
2.0175109993942897
0.5872330002603121
0.5403810000643716
0.5119060006109066
0.5449359996418934
0.4653190007957164
0.5922370000916999
0.6369490001816303
0.5295710006976151
0.42449299962754594
0.49209499957214575
0.46545900022465503
0.5545570002141176
0.6313189996944857
0.5463259994940017
0.4705540004579234
0.507849999848986
0.4694199997175019
1.415828000062902
0.44527899990498554
0.546475999726681
0.6469899999501649
0.5055809997429606
0.6388540004991228
0.694420999934664
0.5840080002599279
0.5874570006199065
0.587447999350843
0.5408560000432772
1.7448040007366217
1.1000429994965089
0.5119309998917743
0.6046139997124556
0.5526770000869874
0.6167990004541934
0.6230890003280365
0.5451560000437894
0.5726570007027476
0.6523400006699376
1.9877710001310334
1.0215120000793831
0.5868979997103452
0.5105250002088724
0.6369800003085402
0.5845569994562538
0.5927980000706157
0.6151289999252185
0.6178579997140332
0.6355100003929692
0.6749200001650024
0.6011680006849929
0.605338999775995
0.667015999169962
0.6186230002640514
1.3396300000749761
0.8859379995556083
0.5291359993861988
0.519719999829249
0.6747850002284395
0.503925999510102
0.7354919998761034
0.6099490001361119
0.49023100018530386
0.5290859999149689
0.6346640002448112
0.5473370001709554
0.5668470003001858
1.0762649999378482
0.632097000561771
0.5938069998592255
0.556676999622141
0.8010740002646344
0.5954110001766821
0.7207740000012564
0.6263340001169126
0.6836539996584179
0.5718869997508591
0.6242459994609817
0.6756060001862352
0.607455999670492
0.6981679998716572
0.5995040000925655
0.7943349992274307
1.8357500002821325
0.5446770001071854
0.5614369993054424
0.775514000451949
0.5388070003391476
0.6212389998836443
0.538582000444876
0.5719569999200758
0.509369999235787
0.5972490007479792
0.5546869997488102
0.5519870001080562
1.1016029993697884
0.9920100001181709
0.5953079999017064
0.49106000005849637
0.574462999793468
0.5399510000643204
0.5877029998373473
0.484954000057769
0.5459160001919372
0.8987670007627457
0.6153140002425062
0.5898630006413441
0.6970360000195797
0.6201240003065323
0.6863309999971534
1.102233999517921
0.5596069995590369
0.5830270001752069
1.035070999932941
0.6243190000532195
0.520814999617869
0.5345070003386354
0.6361489995470038
0.5286850000629784
0.5858380000063335
0.5961489996479941
2.3585119997733273
0.6566500005646958
0.5285960005494417
0.5075360004411777
0.5853029997524573
0.6389070003933739
1.507713999671978
0.6687209997835453
0.7405019996440387
0.6106139999246807
0.5018490001020837
0.4974149996996857
0.6038339997758158
1.589258000421978
0.9757289999470231
0.6660530007138732
0.5710249997719075
0.6284689998210524
0.6814159996793023
0.6221339999683551
2.0000800004709163
0.5688680003004265
0.6755200001862249
0.5899070001760265
0.45870400026615243
0.5777529995611985
0.8862970007612603
1.0214550002274336
0.5267659998935414
0.654649000352947
0.5188360000829562
0.5564769999182317
1.9807119997494738
0.6314089996521943
0.7483829995180713
1.0913619998973445
0.5260019997876952
0.5687069997293293
0.5289009995976812
0.5422360000011395
0.5004410004403326
0.6363390002661617
0.918147999982466
0.6734179996783496
0.5055430001448258
0.5795970000690431
0.6384140006048256
0.5491720003192313
0.6013679994794074
0.6245489994398667
0.7904340000095544
0.5942679999861866
0.5428169997685472
0.5659970001943293
0.5662419998770929
0.5394620002334705
1.7557829996803775
0.9801550004340243
0.6796360003136215
0.5470569994940888
0.6050179999874672
0.5542560002140817
0.5815530003019376
1.830379999773868
1.1798069999713334
0.5254950001472025
0.6105490001573344
0.6714060000376776
0.5411469992395723
0.556762000087474
0.5422809999799938
0.6193489998622681
0.9945750007318566
0.9660890000304789
0.7153220003601746
0.6908719997227308
0.5090650001875474
0.5534269994313945
0.5539069998121704
0.9899500000756234
0.5757369999628281
0.6060790001356509
0.5771369997091824
0.5412559994510957
0.6231190000107745
0.6993819997660466
0.5706479996661074
0.5075649996797438
1.6473799996674643
0.8114840002235724
0.5625369994959328
0.7169819991759141
0.532195999767282
0.5888089999643853
0.5793380005343352
0.5283899999994901
0.5479920000652783
0.5610759999399306
0.6300590002865647
0.6305689994405839
0.5159510001249146
0.6477300003098208
0.5168050001884694
0.5022049999752198
0.5747919994973927
0.5779879993497161
1.2083510000593378
1.017640000100073
0.667405000058352
0.4696240002886043
0.5373210005927831
0.5099500003780122
1.581528000315302
0.4995849994884338
1.0114609995071078
0.4996050001864205
0.46790499982307665
0.4893550003544078
0.4415930006871349
0.48554400018474553
0.5024049996791291
0.9042470001077163
0.7831440007066703
0.5027850002079504
0.4906859994662227
0.46517400005541276
0.5754080002589035
0.5885680002393201
0.6588899996131659
0.7571930000267457
0.5167219997019856
0.737012000172399
0.5936020006629406
0.5068159998700139
0.4369629996290314
1.0129699994649854
0.7883099997343379
0.4955650001647882
0.654545000543294
0.7022010004220647
0.524865000443242
0.504096000440768
0.6333990004350198
0.6523599995489349
0.7332430004680646
0.6927599997652578
0.9471089997532545
0.5006350002076942
0.5521570001292275
0.5715569996027625
0.49164499978360254
2.1077740002510836
0.6202940003277035
0.9322229998360854
0.4766590000144788
0.8635109998067492
0.46103400018182583
0.6528689991682768
0.5087709996587364
2.1347400006561656
0.4851200001212419
0.4307369999878574
