payload_size_bytes=51200
runs=500
mean_ms=0.644
median_ms=0.559
stddev_ms=0.318
min_ms=0.414
max_ms=4.593
---raw---
0.8765570000832668
0.9753389995239559
1.549277000776783
2.348221999454836
0.6661200004600687
1.08519300010812
1.2029070003336528
4.593149999891466
1.0584820001895423
0.5922569998801919
0.5507669993676245
0.6257089999053278
0.5652480003845994
0.5344659994079848
0.659780000205501
0.4991250007151393
0.5481070002133492
0.49227500039705774
0.6369990005623549
0.5398459998104954
0.4972749993612524
0.4648340000130702
0.5778869999630842
0.4452740004126099
0.6175790003908332
0.5665669996233191
0.4678939994846587
0.464374000330281
0.48778500058688223
0.47916399944369914
1.2803189993064734
0.9168180004053283
1.2059069995302707
1.4478749999398133
0.6755899994459469
0.9437389999220613
0.520816000062041
0.5629670004054788
0.9933900000760332
1.4229329999579932
1.0358310000810889
0.4716439998446731
0.5139059994689887
0.637589999314514
2.1051840003565303
0.545226000213006
0.5847379998158431
0.7305420003831387
0.4564640003081877
0.5028349996791803
0.4702440000983188
0.4761749996760045
0.49644499995338265
0.5263670000204002
0.5642579999403097
1.2576489998537
0.9647389997553546
0.46506400030921213
0.509214999510732
0.5535069994948572
0.45339400003285846
0.7748529997115838
0.4478639993976685
0.48498500018467894
0.4430639992278884
0.5152749999979278
0.7448520000252756
0.5708369999410934
0.5552069997065701
0.6402389999493607
0.4924400000163587
0.6176790002427879
0.4540390000329353
0.4632540003512986
0.4679240000768914
0.4560789993774961
0.6261030002860934
0.6200790003276779
0.5607519997283816
0.4642040003091097
0.9880600000542472
0.6951260002097115
0.5177660004846985
0.44340299973555375
0.5766470003436552
0.47497400009888224
0.4844650002269191
0.5248360002951813
0.47900400022626854
0.6582850000995677
0.5150710003363201
0.6056889997125836
0.6345990004774649
0.4919950006296858
0.6926810001459671
0.6025980001140852
2.1878059997106902
0.6085889999667415
0.5410760004451731
0.47831499978201464
0.5723579997720663
0.6096780007283087
0.5063449998488068
0.5129259998284397
0.5045050002081553
0.4855350007346715
0.4971060006937478
0.5416569993030862
0.46967399975983426
0.45012400005361997
0.5083450005258783
0.5016360000809073
0.7761540000501554
0.5967289998807246
0.5252560004009865
1.6976619999695686
0.5903230003241333
0.4351839997980278
0.5928420005147927
0.6411149997802568
0.5766479998783325
0.7657330006622942
0.7940189998407732
0.5495759996847482
0.5743479996453971
0.6136480005807243
0.5306169996401877
0.7466329998351284
0.775513000007777
0.52688699997816
1.7170920000353362
0.5690869993486558
0.5900280002606451
0.4282340005374863
0.49442500039731385
0.45401399984257296
0.512094999976398
0.5050339996159892
1.6853010001796065
0.4945660002704244
0.5440670001917169
0.48621499990986194
0.44186300056026084
0.4771750000145403
0.48293500003637746
0.48055000024760375
0.42218299950036453
0.4598639998221188
0.5004700005883933
0.4679649991885526
0.4259829993316089
0.45450400011759484
0.5115259991725907
0.5332759992597857
0.45483400026569143
0.45727399992756546
0.50168500001746
0.6086330004109186
0.5210509998505586
0.5292249998092302
0.4878649997408502
1.246496999556257
0.4721450004581129
0.5938180001976434
0.584968000111985
0.5127960002937471
0.5763369999840506
0.4530039996097912
0.5791379999209312
0.5401270000220393
0.6649699998888536
0.6215289995452622
0.5483260001710732
0.45896400024503237
0.5127559998072684
0.48882400005823
0.4602639992299373
0.49208499967789976
0.45339999996940605
0.5601520006166538
0.7240169998112833
0.5973620000077062
0.43870399986190023
0.5770869993284578
0.7621039994774037
0.6570390005435911
2.3374209995381534
0.6250790002013673
0.5675980000887648
0.4791849996763631
0.4969949995938805
0.5790879995402065
0.4812850002053892
0.7777529999657418
0.6696909995298483
0.4628569995475118
0.9561090000715922
0.6219990000317921
1.9645100001071114
0.5842980008310406
1.1273170002823463
0.6924910003363038
0.5698379991372349
0.61719799941784
0.5455770005937666
0.5907879994992982
0.5604469997706474
0.7766729995637434
0.6627499997193809
0.4700540002886555
0.46885699975973694
0.6377869995048968
0.5321759999787901
0.5311260001690243
0.4728940002678428
0.9895599996525561
1.0938430004898692
0.707270999555476
0.5663100000674604
0.9275149996028631
0.4856550003751181
0.5258259998299764
0.6275189998632413
0.5020960006731912
0.5062049995103735
1.1226839997107163
0.49567499991098884
0.5656470002577407
0.5366469995351508
0.5816829998366302
0.5272799999147537
0.42648300041037146
0.4696949999924982
0.5674069998349296
0.5723180001950823
1.3679570001841057
0.5939430002399604
0.5472670000017388
0.49889500041899737
0.5038350000177161
0.4807249997611507
0.43675300003087614
0.45449400022334885
0.8689070000400534
0.45213399971544277
0.4991790001440677
0.48533999961364316
0.5080060000182129
0.4722140001831576
0.5075300005046302
0.4651179997381405
0.9788799998204922
0.5243360001259134
0.5913790000704466
0.7076609999785433
0.44936399990547216
0.5745570006183698
0.5466410002554767
0.4791749997821171
0.49953500001720386
0.5111909995321184
0.48807500024850015
0.4364630003692582
0.4633389999071369
0.4198970000288682
0.7200929994723992
0.5351809995772783
1.324354999269417
0.46346399994945386
0.6686209999315906
0.5393210003603599
0.5065250006737188
0.5572570007643662
0.5002910002076533
1.419832999999926
0.5362459996831603
0.6712610002068686
0.5298369997035479
0.5319410001902725
0.5820030000904808
0.5294759994285414
1.633869999750459
0.5863279993718606
0.6278040000324836
0.6413789997168351
0.5129860001034103
0.5034999994677491
0.6610300006286707
0.5556669993893593
0.6038980000084848
0.7703430001129163
0.5833470004290575
0.6028779998814571
0.6706210006086621
0.5395959997258615
0.5431019999377895
0.5930280003667576
0.5187860006117262
0.6007429992678226
0.6077829993955675
0.6256340002437355
0.6772110000383691
0.5851480000274023
0.4995849994884338
1.6050589993028552
0.6299289998423774
0.5473569999594474
0.5224960004852619
0.5669120000675321
0.9658240005592234
0.6828999994468177
0.5101449996800511
0.5230659999142517
0.5972580001980532
0.5635170000459766
0.662075000036566
0.5719519995182054
1.4429530001507374
0.7694539999647532
0.6833309998910408
0.5311160002747783
0.5258060000414844
0.5318359999364475
0.6640899991907645
1.2022970004181843
1.0559620004642056
0.574847999814665
0.675051000143867
0.5384659998526331
0.5568069991568336
0.7090510007401463
0.6027509998602909
0.810165000075358
1.43753399970592
0.5472470002132468
0.55030700059433
0.5441359999167616
0.49426500027038855
0.5855970002812683
1.1104929999419255
0.9114370004681405
0.6560909996551345
0.5421759997261688
0.5182860004424583
0.5016349996367353
0.5878479996681563
0.47335500039480394
0.4972749993612524
0.5390360001911176
0.6796810002924758
0.6272390000958694
0.6137789996500942
0.5362359997889143
0.5836680002175854
0.5582269996011746
0.5361769999581156
0.5357860000003711
0.7883339994805283
0.5191089994696085
0.6680500000584289
0.5291529996611644
0.5302859999574139
0.5928179998591077
0.5026050002925331
0.49366500024916604
0.5160250002518296
0.5477459999383427
0.7483429999410873
0.4861050001636613
0.556885999685619
0.6657430003542686
0.714478999725543
0.6161390001580003
0.5923480002820725
0.5585069993685465
0.5549970001084148
1.2171870002930518
0.7402920000458835
0.6807199997638236
0.5819680000058725
0.5880279995835735
0.6067890008125687
0.588429999879736
0.5062129994257702
0.5270659994494054
0.5051549997006077
0.5303460002323845
1.3366299999688636
0.5091259999971953
0.5019250002078479
0.5902479997530463
0.5158759995538276
0.5348960003175307
0.5443770005513215
0.4941750003126799
0.599580999733007
0.5963550001979456
0.624281999989762
0.4942619998473674
0.5212059995756135
0.5962280001767795
0.5848880000485224
0.6960709997656522
0.7025939994491637
0.6217860000106157
1.1868569999933243
0.555616000383452
0.7188910003605997
0.520996000886953
0.4532130005827639
0.790803999734635
0.6114590005381615
0.5599169999186415
0.5204560002312064
0.5306860002747271
0.9714299994811881
0.6786410003769561
0.5111159998705261
0.4661740003939485
0.48897099986788817
0.5561210000450956
0.5982579996270943
0.550138000107836
0.5714869994335459
0.494287999572407
0.5909179999434855
0.6030790000295383
0.8861000005708775
0.552493999748549
0.5980490004731109
0.640678999843658
0.6480299998656847
0.5448069996418781
0.578657000005478
0.6842709999546059
0.5027950001021964
0.7209519999378244
0.6971610000618966
0.5333059998520184
0.6183389996294864
0.5151289997229469
0.6003660000715172
0.5001050003556884
0.5812879999211873
0.5592360002992791
0.5180560001463164
0.4597139995894395
0.7512729998779832
0.5898379995414871
0.6460289996539359
0.5515960001503117
0.5398059993240167
0.5820080004923511
0.5006649998904322
0.5718570000681211
0.6713909997415612
0.6108179995862884
0.5286659998091636
0.7179720005296986
0.6488420003734063
0.5081230001451331
0.5382859999372158
0.4875049999100156
0.5791980001959018
0.6011879995639902
0.5364970002119662
0.7615430004079826
0.6320190004771575
0.6536800001413212
0.507528000525781
0.5032729995946283
0.582577999921341
0.5589570000665844
0.49884599957294995
0.48913499995251186
0.7153120004659286
0.5682070004695561
0.7764330002828501
0.5996879999656812
0.5407059998105979
0.47429499954887433
0.4764539999086992
0.5393470000853995
0.6125390000306652
0.6360990000757738
0.45591400066768983
1.0949130000881269
0.5765580008301185
0.5802180003229296
0.5520670001715189
0.5708179996872786
0.5361160001484677
0.7179519998317119
0.47230400014086626
0.6926109999767505
0.6983709999985876
0.5281160001686658
0.5215460005274508
0.4688439994424698
0.41425300059927395
