payload_size_bytes=51200
runs=500
mean_ms=0.779
median_ms=0.639
stddev_ms=0.474
min_ms=0.441
max_ms=4.534
---raw---
1.1533550004969584
0.686720999510726
2.516271000786219
1.4806609997322084
1.4394640002137749
0.9844500000326661
1.5151070001593325
1.0921430002781563
1.3591510005426244
0.7018919995971373
0.643289000436198
0.6738900001437287
0.8106040004349779
0.7159110000429791
0.6395599993993528
0.5562160004046746
0.5949630003669881
0.6685479993393528
0.5792570000267006
0.8842340002956917
1.157364999926358
0.5512079997060937
0.6822109999120585
1.1553250005817972
0.6594399992536637
1.321000000643835
0.7293620001291856
0.5821479999212897
0.517135000336566
0.5802779996884055
0.7217520005724509
0.5517059998965124
0.5104080000819522
2.3599299993293243
1.9965109995609964
1.7302619999099988
1.7202029994223267
0.6738509991919273
1.681830999586964
1.4683839999634074
2.1364559997891774
1.2396430001899716
2.268074000312481
2.7998650002700742
3.8254569999480736
3.594099000110873
1.8505459993320983
1.1604649998844252
0.785453999924357
1.2637680001716944
1.4431939998758025
1.2858789996244013
0.8579860004829243
0.6844409999757772
0.9376790003443602
1.477454999985639
0.9358390007037087
1.24478799989447
0.7271019994732342
1.4272739999796613
3.207698000551318
4.0087809993565315
1.7632540002523456
4.534188000434369
2.632859999721404
1.1492539997561835
2.5036460001501837
1.3946219996796572
0.7424430004903115
0.6342289998428896
0.548926999726973
0.5896680004298105
0.520816000062041
0.5603069994322141
0.6240390002858476
0.5509660004463512
0.6295789999057888
0.5188860004636808
0.5877580006199423
0.5985079997117282
0.5866780002179439
0.5700869996871916
0.49367500014341203
0.5432369998743525
0.6487700002253405
0.5149050002728472
0.49103499986813404
0.5584669997915626
0.4851439998674323
0.7196110000222689
0.5186300004424993
0.5086949995529721
0.9224980003637029
1.4393589999599499
0.6023180003467132
0.7505229996240814
0.574787000005017
2.6810009994733264
1.7329230004179408
1.598548999936611
0.7759130003250903
0.6867910005894373
1.0686619998523383
0.6402990002243314
0.7920839998405427
0.7106619996193331
0.8240749994001817
0.5908080001972849
0.46691399984410964
0.4846440006076591
0.5783870001323521
0.6126779999249266
0.7027110004855786
0.5325359998096246
0.6529100000989274
0.5809180001961067
0.502455999594531
0.4406139996717684
0.491464000333508
0.5968790001134039
0.6497619997389847
0.5329160003384459
0.6177989998832345
0.6646400006502517
0.6402700000762707
0.6540100002894178
0.531005999619083
0.9148680001089815
0.5423760003395728
0.5612070008282899
0.5474259996844921
0.9301380005126703
0.7363819995589438
0.5223859998295666
0.6592700001419871
0.5862469997737207
0.5775379995611729
0.5548270000872435
0.5882180003027315
0.6141379999462515
0.4621239995685755
1.243826999598241
2.598738999950001
0.6822909999755211
1.0488019997865194
0.8001239993973286
0.7656730003873236
0.7066910002322402
0.6060679997972329
0.5492469999808236
0.8301460002257954
0.6232189998627291
0.5346060006559128
0.5413369999587303
2.3106000007828698
0.66341999990982
0.9484190004513948
0.6770200006940286
0.7048819998090039
1.9307290003780508
0.6618600000365404
0.8445760004178737
0.6002979998811497
0.6760610003766487
0.6080379998820717
0.6196379999892088
0.623748999714735
0.5321160006133141
0.6162979998407536
0.5579969993050327
0.5430169994724565
1.220246000229963
0.6270220001169946
0.555866000468086
0.5788369999208953
0.7190819997049402
0.5145559998709359
0.5944679996900959
0.5675769998561009
0.5240350001258776
0.5764369998360053
0.5675869997503469
0.5993380000290927
0.6826450007793028
0.6120090001786593
0.5295060000207741
0.6178490002639592
0.6888980005896883
0.6650029999946128
0.676290999763296
0.5088429998068023
0.6504670000140322
0.4883050005446421
0.5315860007613082
0.6228090005606646
0.7030909991954104
0.6047090000720345
0.6395990003511542
1.0680920004233485
0.5865100001756218
0.6303569998635794
0.7252820005305693
0.6339990004562424
0.6811410003138008
0.5671119997714413
0.5445919996418525
0.6476400003521121
0.637739000012516
0.6562899998243665
0.5623480001304415
1.0801220005305368
0.6684700001642341
0.6087480005589896
0.7297419997485122
0.5865180000910186
0.8473410007354687
0.637824000477849
0.6621499996981584
0.564396999834571
0.7173969997893437
0.6002829995850334
0.5845279993081931
0.6401090004146681
0.5328070001269225
0.5356660003599245
0.6416149999495246
0.5858960003024549
0.6414800000129617
0.7136990006983979
0.5743299998357543
0.6578579996130429
0.6799009997848771
0.5812479994347086
0.5425610006568604
0.674079999953392
0.5943039996054722
0.7210140001916443
0.6202960003065527
0.6691499993394245
0.5161760000191862
0.6883039995955187
1.1315820001982502
0.5721919997085934
0.49891299931914546
0.9014059996843571
0.6864449997010524
0.7270969999808585
0.6383589998222305
0.5636019996018149
0.6191940001372132
0.605827999606845
0.6406700003935839
0.997780000034254
0.7020309994913987
0.9545490001983126
0.7392380002784193
0.6494799999927636
0.6503269996755989
0.653946999591426
0.8548759997211164
0.8093999995253398
0.6442369995056652
0.7822529996701633
0.7675999995626626
0.5485459996634745
0.5347360001906054
0.5478869998114533
0.556962000700878
0.9801649994187756
0.7552180004495312
0.6535370002893615
0.6642270000156714
0.6634060000578756
0.6355189998430433
0.6401339996955357
0.5542730004890473
0.6796549996579415
0.7855439998820657
0.61738900058117
0.7052020000628545
0.712447000296379
0.8522660000380711
0.6915359999766224
1.0444919998917612
0.6338390003293171
0.5222559993853793
0.659600999824761
0.6942609998077387
0.5576670000664308
0.5185760001040762
0.5477869999594986
0.5623859997285763
0.5780229994343244
0.5598520001512952
0.47362500026792986
0.5881930001123692
0.5677420003848965
0.6193680001160828
0.5053699997006333
0.560852000489831
0.5219119993853383
0.8219749997806503
0.7949989994813222
0.6584900002053473
0.5073860002084984
0.5400959998951294
0.49870799921336584
0.6438669997805846
0.6414340004994301
0.5869979995622998
0.5462470007842057
0.6753500001650536
0.5625180001516128
0.5046299993409775
0.5595000002358574
0.5475170000863727
0.6603370002267184
0.6868509999549133
0.50922599984915
0.5958629999440745
1.0277009996570996
0.9405440005139099
0.8173539999916102
0.6942160007383791
0.7498499999201158
0.5773550001322292
0.75642199954018
0.6737209996572346
0.525905999893439
1.2834279996241094
0.48969999988912605
0.7148400000005495
1.2151190003351076
0.6166129996927339
0.5904539993935032
0.5619519997708267
0.9505299994998495
0.6612899996980559
0.553102000594663
0.7508290000259876
0.8059329993557185
1.2520680002126028
0.5188049999560462
0.5963280000287341
0.5290620001687785
0.5678420002368512
0.5536669996217825
0.623459000053117
0.5935379995207768
0.7731140003670589
0.600668000515725
0.6472089999078889
0.6416119995265035
0.7211250003820169
0.5757870003435528
1.2865869994129753
2.1508880008695996
0.682465999489068
0.8428649998677429
0.5258749997665291
0.5490459998327424
0.5794440003228374
0.5428599997685524
0.5394259997046902
0.6089340004109545
0.5383010002333322
1.044300999637926
1.331763000052888
0.6097779996707686
0.6553679995704442
0.555665999854682
0.5566390000240062
0.5852360000062617
0.5561769994528731
0.618818000475585
0.7411930000671418
0.5775880008513923
0.5507659998329473
0.7343419993048883
0.6741899996995926
1.371862000269175
1.0800440004459233
0.8659859995532315
0.6278740002017003
0.723836999895866
0.6911919999765814
0.6822899995313492
0.6862299997010268
0.8058950006670784
1.1199040000064997
0.6635910003751633
0.8169950006049476
0.7925460004116758
0.6558869999935268
0.5753969999204855
0.6306920004135463
0.5676249993484817
0.5714179997085012
0.5571460005739937
0.6137880000096629
0.49364499955117935
0.5524669995793374
0.8083139991867938
0.5203660002734978
0.4831850001210114
0.5504259997906047
0.7790129993736628
0.4986550002286094
0.6394120000550174
0.5119530005686102
0.675261000651517
0.6293890000961255
0.5764899997302564
0.6356559997584554
0.5061949996161275
0.5422059994089068
0.47022499984450405
0.5388560002757004
0.5315580001479248
0.5139849999977741
0.5976180000288878
0.5312879993653041
0.5629249999401509
0.4883249994236394
0.5222459994911333
0.583060000280966
0.530463999893982
1.2405770003169891
0.9592019996489398
0.4890420004812768
0.5488169999807724
0.5331960001058178
0.5484770008479245
0.6636930002059671
0.5641249999825959
0.7933650003906223
0.5087459994683741
0.5407460002970765
0.6171189997985493
0.5763230001321062
0.5074800001239055
0.5818469999212539
1.1144439995405264
0.5972910003038123
0.5255260002741124
0.5377859997679479
0.7153810001909733
0.5849449999004719
0.5370160006350488
0.6191689999468508
0.45146299999032635
0.5525959995793528
0.5482169999595499
0.6031680004525697
0.5619280000246363
0.5705479998141527
1.1682849999488099
0.8266350005214917
0.7206529999166378
0.5739170001106686
0.5442159999802243
0.7372430000032182
0.6476990001829108
0.5862979996891227
0.7197439999799826
0.6307570001808926
0.7651930000065477
0.6332600005407585
0.7983650002643117
0.9936000005836831
0.8635680005681934
0.5968079995000153
0.6355369996526861
0.6797930000175256
0.8663230000820477
0.6484030000137864
0.5241640001258929
0.7793660006427672
0.6758979998267023
0.8056249998844578
0.6898909996380098
0.5443970003398135
1.2426780003806925
0.5983379996905569
0.7218719993034028
0.5874270000276738
0.6485699996119365
0.6829499998275423
0.6782600003134576
0.5501589994310052
0.5644650000249385
0.5659070002366207
0.6894910002301913
0.7824539998182445
0.5803770000056829
0.4477840002437006
0.8994630006782245
0.5534049996640533
0.4979519999324111
0.6784510005672928
