payload_size_bytes=51200
runs=500
mean_ms=0.745
median_ms=0.599
stddev_ms=0.444
min_ms=0.409
max_ms=3.554
---raw---
0.7375730001513148
2.5265779995606863
1.5351969996117987
0.5800569997518323
3.5540979997676914
2.0851029994446435
1.9273590005468577
1.935098999638285
1.9667099995785975
1.956369000254199
1.1444450001363293
0.735581999833812
1.8074239997076802
1.3703020003958954
2.680390999557858
1.8000950003624894
0.6303390000539366
0.5840570001964807
1.4071529994907905
0.8411259996137233
0.7493530001738691
0.5932580006628996
0.6800510000175564
0.9989010004574084
0.7184520000009798
1.1926059996767435
0.7768140003463486
0.5782279995401041
0.8858270002747304
0.7426229994962341
1.0603720002109185
0.6557699998666067
1.0006110005633673
0.775323999732791
1.0536119998505455
0.7464829996024491
0.5896180000490858
0.6387989997165278
0.6173390002004453
0.6001779993312084
0.6334489999062498
0.6725310004185303
2.1003929996368242
1.6696209995643585
1.9682390002344619
1.9492600004014093
0.913056999706896
0.9995509999498609
1.9407489999139216
1.9361300001037307
1.1923360007131123
0.4771650001202943
2.1788160001960932
1.3732409997828654
2.132896000148321
1.2794990007023443
0.9407090001332108
3.2351480003853794
2.3503610000261688
1.536757000394573
1.9553289994291845
1.5654070002710796
2.0589730002029683
3.334781000376097
1.0959940000248025
0.5738970003221766
0.5185760001040762
0.6614510002691532
0.5972869994366192
0.5547969994950108
0.5086750006739749
0.4595639993567602
1.0616019999361015
2.9063390002193046
0.61495800036937
0.9825890001593507
0.5782079997516121
0.525856000422209
0.5768969995187945
0.7631930002389709
0.6883710002512089
0.5853789998582215
0.8925470001486246
0.6969610003579874
0.6051190002835938
0.577257999793801
0.5743470001107198
0.6648210001003463
0.6105579996074084
0.5050549998486531
0.5509259999598726
0.6103689993324224
0.9539100001347833
2.838986999449844
1.3635619998240145
1.7252420002478175
0.8073640001384774
0.9167329999399954
0.6064539993531071
0.5218689993853332
0.4564219998428598
0.4882949997409014
0.6552300001203548
0.6207480000739451
0.6226089999472606
0.6109480000304757
0.6179989995871438
0.5901280001125997
0.44480399992608
1.6341090004061698
0.6210289993759943
0.5931690002398682
0.5698080003639916
0.5950180002400884
0.5620970005111303
0.5938479998803814
0.5930379993515089
0.7390619994112058
0.6856210002297303
1.1689059992932016
0.5661369996232679
0.7526419994974276
0.573358000110602
0.7197630002337974
0.5744079999203677
0.47308400007750606
0.6743009998899652
0.5100349999338505
0.6960719993003295
2.7050730004702928
0.7590129998789052
0.9126280001510167
0.6767410004613339
0.5512670004463871
0.5560059998970246
0.7889529997555655
0.6892510000398033
0.4901949996565236
1.6149799994309433
0.5828580005982076
0.6622900000365917
0.5849369999850751
0.49505500010127435
0.6284789997152984
1.0168099997827085
0.9765300001163268
0.4480540001168265
0.5187260003367555
0.47494399950664956
0.5170060003365506
0.9174080005323049
0.5339970002751215
0.49674500041874126
1.0056950004582177
0.5671170001733117
0.4760689998875023
0.5598769994321628
0.5247959998087026
0.8983670004454325
0.5165109996596584
0.8738209999137325
0.8522150001226692
0.586418000239064
0.5090759996164707
0.48962500022753375
0.43923300017922884
0.5471880003824481
0.8826760004012613
0.5809379999845987
0.5197059999773046
0.48036399948614417
0.5600169997705962
0.5101050001030671
0.47956999969756
0.48286000037478516
0.47989399990910897
0.48638499993103324
0.47006499971757876
0.5727980005758582
0.5502169997271267
0.4587189996527741
0.5708879998564953
0.7194059999164892
0.4410130004544044
0.44075299956602976
0.4503840000324999
0.4789459999301471
0.4717640003946144
0.48127500031114323
0.5080560003989376
0.5003349997423356
0.5513160003829398
0.4957149994879728
0.5265850004434469
0.43465399994602194
0.4086720000486821
0.46661400028824573
1.656129999901168
0.41078200047195423
0.46814400047878735
0.4913180000585271
0.4683209999711835
0.4480640000110725
0.4468930001166882
0.43225300032645464
0.43329300024197437
0.4774250000991742
0.456622999990941
0.41466200036666123
0.546506999853591
0.9423980000065058
0.4637339998225798
0.4229729993312503
0.5452860004879767
0.42786300036823377
0.45043400041322457
0.4567539999698056
0.45337400024436647
0.5732069994337508
0.4260730001988122
0.4561239993563504
0.5415989999164594
0.4843830001846072
0.9852900002442766
0.5223859998295666
0.5099350000818959
0.5876680006622337
0.6054890000086743
0.5336289996193955
0.43288100005156593
0.5856029993083212
0.44355899990478065
0.5246159998932853
0.645260000055714
0.5123549999552779
0.4338929993537022
0.5373770000005607
0.6118880000940408
0.45436399977916153
0.5854880000697449
0.5451280003399006
0.4214150003463146
0.536714000190841
0.78553900038969
0.6716349998896476
0.4683840006691753
1.1858159996336326
0.6273890003285487
0.4413739998199162
0.43256299977656454
0.5685969999831286
0.6592899999304791
0.6116919994383352
0.6012960002408363
0.5250759995760745
2.3544710002170177
0.7303920001504594
0.6702730006509228
0.5515140001079999
0.7813640004314948
0.5255050000414485
0.560747000236006
0.520615999448637
0.5956320001132553
0.4465889996936312
0.5262759996185196
0.4308729994590976
1.3393609997365274
0.7412629993268638
0.9788400002435083
0.500205000207643
0.6412390002878965
0.43983300020045135
0.49665599999570986
0.5090960003144573
0.45872299961047247
0.8201860000554007
0.42942300024151336
0.6739909995303606
0.7411920005324646
0.7166109999161563
0.48317399978259346
0.4661290004150942
0.47691899999335874
0.5712129996027215
0.5585819999396335
0.7231270001284429
0.9770239994395524
0.6644250006502261
0.5681820002791937
0.6097240002418403
0.5008499992982252
0.4329430003053858
1.0347719999117544
0.8067340004345169
0.5409159994087531
0.5816180000692839
0.6114890002208995
0.5277910004224395
0.5460219999804394
0.4519240001172875
0.4753540006277035
1.1593959998208447
0.5957679995844956
0.7591580006192089
0.5715019997296622
0.6538349998663762
0.7958840005812817
0.5848129994774354
0.5509659995368565
0.6472099994425662
1.0886130003200378
0.831954999739537
0.633869000012055
0.5588169997281511
0.6800999999541091
0.7021020001047873
0.554266999643005
0.7428820008499315
1.064371999746072
0.7234720005726558
0.6701309994241456
0.5812780000269413
0.5358359994716011
0.669530999402923
0.6464300004154211
0.8960969998952351
0.5510459996003192
0.6960119999348535
0.6008579994158936
0.5406170002970612
0.6549700001414749
0.5633779992422205
0.6982719996813103
0.6377549998433096
0.5357860000003711
0.5857879996256088
0.5546269994738395
0.5427659998531453
0.6063129994799965
1.0655120004230412
0.5281459998514038
0.5355760004022159
0.6005180002830457
0.6709899998895708
0.5061449992354028
0.7522429996242863
0.6009190001350362
0.6088889995226054
0.6744100001014885
0.6005289997119689
0.5912269998589181
1.033862000440422
0.6200289999469533
0.5290259996399982
0.4972400001861388
0.6962569996176171
0.5931679997956962
0.5082460002086009
0.861706000250706
0.7065509998938069
0.5620470001304056
0.5611359993054066
0.6431789997805026
0.6559110006492119
0.6182790002640104
0.8589359995312407
0.5249659998298739
0.5578959999184008
0.6453059995692456
0.5960529997537378
0.541252000402892
0.8688809994055191
0.7579880002595019
0.6074190005165292
0.5336809999789693
0.6389000000126543
0.8007389997146674
0.7920140005808207
0.5975080002826871
0.6470799999078736
0.774123999690346
0.6112229993959772
0.5931090008743922
0.6546399999933783
0.5884379997951328
0.5730470002163202
0.8998779994726647
0.6925959996806341
0.6680850001430372
0.8060899999691173
0.8016150004550582
0.6759850002708845
0.6858320002720575
0.6493190003311611
0.5093959998703212
0.7674540001971764
0.6938910000826581
0.6341890002659056
0.5986189999021008
0.7024120004643919
0.6406510001397692
0.7144000001062523
0.6974830002945964
1.343228000223462
0.9714799998619128
0.6323500001599314
0.5764679999629152
0.5536360004043672
0.5897480004932731
0.672840000333963
0.571917999877769
0.7140320003600209
0.6206879997989745
0.628798999969149
0.6152189998829272
0.6806609999330249
0.7558329998573754
0.627475000328559
0.7380070001090644
0.5850879997524316
0.5237610002950532
0.7072410007822327
0.5328110000846209
0.6167439996715984
0.6901810002091224
0.5668519997925614
0.5051299995102454
0.6153340000309981
1.3035250003667898
0.6234940001377254
0.5769170002167812
0.5523620002350071
0.7941899993966217
0.5065300001660944
0.51934600014647
0.4813650002688519
0.5408309998529148
0.6789700000808807
0.845044999550737
1.0372410006311839
0.575988000491634
0.5661369996232679
0.6423199993150774
0.5470670002978295
0.6374650001816917
0.6934220000403002
0.5026150001867791
0.5753630002800492
0.7000010000410839
0.6116389995440841
1.2097210001229541
1.0840980003195
0.8062549995884183
0.5254099996818695
0.5914630000916077
0.5638130005536368
0.6125629997768556
0.5534970005101059
0.6003690004945383
0.5516409992196714
0.6361089999700198
0.5296009994708584
0.8789359999354929
0.690491000568727
0.5499660001078155
0.7313080004678341
0.487643999804277
0.5240159998720628
0.438444000792515
0.45823400068911724
0.4400389998409082
0.5405660003816593
0.7037810000838363
0.5553669998334954
0.46613399990746984
0.48696500016376376
0.5491870006153476
0.4907649999950081
0.4910850002488587
0.48344500009989133
0.5064849992777454
0.6793809998271172
0.4598240002451348
0.9204230000250391
0.5433619999166694
0.5888729992875597
0.4680090005422244
0.5371070001274347
0.509071000124095
0.5406810005297302
0.44454399994720006
0.5707780001102947
1.589059000252746
1.0322409998479998
0.4631239999071113
0.48134400003618794
0.5922029995417688
0.47231400003511226
0.4888800003755023
