payload_size_bytes=51200
runs=500
mean_ms=1.302
median_ms=1.110
stddev_ms=0.507
min_ms=0.842
max_ms=4.214
---raw---
2.7684339993356843
1.2473169999793754
2.4023629994189832
1.5714569999545347
1.1771760000556242
1.1059339994972106
0.9659589995862916
0.9808889999476378
1.0829630000444013
2.374886000325205
1.4317539998955908
1.4357330001075752
1.260998999896401
1.0279409998474875
2.2065370003474527
2.123974999449274
1.4857699998174212
1.6836819995660335
1.576308999574394
2.667810999810172
1.7153919998236233
2.7456879997771466
2.2113969998827088
1.1634450002020458
4.0113920003932435
3.590028999497008
1.0514460000194958
1.192746999549854
3.9172630004031816
1.4463139996223617
2.0102110001971596
1.4606349996029167
1.027340999826265
1.0147760003746953
2.1311190002961666
1.1033339997084113
2.7876739995917887
2.411323000160337
0.9753000003911438
1.4431540002988186
1.2159970001448528
3.0734430001757573
1.220037000166485
1.5069060000314494
2.0129960003032465
1.7636929997024708
1.7025719998855493
1.6523800004506484
1.0388720002083573
1.2574290003612987
1.1585400006879354
1.5416010000990354
1.1476499994387268
0.9896450001178891
1.4153129995975178
1.1590349995458382
1.1514750003698282
1.0670720002963208
1.038712000081432
1.0513630004425067
1.023905999318231
1.0265649998473236
1.047796999955608
1.7775850001271465
1.0043550000773394
1.1790859998654923
2.4544199995943927
1.0191310002483078
1.0470619999978226
1.8006649997914792
1.164033000350173
1.237948000380129
1.0756829997262685
1.1303749997750856
2.6867209999181796
1.0544149999986985
1.0987989999193815
1.012069999887899
1.1158539991811267
1.4674249996460276
1.1176039997735643
1.0653130002538092
1.6778620001787203
1.9738590008273604
3.405063999707636
1.0522009997657733
1.3032400001975475
1.0394020000603632
1.0384309998698882
1.1145640000904677
1.4809550002610194
1.2101860002076137
1.0889129998759017
1.0991629997079144
2.4135940002452116
1.1465350007711095
1.1325440000291565
1.8216649996247725
1.7204229998242226
1.9560499995350256
1.3417210002444335
2.291508999405778
1.6460999995615566
2.759033000074851
1.3105799998811563
2.439953999783029
1.3687219998246292
1.1120049994133296
1.000960000055784
1.0261710003760527
1.211462000355823
2.353056000174547
1.163425999948231
1.2021219999951427
1.002150000203983
1.0870030000660336
1.3685769999938202
1.193801000226813
1.5599170001223683
1.5414769995913957
1.304144000641827
4.2143689997828915
1.2761190000674105
1.0109709992320859
1.10819299970899
1.0676120000425726
1.1326300000291667
1.1814209992735414
3.408452999792644
1.2308029999985592
1.4583089996449417
0.9636100003262982
1.1095039999418077
2.648390000103973
1.115743999434926
2.8290350001043407
0.9936900005413918
2.905918000578822
2.574047999587492
1.288454000132333
1.478339999266609
1.3161400001990842
1.184456000373757
1.089573000172095
2.3623419992873096
0.92319800023688
2.995360999193508
0.9319089995187824
2.540317000239156
1.2203969999973197
3.7281029999576276
1.068213000507967
2.603539000119781
1.1811260001195478
1.090062999537622
1.20388599953003
1.0129109996341867
2.5371669999003643
1.2285770008020336
1.084137999896484
1.144408999607549
1.0254710005028755
1.112353999815241
3.0951740000091377
1.0830080000232556
1.151774999925692
1.0287659997629817
1.0366209999119746
1.1479000004328554
1.0850330008906894
1.1468590000731638
1.2184819997855811
1.0494169991943636
2.7192130000912584
0.9077580007215147
1.079382000170881
0.9997500001190929
1.066333000380837
1.09823300044809
1.1086889999205596
1.1348289999659755
1.0164010000153212
1.0548519994699745
2.466661000653403
1.3017649998801062
1.107022999349283
0.9732389999044244
1.1095350000687176
1.1148040002808557
0.9306190004281234
1.1307640006634756
1.0282819994245074
1.04935099989234
3.2368490001317696
0.9959899998648325
1.0399310003776918
1.0773829999379814
0.9971300005418016
0.9576890006428584
1.1029679999410291
1.1552050000318559
1.0128210005859728
1.0572420005701133
0.9698940002635936
0.9667399999671034
0.992540999504854
1.1808059998656972
1.0944630002995837
0.9232580005118507
1.1374249997970765
1.027475999762828
1.075953000508889
1.075456999387825
0.9897300005832221
1.7943949997061281
1.4598249999835389
0.9580299993103836
1.0468819991729106
1.5287320002244087
1.0925570004474139
1.0710520000429824
1.1188940006832127
0.9927050004989724
0.8643359997222433
0.9557539997331332
0.8717569999134867
1.4729940003235242
0.955448999775399
1.099983000131033
0.9276789996874868
1.3831420001224615
0.8596010002293042
1.0524870003791875
0.9819300003073295
1.0205010003119241
0.9717640004964778
0.9546239998599049
0.972090000686876
0.9119169999394217
0.9678690003056545
1.1538950002432102
0.9517090002191253
0.9499190000497038
0.9800799998629373
0.9396690002176911
1.4453739995587966
1.0285910002494347
1.0256559999106685
0.9402890000274056
1.4439639999181964
0.9669399996710126
1.008375999845157
1.241406999724859
1.0549030002948712
1.1732560005839332
1.1032630000045174
1.0899530007009162
1.6099190006571007
1.1362590003045625
1.064796999344253
1.0677219997887732
1.562007999382331
1.0969730001306743
1.1235749998377287
1.0819019998962176
1.6840120006236248
1.0431669998069992
1.0915930006376584
1.0685920005926164
1.105677999476029
1.086712999494921
1.2130120003348566
1.202262000333576
1.0543719999986934
1.740873000017018
1.0653319995981292
1.025189999381837
1.1160539997945307
1.0062500005005859
1.101953999750549
1.2972389995411504
1.164815000265662
1.0822480007846025
1.0061850007332396
1.0413519994472153
1.0918140005742316
1.108714000110922
1.0615019991746522
1.3068309999653138
1.7334829999526846
1.5639670000382466
1.0651129996404052
1.0337209996578167
1.4979259995016037
0.9866400005194009
1.0722830002123374
1.0769519994937582
1.1077939998358488
1.0134699996342533
1.0235609997835127
1.1154040003020782
1.7068030001610168
1.0482210000191117
1.0161109994442086
0.9753190006449586
1.0654219995558378
1.4704650002386188
1.0338009997212794
1.0807529997691745
1.0955130001093494
1.376932000312081
1.0245960002066568
1.068687999577378
1.092002999939723
1.2910290006402647
1.1393149998184526
1.1639750000540516
1.0014560002673534
1.1371939999662573
1.0053000005427748
1.0415520000606193
1.6227040005105664
1.5575269999317243
1.0612319993015262
1.0094559993376606
1.0354269998060772
0.9642290006013354
1.3939820000814507
1.0613569993438432
1.0335360002500238
1.1758959999497165
1.1896770001840196
1.0158710001633153
1.1113739992651972
1.113303999773052
1.4215940000212868
0.9794950001378311
1.0750169994935277
1.7133870005636709
1.4437589998124167
1.2330070003372384
1.1116890000266721
1.1675099995045457
1.3765920002697385
1.1012939994543558
1.141904999713006
0.9497989994997624
1.2804790003428934
1.0527820004426758
1.0761829998955363
1.0525220004637958
1.583967999977176
1.070903000254475
1.0311009991710307
1.0084859995913575
1.5680419992349925
1.039411000419932
1.1217200008104555
1.2664180003412184
1.323316000707564
1.001951000034751
1.091562999135931
0.9881200003292179
1.1594560000958154
1.5937589996610768
1.1986859999524313
0.9407339994140784
1.3285209997775382
1.0963330005324678
1.1543900000106078
1.0303909994036076
1.406672000484832
1.0220610001852037
1.0289809997630073
1.038981999954558
1.3505010001608753
1.0649169998941943
1.1026679994756705
1.0042409994639456
1.456144000258064
1.1613050000960357
1.1669409996102331
1.4047869999558316
1.2619979997907649
0.9809299999687937
1.0742819995357422
1.679111000157718
1.3701819998459541
0.9941499993146863
0.9433879995413008
0.9564190004311968
1.0578979999991134
1.0669769999367418
1.1109530005342094
1.00820100033161
1.1075639995397069
1.1685250001391978
1.136920000135433
1.0330510003768723
1.0259459995722864
1.3880019996577175
1.1378340004739584
1.0127759996976238
1.2649179998334148
0.931112999751349
1.1545960005605593
1.1450550000517978
1.3234759999249945
0.9893440001178533
1.0770640001283027
1.0847920002561295
1.415982999787957
1.099772999623383
1.051573000040662
1.1643349998848862
1.2352070007182192
1.138054999501037
1.04380199991283
1.2189370008854894
1.355621000584506
1.0667380001905258
1.0586270000203513
1.3925120001658797
1.0262120003972086
1.0692330006349948
1.0937079996438115
1.1272840001765871
1.3971969992780942
1.0320809997210745
1.1528850000104285
1.0682620004445198
1.0829840002770652
1.3945919999969192
1.1448440000094706
1.0187309999309946
1.0688520005714963
0.93122799989942
1.0623329999361886
0.9820699997362681
0.978410000243457
1.5971990005709813
1.0245909998047864
1.1514550005813362
1.0278809995725169
1.2438579997251509
0.970719999713765
1.121364999562502
0.9817349991863011
1.2794490003216197
1.061306000337936
0.8416350001425599
1.0410620006950921
0.964599000326416
1.4409440000235918
1.0859630001505138
1.0947230002784636
0.971149000179139
1.4795460001550964
1.5376360006484902
1.699462000033236
1.3289700000314042
1.5865679997659754
1.018390999888652
0.9146279999185936
1.3552810005421634
0.9934900008374825
0.9598790002200985
1.0451120006109704
1.6114390000439016
0.9030979999806732
1.1856170003738953
1.4606739996452234
2.3391020004055463
1.36534200009919
1.6262489998553065
1.0674129998733406
1.1022190001312993
1.1619400002018665
1.6618109993942198
1.069982999979402
1.4267039996411768
1.0582619997876463
1.0342119994675159
1.222787999722641
1.269487999707053
1.3797209994663717
1.042820999828109
1.1307650001981528
1.5617680001014378
1.1292430008325027
1.0806529999172199
1.1455040003056638
1.1002940000253147
1.3373310002862127
1.1561449991859263
1.0495309998077573
1.0698120004235534
1.5577269996356335
0.9714699999676668
1.0030310004367493
