payload_size_bytes=51200
runs=500
mean_ms=1.270
median_ms=1.098
stddev_ms=0.758
min_ms=0.473
max_ms=10.466
---raw---
1.2158870003986522
1.2770590001309756
1.467764000153693
2.2940000008020434
1.0487330000614747
2.5204169996868586
1.0116710000147577
1.0145910000574077
1.5877879995969124
1.157065000370494
3.2069110002339585
1.6394170006606146
2.26995100001659
1.7266320000999258
1.3123999997333158
1.218616999722144
6.581186999937927
1.3033689992880682
1.9655899995996151
1.0950429996228195
0.9526490002826904
1.3159299996914342
1.0467469992363476
1.1127280004075146
1.1658050007099519
1.0309409999536001
0.9266080005545518
4.104335000192805
1.1286839999229414
1.3477410002451506
0.9157679996860679
1.0874219997276668
1.394642999912321
0.9942910000972915
1.1376279999240069
1.2014240001008147
1.0696529998313054
4.09538399981102
2.0020120000481256
0.9748699994815979
0.9687290003057569
1.04672199995548
1.0624280002957676
1.0992580000674934
1.0312539998267312
1.222937000420643
1.0620819994073827
1.2241139993420802
1.097929000025033
1.0100049994434812
1.2180169997009216
0.9771899995030253
1.1402350000935257
1.1433950003265636
1.0751250001703738
0.9937100003298838
0.9952310001608566
1.0152610002478468
1.0142259998247027
1.1045680003007874
1.0397669993835734
1.0974630004056962
1.0899580001932918
1.104169000427646
1.0866930006159237
1.028665999911027
1.171126000372169
1.0960829995383392
0.9659099996497389
1.0773719995995634
0.9785400006876444
1.0408620000816882
0.9777500008567586
1.0619639997457853
1.08107999949425
1.234657999702904
1.399482000124408
1.0462910004207515
1.0085130006700638
1.2606159998540534
1.408912999977474
1.084462000108033
0.9719790004965034
1.2516879996837815
1.5374369995697634
1.1248240007262211
1.065843000105815
1.0007809996750439
1.2266200001249672
1.4806019999014097
1.1201939996681176
1.134979999733332
1.1158030001752195
1.0071459992104792
1.0487270001249271
0.996570000097563
1.5319560006901156
0.8696360000612913
1.115178999498312
1.0306650001439266
1.0508340001251781
1.049485999828903
0.9853930005192524
1.0879550000026939
1.213587999700394
1.5365009994638967
1.4357629997903132
1.1104839995823568
1.2814440005968208
1.0234610008410527
1.0126649995072512
1.0800660002132645
0.9740420000525774
1.4692750000904198
1.0481360004632734
1.0119569997186773
1.4548540002579102
0.9853889996520593
1.0721469998316024
1.0476569996171747
1.0248189992125845
1.4147100000627688
1.113293999878806
1.1746160007533035
1.115254000069399
1.5667280003981432
1.221029000589624
1.2094849998902646
1.2081269996997435
1.5182769993771217
1.2877740000476479
0.9329679996881168
1.3298599997142446
1.0248010003124364
1.4829550000285963
1.0548719992584665
1.0939679996226914
1.1766260004151263
1.005970000733214
1.4836549999017734
1.0499569998501102
0.9521790007056552
1.0821369996847352
1.3739320002059685
1.2475580006139353
1.0770330000013928
1.307260999965365
1.2107989996366086
1.1440340003900928
1.1108219996458502
1.3844320001226151
1.0783620000438532
1.0271609999108477
0.9487590004937374
1.3533009996535839
1.0693229996832088
1.0058810003101826
1.1191539997525979
1.2991399999009445
1.093726000362949
1.0641219996614382
1.2482880001698504
1.537246000225423
1.0302489999958198
1.309353999204177
1.1517399998410838
1.053311999385187
1.0877820004679961
1.109463999455329
1.3403909997578012
1.1129329996037995
1.0075310001411708
0.9521390002191765
0.9671299994806759
1.4944650001780246
1.2336670006334316
0.9757800007719197
1.4272939997681533
1.2525079991974053
1.0483519999979762
1.164895999863802
1.6460300003018347
0.9439190007469733
0.9459379998588702
1.0235809995720047
1.716612000564055
1.0923629997705575
1.1096730004283017
0.9955599998647813
1.3110800000504241
1.0590020001473022
1.0382320006101509
1.0118920008608256
1.398983000399312
1.029949999974633
1.0160609999729786
1.1867660005009384
1.5632429995093844
0.9845149998000124
1.0725539996201405
1.055902000189235
1.0509920002732542
1.0014649997174274
0.9102620006160578
1.0207209998043254
1.6157519994521863
1.268820999939635
1.2052570000378182
0.941167999371828
1.511145999756991
0.915517999601434
1.1074340000050142
0.9935200005202205
1.111183999455534
1.1369750000085332
1.1940340000364813
1.6483399995195214
0.996820000182197
1.0109410004588426
1.0654110001269146
1.1861259999932372
1.2217979992783512
1.0447909999129479
1.1474299999463256
1.1218290001124842
1.4585950002583559
1.14742500045395
1.4489240002149018
1.004570000077365
1.1900910003532772
1.2676289998125867
0.9851200002231053
1.459504000195011
1.0859730000447598
1.0312610002074507
1.3944679994892795
1.0359409998272895
1.028242000757018
1.0175910001635202
1.3805720000164001
1.0855619993890286
1.0032300006059813
0.9726199996293872
1.3905819996580249
1.082513000255858
1.2309290004850482
1.1036059995603864
1.3872919998902944
1.1356120003256365
1.1284109996267944
1.6896919996725046
0.9907000003295252
1.040470999214449
1.1410850001993822
1.622499999939464
1.0248099997625104
1.0449419996803044
1.0139010000784765
1.418344000740035
1.1300539999865578
1.1850669998239027
0.9634380003262777
1.2949490001119557
1.0770030003186548
1.0063409999929718
1.1305259995424422
1.4829490000920487
1.0606929999994463
1.0393920001661172
0.9316179994129925
1.0591599993858836
1.0732150003605057
1.1140209999211947
1.6283880004266393
1.059686999724363
0.9529729995847447
0.9705619995656889
1.3683890001630061
1.019350999740709
1.029990999995789
0.9786599994185963
1.0027709995483747
1.0530919998927857
1.0784219994093291
1.0420210001029773
1.002910999886808
1.3541919997805962
1.053196999237116
1.255003000551369
1.006471000437159
1.8081270000038785
1.080580999769154
1.100898999538913
1.5482329999940703
1.0890849998759222
1.2780090000887867
1.145715000347991
1.7507730008219369
1.097836000553798
1.2275450008019106
1.0183340000367025
1.5746259996376466
1.0407070003566332
1.103757999771915
1.1377890004951041
1.4593640007660724
0.9663840000939672
1.0102509995704168
1.1447640008555027
2.294419999998354
1.040881000335503
0.9490920001553604
1.0701900000640308
1.4289729997472023
1.0367220002081012
1.0463620001246454
1.0894460001509287
1.482231999943906
0.9287779994338052
1.097377000405686
1.3738890002059634
1.125339999816788
1.1258040003667702
1.0541999999986729
1.526253000520228
1.1809259995061439
1.0481529998287442
1.0011499998654472
1.3415510002232622
1.096707999749924
0.959404000241193
1.0769529999379301
1.4266729995142668
1.1073630003011203
0.9466949995839968
1.1322350001137238
1.5113300005396013
0.947259999520611
1.0683720001907204
1.229717000569508
1.3825169999108766
1.4804259999436908
1.0381609999967623
1.032851000672963
1.4374689999385737
1.017200999740453
1.2314170007812208
0.9562889999870094
1.4402140004676767
1.0778940004456672
1.0740770003394573
1.1884659998031566
1.0375389992987039
1.0793109995574923
1.0417220000817906
1.2633980004466139
1.7523329997857218
1.324429999840504
2.5573079992682324
1.1086240001532133
0.9965389999706531
1.188356000056956
1.3819220002915245
1.0006809998230892
0.9287479997510673
1.1419940001360374
0.9759690001374111
1.4561750003849738
1.2497179995989427
1.20915600018634
1.0229209992758115
1.3996879997648648
1.0882229998969706
1.031421000334376
1.1197490002814448
1.5467869998246897
1.0981230007018894
1.192226000057417
1.9833410005958285
1.2423179996403633
1.6354299996237387
1.0003510005844873
1.10472899996239
1.1224179997952888
1.0635030002958956
1.2968500004717498
1.0195309996561264
1.040140999975847
0.898653000149352
1.0064550006063655
1.5164960004767636
1.6508500002601068
1.1002039991581114
1.176755999949819
1.0001909995480673
1.1333239999657962
1.0889629993471317
1.049401999807742
2.311610000106157
0.5382170002121711
10.465968000062276
0.659819999782485
0.5706570000256761
0.5437059999167104
0.5884279999008868
2.2058969998397515
0.77690300076938
0.6239690001166309
0.47338400054286467
0.5197760001465213
2.11370299984992
1.707712000097672
0.6368699996528449
10.392755999419023
1.5864980005062534
0.6095789995015366
1.2846589997934643
1.0226610002064263
1.2093210007151356
1.2125240000386839
1.082269999642449
1.0372709994044271
1.1132290001114598
1.1069979991589207
1.6270000005533802
1.0461860001669265
1.0279710004397202
1.0435519998281961
1.8793420003930805
1.0994340000252123
1.6913219997150009
1.4841250003883033
1.0292910001226119
1.0188109999944572
0.9777699997357558
1.0293269997418975
0.9404490001543309
1.5954290001900517
1.1116739997305558
2.232477999314142
1.091377999728138
1.0966090003421414
1.004031000775285
1.7791529999158229
2.1191740006543114
4.035402999761573
1.1397650005164905
1.585938000062015
1.8229059996883734
1.1114039998574299
1.0603919999994105
0.8775470005275565
1.05584699940664
1.02238599993143
3.8073649993748404
0.9731589998409618
1.5170650003710762
0.833615000374266
0.5009259994039894
1.0499419995539938
0.9475690003455384
3.291189999799826
1.092732999495638
1.1029429997506668
0.9555480000926764
1.0066099994219257
1.0160709998672246
1.4950360000511864
1.1539299994183239
1.0538520000409335
3.2851440000740695
1.153504999820143
1.0278919999109348
1.0820730003615608
1.9522189995768713
0.9961599998860038
0.9364580000692513
1.0590920001050108
1.013741000861046
1.01300100050139
1.1334290002196212
3.3998690005319077
0.9935400003087125
2.516336000553565
1.1166639997099992
1.5948290001688292
0.9427889999642503
1.1024539999198169
1.0120110000571003
1.6547810000702157
1.5608369994879467
0.9206329996231943
1.2667090004470083
0.9549739997964934
1.7100109998864355
1.171165999949153
1.382571999783977
1.388542000313464
1.0745019999376382
1.0124909995283815
