payload_size_bytes=51200
runs=500
mean_ms=1.281
median_ms=1.105
stddev_ms=0.466
min_ms=0.847
max_ms=4.003
---raw---
1.6682409996064962
1.7499619998488924
1.2019120003969874
1.2301180004214984
1.5862780001043575
1.1283439998805989
1.6688109999449807
1.0852189998331596
1.09797300046921
1.1156739992657094
1.7247220002900576
0.998219000393874
2.616039999338682
1.5700869998909184
1.0382919999756268
1.0724919993663207
1.4238829999158042
3.3777819999158964
1.2658890000238898
1.320270000178425
1.1297250002826331
1.2368280004011467
1.7962350002562744
3.0649130003439495
1.319089999924472
1.1717659999703756
1.582758000040485
1.3521909995688475
0.9819249999054591
1.2273530001039035
0.9886099996947451
1.0838159996637842
1.8966859997817664
2.6451200001247344
1.2698580003416282
1.2936250004713656
1.42444399989472
1.129190000028757
1.0230009993392741
0.98762000015995
1.3702910000574775
1.1813760002041818
1.0630229999151197
1.4884249994793208
1.1072389997934806
1.1047580001104507
1.0199230000580428
1.2286979999771575
1.0283199999321369
1.5187159997367417
0.8984369997051544
1.0023100003309082
2.048861999355722
1.083011999980954
1.0795929993037134
1.5069859991854173
0.9787830003915587
1.1226460001125815
1.1300040005153278
1.8629529995450866
1.1042930000257911
1.4187220003805123
1.032741999551945
1.1965909998252755
1.079008000488102
2.1792170000480837
1.1276340001131757
1.433334000466857
1.0208759995293804
1.156553000328131
1.1167139991812292
1.255128000593686
3.2951900002444745
1.0570120002739714
1.1000380000041332
1.0333560003346065
1.0677170002963976
1.1759159997382085
1.0436410002512275
1.4928400005373987
1.1822609994851518
1.052837000315776
1.109432999328419
0.9998499999710475
1.0117410001839744
2.1169440005905926
1.4072829999349779
1.703891999568441
1.5201559999695746
1.6988010002023657
1.2386279995553195
2.240568000161147
1.0629320004227338
2.2989199997027754
1.979100000426115
1.4192660000844626
1.0801799999171635
2.7789250007117516
1.0647319995769067
2.0789630007129745
1.0387920001448947
1.6144090004672762
4.0027209997788304
1.0447810000187019
1.017431000036595
0.9219180001309724
0.990059999821824
0.9725589998197393
0.9993499998017796
1.3275510000312352
0.8538560005035833
1.5149159999054973
1.0814079996634973
0.8613640002295142
1.0250010000163456
1.3706899999306188
3.363861999787332
1.0650119993442786
1.072342000043136
1.1026830006812816
1.064792000761372
0.9907200001180172
1.0013410001192824
1.3587510002253111
1.9196190005459357
1.0061399998448906
1.574287000039476
0.9266979996027658
2.2903700000824756
2.7668739994624048
1.0889029999816557
0.8470559996567317
1.461994999772287
1.0382419995949022
1.8212149998362293
1.1157740000271588
1.3123500002620858
0.9508189996267902
1.0095410007124883
1.9592900007410208
1.5850079998926958
1.111412999307504
2.4356040003112867
0.9192679999614484
0.9321579991592444
0.9647699998822645
0.9819699998843134
1.0306809999747202
0.9632290002627997
1.340890999927069
0.9484490001341328
2.096524000080535
1.0613920003379462
2.954868999950122
2.404043000751699
0.9088780007004971
1.0476409997863811
1.0097600006702123
1.2265069999557454
0.96729899996717
0.9021380001286161
0.9504090003247256
0.9340979995613452
3.0761540001549292
1.0042209996754536
1.1953559996982221
0.9954500001185806
1.000752999971155
0.9572489998390665
0.8883619993866887
1.1001329994542175
0.9663890004958375
0.9066570000868523
1.287138999941817
1.0254059998260345
1.0653580002326635
0.9447279999221792
1.0158880004382809
1.2023540002701338
1.0596120000627707
0.9512720007478492
1.0466940002515912
1.3406759999270434
0.9288480005125166
0.9083270006158273
0.937307999265613
0.999259999844071
0.9178480004266021
1.0203310002907529
2.8450560002966085
1.0015409998231917
0.9390029999849503
3.6950780004190165
0.999470000351721
1.0841129997061216
2.136235000762099
3.354901999955473
0.9930030000759871
1.0464790002515656
0.9673000004113419
3.8564879996556556
1.0547819993007579
1.0725430001912173
0.9524380002403632
1.2840990002587205
3.020541999831039
1.0367509994466673
0.9738199996718322
0.935048000428651
0.9250679995602695
1.0314529999959632
1.3905790001444984
1.2365599995973753
1.0905469998760964
0.9717390003061155
1.0997380004482693
1.0248709995721583
1.15180499960843
0.9742889997141901
1.1304059999019955
1.0911480003414908
1.1679310000545229
1.1509149999255897
1.1423930000091786
1.0415919996376033
1.0540210005274275
1.1442180002632085
1.1641630007943604
1.819105999857129
1.0942340004476137
1.0791229997266782
1.2144390002504224
1.6386220004278584
1.2932039999213885
1.434876000530494
3.8578749999942374
0.9981399998650886
1.108684000428184
0.9575089998179465
2.097203000630543
1.0983640004269546
1.0991990002366947
1.0367810000389
0.9631399998397683
0.997914999970817
1.393347999510297
1.0682120000637951
0.9445089999644551
1.1220939995837398
1.481229999626521
1.2998349993722513
1.0730630001489772
1.0460020002938109
1.4511589997709962
1.012245999845618
1.1563600000954466
1.1041129992008791
1.3822020000588964
1.1153499999636551
1.0679800006982987
1.385202000165009
1.455561000511807
1.1196089999430114
1.6972869998426177
1.275449000786466
1.2564700000439188
1.6594410008110572
1.6050470003392547
1.4766350004720152
2.519450999898254
0.9950399999070214
1.0280710002916749
0.9908250003718422
1.6623199999230565
1.1108439994131913
0.9402189998581889
1.0260960007144604
1.065026999640395
1.3309409996509203
1.6944259996307665
1.1450799993326655
1.4305230006357306
1.533061999907659
1.110739000068861
1.0490719996596454
1.435592999769142
0.9369489998789504
1.0819780000019819
0.9926650000124937
1.1547110007086303
1.2667159999182331
1.162257000032696
1.5061949998198543
0.9509889996479615
1.0824720002347021
1.0247399995932938
0.9389990000272519
0.9882909998850664
1.6816509996715467
1.9658600003822357
1.5730569994047983
1.1028529997929581
1.6019890008465154
1.1843959991892916
1.0168560002057347
1.36539199957042
1.0410260001663119
1.0921690000031958
1.15390899918566
1.2972699996680603
1.022731000375643
1.0295009997207671
1.0769230002551922
1.3899129999117577
1.06683299964061
1.0654819998308085
1.0809479999807081
1.5284159999282565
1.0448909997649025
1.0001609998653294
0.9589490000507794
1.3688909994016285
1.036824000038905
1.1122659998363815
1.0805129995787865
1.3386310001806123
1.0660170000846847
1.0475210001459345
1.400022999405337
1.1697980007738806
1.0552649991950602
1.1012529994331999
1.4326029995572753
0.9879199997158139
0.9189379998133518
1.0106910003742087
0.902677999874868
1.063163000253553
1.0775000000649015
1.3499480000973563
1.4060829998925328
1.0839579999810667
1.1173590000908007
1.1322740001560305
1.643609999518958
1.212338000186719
1.0364409999965574
1.5620570002283785
1.4204729995981324
1.2462189997677342
1.0455310002726037
1.017630000205827
1.5054160003273864
0.9218679997502477
1.182056000288867
1.56095800048206
1.0619459999361425
0.9722799995870446
1.2171070002295892
1.4218510004866403
0.9989300006054691
1.0105549999934738
0.9046850000231643
1.3504090002243174
0.9627939998608781
0.9712049995869165
1.1141889999635168
1.3161709994164994
0.8512399999744957
0.9885449999273987
0.9326580002380069
1.4690730004076613
1.006550999591127
0.9740499999679741
0.9747089998199954
1.6032089997679577
1.0614319999149302
1.0063999998237705
1.0890830008065677
1.0930329999609967
1.2320069999987027
1.0717430004660855
1.421033000042371
1.0378309998486657
1.184196000394877
1.7347329994663596
1.1067929999626358
1.2076169996362296
1.192235999951663
1.0911029994531418
1.1885459998666192
1.004591000310029
1.0205019998466014
1.5583370004605968
0.9791299999051262
1.156696999714768
1.0951060003208113
1.0248560001855367
1.1454739997134311
1.793675000044459
1.0621319997881074
1.0531020006965264
1.0819130002346355
1.5193999997791252
1.020570999571646
0.9536090001347475
1.1650360002022353
1.4296980007202365
1.1333469992678147
1.3334979994397145
1.037851999171835
2.390815000580915
0.9913530002449988
1.0316560001228936
1.5310320004573441
1.0751870004241937
1.3147409999874071
1.0771329998533474
1.1100840001745382
1.0086709999086452
1.053270999364031
1.1520299995027017
1.0489260002941592
1.055222999639227
1.040181999997003
1.5771429998494568
1.317689999268623
1.1277820003670058
1.0799729998325347
1.7277549995924346
1.4036600005056243
1.2516300002971548
1.0241209993182565
1.5723079995950684
1.082962000509724
1.147590999607928
1.0671409991118708
1.0546219991738326
1.0843860000022687
1.0763899999801652
1.5589899994665757
1.7581500005690032
1.5002560003267718
1.0855679993255762
1.259317999938503
1.107460999264731
1.2837160002163728
1.2032370004817494
1.5400070005853195
1.1202469995623687
1.2813359999199747
1.0746130001280108
1.4259230001698597
1.028810999741836
1.0662570002750726
0.9815869998419657
1.4752760007468169
1.1259110005994444
1.020071000311873
1.4496149997285102
1.030191000609193
1.079902999663318
1.0958889997709775
1.2876689997938229
1.0661169999366393
1.1062339999625692
1.160275000074762
0.9454889996050042
1.4506340003208607
1.0516620004636934
1.1013630000888952
1.0849339996639173
1.57920799938438
1.3615710004160064
1.5566269994451432
1.4981960002842243
1.0604020008031512
1.0013290002461872
1.1790810003731167
1.4617289998568594
1.0699049998947885
1.5563039996777661
1.3355900000533438
1.1040130002584192
1.1017739998351317
1.6555900001549162
1.337376000265067
1.2976500001968816
1.0897680003836285
1.018190999275248
1.3151809998817043
1.2918740003442508
0.9766640005182126
1.4137990001472645
1.0597129994494026
1.163019000159693
1.1048389997085906
1.3471510001181741
0.976334000370116
1.0226040003544767
