payload_size_bytes=51200
runs=500
mean_ms=1.078
median_ms=1.063
stddev_ms=0.331
min_ms=0.499
max_ms=3.099
---raw---
1.3119600007485133
0.8053839992498979
1.7470729999331525
2.1260449993860675
0.6035690003045602
1.2109170002077008
1.5198360006252187
1.0852320001504268
1.689812000222446
0.6215579996933229
1.9893610005965456
0.5311769991749316
0.6278889995883219
0.5638869997710572
1.0876120004468248
1.138024999818299
1.3978950000819168
0.5658449999828008
1.023990999783564
0.5708669996238314
0.7232620000650059
0.6553489993166295
0.556627000150911
0.5198950002522906
0.9684589995231363
1.0253210002701962
3.0987750005806447
0.5726669996874989
0.6242299996301881
0.7917339999039541
0.54790700050944
0.7824739996067365
0.5906469996261876
0.5894280002394225
0.6707399998049368
0.5771779997303383
0.5498869995790301
0.5304959995555691
1.0850230000869487
1.1361139995642588
1.0327610007152543
2.6413109999339213
1.017120000142313
1.0670579995348817
1.199801000439038
0.9981600005630753
0.9326580002380069
0.9599790000720532
0.9901299999910407
0.942349000069953
1.0017500007961644
1.6775809999671765
1.0878680004680064
1.2090109994460363
1.0627579995343694
1.171560999864596
1.2898889999632956
0.9400489998370176
1.094162999834225
1.3513909998437157
1.1283750000075088
1.0989539996444364
1.205496000693529
2.045012000053248
1.2618680002560723
1.1059690004913136
1.0381860001871246
1.1262239995630807
1.0092410002471297
0.9948059996531811
1.0614680004437105
1.022250999994867
1.0481710005478817
1.1169239996888791
1.1779810001826263
1.0612269998091506
1.0423710000395658
1.0356119992138701
1.023636999889277
1.0715230000641895
1.0370620002504438
1.034036999953969
1.1184340000909287
1.093367999601469
1.1362400000507478
0.9821700004977174
1.7287679993387428
0.9725039999466389
1.1473310005385429
1.0804280000229483
1.1875260006490862
1.0587019996819436
0.8926270002120873
0.9943499999280903
0.9989109994421597
1.089561999833677
0.9234529998138896
0.9893599999486469
1.0576169997875695
1.0728029992606025
1.3446910006678081
0.911858000108623
0.975988999925903
1.134518999606371
0.9746499999891967
1.2761739999405108
1.2235570002303575
1.7514330002086353
1.0478220001459704
1.21377699997538
1.0794680001708912
1.520210999842675
1.047001999722852
1.0325809998903424
1.1267130003034254
1.0127899995495682
1.3811730004817946
1.0706319999371772
1.0454680004841066
1.0471080004208488
1.2391079999360954
1.026265999826137
0.9199420001095859
0.9339890002593165
1.0421019997011172
0.9328989999630721
0.9766600005605142
1.07796199972654
0.9673290005594026
1.3675410000359989
1.166076000117755
0.9476389996052603
1.0916840001300443
1.1961560003328486
1.2019659998259158
1.8046850000246195
1.1525049994816072
1.0044500004369183
1.0424920001241844
1.0632729999997537
1.310100000409875
1.103134000004502
0.9681789997557644
1.0200509996138862
1.0511910004424863
1.0435520007376908
1.0167110003749258
1.140684999882069
1.6852409999046358
1.2226369999552844
1.0338760002923664
1.1705850001817453
1.1402689997339621
1.2831189997086767
0.9575340000083088
1.0243710003123851
1.15580100009538
1.1817069998869556
1.0449609999341192
1.02544199944532
1.1309339997751522
1.2971899996045977
0.5434160002550925
1.1181950003447128
0.6517989995700191
0.6899709997014725
0.5181259994060383
0.9936699998434051
1.0383420003563515
1.0017610002250876
2.3109809999368736
1.0876280002776184
1.1525199997777236
1.4588250005544978
1.1361039996700129
1.2007459999949788
1.0150910002266755
1.2842790001741378
1.0673220003809547
1.000451000436442
1.1407550000512856
1.062461999936204
0.9186680008497206
1.045492000230297
1.067553000211774
1.0326309993615723
1.0920879994955612
1.6458400004921714
1.1860419999720762
0.9677090001787292
1.148674999967625
1.053462000527361
1.4374329994097934
1.1228539997318876
1.0731230004239478
1.1127139996460755
1.0418970005048322
1.8312410002181423
1.0832630005097599
1.0642419993018848
0.9867050002867472
1.0630519991536858
1.1051740002585575
1.0601720005070092
1.0048350004581152
1.2266670000826707
1.6666700003042934
0.590077999731875
0.5316560000210302
0.5746080005337717
0.9819090000746655
0.9713589997772942
0.9915300006468897
0.5173660001673852
0.6154689999675611
0.9723200000735233
0.5724980001104996
0.5470169999171048
0.5692079994332744
0.49983499957306776
0.5313889996614307
0.5315860007613082
0.5408869992606924
0.7560539997939486
0.6954010004847078
0.6269990008149762
0.5601579996437067
0.5616170001303544
0.73024199991778
0.5897179999010405
0.6336110000120243
0.5068930004199501
0.6065880006644875
0.608239000030153
0.557771999410761
1.5684919999330305
1.0228909995930735
1.035151999531081
0.5869980004717945
0.5187850001675542
0.5539559997487231
0.5786809997516684
0.5402429997047875
0.539986999683606
0.5154059999767924
0.5749270003434503
0.4989479994037538
0.5341940004655044
0.5320660002325894
1.9937709994337638
1.8797370003085234
1.278358000490698
0.5252549999568146
0.7970240003487561
0.6665299997621332
0.545466000403394
0.9870300000329735
0.5374259999371134
1.03629200020805
0.6203880002431106
0.5499560002135695
0.5395959997258615
0.5067359998065513
0.5523270001503988
0.6111310003689141
0.5247140006758855
0.5250859994703205
1.6751310004110564
0.9930510004778625
1.0199509997619316
1.2045220000800327
1.0515820004002308
1.063757000338228
1.0254310000163969
0.9969709999495535
0.6138290000308189
0.5834670000695041
1.0028260003309697
1.166209999610146
0.6059789993742015
0.5286559999149176
0.5151499999556108
0.5622369999400689
1.537707000352384
1.0137660001419135
0.5974380001134705
1.1896569994860329
0.5844470006195479
0.6412000002455898
0.7504229997721268
0.9591589996489347
1.168676000816049
1.0266560002492042
1.1072190000049886
1.5080860002854024
1.028981000672502
1.041882000208716
0.5923379994783318
1.076406999345636
0.87700699987181
0.9841250002864399
1.5274970000973553
1.1217289993510349
1.040700999510591
2.3826870001357747
1.068992000000435
1.2412080004651216
1.7056710003089393
1.652750000175729
1.2205379998704302
1.1498349995235913
1.3344449998839991
1.0676579995561042
1.0023499999078922
1.071582000804483
1.0513220004213508
1.498075999734283
1.0382219998064102
2.163041000130761
0.9282090004489874
1.1268690004726523
1.091598000130034
1.5507380003327853
1.3383049999902141
1.1482549998618197
1.0560979999354458
1.0900970000875532
1.432124000530166
1.0229360004814225
1.4885900000081165
1.3698570000997279
1.0661820006134803
0.9285829992222716
1.0712820003391244
1.2247670001670485
1.0016409996751463
1.0351210003136657
1.2250170002516825
1.4721440002176678
1.0812480004460667
1.108472999476362
1.1372039998605032
1.365746999908879
1.0117110005012364
1.2163769997641793
1.0563269997874158
1.4319230003820849
1.15519500013761
1.0914129998127464
0.948859000345692
1.318390000051295
1.1670849999063648
1.021100999423652
1.1272649999227724
1.1064729997087852
1.0780519996842486
1.0126309998668148
1.6805719997137203
1.3104800000292016
1.0301159991286113
1.1386649994165055
1.580433000526682
1.5947279998727026
1.3997530004417058
1.3885329999538953
1.085412000065844
1.039951999700861
1.202241000100912
1.4465129997915938
1.1591299999054172
0.9370480001962278
1.0776429999168613
1.4453089997914503
1.0045150002042647
1.119835000281455
1.1204639995412435
1.4145929999358486
0.9864899993772269
1.0322409998479998
1.0921439998128335
1.3984229999550735
1.0911330000453745
1.0720720001700101
1.0089159995914088
1.4784650002184208
1.1069479996876908
1.0676920001060353
1.0616629997457494
1.0022409996963688
1.0189500007982133
1.0454119992573396
1.06709299961949
1.3569419998020749
1.045686999532336
1.183080000373593
1.1136099992654636
1.4285139995990903
1.0649669993654243
1.0594010000204435
1.0519329998714966
1.0616010004014242
0.9460880000915495
1.0557929999777116
1.0672529997464153
1.032660999953805
1.4918750002834713
0.9418490008101799
1.1191950006832485
1.4218379992598784
1.0858440000447445
1.124223999795504
1.2389220000841306
1.377682000565983
1.0583169996607467
1.2218270003359066
1.0862330000236398
1.5520970000579837
1.1736960004782304
1.059841999449418
1.089043000320089
1.3859480004612124
1.0652030005076085
1.028790999953344
1.1060930000894587
1.7404540003553848
1.0370609998062719
1.1324750003041117
1.0446119995322078
1.3329299999895738
1.1499550000735326
1.0668819995771628
1.1654210002234322
1.6168989996003802
1.2386930002321606
1.6642609998598346
1.3662110004588612
1.061502999618824
1.1085739997724886
1.043291000314639
0.926128000173776
1.2882399996669847
2.4905749996833038
1.0006610000345972
1.0272310000800644
1.0519509996811394
1.6016489998946781
1.1037029998988146
0.9994609999921522
1.0503710000193678
1.3931920002505649
0.9839410004133242
0.970859000517521
1.2221770002724952
1.44285399983346
1.1288140003671288
0.8940679999795975
0.9830090002651559
1.0326219999114983
1.1401600004319334
1.1283149997325381
0.98012899979949
1.3708520000363933
1.0189860004174989
1.0838220005098265
1.1016280004696455
1.0532429996601422
1.3928819998909603
1.1290080001344904
1.2722800001938595
1.122753999879933
0.9000170002764207
1.4825950001977617
0.9444879997317912
1.155165000454872
1.029772000038065
1.4966450007705134
1.0392520007371786
1.047921999997925
1.1548850006875
1.438465000319411
1.0890029998336104
1.1765460003516637
1.1042839996662224
1.4241230001061922
1.0669120001693955
0.9886799998639617
1.137554999331769
1.052751999850443
1.4691850001327111
1.089342999875953
1.228712999363779
1.0717879995354451
0.9504390000074636
1.3220900000305846
1.118459000281291
0.9780299997146358
1.0709070002121734
1.0357620003560442
1.4308529998743325
1.1238639999646693
