payload_size_bytes=512000
runs=100
mean_ms=6.611
median_ms=4.947
stddev_ms=2.999
min_ms=4.074
max_ms=17.863
---raw---
17.86349300027723
14.47239900016939
14.867900999888661
5.763220000062574
12.829174999751558
9.790908000013587
13.498119999894698
13.082477999887487
7.2221200002786645
9.237069999926462
9.186724000301183
8.457712000108586
9.907365000344726
4.609941000126128
6.134924999969371
10.479039000074408
9.867860000213113
10.187964000124339
10.440542000196729
8.796196000275813
4.481496000153129
4.199487999812845
6.9870120000814495
11.221170999760943
10.015543999998044
9.600272000170662
4.451915000117879
4.310641999836662
9.65835299984974
4.972134000126971
4.191380000065692
9.177808999993431
9.649043000081292
4.7082840001166915
10.329208000257495
6.694747999972606
4.42444499958583
10.653933999947185
9.670153000115533
10.675815000013245
9.479497000029369
9.843089999776566
5.809267000131513
5.647611000313191
4.382613000416313
4.529437999735819
4.5050069998069375
4.995602000235522
4.389237999930629
4.7959199996512325
4.637860000002547
4.550288999780605
4.233139000007213
4.602510000040638
4.404943999816169
4.7097329997995985
5.1404559999355115
5.304071999944426
4.463855000267358
5.058184000063193
4.4834249997620645
4.635231000065687
4.073993000019982
4.462497999611514
4.57112899994172
4.771744999743532
4.618816000402148
10.074165999867546
8.371140000235755
7.588070999645424
4.331570999966061
4.7383340001943
6.4003550000961695
4.291020999971806
4.334261999701994
4.359002000001055
4.109145000256831
4.837089999909949
4.3348389999664505
5.239438999979029
4.266335000011168
4.320745999848441
4.775775999860343
4.745944000205782
4.978751000180637
4.097484000340046
4.335531000378978
4.921099999592116
5.019272000026831
4.812976000266644
4.209499000353389
4.764495000017632
4.755096000280901
5.480518000240409
5.038130000230012
4.635662000055163
4.745853999793326
4.441323999799351
4.624240999874019
5.253988999811554
