payload_size_bytes=51200
runs=500
mean_ms=1.171
median_ms=1.044
stddev_ms=0.547
min_ms=0.608
max_ms=4.430
---raw---
3.0108420000942715
0.8673359998283559
0.790983999877426
1.2106570000014472
1.7776029999367893
0.9550140000555984
0.7907250001153443
0.9370679999847198
0.6370789999436965
0.7213510000383394
2.5019910001446988
1.087793000124293
2.128425000137213
0.8289659999718424
1.2161659999492258
0.692900999865742
0.7361020000189455
1.2565980000545096
0.9833599999637954
0.925707999840597
1.2226469998495304
2.857887000118353
1.1838059999718098
0.6680810001853388
1.5526180000051681
2.5562779999290797
2.4362239998936275
0.7911340001101053
2.2929899998871406
2.264298999989478
1.8671870000162016
1.5647230000013224
1.3402810000116006
1.511236000169447
2.5497869999071554
0.8105140000225219
0.9316929999840795
1.5425369999775285
0.7403320000776148
1.7440330000226822
0.7919540000784764
1.0769320001600136
2.380303000109052
0.7180509999216156
1.8545869997979025
1.093044000072041
1.8558259998826543
1.1248040000282344
0.8247449998179945
2.9760800000531162
1.8980369998189417
0.903937000202859
0.8452550000583869
4.295556999977634
1.7482079999808775
2.1269639998990897
4.429744999924878
3.208947000075568
1.932048000071518
1.9750699998439813
2.2566879999885714
2.334919999839258
4.337742999950933
1.288728999952582
4.078202999835412
1.4740940000592673
2.3079600000528444
3.681782000057865
1.7049619998488197
1.6236390001722611
1.1556100000689185
0.7834189998447982
0.697136000098908
0.6590949999463191
0.8045950000905577
1.0804530002133106
1.2675380000928271
2.065803000050437
0.9704489998512145
0.6868309999390476
1.1381239999082027
1.4302029999271326
1.7446320000544802
0.6422590001875506
0.9564889999182924
1.7082520000712975
0.8691759999237547
0.6925410000349075
1.1690249998537183
1.2582079998537665
2.1720459999414743
0.8836370000153693
1.22926699987147
0.7795159999659518
1.8171130000155244
3.338041000006342
1.1633050000909861
0.9450580000702757
1.584268000215161
1.6290099999878294
0.7981640001162305
1.4645040000687004
1.5278559999387653
1.0774550000860472
0.7138490000215825
0.9676100000888255
0.8528159999059426
0.6606750000628381
0.7452669999565842
1.0445220000292466
0.9567990000505233
1.0893330002090806
1.5773079999235051
0.7068320001053507
0.7973540000421053
1.1241640002026543
2.533066000069084
0.7068019999678654
1.0534630000620382
0.6373389999225765
0.7837030000246159
0.8224350001455605
1.121329999932641
1.3674960000571446
2.0195490001242433
1.1047230000258423
1.0754750001069624
1.7441630000121222
0.7729870001185191
0.9683469997980865
0.7259220001287758
0.8138550001604017
0.798634000148013
0.6193579999944632
1.3585720000719448
1.1565750000954722
1.1526150001373026
0.9668289999353874
0.9366379999846686
0.7700740000018413
0.8074069999111089
1.0885230001349555
0.8530459999747109
1.1033360001420078
1.3702749999993102
1.5249240000230202
1.2423380001109763
0.7614179999109183
0.7626829999480833
0.7628630000908743
1.7786890000479616
0.6534149999879446
0.8211489998757315
1.0712820001117507
0.7105170000158978
0.8226350000768434
0.816919000044436
0.7411120000142546
0.8791359998667758
1.6954919999534468
0.6681799998204951
0.7948639999995066
1.0902330000135407
0.6972310000037396
0.7669340000120428
0.7046759999411734
0.7707889999437612
0.7720629998857476
1.2286680000670458
0.7768039999973553
1.2236830000347254
1.2059320001753804
0.8536259999800677
0.7716839998010983
1.8147749999570806
0.7591529999899649
0.8860969999204826
0.6847960000868625
0.6795950000650919
0.649450000082652
1.0494820000985783
0.7639939999535272
0.9274280000681756
1.2418030000844738
1.6358139998828847
0.8941180001329485
1.1216740001600556
0.9850199999164033
0.8336349999353843
0.7723539999915374
1.0306359999958659
1.1500900000100955
0.6825799998750881
1.3246200001049147
0.738017999992735
1.7369269999107928
1.794685000049867
1.2584979999701318
2.7728140000817803
1.4654199999313278
1.0291409998899326
0.7307569999284169
0.6757909998214018
1.167695000049207
0.7043410000733275
1.0443920000398066
1.2093160000858916
0.9742400000050111
0.6807209999806219
1.9292879999284196
1.1503949999678298
1.2641680000342603
1.1965369999415998
1.0932229999980336
0.6639709999944898
0.7247769999594311
1.4676240000426333
0.9332430001904868
1.7236920000414102
0.7338529999287857
0.7836289998977009
1.3060350001978804
1.6432489999260724
1.1246250001022418
1.1424550000356248
1.5736529999230697
1.8614509999679285
1.5451179999672604
0.7755340000130673
0.7354619999659917
1.182076000077359
1.0149509998882422
1.0353420000228652
0.8440099998097139
1.0283359999903041
1.4805750001869455
0.8590760000970477
0.8017640000161919
1.0031599999820173
1.0182210000948544
1.1271840000972588
0.7703039998432359
1.1411750001570908
1.0339660000227013
0.6864460001452244
1.7931039999439236
0.7492030001685634
1.2103229998956522
1.340825999932349
0.7452329998614005
0.8728360000986868
0.8291049998661038
1.0332720000860718
1.1241739998695266
0.8387799998672563
0.8531559999482852
0.8738719998291344
1.26812799999243
1.0054300000774674
1.0544219999246707
1.1941359998672851
1.2395280000419007
1.2793089999831864
0.7838740000352118
0.8207500000025902
1.1067729999467701
1.0976030000620085
0.7262369999807561
0.874197000030108
1.4316430001599656
0.8522559999164514
0.6092890000672924
0.7765840000502067
1.0625119998621813
1.2656989999868529
1.1074340000050142
1.0374319999755244
1.1011130000042613
1.7945049999070761
0.8538970000699919
1.5862379998452525
1.056982000136486
1.4427389999127627
0.7388869998976588
2.4456839998947544
1.072197999974378
2.828500000077838
1.2899189998734073
1.3739720000103262
0.672415999815712
0.735492000103477
1.0625229999732255
1.7590980000932177
0.7869140001730557
0.782978999950501
1.1137740000322083
1.037526000118305
0.6490700000085781
1.0437620001084724
1.0712420000800194
2.0169510000869195
0.709840999888911
1.0627030001160165
0.8490459999848099
0.7322680000925175
0.7516680000207998
1.3081210001928412
0.651860000061788
1.242396999941775
0.7631630001014855
1.2388380000629695
0.9475839999595337
1.4480180000191467
1.115282999990086
1.1914359999991575
0.7652829999642563
0.8167549999598123
0.7573230000161857
1.1837259999083471
0.8765769998717587
1.2135220001709968
1.2790380001206358
1.3727570001265121
1.5333060000557452
1.1983059998783574
0.9532589999707852
1.0728330000802089
1.2166869998964103
1.0146209999675193
0.6825810000918864
1.203817000032359
1.1988670000846469
1.8195299999206327
0.8826120001685922
0.7350630000928504
1.2455379999209981
1.348950999954468
1.2902190001113922
1.8422109999391978
0.8284549999189039
1.0175160000471806
0.992849999875034
1.603359000000637
0.7329219999974157
1.0008409999500145
1.2555380001231242
0.7340970000768721
0.7528379999257595
1.1857160000090516
0.8742259999507951
0.8196999999654508
0.8427109999047389
1.180185999828609
1.042842000060773
0.8082040001227142
0.6688999999369116
0.810174999969604
1.0336120001284144
1.561416999948051
1.008440999839877
0.7349620000240975
1.1157839999214048
1.390828000012334
0.8579809998536803
0.7407080001939903
1.0911429999396205
1.5966729999945528
0.9429089998320705
1.60187900019082
1.234038000120563
0.8071439999639551
1.0853029998543207
1.8496259999665199
1.2086360000012064
1.0326809999696707
1.3579110000137007
0.7416519999878801
0.7866630000989971
1.0589220000838395
1.647379999894838
0.8078850000856619
2.548707999949329
1.7721040001106303
0.7807939998656366
1.687060999984169
1.0716630001752492
1.0673420001694467
1.0535430001255008
1.4010719999077992
1.112023999894518
1.118813999937629
0.9986110001136694
0.8348950000254263
1.004129999955694
1.0218309998890618
0.8789469998191635
0.8026849998259422
0.7143069999528961
1.061876999983724
0.7562030000372033
1.8810519998169184
0.8632710000711086
1.3253900001473085
1.367696999977852
0.8008089998838841
1.193686000078742
1.0742330000539368
0.9862599999905797
0.6715450001593126
1.2182370001028175
1.4523390000249492
0.7934750001368229
0.882016999867119
1.036980999970183
1.1419749998822226
0.6813970001076086
0.8429750000686909
1.0782619999645249
0.9742639999785752
0.6077089999507734
0.8376660000521952
0.8390959999360348
0.8825620000152412
0.6437389999973675
0.8876120000422816
1.1942860000999644
1.237857999967673
0.7889739999882295
0.710100999867791
1.1153339999054879
1.1938220000047295
0.6620199999360921
0.6964760000300885
1.4053830000193557
1.0022550000030606
0.7685379998747521
0.7590829998207482
0.9907010000915761
1.266908000161493
0.8079089998318523
0.6865949999337317
1.113274000090314
2.0770129999618803
1.165895999974964
0.9135780001088278
1.3245099999039667
1.310590000002776
0.9692290000202775
0.8026949999475619
0.660809999999401
0.86032600006547
1.4773049999803334
0.7259330000124464
0.8606659998804389
1.025861000016448
1.4537239999299345
0.8895170001324004
1.236908000009862
1.745123000091553
0.7446829999935289
0.8330059999934747
1.1143140000058338
1.0820919999332546
1.6391200001635298
0.8572369999910734
0.7572829999844544
1.3973119998809125
0.951619000034043
1.477445000091393
1.17096600001787
1.0914330000559858
0.8781569999882777
0.7853939998767601
0.7373720000032336
1.7185420001624152
0.6485600001724379
1.810694999903717
1.042060999907335
0.6745700000010402
0.9997009999551665
1.154740999936621
0.9664340000199445
0.8916369999951712
1.290999000048032
1.4939010000034614
0.7432769998558797
0.7584429999951681
1.3786520000849123
1.0757330001069931
0.7518429999890941
0.7286519999070151
1.105483999936041
1.3845109999692795
0.8367259999886301
1.612345000012283
0.9575639999184204
1.3345400000162044
0.7142009999370202
0.8015249998152285
1.418442999920444
