payload_size_bytes=51200
runs=500
mean_ms=0.979
median_ms=0.783
stddev_ms=0.613
min_ms=0.587
max_ms=7.508
---raw---
1.8679190000057133
1.5399890000935557
0.9571430000505643
1.4643140000316635
1.3284999999996217
1.074071999937587
1.0956940000141913
0.6670099999155354
0.7047920000786689
0.7295520001662226
0.7839740001145401
0.6886899998335139
0.7255919999806792
0.6121890000940766
1.4651670001057937
1.1020429999462067
1.7456299999594194
0.6592300001102558
0.8652060000713391
1.0164210000311868
0.6523300000935706
0.6238379999103927
0.7424130001254525
0.7208920001176011
0.6959109998661006
1.157624999905238
1.1228339999433956
1.1389140001938358
0.6485950000296725
0.7839039999453234
0.8956270000908262
0.672805000021981
0.9241580000889371
0.7104209998942679
1.1057040001105634
1.1054540000259294
1.6181539999706729
0.8853709998675185
0.8805320001101791
0.9905700001127116
0.7504870000047958
0.9543290000237903
1.7023329999119596
0.7946240000364924
0.8943660000113596
1.7033669998909318
0.6738409999798023
0.9753500000897475
0.632914000107121
0.6215430000793276
0.6436150001718488
0.7454929998402804
1.1866610000197397
2.409223000086058
0.7167019998632895
1.368281999930332
0.9077320000869804
0.7494129999940924
0.8385849998830963
0.655730000062249
0.7290720000128204
1.0854330000711343
1.3259899999411573
1.4772850001918414
0.7180820000485255
0.6646499998623767
0.6872110000131215
0.8246449999660399
0.7038070000362495
1.911392000010892
1.0143599999992148
0.6888010000238864
1.0612020000735356
1.0320859998955711
0.6681749998733721
0.7355480001933756
1.1286889998700644
0.9282779999466584
0.8882270001322468
3.5327870000401163
2.0642429999497836
0.9600500000033207
2.0892430000003515
1.055132999908892
3.6133309999968333
1.7630940001254203
1.418112999999721
1.2058069999056897
0.9240580000096088
5.929209999976592
3.4720950000064477
2.6687920001222665
4.471698000088509
1.2249740000243037
2.550456999870221
1.5299869999125804
1.597389000153271
0.802713999974003
7.507528000132879
1.4695340000798751
2.3030459999517916
0.8981319999747939
0.6941460001144151
5.942146000052162
1.952199000015753
3.143515999909141
0.7692340000176046
1.1569939999844792
0.7022719998985849
0.6829520000337652
0.6533189998663147
0.8542660000330216
0.6733899999744608
1.2090469999748166
0.7040670000151295
0.6885349998810852
1.2334880000253179
1.113223999936963
0.726412999938475
0.7062459999360726
0.7568329999685375
0.7443380000040634
0.5920579999383335
0.7293669998489349
1.0316269999748329
1.2706380000508943
1.1412799999561685
0.702146000094217
0.7966040000155772
0.6390490000285354
0.6715299998631963
0.7217119998585986
0.6220990001111204
0.7164119999742979
1.0717730001488235
1.0001559999182064
1.0420169999179052
1.0834130000603182
1.9942750000154774
0.697145999993154
0.6921659999079566
0.8632760000182316
0.7752280000659084
0.8264260000032664
0.6799409998166084
1.6927409999425436
1.25010800002201
0.7670830000279238
0.8443360000001121
0.7663930000489927
0.8839960000841529
0.6627200000366429
0.7452120000834839
0.6334689999221155
1.369602000067971
1.2803790000361914
0.8171449999281322
0.8352559998456854
0.5865579998953763
0.8339549999618612
1.0260520000429096
0.7026709999990999
0.6836259999545291
2.0365279999623453
1.496035000172924
1.5595270001540484
0.9296580001318944
0.839674999951967
0.6609899999148183
0.8092040000065026
1.1146650001592207
0.8935770001698984
1.2359130000731966
0.742306999882203
0.6635099998675287
0.7452340000781987
0.7745329999124806
0.6558700001733087
0.7990489998519479
0.8615110000391724
0.8719370000562776
1.2281270001039957
0.9917099998801859
0.7861039998715569
0.9156280000297556
0.7066809998832468
0.6250290000480163
0.7580630001484678
0.6306789998689055
0.8099449999008357
0.6791060000068683
1.3301209999099228
0.8182799999758572
0.7260370000494731
0.6072429998766893
0.7643179999377026
1.1208739999801764
0.7595419999688602
0.9871309998743527
1.400251999939428
1.0240609999527805
0.6938009998975758
0.5949180001607601
1.0558129999935773
0.7975850001002982
0.8304549999138544
0.8925770000587363
1.2267380000139383
0.7395280001674109
1.2527930000487686
0.8503149999796733
0.8512360000167973
0.7799190000241651
0.7725429998117761
0.7066860000577435
0.7120519999261887
0.6420550000711955
0.772977999986324
0.7054970001263428
0.9909749999224005
0.7502720000047702
0.7891640000252664
0.8105800000066665
0.6631850001213024
0.6724600000325154
0.8065549998264032
0.7593329999053822
1.1401849999401747
1.0111910000887292
0.6248480001431744
0.6323789998532447
0.7100620000528579
0.8494859998791071
0.7580020001114463
0.7318630000554549
0.6565899998349778
1.4810639997904218
1.0197120000157156
1.1405249999825173
1.0633219999363064
0.7717739999861806
0.739432000045781
0.7465819999197265
0.7423230001677439
0.7705939999596012
0.7523030001266306
0.7932040000468987
0.7775629999287048
0.7131219999791938
1.4434830000027432
0.7317770000554447
0.807379999969271
0.8591360001446446
1.3295259998358233
1.1414199998398544
0.7213920000594953
0.7977940001637762
1.001825999992434
1.0089910001624958
0.650604999918869
0.7307620001029136
0.7690029999594117
1.3118390002091473
0.7281230000444339
0.8926419998260826
1.3992280000820756
0.8206949999021163
0.7747330000711372
0.667600000042512
0.7756229999813513
0.7748890000129904
0.675409999985277
0.7009710000147606
0.7024960000308056
0.6782600000860839
1.638210999999501
0.8471850001114944
0.7496719999835477
0.7217519998903299
0.6557799999882263
0.6846710000445455
0.7372319998921739
1.0745030001544364
0.6469300001299416
0.6947909998871182
0.7500530000470462
0.6734749999850465
0.7833090000985976
0.8198440000342089
0.743432000035682
0.6299190001755051
0.7595130000481731
0.6900959999711631
1.1763099998916005
1.0729630000696488
0.7844829999612557
0.7836479999241419
0.7215269999960583
0.69443099982891
0.644264999891675
0.7407030000194936
0.7333870000820752
1.2193269999443146
0.919319000104224
0.8428859998730331
0.7446879999406519
0.693030999855182
0.823319000119227
0.6639809998887358
0.7696630000282312
0.7370719999926223
1.948329000015292
1.119768999842563
0.8424200000263227
0.7671729999856325
0.795803999835698
0.7817929999873741
0.6869709998227336
0.7636530001491337
0.6799110001338704
0.6666599999789469
0.7389319998765131
1.0592030000680097
0.8742569998503313
0.7386419999875216
1.1861860000408342
1.1126939998575835
2.6345009998749447
0.7227070000226377
0.7772779999868362
0.9741390001636319
1.3271699999677367
0.7662929999696644
1.0986739998770645
0.8826470000258269
0.680201000022862
0.6604499999411928
0.7993050001005031
0.6580900001154077
1.53252700010853
1.2495579999267648
1.4237430000321183
0.7102920001216262
0.8937269999478303
0.7579330001590279
0.7392320001144981
0.7898750000094878
2.0296820000567095
1.246466999873519
1.0591820000627195
0.693081000008533
0.7834440000351606
0.7492619999993622
0.6254800000533578
0.8813360000203829
0.8451450000848126
1.3618410000617587
1.062512000089555
1.067313000021386
0.7022610000149143
0.6094889999985753
0.7371520000560849
0.6967959998291917
0.6850160000340111
0.6548450000991579
0.7718270001078054
0.925757999993948
1.1481050000838877
1.0113409998666612
1.3392400001066562
0.7219310000436963
0.8973279998372163
0.6589110000732035
0.82172499992339
0.5954179998752807
0.7365520000348624
1.124213999901258
0.7502689998091228
0.7536680000157503
0.6807310001022415
0.6819510001605522
0.7593689999794151
0.9072870000181865
0.6460949998654542
0.7639629998266173
0.7551129999683326
0.6884800000079849
0.9561589999975695
0.6340190000173607
0.9290640000472195
0.6657339999946998
0.6926910000402131
0.6201480000527226
0.7563980000213633
0.6939259999398928
0.6042879999768047
0.6366190000335337
1.3239400000202295
0.7997299999260576
0.8590710001499247
0.6638400000156253
0.7385879998764722
0.6751749999693857
0.829264999993029
0.859987000012552
0.6718499998896732
0.7192620000751049
0.6940260000192211
1.1909509998986323
0.7487029999992956
0.9350589998575742
0.6828600000972074
0.8287649998237612
0.7527130001108162
0.696890999961397
0.7548630001110723
0.7686830001603084
0.9589789999608911
0.6865109999125707
0.727054999970278
0.7130179999421671
0.6887430001825123
0.6664600000476639
0.7538400000157708
0.9033900000758877
0.9207450000303652
1.3688819999515545
0.685280999960014
0.720082000043476
0.831985000104396
0.6663700000899553
1.679061000004367
1.2094369999431365
1.6029790001539368
0.6179480001264892
0.8189549998860457
0.8207660000607575
0.6793799998376926
0.7434120000198163
2.3462510000626935
1.1312139999972715
0.7730140000603569
1.6528799999377952
0.941367999985232
0.7678039999063913
0.7790740000928054
0.7255719999648136
0.8943369998632988
1.1553559997992124
1.738653000074919
0.6989809999140562
0.7069109999520151
0.5950080001184688
0.7556929999736894
0.6611899998461013
1.472914000032688
2.107153999986622
0.8983779998743557
0.7900430000518099
0.7405819999348751
0.7557339999948454
0.6535899999562389
0.8078690000274946
1.5629930001068715
1.0508190000564355
0.8642069999496016
0.7323119998545735
0.7458330001099966
0.7366019999608397
0.7015910000518488
0.9214780000093015
0.8408050000525691
1.201967000042714
0.7856039999296627
0.6756160000804812
0.7391770000140241
0.6539630001043406
0.6536169998980768
0.7600129999900673
0.6664600000476639
1.017050999962521
0.9976830001505732
0.8408620001318923
0.668163000000277
1.0424419999708334
0.7449629999882745
0.673540999969191
1.3661909999882482
0.8748370000830619
1.2223169999288075
0.7437030001256062
0.7231440001760348
0.7422200001201418
0.8506859999215521
0.7015420001152961
0.7801929998549895
0.7027170001947525
0.7362720000401168
1.0560919999988982
0.7079469999098364
