payload_size_bytes=51200
runs=500
mean_ms=0.976
median_ms=0.778
stddev_ms=0.507
min_ms=0.584
max_ms=5.157
---raw---
1.9832949999454286
2.436703999819656
2.6175650000368478
5.157257000064419
1.50569499987796
0.905207999949198
1.2503180000749126
0.7941040000787325
0.8504160000484262
2.1229639999091887
2.650280000125349
4.241180000008171
1.658539999880304
3.67063099997722
1.7292030001954117
1.5885090001575009
1.346680999859018
1.5579280000110884
0.7684729998800321
0.7220119998692098
1.6765099999247468
0.8162550000179181
0.6706709998525184
0.7558130000688834
1.0501020001356665
1.7931039999439236
0.9216879998348304
1.1476450001737248
0.6978710000566934
0.9332380000159901
0.6437500001084118
2.313189999995302
1.0889539998970577
2.6543399999354733
0.7003219998296117
0.9676390000095125
0.8274150000033842
0.7635550000486546
2.416530999880706
0.5969379999442026
1.1976069999946048
0.8717759999399277
0.6971959999191313
0.8475310000903846
0.654599999961647
0.7203420000223559
2.6826519999758602
1.2544179999167682
0.8239750000029744
0.6907409999712399
0.7876439999563445
0.7329829998070636
0.6253190001643816
0.6474949998391821
0.9670640001786523
0.8399160001317796
1.1833959999876242
1.1364250001406617
0.7671579999168898
0.7570479999685631
0.6696959999317187
0.7215959999484767
0.7953240001370432
0.8018050000373478
1.7020160000811302
1.1298950000764307
0.9995850000450446
0.6515699999454228
0.7872339999721589
0.8121040000332869
0.6486700001460122
0.7167420001223945
1.9328890000451793
1.1241339998377953
1.186831000040911
0.9762839999893913
0.7250619999012997
0.7438479999564152
1.6379889998461294
1.2920439999106748
0.6421300001875352
0.936367999884169
0.8434850001322047
0.6820409998908872
0.6259040001168614
0.8136399999330024
0.7149319999371073
0.6801699998959521
0.5891880000490346
1.3160800001514872
0.7234919999064005
0.7719929999439046
0.6434699998862925
0.6664300001375523
1.1496049999095703
1.073547999794755
1.1399039999560046
0.7079710001107742
0.7404269999824464
0.7986040000105277
0.8240309998654993
0.7402119999824208
0.5843669998739642
0.8761310000409139
0.7696390000546671
0.7215770001494093
0.7610229999954754
0.8450050002011267
0.6193179999627318
0.7901239998773235
0.6501200000457175
0.6705610001063178
1.2282669999876816
1.0892830000557296
0.8443750000424188
0.6282790000113891
0.7133110000268061
0.7789429998865671
2.208627000072738
1.0802829999647656
0.964369000030274
0.7264819998908933
0.7442730000093434
0.6888810000873491
1.4659549999578303
0.6337589998111071
0.7602280002174666
0.7640940000328555
0.7774639998388011
0.6860750002033456
0.7403019999401295
0.6545060000462399
0.7438329998876725
0.6730899999638496
1.7130070000348496
0.7112710000001243
1.037730999996711
0.9788999998363579
0.6468900000982103
0.7153419999212929
0.7644029999482882
0.7053710000946012
1.4300340001227596
0.7025959998827602
0.7221070000014151
0.8449150000160444
0.7246520001444878
0.8534759999747621
0.6564600000729115
0.902756999948906
1.9251129999702243
1.3272250000682106
0.8846569999150233
0.6809209999119048
0.7229719999486406
0.6664400000317983
1.1550550000265503
1.3360549999106297
0.8520909998424031
0.738041999966299
0.7626139999956649
0.6256789999952161
0.6487690000085422
0.7737329999599751
0.7602230000429699
0.810323999985485
1.0755420000805316
0.8234800000082032
0.9665590000622615
1.0276059999796416
0.9166679999452754
0.6503500001144857
0.7361319999290572
2.164766000078089
1.1912659999779862
1.7578740000772086
0.7088939998993737
0.6489380000402889
0.752377999788223
2.7527390000159357
0.6726209999214916
1.6710109998712142
0.8403250001265405
0.9481280001182313
0.7054019999941374
1.0508819998449326
0.6712209999477636
1.8655470000794594
0.6477049998920847
0.6563550000464602
0.7327020000502671
0.8939730000747659
0.783337999791911
0.7095509999999194
0.7926040000256762
2.4882910001906566
1.6324749999512278
0.7229770001231373
0.6775049998850591
0.668670999857568
0.6291790000432229
0.670219999847177
0.8149450000018987
0.828543000125137
1.028721000011501
1.123674000155006
0.6860809999125195
0.6550299999616982
0.9383189999425667
0.9134689998973045
0.7330030000503029
0.7811190000666102
1.2077609999323613
0.7112519999736833
0.6998270000622142
0.787029000093753
0.6723599999531871
0.6251340000744676
0.7131710001431202
0.6792049998693983
1.2104469999485445
0.7733929999176326
1.0424120000607218
0.7089810001161823
0.6024489998708304
0.7318420000501646
0.736771999982011
0.7206919999589445
0.9487190000072587
1.1464009999144764
0.846339999952761
0.7063420000577025
0.6972470000619069
0.712375999910364
0.6392299999333773
0.629729999900519
0.7456920000095124
1.3796020000427234
0.9243889999197563
0.7315419998121797
0.7154620000164869
0.6448299998282891
0.6964910000988311
1.779604000148538
1.1744160001398996
0.8118949999698089
0.659739999946396
0.7442630001150974
0.6316189999324706
0.6389539998963301
0.7342370001879317
0.8545809998850018
0.7045710001420957
0.9787599999526719
1.0629769999468408
0.753502999941702
0.75983300007465
0.7389480001620541
0.7203860000117857
1.8002549998072936
1.0440309999921737
1.5957180000896187
0.6922410000242962
0.6907810000029713
0.6377189999966504
0.7618719998845336
1.220627000066088
1.2117969999962952
0.791043999925023
0.6406799998330825
0.7423130000461242
0.7710889999543724
0.7034820000626496
0.6855750000340777
0.6924310000613332
0.7360319998497289
1.1492139999518258
1.5902589998404437
0.8976569999958883
0.7629130000168516
0.6832809999650635
0.7388230001197371
0.8413350001319486
1.3390609999532899
1.0590719998617715
0.8703260000402224
0.6863260000500304
0.6575350000730396
0.7635829999799171
0.7161109999742621
0.6785609998587461
1.1197640001228137
1.098133999903439
1.7235420000361046
0.9070480000445968
0.7280419999915466
0.7499779999307066
0.7406069998978637
0.6694700000480225
1.1949160000312986
1.1841409998396557
0.6593150001208414
0.7241219998377346
0.7192020000275079
0.7014109999090579
1.706531000081668
1.1307149998174282
1.4585000001261506
0.7447469999988243
0.7113419999313919
0.7181370001489995
0.6882059999497869
1.1974559999998746
0.7048320001104003
0.8158050000020012
1.0150210000574589
0.9320780000052764
0.7354230001510587
0.95543399993403
0.7437529998242098
0.7385769999928016
0.7736140000815794
1.0236010000426177
1.8776379999962955
0.8046850000482664
0.8157839999967109
0.6003379999128811
0.7217820000278152
0.9751100001267332
1.881326999864541
0.7263520001288271
0.7668129999274242
0.7785289999446832
0.7467379998615797
0.7698730000811338
1.1185890000433574
1.0635930000262306
1.2806409999939206
0.6548229998770694
0.8204920000025595
0.6167190001633571
0.63372999989042
0.7351919998654921
0.6329089999326243
0.994235000007393
1.182956000093327
1.8591509999623668
1.1294539999653352
0.6985019999774522
0.6535800000619929
0.8669970000028115
0.7625040000220906
0.8420049998676404
1.0986639999828185
0.7600439998896036
0.9469879998960096
0.7893440001680574
0.7294330000604532
0.724012000091534
0.822924999965835
0.6616899997879955
0.7814340001459641
0.8033649999106274
0.7671939999909227
0.7235020000280201
0.754832999973587
0.642920000018421
0.7228920001125516
1.9890099999884114
1.1929460001738335
1.4512839998133131
0.7113449998996657
0.6822590000865603
0.7057409998196817
1.189306000014767
0.6451089998336101
0.704732000031072
1.3999569998759398
0.9641089998240204
0.6930550000561198
0.6109480000304757
1.0586219998458546
0.8910320000268257
0.798648999989382
1.7461229999753414
0.7959249999203166
1.833830000123271
1.208776999874317
0.9991300000820047
0.8106390000648389
0.8277050001197495
0.9788899999421119
0.718826999900557
2.6316700000279525
0.7740089999970223
1.1446500000147353
0.7029070000044157
0.7887940000728122
0.7148520001010183
1.3750319999417115
1.2700280001354258
1.615289000028497
0.6970210001782107
0.6460199999764882
0.7386419999875216
0.6144280000626168
1.2983799999801704
1.1400050000247575
0.898817000006602
0.7297120000657742
0.7671529999697668
0.7000410000728152
0.8421610000368673
0.6650249999893276
0.7938440000998526
1.6124880000916164
0.6594999999833817
0.7682030000069062
0.8287850000670005
0.6320790000700072
0.7526729998517112
0.698216000046159
0.7105960000899358
1.7856740000752325
1.0770530000172585
1.1592700000164768
0.7829490000403894
0.9089279999443534
0.6546199999775126
0.6898369999817078
0.5837479998263007
0.6823559999702411
0.666051000052903
1.665510000066206
0.7660480000595271
0.8733919999031059
0.6204290000368928
0.694610999971701
0.8107950000066921
0.6990809999933845
0.8831670002109604
1.652059999969424
0.6732599999850208
1.5273760000127368
0.7897240000147576
1.1407699998926546
0.6682400000954658
0.6454950000716053
0.7063120001475909
0.9634089999508433
0.6870009999602189
2.095242999985203
0.8034939999106427
0.6564010000147391
0.6972520000090299
0.7125970000743109
0.7183760001225892
2.943920000006983
1.074882000011712
0.6444400000873429
0.8822199999940494
0.720859000011842
0.9042080000654096
0.7009109999671637
1.0996690000411036
0.720216999980039
0.8902869999474206
1.4429339998969226
0.6704810000428552
0.8963969999058463
0.777713999923435
1.0136009998404916
2.5876739998693665
1.48790100001861
0.6700300000375137
0.7279120000021067
0.6425799999760784
0.6759440000223549
0.6227060000583151
0.668530999973882
1.1627999999745953
1.2176720001662034
1.3156459999663639
0.642934000097739
0.7786730000134412
0.7258769999225478
0.7994790000793728
0.867885999923601
1.8050640001092688
0.7129319999421568
0.8871300001374038
0.8317379999880359
0.6580700000995421
0.7643880001069192
0.6484499999714899
0.6827610000073037
0.6572899999355286
1.1804759999449743
1.216655999996874
3.735964000043168
