payload_size_bytes=51200
runs=500
mean_ms=0.972
median_ms=0.803
stddev_ms=0.455
min_ms=0.576
max_ms=4.449
---raw---
3.2588690000920906
2.1742160001849697
0.8127950000016426
0.7384720001937239
1.0772429998269217
1.6414300000633375
1.9333589998495881
0.9315690001585608
0.8339850000993465
1.162824999937584
0.7600730000376643
1.225697000108994
3.6861319999843545
0.8251849999396654
0.8634860000711342
1.1380649998500303
0.7208620002074895
0.9600990001672471
0.9253279999938968
0.6732499998634012
1.2093570001070475
1.7032309999649442
0.8508659998369694
0.8660060000238445
0.7120619998204347
0.6951909999770578
0.8736369998132432
2.4304730000039854
1.1849439999878086
2.4409860000105255
2.821362999839039
0.7489020001685276
1.1143239999000798
0.7170710000536928
1.549607000015385
1.5274559998488257
0.8250149999184941
1.1973160001161887
0.7172819998686464
0.7352319998972234
0.7888489999459125
0.7706440001129522
0.7346669999606092
0.6743609999375622
3.1945370001267293
1.1786349998601509
1.8744869998954528
2.095124000106807
1.0807619999013696
1.307939000071201
1.2320680000357243
1.7826639998475002
1.5739180000764463
0.6796800000756775
1.214786999980788
0.6846910000604112
0.6348790000174631
2.2617679999257234
0.846205000016198
0.7923739999569079
0.7751230000394571
0.7308719998491142
1.5357160000348813
1.4020030000665429
0.7294520000868943
1.248847000169917
1.8361859999913577
3.102754000110508
1.363952000019708
0.6172880000576697
0.7281820001026063
0.7960850000472419
0.7260419999965961
0.6963719999930618
0.7804329998180037
1.113534000069194
0.7038510000256792
0.761264000175288
0.7002919999195001
1.045721000082267
0.6613900000047579
0.8466250001220033
1.5568280000479717
0.8178949999546603
4.448814999932438
1.5388369999982388
0.7992649998413981
0.8872969999629277
0.7139120000374533
2.5167559999772493
1.397021999991921
2.1482749998540385
0.951368999949409
0.696941000114748
1.0277609999320703
1.06159300003128
1.4935459998923761
0.6667499999366555
0.6759259999853384
0.7210559999748511
0.9462479999911011
1.5501769998991222
0.8064950000061799
1.0384820000126638
0.9276579999095702
2.3894859998563334
1.0796099998060527
0.7495429999835324
3.4913750000669097
2.3985829998309782
0.7561219999843161
0.9195480001835676
0.7303219999812427
2.1773170001324615
0.8074550000856107
0.7471519998034637
0.9241179998298321
1.4051219998236775
0.9520689998225862
1.8724869999005023
0.9368089999952645
1.2121959998694365
1.8536169998242258
0.9688889999779349
0.6491700000879064
1.1477549999199255
1.1604259998421185
0.9207190000779519
0.9698639998987346
0.6846009998753289
1.1983169999894017
1.0793829999329319
1.5116260001377668
0.68160099999659
0.864205999960177
1.5805180000825203
0.6934309999451216
0.7173110000167071
0.7029219998457847
0.7152620000852039
1.4315330001863913
1.103672999988703
0.8416449998094322
0.6830560000707919
1.2922790001539397
1.357681999934357
0.7237059999170015
0.6351500001073873
0.7836139998289582
1.747812999838061
0.7309229999918898
0.6568650001099741
0.6438339999021991
1.0345509999751812
0.6544249999933527
0.8510259999638947
0.6905220000135159
0.88466200008952
1.0284210000008898
1.0497670000404469
0.8238689999870985
0.6952920000458107
1.1507050001000607
0.8032390001062595
0.681745000065348
0.6931909999821073
0.6400489999123238
0.9935999999015621
0.8534809999218851
0.7201460000487714
0.7134310001220001
1.2566190000597999
0.7018420001259074
0.8215939999445254
0.987630000054196
0.9050009998645692
0.9087280000130704
0.8981250000488217
0.7051310001315869
0.7794239998020203
1.082602999986193
0.723771999901146
0.9027070000229287
0.6114179998348845
1.1464699998668948
1.0631269999521464
0.7115420000900485
1.2345469999672787
0.6839210000180174
0.7319119999920076
0.7064110000101209
1.2459269998998934
1.2148759999490721
0.7200069999271363
1.0257820001697837
0.681685000017751
0.7079520000843331
0.6374450001658261
1.2646229999973002
0.7745430000341003
0.7461029999831226
0.7041209998988052
0.7244480000281328
0.9478229999331234
0.6611210001210566
0.6678800000372576
0.6464789998972265
0.7570929999474174
1.0417220000817906
0.6681360000584391
0.7069159998991381
0.6532400000196503
1.198176000116291
0.7749590001822071
0.6643310000526981
0.7970290000685054
1.1786050001774129
1.146495999819308
0.7153209999160026
0.7822539998869615
0.8053240001117956
0.7943289999730041
0.8161949999703211
1.086468000039531
0.6262239999159647
0.7815639999080304
0.6076439999560534
0.7329820000450127
0.7260720001340815
0.831985000104396
0.7031610000467481
1.3140599999132974
0.9746149999045883
0.8314259998769558
0.6790049999381154
0.886086000036812
0.6773009999960777
1.629150000098889
0.7143220000216388
1.593134000131613
1.634610000110115
0.85779599999114
0.7554720000371162
0.8035789999212284
0.6208679999417654
0.9609539999928529
0.6509199999982229
0.7897530001628184
0.6972659998609743
0.8548159999008931
0.7722590000867058
1.0762920001070597
0.9465040000122826
0.6495000000086293
0.6601000000046042
0.7722230000126729
0.6921120000242809
0.7293769999705546
0.6789849999222497
0.7228919998851779
0.7770529998651909
1.2558989999433834
0.7146120001380041
0.7172709999849758
1.2280729999929463
0.7054870000047231
0.7677329999751237
0.6104090000462747
0.7409820000248146
1.0151699998459662
0.8686820001457818
0.6799709999540937
0.6657639999048115
1.099352999972325
1.1255540000547626
0.6722099999478814
0.6294790000538342
1.115124000079959
0.6411790000129258
1.479566000170962
0.6832700000813929
0.6758510000963724
0.592898000149944
0.71883199984768
1.0854829999971116
1.1315050001030613
1.6076389999852836
1.2243680000665336
0.8222939998177026
0.744567999845458
0.7878889998664818
1.1169429999426939
1.28053399998862
0.7179959998211416
0.7874739999351732
0.6739760001437389
0.9847950000221317
0.8007450001059624
0.7075040000472654
0.8110149999538407
0.6716299999425246
1.241848000063328
0.7096089998412936
0.8674260000134382
0.9936599999491591
0.8243049999236973
1.3061089998700481
0.8652670001083607
0.8360960000572959
1.277448000109871
1.2969199999588454
0.6918510000559763
0.6042780000825587
1.1832059999505873
1.2971090000064578
1.8060639999930572
1.1785760000293521
1.163666000138619
0.8537660000911274
1.8828070001291053
0.7111209999948187
0.6613210000523395
0.8743160001358774
0.6650200000422046
1.1784650000663532
0.7457340000200929
1.1333050001667289
0.7064220001211652
0.6317039999430563
0.639403999912247
0.6681659999685508
0.6469639999977517
0.6652609999946435
1.1129940000955685
1.4699949999794626
0.5755030001637351
0.6646499998623767
0.9494490000179212
1.2970340001174918
0.6347700000333134
0.7728129999122757
0.653144999887445
0.7801280000876432
1.0793229998853349
0.659679999898799
0.6976810000196565
1.2694879999344266
0.9684000001470849
0.7376920000297105
0.7268429999385262
0.8288599999559665
0.7602629998473276
1.580097999976715
0.8173000001079345
1.4185830000315036
0.984825999921668
1.0978380000778998
0.7266279999385006
0.8477559999846562
0.9791390000373212
0.8054239999637502
0.7421230000090873
0.7629340000221418
0.9864000001016393
0.6927110000560788
0.7267819999015046
0.7177570000749256
0.9053720000338217
1.0584819999621686
0.6704100001115876
0.7417130000249017
0.6860999999389605
0.7095819998994557
0.7759629997963202
0.62352899999496
0.8595250001235399
0.9938059999967663
0.7771880000291276
0.7870540000567416
1.1800560000665428
0.7280019999598153
0.742306999882203
0.6494340000244847
1.1854560000301717
0.7520480000948737
0.6366930001604487
0.6757209998795588
0.7614529999955266
1.9718209998700331
1.0460519999924145
0.6312190000699047
0.7978649998676701
0.8729659998607531
0.7138519999898563
1.7374130000007426
0.6662800001322466
0.7604530001117382
0.8781659998930991
0.8120739998958015
0.7057210000311898
0.7243719999223686
0.8863869998094742
0.7004320000305597
0.6701810000322439
0.9693900001366274
1.135484000087672
0.7290439998541842
1.1636020001333236
1.6457790000004024
0.9157680001408153
0.746832999993785
1.0032200000296143
1.0366919998432422
1.0818539999490895
0.7297430001926841
0.774098999954731
0.7644230001915275
0.6561249999776919
1.2159969999174791
0.7093320000421954
0.6211879999682424
0.6078479998450348
0.68127600002299
0.7509379997827637
0.6671660000847623
0.7493430000522494
0.713597000185473
1.1466849998669204
0.7314629999655153
0.9475189999648137
0.7749389999389678
0.6794610001179535
0.8421849997830577
0.766642999906253
0.7449279999036662
0.7858789999772853
0.7583130000057281
0.6994459999987157
0.7513529999414459
0.901087999864103
0.6781160000173259
1.1025229998722352
0.7178769999427459
0.9719899999254267
0.6866960000024847
0.8340899998984241
0.8543460000964842
0.6738209999639366
0.7138969999687106
0.7985489999100537
1.064337999878262
1.1006580000412214
0.6455499999447056
0.8908469999369117
0.8797180000783555
0.7051620000311232
0.7186410000485921
1.6385200001423073
0.7499089999782882
1.125047999948947
0.72648700006539
0.8340659999248601
0.8620060000339436
0.7032519999938813
1.9231830001444905
0.713407000148436
0.913012000182789
1.1941959999148821
0.784253999881912
1.0351619998800743
1.7378130000906822
0.8748720001676702
0.6600700000944926
0.7339769999816781
0.8277849999558384
0.8304699999825971
0.6522250000671193
0.5873080001492781
1.0247510001590854
0.6339039998692897
0.7063460000154009
0.9144669998022437
0.7517280000683968
0.6666350000159582
0.6717900000694499
1.1354850000770966
0.705746999983603
0.9152220000032685
0.7868590000725817
0.7757280000078026
0.766024000085963
0.7415229999878648
0.7730039999387373
0.9519089999230346
0.6540399999721558
1.1213239999960933
0.7712729998274881
0.7402929998079344
0.8774270002049889
0.6916410000030737
