payload_size_bytes=51200
runs=500
mean_ms=1.027
median_ms=0.870
stddev_ms=0.424
min_ms=0.589
max_ms=3.678
---raw---
2.0300910000514705
1.0313519999272103
1.3267099998302
1.0403420001239283
1.3367199999265722
1.6646809999656398
0.7615540000642795
2.449494000074992
1.105394000205706
1.3244649999251124
0.7903640000677115
1.1932009999782167
0.6937709999874642
0.7149319999371073
0.7349319998866122
0.8262979999926756
0.803593999989971
0.7732829999440582
1.8572070000573149
1.1359840000295662
1.7054869999810762
0.8453259999896545
0.7612480001171207
2.4913849999848026
1.690781999968749
0.7558679999419837
0.8355300001312571
0.9389379999902303
0.7898369999566057
0.9857069999270607
1.0460920000241458
0.8807669998986967
0.7919849999780126
0.736064999955488
0.8771539999088418
1.5512970001054782
1.896950999935143
1.8010440001035022
1.1330209999869112
1.295008999932179
2.611739000030866
2.1795959999053593
1.3847519999217184
0.7762039999761328
1.887382999939291
0.7961440001054143
0.9653790000356821
1.2538080000012997
0.8655439999074588
1.4776119999169168
1.8843370000922732
1.0800430000017514
1.0888760000398179
2.2711310000431695
0.6224259998361958
2.0230610000453453
0.7169089999479183
1.261657999975796
0.7256320000124106
1.4076129998557008
0.8383460001368803
1.6663000001244654
0.6910540000717447
1.0573090000889351
1.80681500000901
0.8110950000173034
1.7632839999350836
1.0226609999790526
1.0885429999234475
0.7851140001093881
1.3182549998873583
0.9256230000573851
0.767424000059691
1.8198550001216063
0.9802499998841085
1.6474619999371498
0.794843999983641
0.8058149999214947
1.9520689997989393
1.5691579999383976
1.1887160001151642
0.8091300001069612
0.7119760000477982
0.6561199998031952
1.1943590000100812
0.6299359999957233
0.7077220000155648
0.9890700000596553
0.6767649999801506
0.6277939999108639
0.735761999976603
0.9827450001012039
1.9690149999860296
0.9289179999996122
0.9723190000840987
0.7310650000817986
0.867104000008112
0.7466429999567481
0.849735999963741
0.7866739999826677
0.6176290000894369
1.2512879998212156
0.8798769999884826
0.6988909999563475
0.6879709999338957
0.7640040000751469
0.6859109998913482
0.7494860001315828
0.7467709999673389
0.8735960000194609
1.167045999864058
0.6224720000318484
0.7377899999028159
0.9975200000553741
0.8270650000667956
0.9073969999917608
0.887086999910025
1.4507539999613073
0.8693959998709033
1.525177000075928
1.1095740001110244
1.0714879999795812
0.7246969998959685
0.8038849998683872
0.6922510001459159
0.7540829999470589
0.7327749999603839
1.4417909999338008
1.1205939999854309
0.8311149999826739
0.7702230000177224
0.7533329999205307
0.7221719999961351
1.9413889999668754
0.9356789998946624
1.0652030000528612
0.6311790000381734
0.7346820000293519
0.7420829999773559
1.0065500000564498
0.7309120001082192
1.3325699999313656
0.8605559999068646
0.7269619998169219
0.7995440000740928
0.9197680001307162
0.7163049999689974
0.8104720000119414
0.5907079998905829
0.7208849999642553
0.8354149999831861
1.0464290000982146
0.7121010000901151
0.8101640000859334
1.197435999984009
1.2147069999173254
1.0273310001593927
1.0083399999984977
0.8316060000197467
0.9747100000367936
0.6123110001681198
1.765492999993512
0.7126719999632769
1.045711999950072
0.7243019999805256
1.1106940000900067
0.6521099999190483
0.7333119999657356
0.5892379999750119
1.1928660001103708
0.8963669999957347
1.3326210000741412
0.6306589998530399
0.7028110001101595
0.6211589998201816
0.8422480000263022
0.6604170000628073
0.7065419999889855
0.7739630000287434
1.5319159999762633
0.5964479998965544
0.8744970000407193
0.6952609999189008
0.7500930000787775
0.6221789999472094
0.9259509999992588
0.9006049999698007
0.5998780000027182
1.3717620001898467
1.0162700000364566
1.4292440000645001
0.7713829998010624
0.7952939999995579
1.6818340000099852
0.7123890000002575
1.8798969999807014
0.86378700007117
0.7047610001791327
0.9743700002218247
1.5991389998362138
0.7038310000098136
0.7012009998561552
0.7863739999720565
1.177025000060894
0.7777570001508138
0.9738789999573783
0.7040870000309951
0.6245340000532451
0.7246969998959685
0.7649480000964104
0.6740310000168392
1.2790120001682226
0.6723609999426117
0.6565500000306201
0.7370519999767566
2.300904999856357
1.3228969999090623
0.9796370000003662
0.7025340000836877
0.5973079998966568
0.6623199999467033
1.8677460000162682
0.6721409999954631
1.6007990000161954
0.7240420000016456
0.7122520000848453
0.7171419999849604
0.7645640000646381
0.8971230001861841
1.42383799993695
0.7697840001128498
0.6113910001204204
0.6503069998871069
0.6529549998504081
0.7429000002048269
1.1008700000729732
0.6523849999666709
1.2766939998982707
0.6668600001376035
0.7609459999002866
0.6470400001035159
0.83399800018924
0.6202839999787102
1.2813190000997565
0.8581380000123318
1.0926510001354472
0.8453560001271399
0.8746789999349858
0.7149590001063189
0.7939739998619189
1.109873999894262
1.203395999937129
1.238368000031187
0.6585599999198166
0.8318049999616051
0.6297189997894748
0.653339999871605
0.6214390000423009
0.7207319999906758
1.3537340000766562
0.7641330000751623
1.6117790000862442
0.7538219999787543
0.6871809998756362
1.177756000060981
1.7190369999298127
1.2457529999210237
0.7362229998761904
0.6842110001343826
1.7560240000875638
0.6673000000319007
1.0480219998498796
1.0631170000579004
0.6586549998246483
0.7500960000470513
1.519243000075221
1.2587080000230344
1.2476679999053886
0.8067989999744896
0.7244470000387082
0.8204079999813985
0.76734000003853
2.44570399991062
2.431414000056975
0.7937670000046637
2.012849000038841
2.1971890000713756
1.8889750001562788
0.9073230000922194
1.558552000005875
0.7395229999929143
2.769914000054996
0.7883359999141248
0.8896740000636782
0.691931000119439
1.8638859999100532
0.7936349998090009
0.9047170001394989
0.8119649999116518
0.6877409998651274
0.6699200000639394
1.1673860001337744
0.8941319999848929
1.1505899999519897
0.7220669999696838
0.7350220000716945
0.7451409999248426
1.0737600000538805
0.5946430001131375
0.9242930000255001
0.7947169999624748
0.8246320001035201
0.7632040001226414
0.6908530001510371
0.7805140000982647
1.2429379999048251
1.3526509999337577
0.6347290000121575
0.8553960001336236
0.6065489999400597
1.5669780000280298
1.3412009998319263
0.9539990001030674
1.787917000001471
0.6117949999406846
1.8446819999553554
0.7438330001150462
1.03601399996478
0.9271260000787152
1.3825419998738653
0.6977010000355222
0.8297350000248116
0.8930169999530335
0.9906720001708891
1.0367919999225705
1.3959400000658206
0.9650089998558542
1.5113260001271556
1.5109790001588408
0.7871420000356011
0.77571299993906
0.7189620000644936
1.1587060000692873
1.0462119998919661
1.1921360000997083
0.6614300000364892
0.7567459999791026
0.8022009999422153
1.7162819999612111
0.9228379999512981
1.1695309999595338
1.555132000021331
0.9269980000681244
1.3581739999608544
1.1228710000068531
0.7643740000276011
1.8819119998170208
0.934832999973878
0.7321729999603122
1.3004240001919243
1.157049999847004
1.7018920000282378
0.9775989999525336
1.0908540000400535
1.1705350000283943
1.8062050000935415
0.8616570000867796
0.8267050000085874
0.7285220001449488
2.2085569999035215
0.6812110000282701
1.130594000187557
0.6499300000086805
0.8011850000002596
0.6255590001273958
1.1361640001723572
1.010342999961722
0.8896340000319469
0.7406679999348853
0.8717439998235932
0.75287999993634
1.5385069998501422
1.2918400000216934
0.7673180000438151
0.7938389999253559
0.7552730000952579
0.8899169999949663
1.5476869998565235
0.9060170000338985
0.7592729998577852
0.7066210000630235
0.7888369998454436
0.851195999985066
1.2672679999923275
0.6817210000917839
1.3351210000109859
0.7130470000902278
1.4088969999193068
1.1833459998342732
0.7896140000411833
0.7650129998637567
0.9002799999962008
0.7728130001396494
1.3020290000440582
0.8219549999921583
0.6917399998656037
1.0022999999819149
0.9803850000480452
0.9080930001346132
1.9122680000691616
0.7343319998653897
0.7130060000690719
0.768963000155054
1.8913049998445786
0.9311950000210345
0.6417899999178189
0.8980680001968722
0.9692120002000593
1.1586929999793938
1.7737939999733499
0.7101619999048125
0.9457589999328775
0.8011039999473724
2.0773829999143345
0.765033000106996
1.0030999999344203
0.6881710000925523
0.633873999959178
0.7471379999515193
0.7331170002089493
0.703490999967471
1.0580870000467257
0.637840000081269
0.9708699999464443
0.6453590001456178
0.9714099999200698
0.871349000135524
1.245605999883992
1.0729719999744702
0.708407000047373
0.785081000003629
0.7469499998933316
0.8206450002035126
0.7753990000765043
1.9653239999115613
1.0734030001913197
1.200338999979067
0.8707239999239391
0.805807000006098
0.8389150000311929
1.475511999842638
1.0896329999923182
0.7998050000423973
0.9006020000015269
0.6864160000077391
0.944958999980372
0.7848929999454413
0.7320319998598279
1.6212289999657514
1.9849000000249362
0.887276999947062
0.7245619999594055
0.6617750000259548
0.8272400000350899
0.817845000028683
1.7313379998995515
0.7442829999035894
0.8952720002071146
0.6487190000825649
0.8912470000268513
1.3079000000288943
1.7148019999240205
0.7071439999890572
0.657907000004343
0.7861239998874225
0.6974809998609999
1.0342440000385977
1.9830300000194256
0.6547569998929248
0.9924029998273909
0.7802709999396029
1.502875999904063
1.4782549999381445
1.5018280000731465
0.7947809999677702
0.6776810000701516
0.6885629998123477
1.0246310000638914
0.892537000027005
0.7974949999152159
0.9104380001190293
0.9295879999626777
1.3980349999656028
1.1276019999968412
0.6898009999076748
0.9050470000602218
0.813975000028222
0.9346780000214494
3.6776819999886357
1.2981400000171561
