payload_size_bytes=51200
runs=500
mean_ms=1.128
median_ms=0.969
stddev_ms=0.499
min_ms=0.611
max_ms=4.233
---raw---
1.7529030001242063
2.031751999993503
0.6371590000071592
0.9196979999614996
0.6681009999738308
0.7771040000079665
1.6371290000734007
1.0976630001096055
1.1047039999994013
1.2079069999799685
1.4913850000084494
1.0506119999718067
0.9914699999171717
2.3444710000148916
0.8793069998773717
0.9031880001657555
1.8086950001361402
1.388822000080836
0.9087579999231821
2.1590549999928044
0.8957170000485348
1.1859159999403346
0.7462020000730263
1.0945629999241646
0.8650259999285481
0.9205879998717137
1.4003419998971367
1.6636300001664495
0.7546530000581697
1.788554000086151
1.679641000009724
1.1539750000792992
1.0891629999605357
1.8614969999362074
3.308139999944615
1.7459929999859014
2.298349999819038
3.717473000051541
1.513725999984672
2.326561000018046
1.4516239998556557
2.942499999790016
1.1106029999154998
2.9855410000436677
0.8953569999903266
2.7120019999529177
0.6610909999835712
0.8595360000072105
1.179685000124664
1.1755660000289936
1.9585600000482373
2.074613000104364
1.926268999795866
2.0563519999541313
2.1436950000861543
1.3073500001610228
2.183225999942806
1.8444660001932789
4.23342799990678
1.3272300000153336
1.0566619998826354
1.8547259999195376
0.870856000119602
3.0515319999722124
2.1702059998460754
1.9501289998515858
2.342101000067487
1.8727169999692705
0.7403719998819724
0.9017569998377439
1.135354000098232
2.1848369999588613
0.6568999999672087
1.4490140001726104
0.9359379998841177
0.9961799999018695
1.2015470001642825
1.040841000076398
1.2054970000008325
0.929539000026125
0.6903309999870544
1.008920999993279
0.7894240000041464
1.0890930000186927
1.9107579998944857
0.7597430001169414
0.7194109998636122
0.9660690000146133
0.9596600000350008
1.4267229998949915
1.0195309998835
0.9552289998282504
0.9359109999422799
1.0340679998535052
1.2571479999223811
0.6941510000615381
0.7053619999624061
1.73312300012185
1.335681000000477
1.155536000169377
1.8236549999528506
1.3989429999128333
1.7434430001230794
2.668481000000611
1.8998980001470045
1.5346169998338155
1.4550939999935508
1.8366960000548715
1.5979489999153884
1.4254729999265692
1.5888689999883354
1.3975220001611888
2.3335509999924398
1.0231809999368124
1.4087829999880341
0.9169979998659983
0.8278249999875698
1.4664899999843328
0.6656360001215944
0.7114909999472729
2.438583999946786
1.6451599999527389
2.0345719999568246
0.9826099999372673
0.9638090000407828
1.7852339999535616
2.1206240000992693
0.7434120000198163
0.8034039999529341
2.40728200014928
2.175736000026518
0.8600060000389931
1.33322099986799
2.304890000004889
3.3795619999636983
0.7013209999513492
2.085434000036912
0.8637060000182828
1.3068890000340616
0.7968539998728374
0.7762029999867082
0.7785339998918062
0.7892240000728634
0.771303999954398
1.1282739999387559
0.7532929998887994
0.7517530000313855
0.9408689998053887
2.424754000003304
1.0129409999990457
0.7046470000204863
1.8209500001376
1.0641819999364088
0.8846870000525087
2.0373820000259
0.8808389998193888
0.9298459999627084
0.834595000014815
0.9844900000643975
1.4346259999911126
0.8582659997955489
0.7965770000737393
0.9840269999585871
1.6917819998525374
0.6706599999688478
0.736892000077205
0.7859840000037366
1.0136710000097082
1.3146249998499115
0.9642739998980687
0.7733730001291406
0.8154050001394353
0.836865999872316
1.175305000060689
0.7719130001078156
0.7665739999538346
0.9401690001595853
1.1556150000160414
0.9897100001126091
1.4269430000695138
0.7904340000095544
0.7200610000381857
1.0624720000578236
0.9856100000433798
1.0655319999841595
1.0807730000124138
0.731581999843911
1.0823129998698278
0.7541429999946558
1.7802950001168938
0.7073119998040056
0.9130769999501354
1.0281510001277638
0.7505730000048061
0.667628999963199
0.8951770000749093
1.239787000031356
0.7042269999146811
0.7230470000649802
1.4617239999097364
0.6849609999335371
1.130772999886176
1.0444070001085493
1.337285999852611
0.6166790001316258
0.7315820000712847
0.7830140000351093
1.0563719999936438
0.8906870000373601
0.8761760000197683
0.8004150001852395
1.8509460001041589
1.3997720000133995
0.7092619998729788
0.9699390000150743
0.8357049998721777
1.0254110000005312
0.9780890000001818
1.1451739999301935
0.8865770000738848
0.9651200000462268
0.9305889998358907
0.8861960000103863
1.6097190000436967
1.2995400002182578
1.423378000026787
0.6608999999571097
0.9688039999673492
1.647100000127466
0.7926140001472959
1.672571000199241
1.1856460000672087
1.065751999931308
1.138223999987531
1.8507470001623005
0.9535689998756425
0.9150079999926675
1.0074899998926412
1.5230059998430079
0.7257820000177162
0.7811539999238448
0.7926650000626978
0.6579099999726168
0.8748759998979949
0.6998809999458899
0.93109799990998
0.7855240000935737
0.7752039998649707
0.690620999876046
1.5226559999064193
0.7659529999273218
0.6556599998930324
1.2737879999349389
0.6634300000314397
0.7943840000734781
0.847205999889411
0.7913740000731195
1.0182159999203577
0.967284000125801
0.8803860000625718
0.6979909999245137
1.1065740000049118
0.8368149999569141
0.7742239999970479
0.6949410001197975
0.738412000146127
0.7644629999958852
0.7489130000521982
0.8155150001130096
1.1176030000115134
0.6563130000358797
0.826431999939814
1.3202300001466938
0.9498320000602689
0.8496240000113175
1.5166859998316795
1.146894999919823
1.7631830000937043
1.2057090000325843
0.9644459998980892
0.6196489998728794
1.100984000004246
1.11710399983167
0.7009710000147606
1.4324440001018957
0.7121419998838974
0.6117180000728695
0.7422219998716173
0.7635829999799171
1.1204090001228906
0.6991410000409815
1.148544999978185
1.0274910000589443
0.9042730000601296
0.6665800001428579
0.6647159998465213
0.6936909999240015
1.7523580002034578
0.7623839999268966
0.926008000078582
0.6855159999759053
0.8480799999688315
0.7060610000735323
1.0768330000701098
1.149444000020594
0.791983999988588
0.7118910000372125
0.866461999976309
1.2524129999746947
1.259937999975591
0.9324679999735963
1.349270999980945
1.1923160000151256
1.3673020000624092
0.7526379999944766
1.2302079999244597
1.0689970001749316
1.3840520000485412
0.7942049999201117
0.7477029998881335
0.7344680000187509
1.595982999788248
0.7445329999882233
0.7955539999784378
1.0564019999037555
1.5167560000008962
0.6928909999714961
1.0426419999021164
0.8478360000481189
0.9703390001050138
1.335810999989917
0.9072770001239405
0.6889809999393037
1.5521570001055807
0.9286880001582176
0.9666500000093947
1.0109810000358266
1.6464799998630042
1.3925830000971473
0.9911899999224261
1.2473819999740954
2.0869940001375653
0.7221070000014151
0.6412789998648805
1.5134950001538527
1.219022999976005
0.780532999897332
0.7634880000750854
0.7053909998830932
1.4213639999525185
0.7190720000380679
0.6659299999682844
0.6889399999181478
1.0818420000759943
0.6837109999651148
1.0429410001506767
0.7083919999786303
2.079834000142
0.6264090000058786
0.8155739999438083
0.7925840000098106
0.7039409999833879
0.8770370000092953
0.6825210000442894
0.9883899999749701
1.1874159999933909
0.9174179999718035
0.6108379998295277
1.0522019999825716
0.9771400000317954
1.0604319998037681
0.7090419999258302
0.8329249999405874
0.8422050000262971
0.997631000018373
0.8433660000264354
1.1232439999275812
0.7399129999612342
0.778545999992275
0.7772320000185573
0.6718600000112929
0.7656929999484419
0.6284640001013031
1.6326140000728628
0.712152000005517
0.7796129998496326
0.9185179999349202
1.006580999955986
1.4588139999887062
0.9810459998789156
1.2333380000200123
0.8016039998892666
0.8045540000694018
1.2974300000223593
0.894170999799826
0.8680869998443086
0.7429469999351568
0.8838119999836636
1.860509000152888
0.6366860000071028
1.5622180001173547
1.5730380000604782
1.0524019999138545
1.5754880000713456
0.9340829999473499
0.7730680001714063
1.152559999809455
0.7974140000897023
0.9670939998613903
0.9658499998295156
0.9868399999959365
0.7561229999737407
0.7259019998855365
0.9699800000362302
1.1083939998570713
1.1332439999023336
0.91201700001875
0.8845869999731804
0.7167720000325062
0.8535160000064934
1.1226629999327997
1.520611999922039
0.9704240001155995
0.6534250001095643
0.7445080000252347
1.1008789999777946
1.0172110000894463
1.3431350000701059
0.7377469999028108
0.7893590000094264
1.411013000051753
0.8570360000703658
1.7370629998367804
0.8735459998661099
0.8347549999143666
1.1809960001301079
0.7058010000946524
0.7651139999325096
0.8732360001886263
0.6655300001057185
0.7813740000983671
1.188156000125673
0.7256019998749252
1.3234460000148829
0.7698339998114534
0.8301799998662318
1.176820999944539
0.7615030001488776
0.7406729998820083
0.6183539999256027
0.7328980000238516
0.8738760000142065
0.8308950000355253
1.6808909999781463
1.3883720000649191
1.606428999821219
0.7186020000062854
0.8918660000745149
1.0390810000444617
1.788939000107348
0.7422730000143929
1.1024279999674036
1.2595289999808301
1.1118029999579448
1.0243209999316605
1.4728549999745155
0.744805999829623
0.6746910000856587
1.3236180000149034
1.1774160000186384
1.0738920000221697
0.7052509999994072
1.0783420000279875
0.9215079999194131
1.482325999859313
0.624077999873407
0.6823010000971408
1.2780389999988984
1.0959639998873172
1.1006239999460377
0.8078850000856619
0.8612760000232811
1.490260999844395
1.2339120000888215
0.7641930001227593
0.6948809998448269
0.737832999902821
0.8472249999158521
1.0573419999673206
0.8549859999220644
0.7449820000147156
0.9938300001977041
0.7935940000152186
0.7866190001095674
0.8437799999683193
1.5447829998720408
1.3193049999244977
0.8084640001015941
0.7567790000848618
1.569096999901376
