payload_size_bytes=51200
runs=500
mean_ms=1.175
median_ms=0.958
stddev_ms=0.738
min_ms=0.585
max_ms=6.991
---raw---
1.9427490001362457
1.073532999953386
1.9775999999183114
1.1720560000867408
4.782015000046158
1.8832270000075368
1.4882349998970312
0.8784369999830233
1.3658920001944352
1.0939430001144501
0.9525789998861001
0.918208000030063
0.8790159999989555
1.059531999999308
1.826965999953245
0.9414189999006339
0.8837970001422946
1.0434719999921072
2.134015000137879
0.7023620000836672
0.867666999965877
0.8044240000799618
1.372300999946674
2.787914999998975
0.8757470000091416
0.8627059999071207
1.8494159999136173
0.9303189999627648
1.6714309999770194
1.4168420000260085
1.2479580000217538
1.5420170000197686
1.760353000008763
1.3247009999304282
1.6798909998669842
1.2329380001574464
1.8453360000876273
1.6455099998893274
2.057012000022951
1.5801680001459317
2.487385999984326
1.5571970000110014
1.5897189998668182
1.6373700000258395
5.107344000180092
1.27806899990901
1.6734409998662159
1.6002390000267042
1.153535000185002
0.9365979999529372
0.7293119999758346
3.8749279999592545
1.4066129999719124
4.070153999919057
1.0957629999666096
2.1985169998970377
1.386421999995946
3.0185440000423114
4.46265300001869
3.4341450000283658
6.990903000087201
2.497226000059527
4.173438999941936
2.2121250001418957
3.3383310001227073
1.8023050001829688
3.9279129998703866
3.0480199998237367
1.806504999876779
3.316740999935064
4.260598999962895
3.390413000033732
0.9701300000415358
2.819035999891639
1.989610000009634
1.5269359998910659
5.293920999974944
3.526216999944154
0.8102950000647979
1.009431000056793
1.0612219998620276
0.964369000030274
0.8397750000312953
0.7647630000064964
0.8599759999015077
2.155986000161647
1.9553189999896858
3.8735069999802363
2.613709000115705
0.9691089999250835
3.9158489998953883
1.7021310000018275
4.007112999943274
2.4861679999048647
1.8318330000965943
3.597519000095417
0.6473490000189486
0.6950110000616405
0.8129949999329256
0.6775560000278347
0.7647469999483292
0.7694040000387758
1.3431999998374522
1.0474810001142032
1.1512350001794402
0.8021040000585344
1.1606559999108867
1.2973090001651144
0.7064019998779258
0.7475429999885819
0.8431460000792868
0.7128570000531909
1.1332340000080876
0.8004390001588035
0.998109999954977
0.9008219999486755
1.36534200009919
0.7210169999325444
0.7535479999205563
0.7329619998017733
0.8875020000687073
0.8862059999046323
1.7040220000126283
0.7407729999613366
1.0027260000242677
0.7999290000952897
1.743347999990874
0.7291670001450257
1.0423819999232364
0.7745640000393905
0.766303000091284
1.1359140000877233
1.1542049999206938
0.7162649999372661
0.8285819999400701
1.3537210002141364
1.0613419999572216
1.043544999902224
0.7470949999515142
0.8999950000543322
1.4689170000110607
1.251955000043381
1.1450249999143125
0.7815950000349403
0.7043539999358472
0.9264549998988514
1.1209129997951095
1.702711999996609
0.8237949998601835
1.2315869998928974
0.849926000000778
0.7898639998984436
1.1553350000212959
0.6790209999962826
0.7377120000455761
0.871917000040412
1.176575000044977
1.7796240001644037
0.774312999965332
0.7510630000524543
0.7673330001125578
0.9931299998697796
0.8444600000530045
0.6932409999080846
0.7399270000405522
0.8895270000266464
1.1731260001397459
0.7714729999861447
0.7826089999980468
1.3534960000924912
1.047102000029554
0.9916799999700743
0.6915309998021257
0.6617999999889435
0.6790049999381154
0.7169819998580351
0.9662540001045272
1.1530250001214881
0.8810819999780506
0.7768269999814947
1.3080100000024686
0.8158750001712178
0.7002009999723668
0.6730910001806478
1.1363539999820205
1.2431970001216541
1.4207930000793567
0.862996000023486
1.1270050001712661
0.916817999950581
0.7734630000868492
1.0433019999709359
1.1879359999511507
0.7619030000114435
0.9551299999657203
0.8546359999854758
1.0398120000445488
0.7202609999694687
0.7851440000194998
1.1565150000478752
1.1960659999203926
0.6740110000009736
1.026166999963607
0.7652829999642563
1.2393679999149754
0.9020879999752651
0.6729550000272866
0.8233850001033716
1.4603640001951135
1.3377360000959015
1.3947979998647497
0.9600850000879291
2.0059250000485918
1.1558249998415704
0.6938909998552845
0.9094080000977556
0.6464590001087345
1.1541649998889625
1.0106859999723383
0.6672500001059234
0.6926759999714704
0.73569200003476
1.5331059998970886
0.748511999972834
0.9468579999065696
0.6713000000218017
1.2133860000176355
0.9929010000178096
1.3583109998762666
0.7824540000456182
1.208896999969511
1.9974300000740186
1.0280209999109502
0.853685999800291
1.4912359999925684
1.1072839999997086
1.413023000168323
0.8131350000439852
0.7311920001029648
1.3306499999998778
0.9307479999733914
0.7386530000985658
0.8009539999420667
0.7108309998784534
1.0745620002126088
1.402851999955601
1.045632000113983
0.8586760000071081
1.2425279999206396
1.0200920000897895
1.194845999862082
0.6061139999928855
0.7311270001082448
0.6885209998017672
1.4330439998957445
1.1689949999436067
1.0482810000667087
0.7158309999795165
1.0714519999055483
1.013500999988537
1.3910620000388008
0.6757710000329098
0.7197820000328647
0.8317949998399854
1.7396420000750368
1.2541710000277817
1.4539719998083456
1.9186179999906017
0.6932009998763533
0.6671999999525724
0.6854310001926933
0.7846429998608073
0.7182320000538311
0.7887839999511925
0.764703999948324
1.7800559999159304
0.9665560000939877
1.4783350000016071
1.3481309999860969
0.8733019999453973
1.3045440000496455
0.9101680000185297
0.6572400000095513
0.9297179999521177
0.8351250000941945
0.8427259999734815
1.1781059999975696
0.7098519999999553
1.0406409999177413
1.9874199999776465
0.7411969997974666
0.7112060000054043
1.1770559999604302
1.550496999925599
0.8446209999419807
1.2423719999787863
1.5631670000857412
0.7296530000076018
0.6316900000911119
0.6730599998263642
1.480305000086446
0.9665589998348878
0.6384550001712341
0.8065950000855082
0.8291249998819694
1.180375999865646
1.1817399999927147
0.8534159999271651
0.7286970001132431
0.7574769999791897
1.1660459999802697
1.2994389999221312
0.8574060000228201
0.8233450000716402
1.0549030000674975
0.7536829998571193
0.6923410001036245
0.6990010001572955
1.0422110001400142
1.0125419998985308
0.8930169999530335
0.7108119998520124
0.6483300001036696
1.020781000079296
1.7378929999267712
0.7824990000244725
0.8022090000849857
0.7378729999345524
1.0904679998020583
0.9716889999253908
0.7815490000666614
1.0331570001653745
0.7022059999144403
1.0897930001192435
1.2327530000675324
0.7594230000904645
0.7944339999994554
0.9356030000162718
1.3775620000160416
0.7145370000216644
0.9928310000759666
0.830609999866283
1.325870000073337
0.8184450000499055
1.2823890001527616
0.6691300000056799
1.5936779998355632
1.0885429999234475
1.0410069999124971
0.78199799986578
0.945009000133723
0.7267119999596616
1.1495950000153243
1.2940500000695465
0.813849999985905
1.1933509999835223
1.0630019999098295
1.0059399999136076
0.6565700000464858
0.6802699999752804
0.9134580000136339
1.1621049998211674
1.25030300000617
0.7347020000452176
1.2571380000281351
1.0672230000636773
1.805155000056402
0.646599999981845
0.9775099999842496
1.0908929998549866
1.1117690000901348
0.7631729999957315
0.8299199998873519
0.7137620000321476
1.0343019998799718
0.7782440000028146
0.8140240001921484
0.603127999966091
1.0810430001129134
0.6162189999940892
0.9966700001768913
1.0182999999415188
1.020762000052855
1.13662400008252
1.176435999923342
0.8339050000358839
0.7657830001335242
0.7597740000164777
1.4751200001228426
0.9100849999867933
0.8048069998949359
0.7222670001283404
1.7756039999312634
0.6853810000393423
0.8277250001356151
0.8639360000870511
1.3708920000681246
0.7572729998628347
2.0312620001732284
0.7315130001188663
0.750943000184634
1.086923000002571
0.7598680001592584
0.9616540000934037
0.6607000000258267
0.6566100000782171
1.753632999907495
0.7674340001813107
0.7520530000419967
0.6849110000075598
1.2379570000575768
1.0890330001984694
1.457294000147158
0.7293880000815989
1.4795390000017505
1.065532999973584
0.8681659999183466
1.648189999968963
1.089523000018744
0.8309550000831223
1.0081460000037623
0.7354869999289804
1.0039009998763504
1.4947049999136652
0.700691000020015
0.7270880000760371
0.756228000000192
0.6740809999428166
0.7980200000474724
1.2196719999337802
1.1371199998393422
0.6688349999421916
0.74044299981324
0.7286719999228808
0.7691440000598959
0.7725530001607694
1.8952130001252954
0.8033149999846501
0.706216000025961
0.8136550000017451
0.8084139999482431
0.8131950000915822
0.715072000048167
0.75477299992599
1.061372000094707
0.6540990000303282
0.9524590000182798
0.8716459999504877
0.681591000102344
0.9458179999910499
1.3134199998603435
0.5849379999744997
0.9968009999283822
0.7553279999683582
0.7581079998999485
0.6371689999014052
0.6470899998021196
0.8077400000274793
0.7907179999619984
0.8379749999676278
0.9446240001125261
0.7900690000042232
0.9711099999094586
0.7923839998511539
0.6570800001099997
1.211845999932848
1.1896460000571096
1.0619019999467127
0.7307719999971596
0.7288020001396944
0.8044439998684538
0.7968400000208931
1.1868100000356208
0.9662590000516502
1.306325999848923
0.6876859999920271
0.8834170000682207
0.8115250000173546
0.7204809999166173
1.55452800004241
1.0357910000493575
1.1250539998854947
0.6532750001042587
0.6884609999815439
0.8205300000554416
0.7516329999361915
0.9645289999298257
0.7492629999887868
0.9433979998902942
0.7127919998310972
1.414813000110371
0.7792239998707373
0.7840440000563831
0.8520959997895261
1.4240529999369755
1.0749829998530913
0.8082340000328259
0.7399730000088311
0.7721229999333445
0.805054000011296
