Messages/sec=58.10
duration_sec=60.000
payload_size_bytes=1048576
total_messages=3486
payload_throughput_MiB_sec=58.10
mean_rtt_ms=14.835
median_rtt_ms=13.358
stddev_ms=5.969
min_ms=6.404
max_ms=31.605
---raw_latencies_ms---
22.279327000433113
11.589304998778971
6.904519999807235
6.6820829997595865
6.861658001071191
8.868900000379654
6.4036570001917426
8.265230999313644
7.833728001060081
7.8936200006864965
7.68059300025925
7.164956999986316
7.900779999545193
7.701464001002023
8.121237000523251
8.420625999860931
8.247761001257459
11.302152999633108
10.815268000442302
12.614113000381622
13.343258000531932
13.680228999874089
9.286321999752545
9.475798000494251
10.439018000397482
9.061155999006587
9.320806999312481
8.487817998684477
9.063454999704845
11.979905999396578
13.460906000545947
13.047075999566005
12.855099999796948
13.134418999470654
13.245783000456868
13.14854999873205
12.94809299906774
13.33662499928323
13.068617001408711
7.958600999700138
7.299053000679123
7.401373999528005
7.831998000256135
8.517928999935975
7.316781999179511
7.407928000247921
6.983561999732046
8.224899998822366
7.624791000125697
7.868918999520247
7.345072999669355
7.543637999333441
8.02169300004607
7.662662999791792
7.580580000649206
8.068204999290174
8.856858999934047
9.582151000358863
8.799996998277493
12.015865999273956
12.749700001222664
12.803028999769595
12.869760999819846
12.990375000299537
13.425697999991826
13.007704999836278
13.137820000338252
13.210351000452647
13.120769001034205
13.44936100031191
13.425367998934234
13.027185999817448
12.756418000208214
13.93767399895296
14.433805999942706
13.898133000111557
14.158930000121472
14.228154999727849
13.433845999315963
13.72430700030236
14.952785000787117
13.244345000202884
13.501675000952673
16.197625000131666
13.537041999370558
14.653784999609343
13.4280949987442
13.54958699994313
14.273134000177379
13.902573999075685
14.213652000762522
14.073438000195893
14.152671999909217
14.715909999722498
14.000983999721939
13.974364001114736
13.93193900003098
14.381106999280746
13.83290599915199
13.437957999485661
13.378449000811088
13.789971999358386
13.346317999094026
10.066605998872546
10.244981000141706
10.245682000459055
10.121598999830894
11.076965998654487
10.179953000260866
10.071176000565174
10.106087000167463
10.369625000748783
10.115306999068707
10.290144000464352
11.448937000750448
12.784380998709821
13.183172999561066
13.407907001237618
13.1580400011444
13.620395999168977
13.776848998531932
13.49503200071922
13.328664999789908
13.348676000532578
13.646574001541012
13.505850000001374
13.254990999485017
12.878982000984251
13.706256000659778
13.418907001323532
13.445423999655759
13.801990000501974
12.9043119995913
13.344615999812959
13.503730999218533
14.075027998842415
9.732775999509613
9.854228999756742
10.085490001074504
10.949331999654532
10.287664001225494
10.655984999175416
10.26766100039822
10.179208999034017
10.313986000255682
10.393316999397939
10.006663000240223
10.772757999802707
9.869749999779742
9.982726000089315
10.57792400024482
10.102037000251585
9.844268999586347
10.54491600007168
10.193104000791209
10.000709000451025
10.503488998438115
9.983074000047054
10.77552199967613
10.029664999819943
10.474558999703731
10.111876999872038
10.461870000654017
10.026544001448201
10.230685998976696
9.947161999662057
10.29950399970403
10.281021999617224
10.084716001074412
13.261213000077987
14.507742998830508
14.151903000310995
14.753068000572966
14.365658000315307
14.109801000813604
14.357041000039317
14.035797001270112
14.743677998922067
14.52760200118064
14.105868000115152
11.612732998401043
11.08522699905734
9.995057000196539
10.718224999436643
9.843199000897584
10.629903001245111
10.181198998907348
10.583250999843585
9.729426001285901
10.011534999648575
10.996843999237171
9.336793998954818
12.104741001166985
14.103788000284112
14.133840000795317
13.613044000521768
14.362224999786122
13.959759000499616
13.5529739982303
14.219652000974747
13.63544600098976
14.236001999961445
14.414859000680735
14.203912000084529
13.829999999870779
13.147769999704906
13.389039000685443
13.64060400010203
13.148361000276054
13.763778000793536
12.985254999875906
13.449100999423536
13.925663000918576
13.50922099845775
14.087678000578308
13.959686999442056
13.502099998731865
13.691486001334852
12.96533699860447
14.732258001458831
13.38483899962739
13.760554998953012
13.715496999793686
14.024686000993825
13.975259998915135
13.390222000452923
13.93850000022212
13.95639700058382
13.774855000519892
13.585972001237678
13.312714001585846
12.919892998979776
13.708175998544903
13.358087000597152
14.185026000632206
13.701855999897816
13.251912001578603
13.81458899959398
13.229422000222257
13.601585998912924
13.742098000875558
13.130788000125904
13.788668000415782
13.901095000619534
13.79967899993062
12.991014000363066
13.103438001053291
13.597515999208554
13.812430001053144
14.169650999974692
12.7940900001704
13.157985000361805
13.160283999241074
13.215421000495553
13.400825999269728
13.711436999074067
13.574513001003652
13.33746399905067
13.256612999612116
14.345858000524458
13.231401999291847
13.682655999218696
13.137359001120785
13.418087000900414
13.118977998601622
13.442547999147791
12.672263999775168
13.135130999216926
13.041799000347964
12.623114000234636
13.17963000110467
12.91677500012156
13.71273599943379
13.145430000804481
12.547433998406632
12.469379000322078
13.774957998975879
13.356405999729759
12.877950999609311
13.060198998573469
13.443938998534577
12.964445999386953
12.80673899964313
13.634926001032
13.843474998793681
12.899022000055993
12.981744001081097
13.031716000114102
13.812140001391526
14.084518999879947
12.515390000771731
12.802118999388767
13.39623700005177
13.707665999390883
13.633384000058868
13.615193000077852
13.045067000348354
13.700736000828329
13.839530998666305
13.657458999659866
14.05981499920017
13.073396001345827
13.686128999324865
13.636984000186203
13.411926998742274
13.963814999442548
13.390148000326008
13.476299000103609
13.635015000545536
13.972534999993513
13.266853000459378
12.6870650001365
10.18630100043083
9.98534799873596
10.119637998286635
9.626482000385295
10.46540700008336
9.688357999038999
10.213540999757242
10.191172001214
10.487027000635862
9.72233500033326
10.06143599988718
9.918460000335472
10.872419999941485
9.953132999726222
10.634271999151679
10.097676000441425
10.882053000386804
9.794180001335917
9.841159000643529
26.901663000899134
27.989738999167457
27.749082999434904
27.022811000279034
25.03283100122644
20.901634001347702
23.25951700004225
20.765260998814483
20.61324600072112
27.81149500151514
20.516562999546295
20.254815999578568
19.9002900008054
22.653563000858412
21.912205998887657
23.86932099943806
13.3123390005494
13.660574000823544
13.649214000906795
14.258750001317821
13.34227400002419
13.307647999681649
14.250492999053677
13.979665000078967
13.86599999932514
14.013325999258086
13.860050999937812
13.91893300024094
13.541383999836398
13.357229001485393
13.028408000536729
13.67388399921765
13.217121999332448
13.480390000040643
9.395757000675076
8.96564100003161
12.391329000820406
13.654655000209459
13.580691998868133
13.153268999303691
12.730518999887863
12.735495998640545
13.124343000527006
13.560291999965557
13.762217000476085
12.632813999516657
13.63424400005897
12.973615999726462
13.346274001378333
13.27839599980507
12.671184000282665
13.365496999540483
13.214282000262756
13.45074900018517
12.724987000183319
13.074686999971163
13.474811999913072
13.972594000733807
12.831660998926964
13.469618999806698
13.82220899904496
14.123990000371123
13.323544999366277
13.266162999570952
13.888833000237355
13.317633000042406
13.961845001176698
13.325904999874183
13.501060000635334
14.037772998563014
13.749808000284247
14.770927999052219
13.660971000717836
9.969632999855094
10.536903000684106
10.546449999310425
10.051694998765015
10.149987001568661
10.174031998758437
9.689582000646624
11.148818000947358
9.888470000078087
10.530188999837264
10.44900800116011
9.43710700084921
10.240051000437234
9.719970999867655
10.447646998727578
10.024364000855712
10.483599000508548
9.74042800044117
10.276973000145517
9.694156999103143
10.069984999063308
10.720975998992799
13.491600000634207
13.842749998730142
13.044056999206077
13.336774998606415
12.981134999790811
13.533291001294856
13.252574999569333
13.294373999087838
12.575393999213702
13.80360099938116
12.918987000375637
10.663834000297356
10.303043000021717
9.880969999358058
10.245252000459004
10.542550000536721
9.987662999265012
10.068039999168832
9.584784000253421
9.961222998754238
10.099221000928083
10.980303999531316
11.103718999947887
10.41650600018329
10.996078999596648
10.027251999417786
10.668032999092247
10.20886400146992
10.377455000707414
11.0764860000927
10.327563000828377
10.247600999718998
10.098276001372142
10.126316999958362
9.942552000211435
10.837198999070097
9.983238000131678
10.845013999642106
9.963523001715657
9.73672999862174
9.988662999603548
10.409185000753496
9.916891998727806
11.178889000802883
10.456026999236201
10.229031000562827
9.612441999706789
10.192820000156644
9.774644999197335
10.105207000378869
9.8217590002605
10.199480000665062
10.402165999039426
9.90443099908589
10.3456240012747
10.03652500003227
10.31600299938873
10.192408999500913
10.400116001619608
9.744392000357038
9.937892000380089
26.757003000966506
27.668340000673197
27.167305001057684
27.47059499961324
27.544897000552737
27.112347999718622
28.695160999632208
27.76740300032543
19.663029999719583
23.670399001275655
20.433701000001747
22.493262998978025
25.130003999947803
23.70152000003145
24.052950999248424
22.559324999747332
23.161223998613423
22.299997999652987
20.432359999176697
25.107962999754818
19.14745199974277
22.88235600099142
28.160956000647275
26.550686001428403
26.632758999767248
26.797714999702293
23.008448999462416
16.890622999198968
25.447603000429808
18.644815998413833
22.86159499999485
18.587725000543287
21.54208400133939
26.667449999877135
20.001106999188778
19.611936000728747
25.64913899914245
18.29828600057226
21.334337998268893
27.47820500007947
27.220971998758614
28.0014210002264
27.08181600064563
28.467035001085605
27.14444399862259
27.61506899878441
27.452549000372528
27.292847998978687
27.291979000438005
21.185183000852703
26.626258000760572
27.24544700140541
26.36037199954444
26.353953000580077
27.97668999846792
26.69619399966905
27.45826099999249
26.06516200103215
27.95137899920519
28.212647999680485
27.89767899957951
27.70477100057178
26.247699999657925
27.390294999349862
27.735857000152464
28.02534399961587
26.45653299987316
27.444053999715834
27.3982229991816
23.32258900059969
20.738829000038095
25.320058999568573
22.28871999977855
24.63012800035358
23.12706100019568
25.007578999066027
23.750140999254654
22.97004700085381
24.25558599861688
26.026943000033498
24.17427399996086
23.699159999523545
21.048800001153722
24.821164000968565
17.225593999683042
20.183193999400828
19.434190000538365
27.176274999874295
28.733344001011574
26.486675000342075
27.98835199973837
27.383921998989535
28.27462899949751
26.7098120002629
27.641939001114224
26.862266000534873
28.272368999751052
27.33037600046373
28.683530999842333
27.717254999515717
27.309928998874966
26.736072000858258
28.11328400093771
28.113918999224552
27.23699700072757
27.3107089997211
27.033331998609356
26.304778999474365
28.329081000265433
27.075772999523906
26.894566999544622
27.758353999161045
28.217366001626942
26.989652000338538
28.20637699915096
27.18079599981138
25.669939999716007
24.08170099988638
20.741820000694133
19.810731999314157
19.792224000411807
22.173145998749533
26.404321999507374
27.33280000029481
28.093904000343173
29.03252199939743
27.29797899883124
28.363340999931097
27.71942800063698
29.79110499836679
27.2165420010424
28.38692300065304
27.91260800040618
29.19398700032616
26.59544899870525
27.46795600069163
26.602807000017492
26.84337500068068
28.101414000047953
27.281561999188852
26.743972000986105
28.095632998883957
27.30109399999492
26.292549000572762
27.337049999914598
28.137515000707936
28.424275000361376
27.25336699950276
27.80699499999173
27.203886000279454
28.02433199940424
26.42761300012353
26.81642599964107
27.797857001132797
27.754837001339183
26.84785500059661
27.155206000315957
28.66503100085538
27.125724000143236
26.633849000063492
26.161163999859127
27.739732000554795
28.418143001545104
27.13430400035577
28.559186999700614
27.933518000281765
27.108612999654724
27.66712000084226
27.90841899877705
27.211516000534175
28.976571000384865
27.952368998739985
27.682660998834763
26.391221999801928
26.999699999578297
27.377481001167325
28.059672000381397
28.74778899968078
28.992420000577113
28.353436000543297
28.107094000006327
27.414438000050723
27.682679999998072
26.108582998858765
28.522004999103956
28.398673000992858
27.590809000685113
28.838156000347226
26.47432400044636
27.949553999860655
26.85723499962478
26.348454999606474
27.937764001762844
28.10387399949832
29.520636999222916
27.285418998872046
27.62215500115417
28.34565100056352
27.124223999635433
29.542527001467533
27.754933000323945
29.057857998850523
27.600437999353744
29.209127998910844
28.21864799989271
27.97267899950384
26.58784800041758
28.078327999537578
27.56190299987793
28.46717499960505
27.1272099998896
27.6328520012612
26.790874999278458
28.42707300078473
27.51751600044372
28.351600998576032
26.815355000508134
28.2631690006383
26.392432000648114
28.41977299976861
27.765802999056177
28.26233899941144
28.04313499837008
28.92070199959562
28.15191599984246
28.017111999361077
27.525485000296612
28.01864499997464
27.348185998562258
23.604547001013998
21.46638300109771
25.243775999115314
20.547562999126967
19.96138699905714
17.849132000264945
20.42758099923958
24.565056000938057
25.19315499921504
25.040791999344947
25.14680300009786
25.47781499924895
23.53616499931377
25.4689449993748
25.24455599996145
25.471658000242314
24.17738999974972
22.930776998691726
24.925537001763587
22.758991999580758
24.56976599933114
24.28986800077837
24.07212099933531
24.846615000569727
23.77752199936367
22.373240000888472
21.435022001242032
26.65101499951561
27.440308000223013
26.996249000148964
29.521171998567297
27.590637999310275
27.16485500059207
27.528725999218295
27.55776699996204
27.30998799961526
29.267720001371345
27.22739800083218
27.76308399916161
27.127072999064694
27.281179000056
27.018940998459584
27.023161001125118
28.057600999090937
28.045881999787525
28.535301000374602
27.11639800145349
27.9925410013675
27.5532010000461
27.748673001042334
28.23877800074115
27.606308000031277
27.774959000453237
27.483764999487903
27.65968099993188
27.953218999755336
28.33947599901876
27.79461400132277
27.920137999899453
27.8181499998027
27.000400999895646
27.674151000610436
28.402861000358826
27.450229001260595
27.40944099969056
27.85965600014606
28.12095999979647
28.019200999551686
28.05569799966179
28.028221999193192
26.112883000678266
27.808714999991935
28.132594999988214
26.095782999618677
28.16946600069059
27.54107600048883
25.692011000501225
27.502960001584142
28.167880000182777
28.358960998957627
27.634729998680996
27.864166999279405
27.145834001203184
28.6039439997694
27.90476299924194
28.270749000512296
28.32812599990575
27.91613799854531
27.48082499965676
27.855016998728388
28.844758999184705
28.61561899953813
28.30821999850741
28.051081999365124
27.22019700013334
26.011425001343014
28.001331000268692
27.241556999797467
28.362162000121316
27.668819999234984
27.79743400060397
29.27633999934187
28.057915000317735
27.62999900005525
27.632459999949788
26.892497000517324
28.13339499880385
28.583658000570722
28.7057730001834
27.222996999626048
27.19613599947479
27.34692299964081
28.25741000015114
26.39941999950679
27.622081999652437
28.983060001337435
28.078584000468254
27.555097000004025
28.357682000205386
28.834996001023683
27.696941999238334
27.69836200059217
28.10651400068309
27.695042999766883
27.619628999673296
28.309440000157338
27.57393700085231
27.629318999970565
28.17453799980285
26.933260000078008
28.041204999681213
27.572707998842816
27.343911000571097
29.44664599999669
28.11187600127596
27.518746001078398
27.57422700051393
27.03936000034446
28.222799999639392
28.419513000699226
26.95726999991166
27.666760001011426
27.596468000410823
26.200636000794475
28.264792999834754
28.91605799959507
27.955217999988236
27.326800998707768
26.845405000130995
29.130565000741626
27.526845999091165
29.47941599995829
28.043152000464033
29.350640999837196
28.30994199939596
28.207331999510643
26.89028200074972
28.646655999182258
26.42376299991156
28.3647310006927
28.521731999717304
27.176976000191644
27.00827000080608
27.115873999719042
28.169906001494383
27.96251099971414
27.728999999453663
27.84623500156158
29.598934999739868
28.070696998838685
27.344309999534744
27.486066999699688
27.92995100026019
27.301087000523694
28.314130000580917
27.381592999518034
28.738742001223727
26.40775100007886
29.119717999492423
27.936438000324415
27.335881000908557
26.817474999916158
27.000782998584327
26.52056400074798
28.628719999687746
27.012873000785476
27.65659000033338
27.641958999083727
27.133923998917453
28.159296000012546
28.18531099910615
27.85964699978649
27.510386000358267
30.41481299987936
28.104062999773305
26.591628000460332
28.132134000770748
28.242541000508936
28.789865000362624
27.883280001333333
28.96513199993933
28.487593999670935
27.561109000089345
25.288816999818664
27.87675099898479
27.7155629992194
27.358691000699764
27.561056000195094
26.893316999121453
27.693840000210912
27.664702000038233
27.710647000276367
26.901137000095332
27.099403998363414
28.657079999902635
26.447363999977824
19.70723900012672
19.991405999462586
24.50714400038123
19.270353999672807
21.199255001192796
23.12818199970934
23.05746099955286
20.320425999670988
22.678888999507762
24.363850001464016
20.525002999420394
22.158974999911152
23.123185001168167
23.776242000167258
23.63730800061603
26.88482800112979
27.303449000100954
27.925058000619174
27.682059999278863
27.31582299929869
27.77664399945934
27.77459400022053
27.936118000070564
28.97080000002461
27.787345001343056
26.987355000528623
27.630063999822596
27.820113999041496
27.693981000993517
27.682481999363517
26.661320000130218
27.24971200041182
28.643437999562593
27.05705200060038
28.62291000019468
27.81211900037306
27.44703400094295
27.247901998634916
25.885295999614755
26.63310900061333
27.622138999504386
26.666519999707816
28.325149998636334
28.267054000025382
27.612405001491425
28.32496200062451
27.342419998603873
27.800793999631424
28.08406900112459
27.016710000680177
27.091218000350636
27.946973999860347
27.427197999713826
27.935084001001087
28.05896200152347
28.186961000756128
27.58538700072677
27.480864000608562
28.38535299997602
27.68889099934313
28.209997000885778
27.1923809996224
27.711142000043765
27.13142300126492
27.664369999911287
28.270738999708556
28.005210000628722
27.4227059999248
26.521476000198163
28.19625099982659
27.51294500012591
28.905278000820545
25.4374119995191
29.286049999427632
26.819875000001048
28.368516999762505
26.900843000476016
28.414308000719757
27.59707800032629
29.752341000857996
31.604858999344287
28.730168000038248
26.385581999420538
27.89455800120777
27.44974400047795
25.583139000445954
28.387832000589697
27.694061998772668
27.570026999455877
27.901598001335515
27.58651799922518
26.361550999354222
27.24228899933223
27.376420999644324
28.37098100098956
26.95596800003841
29.381703001490678
27.747361998990527
27.404918999309302
27.338579000570462
27.563306999581982
27.308309998261393
26.266506998581463
27.86622200073907
28.08598200135748
28.158115999758593
27.455773999463418
26.302463998945314
26.36800599975686
27.098733000457287
27.321661000314634
28.402332000041497
26.65298099964275
26.98138900086633
28.7245619983878
28.44697399996221
26.958809999996447
27.599638000538107
27.191285998924286
27.9360579988861
28.577537999808555
28.519676998257637
27.691680999851087
28.50753600068856
27.0610219995433
27.00025900048786
28.07063299951551
26.926488000754034
26.18434399846592
27.963819000433432
27.38783199856698
27.87359800095146
24.741527000514907
27.561942999454914
27.55555700059631
26.751142000648542
25.965459000872215
27.857734999997774
27.31019900056708
26.77966300143453
28.567826999278623
25.64671899926907
26.68814100070449
27.289097999528167
27.94503900076961
28.41956799966283
27.97099000054004
27.219806999710272
29.716807999648154
28.723852999974042
28.30203600024106
28.57602799849701
27.610878998530097
27.46361400022579
28.326639998340397
28.13810400039074
28.295959999013576
27.70090100057132
28.429158999642823
28.961949999938952
28.114404000007198
26.907088000371004
26.446963000125834
27.5483860004897
28.51659699990705
27.367671000320115
27.91279799930635
26.57451199956995
27.291169000818627
28.096262998587918
27.98880999944231
28.696285999103566
27.809660001366865
28.37430700128607
26.515274999837857
28.75824399961857
24.647420999826863
12.91569200111553
15.257191000273451
15.538474999630125
15.212953998343437
14.981784999690717
14.630334000685252
13.714506998439902
13.842381000358728
14.068161999603035
13.434484999379492
10.943176999717252
14.198237000528025
13.830885000061244
14.002388999870163
13.696952000827878
14.020452999830013
14.395960999536328
14.0890530001343
14.53679200130864
14.540848000251572
14.139389000774827
15.285850000509527
16.30864499929885
14.48644999982207
14.542152001013164
13.520160999178188
14.096008000706206
14.619754001614638
14.420167999560363
14.197450998835848
15.017210998848896
14.409583000087878
13.36256600006891
15.39721799963445
13.356449999264441
14.196530000845087
13.96178399954806
13.891171000068425
14.26041400009126
14.814360001764726
13.797948999126675
14.285355000538402
14.262133001466282
13.650869999764836
13.878011999622686
13.38810699962778
13.071666999167064
13.58304299901647
13.593962999948417
13.547642000048654
13.569431999712833
13.357974999962607
13.839610999639262
13.33254499877512
13.351256000532885
13.53530099913769
13.687014999959501
14.04995700067957
13.935132999904454
13.746532998993644
13.666941000337829
13.883237001209636
13.409106999461073
13.253178000013577
13.562857000579243
13.881471999411588
13.112752998495125
13.247871998828487
13.60618900071131
13.963909999802127
13.464913999996497
14.477648999672965
14.961705001041992
15.014022001196281
14.255198000682867
12.724760999844875
13.129943999956595
14.383006000571186
14.08632399943599
9.654172999944421
10.46667099944898
11.44038799975533
12.617403001058847
13.82582999940496
13.888011999370065
13.477180000336375
13.771047999398434
13.231392000307096
13.61462400018354
13.51696100027766
13.463618999594473
14.012105999427149
13.660774999152636
13.352105999729247
13.493110000126762
13.203421000071103
13.82030100103293
13.6331940011587
13.397726999755832
13.64018399908673
14.01106599951163
14.23883799907344
13.986764999572188
13.56064200081164
13.608843000838533
13.137768999513355
13.527140999940457
13.634602999445633
14.3612320007378
13.944058999186382
13.640920000398182
13.899925999794505
13.086387998555438
12.487192998378305
10.446536000017659
9.658483000748674
10.857330000362708
10.391100999186165
9.975504000976798
9.779025998795987
10.191650000706431
10.58168800045678
10.672934000467649
9.780347001651535
9.98847300070338
10.290072999850963
10.478578999027377
10.163719000047422
9.95783200050937
9.723254999698838
10.075146999952267
10.181010000451352
8.304585999212577
10.399125998446834
10.257392001221888
10.081175998493563
9.809117000258993
10.631262999595492
10.067710998555413
10.837108000487206
9.263731000828557
11.528826000358094
13.12855300056981
13.767690999884508
13.626095000290661
13.684524999916903
14.0155560002313
13.9542929991876
13.383086999965599
13.831660000505508
13.108938001096249
13.110883000990725
13.640010000017355
13.48055999915232
13.415486999292625
13.14135500069824
12.75074799923459
13.786809000521316
13.815860000249813
13.63569400018605
13.369600999794784
13.566630999775953
13.458864001222537
13.287419000334921
13.99596499868494
13.35474600091402
13.317979999555973
13.167690000045695
12.888222001492977
13.737068000409636
12.895230998765328
13.052226000581868
13.130323999575921
13.896712000132538
13.03974500115146
13.206861000071513
13.700631001483998
13.538182000047527
13.405227000475861
12.95321300131036
12.899702000140678
13.799858999846037
13.51507100116578
13.190390000090702
13.56427300015639
13.288242998896749
13.401638001596439
13.779734001218458
13.470394000250963
13.644594999277615
13.341523999770288
10.591236999971443
10.974214001180371
11.624473001575097
10.813069000505493
10.197289999268833
9.806603999095387
10.050295999462833
10.335244000089006
10.614421998980106
10.086827000122867
10.16599899958237
10.166377998757525
9.352465000119992
9.725301000798936
10.014647001298727
10.432707000290975
10.269541999150533
10.375117999501526
9.8689899987221
9.83375899886596
10.316943000361789
10.33592400017369
10.895639999944251
11.007319000782445
10.613280999677954
10.45508700008213
10.17756900000677
10.281241000484442
10.114419999808888
9.912440998959937
9.514060000583413
10.040445000413456
9.996983000746695
10.398046999398503
9.424477000720799
10.24020200020459
10.292422000929946
11.520215000928147
12.991305000468856
13.104097999530495
13.192041000365862
12.891106000097352
13.711257000977639
13.574911999967298
13.170080999771017
13.24209099948348
13.625919998958125
13.338454999029636
13.321234999239095
12.904111999887391
14.561341999069555
13.315473999682581
12.788997999450658
13.421228000879637
13.792577999993227
13.534331999835558
13.509061000149813
13.27426399984688
13.442669000141905
13.573827998698107
13.928153000961174
13.500136001312057
12.685366000368958
13.711777000935399
12.858456000685692
13.69438599977002
13.298923999172985
13.579441998444963
13.029707000896451
13.871070999812218
12.963855000634794
13.074676999167423
13.341150999622187
14.265397998315166
13.827531000060844
13.41273199977877
13.991095000164933
14.056576999792014
13.575731998571428
13.90486199852603
13.702115998967201
13.17630000085046
13.157859999409993
14.06006800061732
13.919803001044784
13.800009999613394
13.597207998827798
13.16170899917779
13.313784000274609
13.612594000733225
14.267463000578573
13.36381599867309
13.786469999104156
12.965912999788998
13.50456000000122
13.325412999620312
13.7318069992034
13.217572000939981
12.884130999736954
13.705407000088599
13.526999999157852
13.308844001585385
13.481259000400314
13.057666999884532
13.887566999983392
14.183384000716615
13.73148300081084
12.932223000461818
12.901842001156183
12.874901000031969
13.275622999572079
13.51298600093287
13.865275999705773
14.277984000727884
13.258471999506583
12.81830900006753
13.495494999006041
13.261291998787783
13.644374999785214
13.986185000248952
13.30975299970305
13.168699999368982
14.129867999145063
13.320744999873568
13.643344000229263
13.51923599941074
13.415687000815524
13.272342999698594
13.364344998990418
13.993516000482487
13.91661400157318
12.892602000647457
13.314531999640167
14.086290999330231
13.58578200051852
13.149640000847285
13.531282000258216
13.083390000247164
13.342725998882088
13.18671600165544
12.605842999619199
13.736974999119411
13.342866999664693
13.446488999761641
12.999825001315912
13.512930001525092
13.363036001464934
12.76743800008262
13.680770998689695
13.589033000243944
13.01061599951936
13.905141999202897
12.903302000268013
13.373677000345197
13.253703000373207
13.469834999341401
13.870591999875614
13.063936999969883
12.98894499996095
13.117731001329958
14.09985099962796
13.819309999234974
13.395236999713234
13.253588000225136
13.060916000540601
13.123198001267156
13.185690999307553
13.47819900001923
13.718676998905721
13.8922129990533
13.613004000944784
13.708051999856252
12.863461000961252
13.630143999762367
13.326934998985962
12.922628000524128
12.925028000609018
13.582817999122199
13.007744999413262
13.637989999551792
13.578251999206259
13.255294001282891
12.816899999961606
13.936852999904659
12.939947999257129
13.464499001202057
13.42395799838414
12.819849000152317
13.814769999953569
13.647275000039372
13.347195999813266
13.605443000415107
12.822153999877628
13.49891999961983
13.059205999525147
12.71355600147217
13.554701999964891
13.438459000099101
13.512229999832925
13.746843000262743
13.614799001516076
13.511664999896311
13.197010999647318
13.86034099959943
13.276308000058634
13.091482000163523
13.977180000438238
13.290038999912213
13.881471000786405
14.195321999068256
13.772078000329202
13.147965000825934
14.365130999067333
13.534181000068202
14.297613999588066
14.015425998877618
13.119708000886021
13.877483001124347
13.709457000004477
13.140679000571254
13.81625900103245
13.471095000568312
13.540545998694142
13.678400999197038
14.285483999628923
13.972683998872526
13.713805999941542
13.72345699928701
13.582282001152635
13.419247999991057
13.700776999030495
13.753577999523259
13.699556999199558
13.133354001183761
13.067957001112518
13.593698000477161
13.476277999870945
13.63340399984736
13.016185999731533
13.925534000009065
13.432011000986677
13.75504799943883
12.961903999894275
13.295153999933973
13.34110500101815
13.736856999457814
13.134749000528245
13.982390000819578
13.52216099985526
12.962449000042398
13.130609000654658
13.43751900094503
13.676085000042804
13.254231000246364
13.502190000508563
13.563390999479452
13.430547000098159
13.56575199861254
13.56739299990295
13.732237999647623
13.537513999835937
10.244752000289736
10.108257998581394
10.545211000135168
10.343154001020594
10.6669939996209
10.571711000011419
11.563920001208317
10.557046000030823
10.589182000330766
10.148228999241837
10.52315899869427
10.428546000184724
10.30329300010635
10.52979999985837
10.036293999291956
10.271622000800562
9.746886998982518
10.131634000572376
10.718565999923158
14.042221999261528
13.548101000196766
13.311220000105095
13.154640000720974
14.022695999301504
13.079397000183235
13.955129999885685
13.400017000094522
12.98386400048912
13.68924700000207
13.903912000387209
14.986554000643082
13.808129999233643
13.564951999796904
13.519610998628195
13.458788000207278
13.38175599994429
13.329704999705427
13.67435099928116
13.756417998592951
14.030196998646716
13.66176500050642
13.693256001715781
12.945833999765455
13.484769999195123
14.318114999696263
14.574262000678573
13.601114000266534
13.57688300049631
13.555022000218742
13.709341999856406
13.552221000281861
12.753738001265447
13.892271999793593
13.776428999335621
13.907272999858833
13.593426998340874
13.524821000828524
13.201240999478614
13.587613000709098
13.62503499876766
13.765747999059386
13.699301000087871
13.804999998683343
13.95624399992812
13.961063999886392
13.357210998947266
13.227661998826079
13.137009000274702
13.374365998970461
13.989674998811097
13.47850399906747
13.265053999930387
13.654383999892161
13.860882001608843
13.859659999070573
13.748717999988003
13.649084999997285
12.96218300012697
13.349626000490389
14.426518999243854
14.25916399966809
13.331075000678538
13.900453001042479
13.789549000648549
14.075847000640351
13.801490998957888
13.756151000052341
13.343134998649475
13.848829999915324
14.045203000932815
13.687474000107613
14.123517999905744
13.932322999608004
13.66269500067574
13.79163899946434
14.163820000248961
13.636555000630324
13.488439999491675
13.619814000776387
14.01503599845455
13.425402999928338
13.686136000615079
13.512101000742405
13.422930000160704
13.827310998749454
13.905952000641264
13.733821999267093
14.246102000470273
13.225155000327504
13.163359000827768
13.738527999521466
13.66362499902607
12.829699999201694
13.489630000549369
13.848570000845939
13.42939799906162
13.401586998952553
13.800758999423124
13.468719000229612
13.420008999673882
13.444137999613304
13.514710999515955
13.079520000246703
13.702067000849638
13.188631000957685
13.23629400030768
13.689275001524948
13.824239998939447
13.322494000021834
13.262042999485857
13.423427999441628
13.299535001351614
14.083629999731784
13.400256999375415
13.524930998755735
13.265525998576777
14.261002999774064
8.177739000529982
9.850499000094715
9.22976099900552
8.5816810005781
10.657745000571595
9.308767999755219
12.736877000861568
13.565871999162482
14.62947400068515
14.991894000559114
14.654854001491913
13.792251000268152
14.168370000334107
13.511640998331131
14.677455999844824
13.997304999065818
13.52581099854433
13.855872000931413
13.632502999826102
13.94769400030782
13.942773000962916
13.577043000623235
14.047306000065873
13.891781998609076
13.36392600023828
14.071846000661026
13.669557998582604
13.179700999899069
13.504509999620495
12.935365999510395
13.585287999376305
13.719818000026862
13.303226998687023
13.062705998891033
13.664946000062628
13.272215999677428
13.398297000094317
13.699536999411066
13.59963300092204
13.828080000166665
13.245050999103114
13.467079999827547
13.834379000400077
12.992784999369178
13.40896700094163
13.64279399967927
13.884567000786774
13.603123999928357
13.28919299885456
13.873111998691456
13.65727499978675
12.940225999045651
13.112939999700757
13.18607100074587
12.908191998576513
13.623904000269249
13.425287999780267
13.610562999019749
13.812449000397464
13.320973999725538
14.342286000101012
12.899801999083138
12.987959999009036
13.710970000829548
13.859640999726253
14.342345999466488
13.553361999584013
13.696355999854859
13.172502998713753
13.708741000300506
13.310942998941755
13.417677999314037
13.53427999856649
13.640613000461599
14.23666300070181
13.593288000265602
13.495310000507743
14.386159999048687
13.326734999282053
13.632233998578158
13.507940000636154
13.482348998877569
13.497660000211908
13.719656999455765
13.34527499966498
13.43762800024706
13.161722001314047
13.419479999356554
13.703077000172925
13.639214001159417
13.330345000213129
14.247404998968705
14.008182999532437
13.777707999906852
13.86299400110147
13.294572998347576
13.586056000349345
13.408298000285868
14.861780999126495
12.981384999875445
13.485802999639418
13.233853000201634
13.130229001035332
14.404657998966286
14.149189000818296
14.019776001077844
14.066757999898982
13.79060900035256
13.80676900043909
13.428636999378796
13.75546800045413
14.047478000065894
13.970635000077891
13.683461000255193
13.570181999966735
13.659915000971523
15.492019998418982
14.188590999765438
13.90759099922434
13.412243000857416
13.946822999059805
14.321491000373499
14.138965001620818
14.04578700021375
14.270083000155864
13.804939999317867
10.855343000002904
9.91653200071596
9.784988000319572
9.720923999338993
10.328243999538245
10.42377699923236
9.82540899894957
10.361726001065108
10.144440999283688
10.678423999706865
9.869149998849025
9.645262998674298
9.915691000060178
10.561303999566007
10.180938999837963
10.411585999463568
10.780688000522787
9.802397000385099
10.536249999859137
9.877690999928745
10.769129999971483
10.456347999934223
10.463017999427393
10.994194000886637
10.30568300120649
10.017234000770259
10.294351999618812
10.240689998681773
9.897791000184952
9.98293399970862
9.994177000407944
9.77184700059297
9.91456100018695
10.063876999993226
9.835152999585262
9.924152000166941
10.275102000377956
10.136767999938456
10.004714000388049
9.999234000133583
10.452688000441412
10.38002499990398
10.11783700050728
10.809659999722498
7.724945000518346
10.287973000231432
10.17861900072603
9.859789999609347
10.584900999674574
9.921572000166634
9.974906000934425
10.376485000961111
10.839759999726084
10.354383000958478
10.4224989991053
10.225480000372045
10.005406998971011
10.19131500106596
10.08269700105302
10.078238999994937
9.413626001332887
9.985188000428025
10.09865699961665
10.00601699888648
9.867116999885184
10.178079000979778
10.094825998749002
10.259012000460643
10.890614001255017
9.905851000439725
10.141193999515963
9.895908000544296
10.190315000727423
11.038365999411326
10.348784000598243
10.35104799848341
10.150891001103446
10.12029500088829
10.12967000133358
10.2628509994247
10.736240999904112
10.905445999014773
10.721570999521646
9.786086999156396
11.063006000767928
10.76448599997093
10.46516799942765
10.12879700101621
10.292618000676157
11.541545998625224
10.65469399873109
10.057423998659942
10.157317999983206
9.867310000117868
9.78523999947356
9.77256700025464
10.233711000182666
10.650173999238177
10.026735000792542
9.916172999510309
9.725315998366568
10.308842998711043
10.6097719999525
10.47697800095193
10.433299999931478
10.189202999754343
10.418896999908611
10.255052000502474
9.881500000119559
10.187272000621306
10.61911400029203
10.588432000076864
9.707343999252771
10.6657250016724
10.351154998716083
10.280861999490298
9.927381999659701
9.954325998478453
10.141599001144641
10.337962999983574
9.721703998366138
9.82906900026137
9.636882999984664
10.422466000818531
10.455366000314825
10.36570600081177
10.30078300027526
9.7534579999774
10.474319000422838
10.202720999586745
9.546412000418059
9.811167999941972
10.288027000569855
10.84224400074163
11.05270600055519
9.84867899933306
10.61300199944526
9.788557999854675
10.04562399975839
10.012493999965955
10.212925000814721
9.922031000314746
10.11701700008416
10.295272999428562
10.341494000385865
9.715804999359534
10.852979999981471
10.989393998897867
9.950892001143075
9.404334001374082
10.064438998597325
10.663352999472409
10.211271001026034
10.573520999969332
9.967693000362488
10.652513999957591
10.050875000160886
10.371955000664457
10.012004000600427
10.344534999603638
10.313683998901979
10.186845000134781
10.061529999802588
10.392615000455407
11.067588000514661
10.486887000297429
10.575231000984786
9.987863000787911
10.05519499994989
10.001614000429981
9.835961000135285
10.842358999070711
9.340184000393492
10.211070000877953
10.308222999810823
10.042444999271538
10.155791998840868
9.85453799876268
9.62288200025796
10.326933999749599
9.864109999398352
9.777296998436213
9.817170999667724
9.990025999286445
10.17856200087408
10.3681870004948
10.189698999965913
10.790526999699068
10.149711000849493
10.60101199982455
10.060575999887078
10.680605000743526
9.977532999982941
10.504288999072742
10.84727300076338
10.318103999452433
10.833152000486734
10.362873999838484
10.543509999479284
10.697615000026417
9.674707000158378
10.68585500070185
11.18218900046486
9.842991999903461
10.22558800104889
10.27003200033505
10.33268399987719
10.375854999438161
10.078096000142978
10.990034001224558
10.15156100038439
9.855688998868573
10.47549800023262
10.355934000472189
10.31195699943055
10.775271000966313
10.390756000560941
9.558649999235058
10.148847999516875
10.361593998823082
9.715254998809542
10.093980001329328
10.74196599984134
10.49289000002318
10.00454299901321
9.88641000003554
10.391036001237808
11.125597999125603
9.555040000122972
9.887250998872332
12.07649699972535
13.594022999313893
13.428751000901684
13.308323999808636
12.673125000219443
13.395467000009376
12.752778000503895
12.873781000962481
13.806561999444966
13.410998000836116
12.615723999260808
13.134941000316758
12.75522799915052
13.657057999807876
13.43434099908336
13.294283000504947
13.728907000768231
13.494160000846023
12.771605999660096
14.015799999469891
13.495488999978988
13.431387998934952
13.734166999711306
13.2321619985305
13.769357999990461
13.921703000960406
13.279893000799348
14.063226999496692
13.831845000822796
13.730114000281901
13.588142999651609
14.531396000165842
13.754473999142647
13.606918000732549
13.664834999872255
13.081600000077742
13.024345998928766
13.429728000119212
13.823599998431746
13.291868001033436
13.579020000179298
14.146611998512526
13.507179999578511
12.753318000250147
13.524143998438376
13.626754998767865
13.05390700144926
13.736437000261503
14.077846999498433
12.810248999812757
12.996745001146337
13.173270999686792
13.420047998806695
12.995807999686804
13.379903999521048
13.434538001092733
13.392798999120714
13.406206999206915
13.231562001237762
12.87610400140693
13.341665000552894
12.840090999816312
11.000864000379806
10.434935999001027
10.171768999498454
10.957233000226552
10.753976999694714
10.209590000158641
11.095837000539177
9.899511000185157
9.941683998476947
9.891013000014937
9.931832000802387
10.722905000875471
11.024949999409728
9.780136000699713
10.307073000149103
10.917584000708302
10.161596001125872
10.59847400028957
9.977043000617414
7.758046000162722
10.014004001277499
10.24084100026812
10.771416998977656
10.260303000904969
10.173687000133214
10.055164999357658
9.628314999645227
10.225690999504877
10.286792999977479
10.682354000891792
10.123031001057825
11.391480000384036
11.216955999771017
10.64449299883563
10.564046000581584
10.390261999418726
11.617116999332211
10.474688000613241
11.016810000000987
10.149948999242042
10.339493999708793
10.671685000488651
10.09458699991228
11.178259999724105
10.009154000726994
10.365905000071507
10.447707998537226
10.613727001327788
10.437996999826282
10.512668999581365
9.919580999849131
10.825089000718435
10.002983999584103
10.542746000282932
10.241251000479679
10.400586999821826
10.078916000566096
10.371554999437649
10.745676001533866
9.834855000008247
9.978998999940814
10.638943000230938
10.454818000653177
10.152449000088382
9.732761000122991
10.37261000055878
9.82896899949992
10.72503700015659
9.76283900126873
10.164589000851265
9.94270200135361
10.525440000492381
9.741058998770313
10.215960999630624
10.218809999059886
10.199689999353723
9.99315400076739
9.957671998563455
10.070186001030379
10.382584001490613
10.24956299988844
11.233720999371144
10.398655998869799
10.228709999864805
10.417592000521836
10.07039099931717
10.273877000145148
11.30913400083955
10.085876001539873
10.003143999711028
10.624411999742733
10.361495000324794
10.468808000950958
11.300551999738673
10.829229000592022
10.753816999567789
10.60403199880966
10.381390999100404
10.49319999947329
10.968092999974033
10.940181000478333
11.207655999896815
10.475897999640438
11.655763000817387
11.143248000735184
10.376334999818937
9.682674000941915
9.973934000299778
10.339469999962603
10.452208000060637
10.063166999316309
10.041994999482995
10.643084000548697
10.356574999605073
10.67755300027784
10.101364001457114
11.372795999704977
10.499424000954605
10.604783001326723
10.519314000703162
9.840068998528295
11.045906001527328
10.598341999866534
9.942902001057519
9.401285000421922
9.826367000641767
10.493398998733028
10.109937000379432
10.887739999816404
10.674155000742758
10.03782699990552
10.490538999874843
9.828508998907637
11.035485000320477
10.195890001341468
10.693906000597053
10.302582999429433
10.220681000646437
9.93396600097185
9.97283300057461
10.037784999440191
10.668274000636302
10.463738000908052
10.56898199931311
7.897202000094694
10.313888000382576
10.479639000550378
10.438196999530192
10.462227999596507
10.320176999812247
9.821612999076024
9.85169399973529
10.754072000054293
10.332593999919482
11.380015999748139
9.478358000706066
10.362105000240263
10.245886998745846
10.522950000449782
9.980069000448566
10.212425999270636
10.115027998836013
10.415390999696683
10.664770001312718
11.314332999972976
10.651623000740074
12.029068000629195
13.61882300079742
12.926528001116822
13.460438998663449
13.167081000574399
13.442168999972637
12.982535001356155
13.411107000138145
13.361151000935934
14.01994600018952
10.13471800069965
10.02267399962875
9.964312999727554
10.341193999920506
9.739862000060384
10.031114999947022
10.339383999962592
9.78488700093294
8.21816999996372
9.955543999240035
10.270631999446778
10.447086999192834
10.6408139999985
10.12337700012722
9.973123000236228
9.640612999646692
10.196520001045428
10.081311000249116
9.887390999210766
10.530861000006553
10.707525001635076
10.004260000641807
10.08722500046133
10.006418999182642
10.069840998767177
9.958356999050011
10.827333999259281
10.316699001123197
10.032725000201026
9.778907000509207
9.986858000047505
10.244365001199185
9.76548700054991
10.50186899919936
10.751721998531139
10.319409000658197
10.029375000158325
9.94333199923858
10.058875001050183
9.80009299928497
10.252054999000393
10.51230400116765
10.638644000209752
10.103135999088408
10.320309000235284
10.257341000396991
10.883666000154335
9.779015999811236
10.212850998868817
10.279652000463102
10.38145599886775
10.524548999455874
10.34175400127424
10.838079999302863
10.267671999827144
10.241751000648947
10.096676998728071
10.104836999744293
9.976633999031037
9.89185000071302
10.237891001452226
10.394110999186523
10.431320000861888
10.073061999719357
10.488298999916879
10.631183000441524
11.502098999699228
9.777368000868591
9.960163000869215
10.252161000607884
10.102677000759286
10.57306199982122
9.830098000747967
9.646283999245497
10.318024000298465
9.7753059999377
10.19811900005152
10.187664000113728
10.375646001193672
10.447586999362102
10.43627800027025
9.725975000037579
10.317212998415926
10.144447998754913
10.006672999224975
7.8257680015667574
10.792568000397296
9.850859998550732
10.533049999139621
10.054116000901558
9.713184999782243
10.26898199961579
10.050106000562664
10.333862999686971
10.17276399943512
10.203044999798294
9.808343000258901
9.88350000079663
10.071366999909515
9.971698000299511
10.63820399940596
10.72038500024064
9.842698998909327
10.756687001048704
10.055284999907599
10.475957000380731
10.075445999973454
10.271687999193091
10.201560000496102
9.788165998543263
10.148088000278221
10.653602999809664
10.069520998513326
10.332780000680941
10.615781999149476
9.924631000103545
10.468009000760503
10.048295000160579
10.593406999760191
10.042244999567629
10.387061000074027
10.326614001314738
10.396870999102248
10.323889000574127
11.829709999801707
10.404946000562632
10.233696000796044
10.34341500053415
10.283261999575188
9.908771000482375
10.129437001523911
10.580557000139379
10.208825000518118
10.487409001143533
10.266921999573242
10.046977000456536
11.142018998725689
10.813078999490244
12.239670999406371
13.434783000775496
13.543521001338377
13.761382999291527
13.574618000347982
13.772346999758156
13.380952001170954
13.137160000042059
13.574352999057737
13.712755999222281
13.598752999314456
13.334055000086664
12.801508999473299
13.38332599880232
13.974753999718814
14.30869999967399
14.290683999206522
13.707726999200531
13.860360999387922
13.850739998815698
13.690976000361843
13.857666999683715
13.86894399911398
13.835589999871445
13.753107999946224
13.20319499973266
13.081043000056525
14.09103799960576
13.471958998707123
13.753667999480967
14.018546000443166
13.7123070016969
14.234453001336078
14.160276001348393
13.721837000048254
12.909593000586028
14.26416000140307
14.547671999025624
13.488779999534017
13.940172999355127
13.657944000442512
13.78476900026726
13.272523001433001
13.942232999397675
13.46616499904485
13.48663900171232
13.94802299910225
13.29718499982846
13.676104999831296
13.745028998528142
13.46680899951025
13.839515000654501
13.55647200034582
13.288272999488981
13.221765999333002
13.09690100060834
13.70791699991969
13.082527000733535
13.648424999701092
13.024636000409373
13.094881000142777
13.68937599909259
13.905996998801129
13.568865999332047
13.873151001462247
13.447888000882813
13.413452999884612
13.30628899995645
13.855156001227442
13.608871999167604
13.847229998646071
13.672275001226808
13.299174001076608
13.071052999293897
13.792142999591306
13.624933999381028
13.448642999719596
13.70086099996115
13.479920000463608
13.676165001015761
14.16056999914872
13.0752669992944
14.182290000462672
13.459218998832512
13.453237999783596
13.191269999879296
12.929618000271148
12.92360200022813
13.585843000328168
13.61372199971811
13.32399000057194
12.907557000289671
13.445687998682843
13.215366001531947
13.179989999116515
13.524729998607654
13.769748000413529
13.555591998738237
13.628492999487207
13.586852999651455
13.611308999315952
13.386581000304432
13.407578000624198
14.052208000066457
13.311783999597537
13.567972000601003
13.554012999520637
13.112299000567873
13.137559000824695
13.520855998649495
13.167471999622649
13.057166999715264
14.031385999260237
13.101663000270491
13.210731000071974
13.333004999367404
13.207715999669745
13.668606001374428
13.551035999626038
14.556418000211124
13.979033999930834
13.701805999517092
13.707217000046512
14.263429000493488
14.388091998625896
9.981223998693167
9.983002999433666
11.241641999731655
10.548431000643177
11.229731000639731
10.21853999918676
10.580471000139369
10.239750999971875
10.893172000578488
10.24416200016276
10.39993499944103
12.781443001586013
13.544901999921422
13.81125899933977
14.01189200078079
13.792309999189456
13.754712999798357
13.964613999633002
13.957749999462976
13.696011001229635
13.447118999465602
13.313228999322746
13.478343998940545
13.266058000226622
12.845305998780532
13.184470000851434
13.068673000816489
13.671635000719107
13.701818001209176
13.397946999248234
13.478475000738399
13.563001999500557
13.613224999062368
13.464775000102236
13.528375999158015
13.636259000122664
13.805959999444894
13.919323000664008
14.301155000794097
13.588712999990094
14.042230999621097
13.812429999234155
13.677533001100528
13.652225999976508
14.03735599888023
13.408917000560905
13.703766000617179
13.45023899921216
13.578312000390724
13.330431000213139
13.77787399906083
13.843845999872428
14.669636000689934
13.55811299981724
13.979433999338653
13.503150001270114
13.592432000223198
13.707821000934928
13.993134998599999
13.838599999871803
13.970994999908726
14.038135999726364
14.036411999768461
14.334245999634732
13.844731000062893
14.202722000845824
13.410176999968826
13.821810998706496
14.896593000230496
14.500911000141059
13.766268999461317
13.573927999459556
13.86967899998126
13.464870000461815
13.530951999200624
12.896940999780782
14.043426999705844
13.419762000921764
12.87836099982087
13.34058500106039
13.81228000172996
13.565653000114253
13.697755999601213
13.324334999197163
13.42615800058411
13.038306000453304
13.67404600023292
13.215321001553093
13.186580999899888
13.634843999170698
13.614252999104792
14.109186999121448
13.699426001039683
13.793484000416356
13.821230000758078
13.572572001066874
13.533911000195076
13.20102899990161
13.499379998393124
13.439119000395294
14.095087999521638
13.875172000552993
14.060177998544532
13.357657999222283
13.448147999952198
13.133688999005244
14.503781001621974
13.990744000693667
13.817821001794073
13.868051000827109
13.24249200115446
13.709349999771803
13.534039999285596
13.273070000650478
13.472470000124304
14.484340001217788
13.364849000936374
13.768097998763551
14.254132000132813
13.738257001023157
13.40430999880482
14.29506299973582
13.591332999567385
13.32368499970471
13.215680999564938
13.567911999416538
14.111119000517647
9.791057000256842
10.015004001616035
10.121752999111777
10.540410999965388
9.834629001488793
10.275550999722327
9.984663000068394
11.134420001326362
10.31732499905047
10.921631999735837
9.984693000660627
10.479311999006313
9.923741999955382
11.237165999773424
9.928324001521105
9.772288000021945
10.747385000286158
10.438467001222307
9.668897999290493
9.850978000031319
10.188120000748313
9.790427999178064
10.061324999696808
10.411297000246122
10.48690199968405
10.637810999469366
10.773336000056588
10.652718001438188
10.199774000284378
10.137424000276951
11.143920000904473
9.403007999935653
10.17226799922355
10.76341699990735
11.181251000380144
11.08459699935338
10.763137999674655
10.875841000597575
9.213504001309047
11.260182000114582
10.24870900073438
10.900123999817879
11.321803000100772
10.828348000359256
10.530059000302572
10.126516999662272
10.349403999498463
10.260641000058968
9.82884899894998
11.265462999290321
13.135973998942063
14.97576499969
13.377201001276262
13.276972998937708
14.34611600052449
13.700824998522876
13.218150999819045
14.994046001447714
13.56460199895082
13.617384998724447
14.099498999712523
13.674914998773602
13.556564999817056
12.786408000465599
13.023595998674864
13.555512001403258
13.547941998695023
13.35586700042768
12.708835000012186
12.99132600070152
12.515430000348715
13.344713999686064
12.99677499991958
13.781349000055343
13.604731999294017
13.658276000569458
12.841459998526261
13.419658000202617
13.259394001579494
14.286143999925116
13.81332000164548
13.131720001183567
13.538741000957089
13.847430998794152
13.037455999437952
14.046667000002344
13.701994999792078
13.237921999461832
13.635675999466912
13.12808999864501
12.916122001115582
13.13124899934337
13.26176299880899
13.136559000486159
13.123079999786569
13.797430001432076
12.821020000046701
13.763944001766504
13.490610001099412
13.766869000392035
13.287345998833189
14.091965000261553
13.347114998396137
13.727327999731642
13.460357999065309
13.700278001124389
13.388908999331761
13.343937000172446
13.933883999925456
12.89450200056308
13.905301999329822
13.52891300120973
13.635154000439798
13.139722001142218
13.295852999362978
13.432437999654212
13.139901999238646
12.601121999978204
12.861031000284129
12.77180800025235
13.168819001293741
12.838390999604599
12.618882999959169
12.640826998904231
13.539542000216898
13.414667000688496
13.737860999754048
12.875332000476192
13.521683000362827
13.659075999385095
13.184763000026578
13.198180000472348
12.559065000459668
13.502888999937568
12.923663000037777
12.820852998629562
13.682795000931947
13.786998999421485
14.092989000346279
13.527789998988737
13.59177399899636
13.44518100086134
13.06983299946296
13.21077200009313
13.357276000533602
12.700368999503553
13.02481600032479
13.04651600003126
12.781010998878628
13.634427001306904
13.448981000692584
14.045967000129167
12.836651001634891
13.512051998986863
12.810358999558957
13.681235001058667
13.671816999703879
12.777050998920458
12.91197499995178
13.539341000068816
13.066640000033658
13.607573999252054
13.439090998872416
13.35853500131634
13.324704999831738
12.87343200056057
13.653203999638208
12.947098000950064
12.915312001496204
13.624444000015501
13.353925000046729
13.956213999335887
13.490852999893832
13.162094999643159
13.342547999855014
13.596413000414032
13.3192279990908
13.190282999858027
13.235203001386253
13.860950999514898
13.14949900006468
12.848640999436611
13.132537998899352
13.350338000236661
13.245820999145508
13.155631000699941
13.25531200018304
13.588292998974794
12.675407999267918
13.236894001238397
13.480072000675136
13.435286999083473
13.722420000704005
14.434906999667874
13.653657000759267
13.70114699966507
13.590293001470855
13.655417000336456
13.615113999549067
13.227254999947036
13.93728299990471
12.813659001039923
14.006506000441732
13.192401000196696
14.441337998505333
13.571032000982086
12.932125000588712
13.006282000787905
13.127578999046818
13.3176059989637
13.32363700021233
13.556129999415134
13.153380999938236
12.975593001101515
12.815910000426811
13.779769000393571
12.899631999971461
12.81308000034187
13.116948000970297
13.460558000588208
13.293284000610583
13.395267000305466
13.80011800029024
13.29440400149906
13.532520999433473
13.364125999942189
13.128041000527446
13.62366600005771
13.84105100078159
13.9915950003342
13.699236000320525
13.253873001303873
12.692296000750503
13.301553999554017
12.782768999386462
13.781789000859135
14.049896000869921
14.000324999869918
12.871910999820102
13.601083001049119
13.115028999891365
13.03097600066394
13.874481999664567
13.488309999956982
13.717666999582434
13.267801999973017
12.879120999059523
12.83983299981628
13.043916000242461
12.83035199958249
12.847961001170916
13.385889000346651
13.213889000326162
12.81027900040499
13.526991000617272
13.904374000048847
13.366019999011769
14.042406999578816
13.31012500122597
13.730726999710896
13.252462000309606
13.37467600023956
13.241464999737218
12.787597999704303
10.571151000476675
10.440259999086265
11.100346000603167
10.079535000841133
11.003105000781943
10.712027000408852
11.059206000936683
10.088201001053676
11.823001999800908
11.185321000084514
10.717839999415446
13.822639999489184
13.84393300031661
13.811327999064815
13.80582900128502
13.950484000815777
14.271733998612035
9.195118998832186
12.133931999414926
13.416736999715795
13.287902000229224
13.908961998822633
14.099608000833541
15.35777900062385
13.809337000566302
12.870180999016156
11.958304001382203
11.224980999031686
12.453527999241487
10.115486998984125
10.08567900134949
10.310563000530237
10.06051500007743
9.757445999639458
10.011084001234849
10.43260900041787
10.014677998697152
10.42874500126345
9.273581999877933
10.275411999828066
10.955452999041881
9.843187999649672
10.173419999773614
9.879540999463643
10.247811000226648
11.284514001090429
10.047104999102885
9.72797500071465
9.834508999119862
9.011873000417836
10.15286799884052
10.22457100043539
10.374404999311082
10.085076000905246
10.110196999448817
10.176658999625943
10.869939998883638
9.97468399873469
9.82074299827218
10.191489998760517
9.751395000421326
10.637835999659728
10.747897000328521
10.030167000877555
10.463747999892803
10.321173998818267
10.325534000003245
10.436526999910711
9.73141500071506
10.488979000001564
10.1228710009309
9.846299000855652
10.376583999459399
10.010417001467431
10.240479999993113
10.480988999916008
9.480388000156381
10.39220600068802
9.965973000362283
10.366004000388784
10.120168000867125
10.106077001182712
10.252510999634978
9.996835000492865
9.861319998890394
9.99630300066201
10.312683998563443
9.801827000046615
8.360775000255671
10.633683001287864
9.707505001642858
10.138247998838779
10.43974700041872
10.217311000815243
10.458947999723023
11.713596000845428
13.440459000776173
13.085361999401357
13.660464999702526
12.955232999956934
13.826070999130025
13.52072000008775
13.960606000182452
14.057877999221091
13.198201000705012
14.013275000252179
13.416086998404353
13.559242001065286
13.067167999906815
13.746777000051225
13.86410099985369
12.985364000996924
13.423066999166622
12.901085001431056
13.203591001001769
12.662557999647106
13.208672000473598
13.134938999428414
13.09904800109507
13.474149000103353
13.669206000486156
13.691277999896556
13.75261500106717
13.046127000052365
13.497690000804141
13.3110549995763
13.39473900043231
12.840150000556605
13.577251998867723
13.975260000734124
13.42344800104911
13.250342000901583
13.797708999845781
13.107103999573155
13.044467999861808
13.09503000084078
12.876250999397598
12.889402998553123
13.811429000270437
12.932585999806179
12.889623998489697
12.903926999570103
13.127438000083202
13.297935000082362
13.77768800011836
13.8196230000176
13.97209899914742
14.078148000407964
13.530603000617702
14.019398000527872
13.822385000821669
13.953613000921905
14.058782000574865
13.902531998610357
13.982185000713798
13.261936001072172
12.980794001123286
13.623214999824995
12.953405999724055
13.23707200026547
13.535424999645329
13.301918999786722
13.75010999981896
12.833132999730879
13.78899100018316
13.575025999671197
13.28836799984856
13.60665600077482
13.126019000992528
13.45785900048213
13.76334999986284
13.544413999625249
13.836200998412096
13.582682000560453
13.052497000899166
13.498312000592705
13.614724000944989
13.478081998982816
14.006732999405358
13.686015001439955
13.863992000551661
13.336227000763756
13.194962000852684
13.416169998890837
13.400486999671557
13.579663000200526
14.145209001071635
13.277145000756718
12.998914999116096
13.58604400047625
13.686229000086314
13.710587998502888
13.085056998534128
13.226152001152514
14.097788000071887
13.441279001199291
13.835691001077066
13.594993000879185
13.868100999388844
13.268699000036577
13.009530000999803
13.496325998858083
13.48360399970261
13.800090000586351
13.682426000741543
13.691087999177398
13.92049300011422
13.370036000196706
13.74797699827468
13.056412000878481
13.71034099975077
13.482190001013805
13.384336998569779
13.346869998713373
13.086457998724654
13.832495000315248
13.803489999190788
13.259323000966106
13.33224500012875
13.471610000124201
13.521400000172434
13.422043999526068
12.961024000105681
13.4870640013105
13.389673000347102
13.165009999283939
13.615039000796969
13.762818000031984
13.290893999510445
13.877317000151379
13.879350999559392
13.081228000373812
13.406996999037801
13.546936999773607
13.593207999292645
13.707271999010118
13.49944999856234
13.53790199937066
10.455306999574532
13.197616999605088
13.532991000829497
13.404856001216103
13.445028000205639
13.233322000814951
12.964760000613751
13.648774000103003
12.943532999997842
13.588503999926616
13.593153000329039
13.879021998945973
14.057188000151655
13.62338400031149
13.540756999645964
13.806048998958431
13.394251000136137
13.448719000734854
14.105899001151556
13.515676000679377
13.862397001503268
14.258037001127377
14.28422299977683
13.769348999630893
13.372747000175877
13.408941000307095
13.332775000890251
13.681006001206697
13.004140000703046
13.514129999748548
13.613963999887346
10.03964499977883
9.95877199966344
9.846997998465667
10.103051999976742
10.347044000809547
10.085456000524573
10.785848000523401
10.46880900139513
10.439231999043841
9.710114998597419
10.163248000026215
9.772512001291034
9.57407599889848
9.53388299967628
10.104552000484546
11.172509000971331
10.367464001319604
10.956398999041994
10.559790998740937
9.926162001647754
10.25169100103085
9.93331199970271
10.346294000555645
10.041344999990542
9.58723099938652
10.964012999465922
9.771667000677553
10.150747999432497
9.823073998632026
10.522199001570698
10.370496000177809
10.296198999640183
9.835823000685195
10.442897999382694
9.655342000769451
10.906501998761087
10.10096599929966
10.110176001035143
9.87023999914527
10.686523999538622
10.46161900012521
10.176449000937282
9.773686999324127
10.383849999925587
10.525751000386663
10.367864999352605
11.16613900012453
10.097716000018409
9.925084999849787
10.525450001296122
10.41024599908269
9.655853000367642
9.794527000849484
10.744896999312914
10.430657001052168
9.892410000247764
9.673878999819863
10.051799999928335
10.294981999322772
10.160649000681587
9.771817000000738
10.088888999234769
10.299613000825047
10.448996999912197
10.399790999144898
10.59987700136844
10.088937000546139
10.595512001600582
10.228830999039928
11.009469999407884
9.611332001441042
10.602991000268958
10.465381999892998
10.004464000303415
10.209690999545273
10.61093200041796
10.56912100102636
10.269942999002524
11.012864000804257
9.914827000102377
10.260511999149458
11.19363100042392
10.116997000295669
10.179189999689697
10.379008001109469
10.838029000296956
9.591280999302398
10.046736000731471
10.265353001159383
10.817438998856233
10.094236999066197
10.129288000825909
10.634382999342051
9.95825200152467
10.323972999685793
10.264560998621164
10.332563999327249
9.858000001258915
10.5980919997819
11.25608199981798
11.055614999349928
10.584366998955375
9.83062900013465
10.600581001199316
10.051169998405385
9.871640000710613
10.083160999784013
9.735917001307826
9.880325000267476
10.329742999601876
9.848229999988689
11.003425001035794
9.77994799904991
12.62974300152564
14.220953999029007
13.925253000707016
13.675976999365957
13.698216000193497
13.562391999585088
14.039856001545559
13.829415998770855
13.618574001156958
13.404188001004513
13.510449998648255
13.628314000015962
14.039706999028567
13.284994000059669
13.375956999880145
13.734741998632671
13.01698099996429
13.582798001152696
13.372826999329845
13.162799999918207
13.52843099994061
13.433918998998706
13.31909500004258
13.452609000523807
13.495488999978988
13.227551999079878
13.859212000170373
13.759477998974035
13.582362000306603
13.479961000484764
13.344064998818794
14.20082100048603
13.277988999107038
13.239232001069468
13.436404000458424
12.880292000772897
13.219901000411483
12.91673200103105
13.27331399988907
13.68249600091076
12.94911900004081
13.892597000449314
13.8140500002919
13.876122000510804
13.922932999776094
14.410922000024584
14.681591999760712
13.917658001446398
13.888737999877776
13.417784999546711
13.518092000595061
14.001756000652676
13.400865998846712
13.508080000974587
13.822205999531434
9.55846500073676
10.237376000077347
10.28231300006155
10.076925000248593
9.919301000991254
9.897070000079111
10.100126999532222
9.733945998959825
9.78820300042571
10.320983999918099
9.753096999702393
10.865779999221559
10.708514999350882
11.24826200066309
9.670343000834691
9.766097000465379
9.948888000508305
10.10771300025226
9.992674000386614
9.597111000402947
10.18080900030327
10.502208999241702
9.692749999885564
10.106347001055838
10.294473999238107
9.818698999879416
11.261502000706969
10.203125000771252
10.205380000115838
10.38023500041163
10.436987000502995
9.98708899896883
9.836415001700516
10.547325999141322
9.94717299909098
9.845534001215128
10.008663999542478
9.841778000918566
10.725475000072038
9.937132999766618
10.042329999123467
9.93156599906797
9.80146700021578
9.762951998709468
10.660030000508414
9.966666999389417
10.788917999889236
9.57849000042188
9.883009999612113
10.114521999639692
10.275663000356872
10.060741000415874
9.99587299884297
10.432897001010133
10.12525700025435
10.466918000020087
10.15858900063904
10.574592000921257
10.060376000183169
10.903080999923986
10.638804000336677
10.048125999674085
10.195468999881996
10.38680500096234
10.664163999535958
9.891071000311058
10.103302000061376
10.301992999302456
9.766147000846104
10.821638999914285
10.110115999850677
10.189220000029309
10.603341999740223
10.288192999723833
9.877865999442292
10.27131100090628
9.498962999714422
10.322889000235591
9.495628999502514
9.700685001007514
10.237500000584987
10.337829999116366
10.277352999764844
9.84366900047462
10.055081000245991
10.087111000757432
10.09123699986958
10.376654001447605
10.079386000143131
9.681688999990001
9.625223001421546
10.892849999436294
11.535235000337707
11.065352000514395
10.94138699954783
9.509089000857784
10.36227499935194
9.775702999831992
9.991062999688438
9.815477998927236
9.73869099834701
10.150374000659212
9.998502999224002
