Messages/sec=34.39
duration_sec=60.025
payload_size_bytes=1048576
total_messages=2064
payload_throughput_MiB_sec=34.39
mean_rtt_ms=26.528
median_rtt_ms=27.811
stddev_ms=4.113
min_ms=9.443
max_ms=38.144
---raw_latencies_ms---
13.685555000847671
16.976495999188046
11.104617000455619
10.921902001427952
12.217474000863149
11.793611000030069
14.072277999730431
12.013204999675509
13.405396999587538
12.32805399922654
10.023154000009526
10.36051499977475
11.709445001542917
13.042056998529006
10.553190000791801
13.679645999218337
11.871480999616324
9.819226999752573
13.26563300062844
12.13664900024014
11.859599999297643
31.506401001024642
28.35523199973977
27.068104000136373
28.39913199932198
28.002080998703605
28.30299000015657
28.132613999332534
27.928468998652534
27.159324001331697
27.730013000109466
28.152864999356098
27.31851399948937
28.553190000820905
28.126396999141434
27.292758000839967
28.74874400004046
27.23105699988082
27.329791000738624
27.761223000197788
28.487194000263116
27.27170800062595
28.562016999785556
27.70609199978935
28.18515899889462
25.85896599885018
28.01726999859966
27.921519000301487
29.053102000034414
29.136803999790573
27.82293600103003
27.979880998827866
27.41246199911984
25.794413000767236
30.050814000787796
21.21415300098306
16.746508999858634
29.077393000989105
24.642528000185848
15.93040599982487
13.129728999047074
13.664205000168295
13.86399100010749
13.531610999052646
10.201305000009597
10.311119000107283
10.242612001093221
10.43003699851397
10.613222999381833
10.165948999201646
10.15714799905254
9.518808999928297
10.791757998958929
10.442467999382643
9.95697299913445
10.099587998411153
9.6858440010692
9.962862999600475
10.753516000477248
10.88009500017506
10.058237001430825
11.401055999158416
10.206588998698862
9.443326000109664
21.63754799948947
25.83833399876312
18.678467999052373
24.550866000936367
23.567492000438506
23.786241999914637
23.318497998843668
27.828635998957907
28.7601239997457
27.34818200042355
27.1663540006557
28.62312999968708
29.353316000197083
27.879387000211864
28.754213000866002
28.988890999244177
28.148874000180513
27.37903299930622
28.908063999551814
28.482674000770203
23.124792000089656
24.1478840016498
19.120334000035655
23.55219299897726
21.950357000605436
21.096750999276992
19.22919400021783
19.111949999569333
24.257686998680583
22.530709000420757
24.976188999062288
24.10986600079923
24.45102799902088
28.04856600050698
28.123124000558164
26.563227000224288
26.98923400021158
28.606498999579344
27.658599999995204
26.669200000469573
27.397052999731386
28.494674999819836
28.303279999818187
28.417943000022206
29.28186900135188
28.86416600085795
28.326700999969034
27.583219000007375
28.040241000780952
26.62100799898326
29.036752001047716
27.518675999090192
26.57476000058523
27.51743499902659
27.193066000108956
28.467973999795504
28.155183999842848
28.808326000216766
27.545406001081574
28.318013999523828
27.865465001013945
28.09597300074529
24.535014999855775
28.888177999760956
27.549016998818843
29.347756999413832
30.146815999614773
27.950283998507075
29.11006000067573
28.35909600071318
27.62926000104926
26.307489999453537
29.210168000645353
28.123684000092908
28.78771500036237
29.891586998928688
29.125977998774033
28.780357000869117
29.211296001449227
28.59136299957754
27.26148799956718
27.0247409989679
28.37504200033436
27.93283800019708
26.63296999890008
27.767543000663863
27.467920001072343
27.722651000658516
29.03762200003257
28.39066300111881
28.059832999133505
27.653776000079233
28.170840998427593
29.43300499828183
29.626570001710206
29.519252000682172
29.812306000167155
27.179325001270627
27.108533000500756
28.00056600062817
28.634880000026897
26.964859000145225
25.0202299994271
18.191958000898012
23.591885999849183
24.18704599949706
26.314048998756334
24.37566500157118
24.266652000733302
25.08183200006897
25.323719000880374
23.58535699931963
24.13548300137336
27.904327998840017
27.75361299973156
30.382633000044734
29.170334999435
31.38791400124319
30.674225999973714
27.691436000168324
28.394372000548174
28.57801300160645
25.331778000690974
18.822640999133
26.589867999064154
18.011837000813102
24.324649000845966
21.036619998994865
25.77797300000384
21.942536001006374
23.603257999639027
22.743371000615298
23.866264999014675
24.471438000546186
25.293837999925017
27.367417000277783
27.176675999726285
27.06352199857065
28.18263500012108
28.035991999786347
28.426602999388706
26.592718000756577
28.254029000891023
28.039083999829018
29.308710998520837
29.395762001513503
30.079209000177798
29.38566800003173
27.97287899920775
27.190935999897192
28.896498000904103
29.980121000335203
29.004616000747774
27.54253700004483
28.773477000868297
28.16063799946278
27.34904099997948
29.396503001407837
26.59931800008053
26.975703000061912
28.46501400017587
29.635920998771326
27.68380000088655
27.37947199966584
28.115954000895726
28.613208000024315
26.81049499915389
28.89793699978327
28.090034000342712
27.278318999378826
27.596918000199366
27.952038999501383
27.315979999912088
27.53504599968437
27.959859999100445
28.70048200020392
26.69918599895027
28.220205998877645
27.25821000058204
28.714492000290193
28.724602998408955
28.555007000250043
27.371011001378065
25.832524999714224
27.598959000897594
19.55150399953709
23.679119998632814
23.99474899902998
17.93758500025433
26.23750200109498
24.357471000257647
21.853053998711403
30.312970999148092
29.277970001203357
28.631870000026538
28.197046000059345
28.19466300024942
27.34318599868857
27.720120999219944
27.369641000404954
27.90543700029957
27.891288000319037
27.79713299969444
29.394412000328884
26.932943999781855
30.084943000474595
29.17535900087387
29.394203000265406
27.61451100013801
27.66030199927627
28.902978001497104
28.39653199953318
26.1819250008557
25.960224000300514
27.90948700021545
28.541987998323748
28.364370999042876
27.655820000290987
27.139784000610234
28.018103999784216
29.269618999023805
28.337931998976273
25.94082699943101
21.952727000098093
27.542096000615857
27.79933700003312
27.256044999376172
28.55069199904392
28.47406999899249
28.284624000662006
28.428917999917758
27.092494998214534
25.527977999445284
28.163975999632385
29.110044000844937
28.459996001402033
28.393982000125106
27.387981999709154
27.655150001010043
27.746873000069172
26.81665599993721
27.56180799951835
27.435838999736006
28.698427000563242
27.00473999902897
29.123272999640903
27.59740700093971
27.01140099998156
27.851081000335398
28.28643400061992
27.462924999781535
27.22451599947817
27.442843998869648
27.200480999454157
27.891896999790333
27.65456099950825
28.78950500053179
27.187654999579536
28.295034999246127
29.131966999557335
27.2997200008831
28.10913699977391
28.38838200113969
25.729671999215498
28.370130999974208
28.6499299982097
26.986773000317044
27.764489001128823
28.072172000975115
27.946869000516017
27.368241999283782
27.10555200064846
29.218580999440746
27.97506000024441
28.657933000431512
26.92957799990836
27.2188670005562
28.73664300022938
27.89662800023507
26.721991000158596
26.959467999404296
27.30954000071506
27.26946099937777
28.113688000303227
26.956439000059618
27.15340800023114
28.728752999086282
29.195077000622405
29.68261100068048
27.963000000454485
28.004523001072812
27.159627999935765
29.57883900126035
28.25785799905134
28.01051000096777
27.89448700059438
27.8290050009673
28.60520900139818
27.888778000487946
26.72273200005293
27.50924700012547
28.447014001358184
28.04654200008372
26.020190998679027
27.52551800040237
27.94553899911989
29.06133499891439
27.754512000683462
27.920468000957044
28.698502999759512
27.583996999965166
29.029211000306532
25.240635999580263
28.441675000067335
27.702282000973355
28.06711199991696
27.78079499876185
27.60979800041241
29.12070499951369
26.14616400023806
27.668110000377055
27.259038999545737
28.72841299904394
28.965228999368264
27.461480000056326
27.967170000920305
27.219756999329547
27.201186001548194
27.901827999812667
28.79522500006715
27.714392001144006
27.43295399886847
27.05954699922586
27.651108999634744
27.93299499899149
27.11556800022663
27.827110001453548
26.829013999304152
26.98502500061295
27.89761699932569
28.29162899979565
27.391912999519263
28.103972999815596
26.690775999668404
28.170495001177187
26.980042001014226
28.617669999221107
27.873167000507237
27.948017999733565
29.132030000255327
26.91154700005427
27.68432100128848
28.839676999268704
28.495765998741263
28.187746000185143
28.429928999685217
27.417114999479963
27.651100999719347
27.44485400035046
27.41419300036796
27.664355000524665
27.691571000104886
26.976929999364074
27.557106999665848
27.664880000884295
26.06446099889581
27.779484998973203
27.513401000760496
28.110482000556658
27.508856999702402
27.325060000293888
28.419842999937828
30.1429110004392
29.836415998943266
28.617358999326825
28.846386998338858
28.546561999974074
29.794677000609227
28.843555999628734
28.04130799995619
29.10732499913138
27.521951000380795
28.363815999910003
25.422661999982665
27.73124200029997
27.456204001282458
27.728181001293706
27.652979999402305
28.09397400051239
27.206362001379603
29.202677000284893
28.384682000250905
26.911638999081333
28.50984600081574
26.792969001689926
27.164815001015086
28.58677699987311
27.40651200110733
27.72383200135664
28.567097000632202
28.922798001076444
27.2688940003718
27.952448999712942
27.974884000286693
27.491605000250274
27.624209000350675
26.28001800076163
18.370488000073237
22.31640699937998
19.118070998956682
23.84662399890658
19.555734001187375
22.416671001337818
19.580525000492344
23.59558700118214
28.46895000038785
27.017491000151495
28.94127899890009
27.93052900051407
28.006440999888582
28.505279999080813
28.066623000995605
29.473529999449966
27.947709000727627
28.54556700003741
26.650949999748264
27.578208000704763
27.521641000930686
28.21145699999761
28.16770500066923
29.037771999355755
27.627568999378127
28.19834699948842
29.430024000248522
28.582657998413197
29.07036299984611
28.180056000564946
27.846275001138565
28.478784999606432
29.14776699981303
28.7179830011155
28.400553001119988
27.41421800055832
25.6828100009443
29.67285699924105
27.672240999891073
27.68869999999879
28.02154099845211
27.870105999681982
27.840515000207233
27.760634000514983
25.932487998943543
29.06619299938029
28.085263000320992
27.302294000037364
27.698251000401797
28.188895999846864
19.811662001302466
22.965797999859205
20.824622000873205
26.694991000113077
22.326608001094428
21.055953999166377
21.40614000018104
22.00509999966016
24.691660000826232
26.235428000290995
23.79950700014888
23.005217999525485
23.849724000683636
24.61219799988612
25.12583299903781
24.519116999726975
24.400320999120595
26.8112640005711
24.419251998551772
24.5476560012321
24.98250800090318
24.491075999321765
25.778363000426907
24.476311999023892
25.625627999033895
23.81461400000262
25.44678300000669
23.45206199970562
24.16745600021386
24.19543399992108
24.186804999771994
22.592876999624423
26.43086199896061
25.212734999513486
26.182704999882844
23.708139999143896
24.945977000243147
25.09476200066274
27.507855000294512
27.651432999846293
29.417293999358662
27.699503998519504
27.951558999120607
28.252187999896705
28.298678998908144
27.85711700016691
27.422491999459453
29.528776000006474
28.27401900140103
29.67924199947447
26.970220998919103
29.05543300039426
28.211936998559395
28.862916999059962
28.855627000666573
29.12068500154419
27.98817999973835
26.3671520006028
28.044232001775526
27.67043099993316
27.836876000947086
27.741182999307057
27.893197000594228
28.001750999465003
27.630029999272665
28.551456998684444
28.781143999367487
27.831445999254356
28.06676299951505
27.569297000809456
28.922718000103487
26.22528699976101
26.652304999515763
28.192457000841387
27.891117000763188
27.629119000266655
27.596968999205274
25.526245999571984
28.225377000126173
27.585617999648093
27.916933000597055
27.515096000570338
28.013660999931744
27.885356999831856
27.630661001239787
29.219486999863875
27.688849999321974
28.355871998428483
28.606591000425396
28.789654999854974
27.332720999766025
27.529795999726048
28.39087299980747
26.41077499902167
27.626299000985455
27.65501999965636
28.3378209987859
27.85821100042085
27.861128999575158
27.96265899996797
28.29569899950002
27.97126100085734
27.83068499957153
28.254278000531485
27.939533998505794
27.357793998817215
28.180336001241812
28.382383001371636
27.323579999574577
28.561119999721996
28.31665099984093
29.181305999372853
27.529455999683705
27.593778000664315
28.479395999966073
27.375200999813387
29.249837998577277
28.176187001008657
28.32679000130156
27.16960799989465
28.280508999159792
29.15714799928537
29.55062199907843
28.52541900028882
28.772023999408702
28.86971599946264
26.493465000385186
28.63638999951945
27.95262899962836
28.23640699898533
27.487107001434197
26.892025000051945
27.577229999224073
29.629880000356934
28.130044000135968
26.999350000551203
28.85236599831842
27.833858999656513
27.63959900039481
28.68331100034993
28.109284001402557
28.41644199907023
26.6109209987917
28.778691001207335
29.73283299979812
23.815904000002774
20.92100499976368
23.224734999530483
19.292646000394598
20.183632999760448
23.806113000318874
22.472007000033045
24.40967099937552
24.463633000777918
25.107982000918128
24.84871500018926
25.051356000403757
24.013858999751392
25.811826999415644
25.80572299848427
23.90668600128265
27.909237000130815
29.053202999421046
28.376841999488533
27.89206699890201
27.493307999975514
28.747753998686676
28.268657999433344
28.322869999101385
28.395622999596526
27.02843399856647
28.529055998660624
28.96764099932625
27.856255999722634
27.90000200002396
29.09436300069501
26.986335999026778
27.2869090003951
29.657409999344964
26.941088999592466
26.896671999566024
27.87156100021093
28.912292000313755
28.65974500127777
27.95928999876196
27.73363199958112
30.72584399888001
32.001792000301066
30.40885799964599
28.44246499989822
27.806295000118553
27.082672000688035
28.99017999880016
28.495387001385097
27.380311001252267
28.262419000384398
27.28940000088187
27.82554600162257
29.103453998686746
27.66031999999541
27.487751000080607
28.1520599983196
27.90977800032124
29.04175799994846
28.45039400017413
26.997305001714267
27.91414399871428
28.22346199900494
27.493256000525435
27.81327500088082
27.57659800045076
27.90824699877703
28.155944999525673
28.340460999970674
28.719132000333047
28.47195700087468
28.019501000017044
27.95235800113005
27.04411199920287
27.54159699907177
28.106219000619603
29.0432720012177
27.64033899984497
27.153843999258243
27.39327199924446
27.070893000200158
27.33243200054858
28.392162999807624
27.71444099926157
27.048040999943623
28.45022300061828
28.044527000020025
24.618097999336896
28.581168000528123
28.150545998869347
27.77678399979777
27.818763999675866
28.457545000492246
28.922077999595786
29.60396500020579
29.092484001012053
28.16064400030882
27.5539159993059
27.983975000097416
28.68891199977952
28.33042000020214
27.65868000096816
27.030269999158918
28.329110999038676
28.29559000019799
27.715741000065464
27.779314001236344
27.964065000560367
28.882237000289024
28.313331000390463
27.865545998793095
28.434813999410835
29.120524999598274
26.114227999642026
28.06104299997969
28.189311000460293
27.47477499906381
22.587366000152542
22.65895799973805
26.574318000712083
21.14449200053059
23.543975001302897
17.589643999599502
24.892655999792623
20.44383199972799
26.309149001463084
29.034492999926442
27.143789000547258
27.26200400138623
27.441481999630923
27.61101899886853
26.548152000032132
33.35236999919289
31.29196900044917
29.242208000141545
28.39245700124593
27.902952000658843
30.537033000655356
28.558056999827386
29.134378000890138
28.563697000208776
28.15924099922995
27.89218699945195
27.776332999565057
28.848566000306164
28.409788001226843
29.736704000242753
27.936648999457248
26.94360899840831
28.01376000024902
29.28582499953336
28.05928199995833
26.365245999841136
25.241227998776594
20.430620999832172
22.34382299866411
26.358233000792097
26.324206999561284
27.80216700011806
28.950015001100837
29.516165999666555
29.025787000136916
27.79968499999086
28.57627999946999
27.484214999276446
30.211712000891566
28.986815999815008
27.511381000294932
29.585894000774715
29.517367000153172
29.117849000613205
28.815759998906287
28.950837999218493
30.788456000664155
28.832125999542768
29.30543999900692
29.660631000297144
29.53049600000668
26.982256000337657
28.883061999295023
27.383368000300834
29.932633999123937
29.178476999732084
28.704516000289004
28.997236000577686
27.94243799871765
28.33610299967404
27.995382999506546
28.300048999881255
28.581709000718547
22.7482999998756
17.795539999497123
22.53415499944822
21.381719001510646
27.254686998276156
28.232497999852058
28.20309900016582
21.04370699998981
23.447532999853138
20.250734998626285
24.39557099933154
18.181592000473756
23.054010000123526
21.947336001176154
26.398382000479614
22.242426000957494
25.34954000111611
24.664349999511614
23.64332899924193
23.834343999624252
24.503434999132878
24.221526000474114
25.40801199938869
24.485386999003822
24.867663998520584
23.084102000211715
25.260939999498078
25.436732999878586
26.374971001132508
24.809218000882538
24.49939399957657
23.083730999132968
27.547235000383807
24.782812999546877
20.237013999576448
28.519666000647703
28.32563100128027
25.897011000779457
29.480147999493056
28.00463099993067
28.152554999905988
28.133745001468924
27.321605000906857
26.27475600093021
27.189020000150776
27.545896999072284
28.40714199919603
28.743703000145615
27.63015100026678
27.22647699920344
27.911536999454256
27.931447999435477
27.23169599994435
27.671730998918065
28.130214999691816
28.35481100009929
28.607358999579446
27.53178599959938
28.705913000521832
27.447523998489487
27.648748999126838
29.267918998812092
28.97546100030013
28.60326200061536
26.998938999895472
28.437838000172633
27.951088999543572
29.444204999890644
28.41581299981044
27.65972000088368
28.278169000259368
29.443905001244275
27.96482000121614
28.578557999935583
27.337821000401163
27.24001699971268
28.2325279986253
28.67126699857181
27.364251000108197
27.892426998732844
28.566181001224322
26.250626000546617
27.79482400001143
28.936458998941816
27.91486999922199
26.940629000819172
28.339561000393587
27.322568999807118
27.573125998969772
26.396092000140925
26.80736499860359
29.637723000632832
27.89498799938883
27.678440999807208
27.38155299994105
27.68451599877153
29.330434999792487
27.94282899958489
27.993679999781307
27.388640999561176
28.205749998960528
28.20993099885527
26.59541100001661
18.79187099984847
26.29982799953723
27.08469300159777
27.920278000237886
27.671810999891022
28.453644999899552
28.571450000526966
29.63170099974377
28.593187000296894
28.25404699979117
27.87217600052827
29.4424040002923
26.67329299947596
27.310351999403792
28.194906999488012
27.602770998782944
28.200795000884682
28.42981600042549
27.51992599951336
26.77624300122261
28.52775599967572
27.720805001081317
25.459065998802544
29.46159000020998
29.848955000488786
28.336130000752746
28.946749998794985
27.875510000740178
26.920479998807423
28.363080999042722
28.074156000002404
29.01251099865476
28.43825699892477
27.77943100045377
29.456543999913265
27.476905001094565
27.974990000075195
28.842206000263104
27.444493998700636
29.49557600004482
28.237849999641185
29.975055998875177
26.85407599892642
22.31049700094445
24.313709000125527
23.830624000765965
25.114903000940103
20.6864179999684
22.4001730002783
21.9941449995531
21.21832700140658
25.881178999043186
24.566838999817264
25.25288700053352
23.401193000609055
24.35564000006707
24.750041999141104
28.60283799964236
28.39286199923663
28.290969999943627
27.81896099986625
27.570233000005828
28.798960000131046
28.090417999919737
28.20147700003872
27.032635998693877
28.21137200044177
30.847612000798108
30.474814999251976
29.06650799923227
29.34567600095761
28.85291100028553
27.592847000050824
27.103513000838575
27.733764000004157
25.243380998290377
27.24232199943799
28.043422998962342
24.0291400004935
24.956147999546374
27.889298000445706
26.497249000385636
22.068775999287027
27.546931998585933
25.325208000140265
25.37988999938534
23.231100998600596
23.421451998729026
23.28580700122984
23.768332999679842
26.36537699982
24.430371000562445
27.14767399993434
24.966368000605144
23.314928999752738
25.328518999231164
26.65153499947337
25.30039900011616
23.71715099980065
25.495004998447257
25.29812899956596
27.578137998716556
26.873942000747775
26.844574998904136
28.36298500005796
29.78297000117891
23.253735998878255
20.636535999074113
24.960718001239
22.96384799956286
23.384350000924314
20.902636000755592
27.883156000825693
18.160581999836722
22.82042299884779
22.136293000585283
21.890604999498464
21.993608001139364
23.298697000427637
24.74835199973313
25.498824999885983
24.165282999092597
24.55829700011236
23.793903001205763
24.557800999900792
24.014215001443517
22.50203500079806
26.93828100018436
23.872865000157617
25.71657600128674
14.18346299942641
14.372817000548821
13.94045599954552
15.08067599934293
14.837201000773348
14.44201000049361
13.937563999206759
14.378815998497885
14.560083000105806
14.14192899937916
14.340666000862257
13.990217999889865
14.320426000267616
14.23512200017285
14.20009100002062
14.471601998593542
14.302704999863636
14.33957500012184
14.602344001104939
13.699417000680114
13.848133001374663
13.743751000220072
13.095218999296776
13.11259800058906
13.825943000483676
14.54429699879256
10.519740000745514
12.551630999951158
11.176556999998866
10.711478000303032
10.51120700140018
12.099878000299213
10.362858998632873
10.06216099995072
11.169432998940465
10.576796001259936
10.36174100045173
10.580001999187516
11.008044999471167
10.496362001504167
10.7161960004305
10.645593998560798
10.899840999627486
11.042883001209702
10.352004999731435
10.267486999509856
11.348333999194438
11.164329000166617
10.928445000899956
10.94898699921032
11.013649998858455
11.257722000664216
10.654055999111733
11.491426001157379
10.159446999750799
9.901635999995051
9.811322001041844
11.523704999490292
11.154558000271209
10.820068000612082
11.624963999565807
10.838794998562662
11.233461000301759
10.889301000133855
10.658674998921924
11.093045999587048
28.16102500037232
28.699721000521095
28.472419999161502
29.60232900113624
28.660895999564673
27.54397699936817
31.059523998919758
27.84360599980573
27.62027999960992
27.162095000676345
27.40201300002809
28.273104000618332
28.044341999702738
28.467588999774307
27.770373999373987
28.032870999595616
28.647899998759385
28.013290000671986
28.50849499918695
28.54059200035408
29.347096000492456
27.761102999647846
29.04303700051969
29.13592100048845
29.730667998592253
29.199510001490125
29.17230599996401
27.800054998806445
27.811674000986386
28.396682000675355
28.992744999413844
29.242388000056962
29.83769599995867
28.16990400060604
26.92426700014039
27.876452000782592
30.150696000418975
29.087283999615465
25.533265999911237
29.485946000932017
30.822435999652953
34.420952999425936
35.41109599973424
32.036827000410995
38.14366599908681
34.195480999187566
27.23538500140421
24.967293000372592
30.9601200006
34.41303099862125
34.027458999844384
31.995726998502505
31.27488300015102
31.933337000737083
33.103024999945774
33.17752300063148
31.069848999322858
32.04726600051799
28.265549000934698
27.390740000555525
29.578618999948958
29.14548599983391
27.834226000777562
29.825093000908964
28.301160000410164
29.292789000464836
28.65701100017759
28.538652000861475
27.831125000375323
28.596471000128076
21.514394000405446
22.3080680007115
23.53545400001167
23.42769099959696
23.71418300026562
23.463396999432007
24.946514999101055
24.422053998932824
25.164696000501863
25.071934000152396
26.772893999805092
26.056194001284894
28.297700999246445
30.25504700053716
28.886526000860613
28.587578000951908
27.769883001383278
28.944380001121317
27.359372999853804
29.07368399974075
27.325889999701758
28.79067400135682
27.957420999882743
26.85332799956086
27.160275998539873
29.6720419992198
27.68547000050603
28.421868999430444
27.839251000841614
29.44779499921424
28.659609999522218
29.797535000398057
29.29571999993641
28.63999200053513
27.489664000313496
28.855536000264692
28.48908600026334
21.91559499988216
21.692559001166956
26.907417999609606
29.664343999684206
28.233607999936794
28.255388999241404
27.891027999430662
28.51293700041424
30.124665001494577
29.988401000082376
27.827685000374913
28.59092899961979
29.404593999061035
29.18121900074766
27.18095800082665
27.434392999566626
30.79492799952277
28.896752999571618
29.553693000707426
29.83845600101631
27.189116000954527
27.003716000763234
25.025594999533496
24.35244899970712
27.40535200064187
24.62418799950683
25.821053999607102
27.035012000851566
22.214954000446596
24.255446000097436
26.484536998395924
24.66839899898332
21.60071800062724
25.069481998798437
24.54883500104188
26.598537999234395
28.16986600009841
27.562321000004886
28.71110300111468
27.554319000046235
29.005518999838387
28.321920999587746
30.074053998760064
28.66080000057991
27.646310998534318
29.76240600037272
28.636101000302006
29.161388001739397
26.562257000477985
29.607439999381313
27.729352999813273
27.660039999318542
28.19104599984712
28.04873199966096
28.851056000348763
29.279518999828724
28.978791000554338
28.254408000066178
28.800214999137097
27.787106000687345
28.42471599979035
27.01987000000372
28.28484899873729
29.609420000269893
27.8201450000779
27.279788999294396
28.501835999122704
28.680350998911308
27.034290998926735
29.610498999318224
28.63532999981544
28.1393780005601
28.230878000613302
28.757572999893455
29.455445999701624
28.351492001092993
29.794255000524572
28.616972000236274
28.720673000862007
30.057191999731003
28.295545000219136
28.1996869998693
28.86656199916615
29.409037000732496
28.640729999096948
27.81942500041623
29.293059998963145
30.78329500021937
27.920239001105074
28.935859001649078
31.111094998777844
27.816335999887087
28.38897299989185
27.623399000731297
29.82498600067629
29.221258000688977
30.282238998552202
29.202462999819545
31.06530299919541
30.305911001050845
28.562507999595255
28.135467000538483
27.65342999919085
29.55158999975538
29.71667199926742
27.949821000220254
28.14849499918637
27.21624699915992
27.59269800117181
29.384015000687214
29.114427999957115
27.834526999868103
28.718583000227227
28.710812999634072
27.7001559989003
27.631579998342204
29.897823000283097
27.628947998891817
27.376127000025008
27.9837910002243
28.848181000284967
27.728881001166883
27.94971399998758
26.719131999925594
27.318647000356577
27.695312001014827
28.933548999702907
28.388097000060952
28.79515499989793
28.118403999542352
24.104042000544723
27.68950700010464
28.993033000006108
28.44382399962342
27.81431500079634
31.359238000732148
31.40065799925651
31.31018099884386
28.291068998441915
27.118822999909753
28.535478000776493
29.512955999962287
28.9105190004193
27.914038000744767
28.107684000133304
29.70689699941431
28.09207999962382
28.493705000073533
28.713237999909325
28.393303000484593
30.219807998946635
28.224846999364672
29.520637999667088
29.378146999079036
27.619590000540484
28.868268000223907
28.613227999812807
27.25241799998912
27.516348000062862
27.797783999631065
28.41663300023356
28.812475000449922
28.53602600043814
27.367861001039273
27.174524999281857
28.46872600093775
27.775402999395737
28.217147000759724
27.540897001017584
28.095723000660655
26.82075400116446
28.19900999929814
28.25848300017242
28.041301000484964
26.783854000314022
26.712101000157418
27.581772999837995
27.811005000330624
28.19887599980575
27.555265000046347
27.229436998823076
27.5128159992164
27.81541600052151
28.808445000322536
27.613829999609152
27.615019000222674
27.28203399965423
27.992395000183024
27.15829499902611
28.99831099966832
28.148655001132283
28.38213200084283
28.860447000624845
23.76604199889698
23.8335840003856
20.662577999246423
26.474283000425203
17.64112599994405
22.016729000824853
25.705230998937623
24.774532999799703
22.749271000066074
20.507352999629802
21.93591600007494
22.28922599897487
25.297678001152235
24.066920999757713
23.127287000534125
24.110862001180067
23.930105999170337
25.744881999344216
22.362409999914235
25.847900000371737
25.13218800049799
24.439942000753945
25.99603999988176
22.043545000997256
24.60104700003285
25.66610000030778
25.11861299899465
23.48904400059837
24.56968600017717
25.565786001607194
24.594496999270632
25.89316599915037
24.474982999890926
23.69274000011501
24.55568600089464
25.756802000614698
26.102615000127116
21.731875000114087
27.888377000635955
24.63116299986723
24.370229000851396
23.17631000005349
25.40551600031904
25.509674998829723
24.3270789997041
25.311548999525257
24.106261000270024
22.415077000914607
26.956808998875204
28.479124999648775
27.29544999965583
25.40728199892328
29.06835300018429
16.839691999848583
19.202012999812723
21.237934999589925
18.86723300049198
15.604554000674398
21.777676998681272
20.527702999970643
24.423892000413616
21.647018000294338
24.6351189998677
24.1774140013149
24.616927999886684
22.946427001443226
23.935436000101618
26.382060999821988
24.484652998580714
24.458257999867783
25.547505998474662
25.390216998857795
23.672584000451025
27.954568999120966
27.59204900030454
28.960620000361814
28.212667999468977
27.304690000164555
28.60627400150406
28.238738999789348
27.895468001588597
28.752113999871654
27.444088000265765
28.752038000675384
31.58953999991354
27.657800001179567
30.63153000039165
28.122269999585114
28.761084000507253
27.838085999974282
28.85288200013747
29.101784000886255
27.957283999057836
30.72165599951404
29.844095999578713
26.84138500080735
28.207127001223853
27.347211000233074
30.233379000492278
28.858026998932473
29.01229099916236
27.351150998583762
30.071192999457708
27.59842799969192
28.58940700025414
25.803893999182037
21.465391999299754
21.16866299911635
20.654578000176116
23.933247999593732
24.579037999501452
24.377489999096724
27.761952998844208
25.93361800063576
27.648690000205534
25.067152000701753
26.25012700082152
24.45448800062877
27.518085998963215
28.083646999220946
28.89144800064969
28.08888300023682
28.30620999884559
28.73900499980664
28.431474000171875
26.206728000033763
27.124052998260595
27.58159900076862
27.281548998871585
28.50389500054007
22.929827000552905
24.10222199978307
20.969847000742448
20.412739999301266
27.776323999205488
28.450894000343396
28.90419700088387
27.47092899880954
27.851486000145087
27.830544999233098
28.355611000733916
28.771323999535525
30.009250998773496
27.801144000477507
29.620059998705983
28.57725799913169
29.059032998702605
28.88914799950726
27.796524998848327
27.761072999055614
27.418992000093567
28.918701000293368
28.586182999788434
28.19758699843078
26.03922100024647
28.279117999773007
28.397502999723656
27.72971400008828
27.606738000031328
28.349084001092706
28.863272000307916
27.57851199930883
26.673656000639312
28.849522001110017
28.433483999833697
27.528339000127744
23.712199999863515
30.108384999039117
28.553905998705886
28.469755001424346
27.639948999421904
27.644181000141543
29.136934999769437
27.72498100057419
27.76333299880207
26.89276699857146
27.87371699923824
28.03325400054746
28.225947000464657
26.539116999629186
28.111223999076174
28.520898998976918
27.59770199918421
28.220677999343025
28.167225000288454
27.092033000371885
28.10277699973085
28.548338001201046
28.03801200025191
27.976530000159983
27.057001998400665
27.923507999730646
28.026863999912166
29.117587000655476
27.955229001236148
26.604957000017748
28.177718999359058
28.25850800036278
28.298459999859915
27.23060799871746
28.165335999801755
26.25645700027235
27.832225001475308
29.69401299924357
27.394554001148208
28.90466899953026
28.213707000759314
28.298220000579022
28.784033998817904
27.97024999927089
28.199890999530908
27.99121499992907
27.828244999909657
28.403352998793707
28.52607699969667
27.96692899937625
28.319619999820134
28.371212001729873
29.034622000835952
28.157734999695094
27.935727999647497
27.40280500074732
28.84880700003123
28.446154999983264
26.87786699971184
28.66454100148985
28.60718900046777
26.81611700063513
27.028803000575863
27.261909999651834
27.68759299942758
26.911998000286985
26.92370000113442
28.340192999166902
27.495264999743085
29.306548000022303
27.80272899872216
27.439714000138338
29.06296299988753
29.90151800077001
26.828714999282965
28.356331000395585
28.637260000323295
26.71420099977695
27.744422999603557
26.630439000655315
27.85133500037773
28.722658000333467
28.559606998896925
28.387192998707178
27.955509998719208
28.260964001674438
28.937069000676274
26.808704000359285
28.892887999973027
28.007541000988567
29.592969000077574
28.17560099902039
27.955528999882517
29.333644999496755
28.448353999920073
26.36783000161813
27.827785999761545
27.31829999902402
27.81094499914616
28.909318998557865
27.389032999053597
27.65218099921185
27.220702000704478
28.39818299980834
28.30850999998802
29.013186000156566
27.9228380004497
27.085519001047942
28.443694000088726
28.480594999564346
28.093832999729784
26.586218000375084
27.362951999748475
27.885057001185487
27.425592999861692
28.81778399932955
28.815209998356295
27.930947000641027
27.639144000204396
29.565498000010848
27.429492000010214
26.183130999925197
28.74771300048451
27.531835999980103
27.49039499940409
27.02606200000446
28.116654000768904
27.535950999663328
28.35501600020507
28.245493000213173
28.770794000593014
26.77851299995382
26.914677999229752
27.03384999949776
28.25544900042587
28.82865399988077
28.619139000511495
27.58768699823122
28.947848999450798
28.205757000250742
26.61320799961686
27.74767800110567
27.4787539983663
27.74632399996335
28.5110810000333
27.823245000035968
27.127913999720477
28.568702000484336
28.287528999499045
28.119803999288706
27.63292900090164
26.61745899968082
27.938103001361014
26.716041000327095
28.440133999538375
28.543028000058257
27.669981000144617
27.64154999931634
28.15039999950386
27.454332999695907
26.713930999903823
26.92094700068992
28.65805100009311
27.67095600029279
26.98251500078186
27.720908001356293
26.695585000197752
27.256968000074266
28.122194000388845
27.948929000558564
27.964078999502817
29.254578999825753
26.524205000896472
27.430833000835264
27.213147001020843
27.506606000315514
27.827294999951846
28.261057999770856
26.55634699840448
27.959309998550452
27.56515299915918
28.95006899962027
27.87614100088831
29.120463999788626
28.804780000427854
27.32246000050509
26.94778899967787
26.424243000292336
28.25816800032044
28.71234300073411
27.115052998851752
28.246558998944238
29.1741759992874
27.316359000906232
27.01652500036289
28.512801000033505
27.739162998841493
25.81287499924656
27.864851001140778
28.091058000427438
28.08825300053286
28.079271000024164
28.33510599884903
28.802594999433495
27.32748899870785
27.47342499969818
27.685691000442603
27.72202699998161
28.175296998597332
27.90611799900944
27.089663000879227
28.99200300089433
28.56504000010318
27.877926999281044
29.52912700129673
28.668970000580885
26.69659000093816
28.993980000450392
28.81349499875796
29.239826999400975
28.71008200054348
28.586598999027046
26.391970999611658
28.584417999809375
27.79229499901703
26.169024999035173
27.805494999483926
28.72298799957207
29.140776001440827
28.6208199995599
29.001801000049454
28.561876999447122
28.560826998727862
28.324411001449334
27.03432199996314
25.993539000410237
27.94886999981827
28.232886999830953
29.221126998891123
28.527346999908332
28.993030999117764
28.06274199974723
28.60819999841624
28.01715100031288
27.8484379996371
28.123028998379596
27.535530998648028
28.75070399932156
27.6693809992139
27.826297000501654
28.385002000504755
28.945232001206023
26.6398889998527
28.188689999296912
28.204506999827572
29.147994999220828
27.466408000691445
28.65383300013491
27.300088999254513
27.868627999851014
27.937638998992043
28.055644001142355
28.155016001619515
27.737653001167928
26.664389999496052
27.01221200004511
27.710623000530177
26.657378999516368
27.752964000683278
28.753823999068118
28.908908998346305
28.441524000299978
28.829466000388493
27.049494001403218
29.37879299861379
27.766832999986946
27.724581999791553
29.387794000285794
28.681620000497787
28.200556998854154
28.158654999060673
28.767883999535115
27.795107000201824
28.630459999476443
28.84687600089819
27.366882999558584
27.869625999301206
28.147304999947664
28.226107000591583
28.475126000557793
26.834536000023945
27.401891999033978
29.110125000443077
28.269088999877567
27.733003000321332
25.813903999733157
28.47520499926759
28.30518999871856
28.04545100116229
28.469005999795627
27.962174999629497
28.56151300147758
26.800865000041085
29.33607999875676
27.889450000657234
28.431823000573786
29.659091000212356
28.625290000491077
27.99661099925288
28.922149000209174
27.435485999376397
28.154977000667714
28.479417000198737
27.17289499923936
27.253713000391144
26.63746899997932
27.231837000726955
27.576984000916127
27.980812001260347
27.93354899949918
27.358882000044105
27.720141999452608
28.04478200050653
27.256990000751102
27.50314500008244
28.01096300026984
28.053416999682668
28.62086899949645
28.085883999665384
27.118284000607673
28.282179000598262
28.118443999119336
27.48092500041821
27.372405000278377
29.609511999296956
27.894756000023335
29.256593999889446
28.581460001078085
29.650669999682577
27.210107000428252
28.744502998961252
27.794015000836225
27.99038000011933
27.535215000170865
29.308619999937946
27.62726899891277
27.195217999178567
28.81035599966708
27.212297998630675
28.569860000061453
27.96369000134291
28.881326999908197
27.374551000320935
27.972790001513204
27.228375998674892
26.548837000518688
28.93805900021107
28.74846300073841
29.22077699986403
28.255389001060394
28.031343001202913
27.883897000720026
28.43591300006665
28.021120000630617
28.203776999362162
28.85437599979923
27.884195998922223
27.547787000003154
28.436356000383967
27.768150999690988
28.90096699957212
28.05482499934442
28.30534199893009
28.44072300104017
27.78622500045458
28.884957000627765
28.060802000254625
28.318370999841136
28.598717999557266
28.0707709989656
28.055462000338593
27.928616998906364
27.992891999019776
28.832085999965784
27.87512900067668
27.338361000147415
28.55472800001735
27.632888000880484
27.380072000596556
28.104753999286913
26.87537599922507
28.5872489985195
27.67066399974283
26.51622100165696
27.642099999866332
26.89320700119424
26.447312999152928
27.165985000465298
29.022676000749925
28.059546999429585
27.09254199908173
27.887877000466688
27.185106000615633
26.600588998917374
28.05938299934496
28.195590999530395
27.258918000370613
26.99847099938779
27.637885001240647
28.969570999834104
28.058837000571657
28.066712000509142
27.23249300106545
27.542505000383244
27.707102000931627
28.30558999994537
28.32489499996882
21.892386001127306
26.920166999843786
21.600166999633075
24.270225998407113
24.84142499997688
23.64293799837469
