Messages/sec=34.10
duration_sec=60.005
payload_size_bytes=1048576
total_messages=2046
payload_throughput_MiB_sec=34.10
mean_rtt_ms=26.864
median_rtt_ms=27.703
stddev_ms=2.690
min_ms=9.426
max_ms=44.658
---raw_latencies_ms---
26.33004999916011
27.68046100027277
29.800115000398364
32.27451500060852
34.786987998813856
32.250719999865396
28.24659299949417
28.207446999658714
27.073362000010093
27.18851600002381
23.756302000037977
11.02048499888042
12.797278999642003
10.983333999320166
10.093885999594931
9.426106000319123
12.60490299864614
11.277191999397473
13.84386099925905
13.294913000208908
14.12850199994864
13.651667999511119
13.609433999590692
13.506500999937998
13.533550998545252
13.568821999797365
13.91289200000756
17.665636998572154
24.759612999332603
24.31800900012604
25.28102799988119
23.98362799976894
23.60686099927989
23.481633001210866
23.695420000876766
23.573574999318225
23.93428199866321
22.511102999487775
23.538755000117817
23.338348999459413
23.774231998686446
25.623399000323843
23.250381998877856
27.596523001193418
28.908168000270962
27.78335400034848
28.814790000978974
27.621519000604167
28.88173799874494
23.083144000338507
21.552353999140905
22.45879200017953
25.0186590001249
29.215516999101965
22.873134999827016
26.513685999816516
20.461312000406906
21.69143900027848
16.6895670008671
21.079500000269036
25.337489998491947
27.05821599920455
27.327320000040345
27.753893000408425
27.371225000024424
27.307278998705442
27.746277999540325
26.643690000128117
28.328890000921092
28.765732999090687
27.744053999413154
26.71158200064383
28.30901100060146
28.560056998685468
29.091037999023683
26.560051999695133
26.385705999928177
28.675907000433654
26.581654001347488
28.063530999133945
29.172826998546952
27.931558001000667
29.052437999780523
29.19951600051718
28.6761919996934
29.684827000892255
26.526306000960176
27.5615979990107
27.67302099891822
28.580318999956944
24.885595999876386
28.284698999414104
28.610851999474107
27.52731700093136
24.73530200040841
26.062540999191697
26.119815000129165
16.706178001186345
24.237366000306793
23.5498740003095
23.35717999994813
24.48886400088668
24.52733500103932
24.583858001278713
27.520247000211384
24.663369000336388
25.12833299988415
24.43881799990777
25.77590299915755
26.11332400010724
25.34865099914896
24.59033600098337
24.437951999061625
21.664899999450427
25.69115000005695
24.397170998781803
25.160878998576663
24.53183499892475
25.40070200120681
24.933269000030123
24.5080839995353
23.2467669993639
25.050903001101688
27.099722999992082
26.43272299974342
18.251874000270618
28.56143700046232
24.059461000433657
19.79160100017907
18.75901099992916
22.953526999117457
21.496482999282307
23.617107999598375
24.299688999235514
23.93590999963635
19.83453300090332
25.215425999704166
28.764353999576997
27.47304699914821
28.951969999980065
28.46573399983754
26.738021999335615
17.762470999514335
27.01761199932662
28.13151400005154
27.423231998909614
26.456374000190408
27.793213999757427
27.207607001400902
28.096243000618415
30.73932400002377
28.22635899974557
29.29322499949194
27.7009490000637
28.636754999752156
23.992828999325866
19.79889099857246
22.90249499856145
21.888085000682622
21.532513999773073
22.57648600061657
26.105705999725615
28.865068999948562
27.786933998868335
28.07292300167319
25.093043001106707
22.152383000502596
20.97884700015129
18.05674800016277
24.595386999862967
23.533626001153607
17.335145999823
22.05712999966636
25.855765999949654
24.19643600114796
23.836013999243733
25.884665999910794
25.266578999435296
27.910788001463516
22.975289000896737
21.487903999513946
21.933375999651616
20.096630998523324
24.700740999833215
24.349520001123892
25.30239000043366
26.737164000223856
24.888105999707477
28.030145000229822
28.583498000443797
27.764323000155855
27.521085999978823
28.177750999020645
27.133233999848017
28.304290000960464
27.41543400043156
27.677190000758856
28.724472998874262
28.293089000726468
27.558645999306464
28.09399400030088
28.09369299939135
29.752484999335138
28.704161999485223
27.93408900106442
27.892055999473087
27.467115000035847
27.87716599959822
27.542146999621764
27.474524000353995
27.558726998904604
27.570627999011776
27.762871999584604
29.107824999300647
28.462314998250804
27.96513100111042
26.79178300058993
26.71283199924801
27.885786999831907
25.359470999319456
25.061371001356747
19.127902000036556
23.32328900047287
23.880435999672045
19.202615998437977
22.168742998474045
20.794653000848484
26.148904998990474
21.155902000828064
25.919996998709394
23.439631000655936
27.196768000067095
28.44627699960256
27.634568999928888
29.392742999334587
28.320478999376064
28.133865000199876
28.50764599861577
28.230287000042154
28.577438999491278
27.795363999757683
29.073423000227194
27.618550000624964
27.835685999889392
26.610798999172403
28.789206999135786
26.923597000859445
29.445493999446626
26.694660999055486
29.051022000203375
28.96829999917827
27.734531000533025
27.76321300007112
25.88672599995334
28.66725000058068
29.503515999749652
26.675103001252864
27.640831000098842
28.68951199889125
29.27196000018739
28.465784000218264
27.08961699863721
27.535286000784254
27.639015001113876
26.593904000037583
25.144174000161
20.368719000543933
27.004990000932594
19.65667799959192
18.26104499923531
22.78643199861108
20.802211998670828
20.885365000140155
27.385511999455048
21.171023001443245
21.82623299995612
25.371440999151673
23.433231001035892
22.98771900132124
24.907262000851915
27.79772400026559
27.569587999096257
28.293179000684177
22.626248000960913
21.691947998988326
29.39613700073096
27.8518310005893
28.513434999695164
30.589014000725
23.24888099974487
20.713940999485203
23.420146000717068
19.185498998922412
20.421134000571328
23.420092999003828
26.75108900075429
24.68888700059324
23.83676599856699
23.836174001189647
25.517546999253682
25.83308600151213
24.98337099859782
23.41961300044204
24.048981998930685
23.598368001330527
20.656618999055354
21.357580000767484
22.04325099955895
18.194202999438858
25.85996699963289
23.653379999814206
23.45286300078442
23.469244999432703
24.726962999920943
24.629228999401676
26.126374999876134
25.062123000680003
23.11958400059666
23.6008080009924
23.122485999920173
28.083864999643993
27.50450900020951
27.396505000069737
28.26087900029961
28.384915000060573
28.036962999976822
26.703841000198736
27.393422000386636
22.12150100058352
25.209564999386203
18.02721800049767
20.595256000888185
24.72092099924339
22.436980998463696
23.80306299892254
26.005169000200112
26.823394999155425
21.69417799996154
25.37621100054821
19.658946999697946
24.13870800046425
18.422053999529453
20.25849500023469
19.999857000584598
20.9737370005314
22.065230999942287
23.145264000049792
23.77438199982862
25.4810840015125
25.751543000296806
23.581381999974838
22.425641000154428
24.39953099928971
20.115040000746376
17.978305999349686
27.463378999527777
22.76438000080816
21.669193998604896
26.5568209997582
27.339359001416597
28.015650001179893
26.880626999627566
27.003569999578758
27.564161000555032
27.49158400001761
27.15380999870831
25.984968999182456
28.572937999342685
27.639528998406604
27.13109299838834
27.581058000578196
27.088999000625336
27.042191000873572
28.370801999699324
28.007310000248253
27.306759999191854
28.633169999011443
26.0905270006333
28.52252200136718
27.526927000508294
27.895137000086834
27.552912000828655
27.79625900075189
27.4614339996333
28.419763999409042
27.3996129999432
28.862347000540467
28.74032799991255
27.229937000811333
27.532447000339744
28.169113998956163
27.480845999889425
25.912970999343088
28.4670040000492
27.704912001354387
28.07356299854291
27.761493000070914
27.245589000813197
29.09484900010284
27.980037999441265
29.00280100038799
27.581897998970817
27.566987000682275
27.933784000197193
29.938388999653398
29.25465900079871
26.402152001537615
28.712631999951554
28.220217000125558
28.02140199855785
27.66220000012254
29.351895000218065
29.26845300135028
25.33764500003599
28.57017799942696
28.060657999958494
26.315715000237105
27.239455999733764
26.20785200087994
27.94094900127675
28.12661899952218
27.724183000827907
27.764822998506133
25.82603500013647
27.983760001006885
27.560807000554632
26.642709999578074
28.423332998499973
28.701014000034775
27.80201399946236
28.973508999115438
28.6713730001793
27.595858999120537
28.405474999090075
28.28321800006961
30.049424000026193
26.918478000879986
27.39754600042943
27.877087000888423
27.94055800040951
27.558375999433338
28.219308000188903
27.257698000539676
24.091831999612623
19.226264999815612
23.97931900122785
17.388358999596676
25.264417001380934
19.253815999036306
25.14875299857522
24.378860998695018
26.538416001130827
26.86618600091606
26.616712000759435
26.57671199995093
26.46488599930308
28.24690899979032
27.030000999729964
27.83236399955058
27.300748000925523
27.539197999431053
28.25558800032013
27.885370000149123
28.390155001034145
27.772005998485838
27.459593999083154
28.22609599934367
28.360160999000072
26.72315199924924
28.924718000780558
26.78389500033518
24.999138999191928
22.558225000466336
23.44009499938693
27.518846000020858
21.515813999940292
24.684332000106224
22.931636000066646
26.145737001570524
25.10551200066402
24.897467001210316
25.02054899923678
25.10894199986069
22.528903999045724
26.25213999999687
25.61171799970907
25.271397998949396
22.772451999117038
25.612827999793808
25.046583999937866
23.483283999667037
25.52626800024882
23.989397999685025
25.821764998909202
25.816244999077753
28.017062000799342
27.520085999640287
28.039545000865473
27.643460000035702
27.674531000229763
27.027805999750854
27.72067700061598
27.539455999431084
27.403476000472438
27.499525000166614
27.87196600002062
27.73665600034292
28.163856000901433
27.88243800023338
27.881697000339045
26.905708000413142
27.507664999575354
27.78566699998919
28.2019059995946
28.892427999380743
28.40880300027493
28.351981000014348
27.60901100009505
28.978700000152458
26.894650000031106
28.476925999711966
28.304281000600895
28.111363999414607
27.461556999696768
28.381403000821592
28.570028000103775
27.825127999676624
28.743793000103324
27.1905860008701
28.144615000201156
27.118452999275178
27.891506999367266
27.752026000598562
28.452939000999322
27.195260998269077
28.083963001336087
27.621017999990727
28.2617279990518
27.531526999155176
26.05934100029117
28.0675739995786
27.949228999204934
27.55304700076522
27.809913999590208
27.85004700126592
28.467525000451133
26.847646000533132
28.544946000693017
28.899318000185303
28.497065000919974
28.224937999766553
29.632585001309053
28.908928999953787
26.487564000490238
28.42110399978992
29.48438699968392
28.81567600161361
28.600178999113268
28.275701000893605
27.806972999314894
26.9205510012398
27.532166999662877
27.02172099998279
29.500545999326278
28.279971000301884
29.8309160007193
30.17928699955519
25.8629550007754
28.30695500051661
28.660179999860702
28.90020799895865
26.969439000822604
27.85125800073729
26.7624820007768
27.354580000974238
28.791337999791722
28.697450999970897
30.613602999437717
29.861650000384543
22.09404600034759
24.203275001127622
24.791323001409182
28.91864900084329
22.381115000825957
24.101121998683084
23.101028999008122
24.979259998872294
44.658307000645436
22.9430270010198
27.858297000420862
28.124545000537182
25.301358000433538
24.649855000461685
22.911584999746992
28.321000001596985
28.593893999641296
29.989005999595975
29.61994899851561
29.215947999546188
31.267279000530834
31.516519000433618
28.284153999265982
32.060994000858045
28.23024800090934
27.417493000029936
27.896076999240904
28.105793999202433
28.796989001421025
27.665595000144094
27.865554999152664
28.443814000638667
28.744118999384227
27.186413999515935
27.56617299928621
28.61019900046813
28.099663999455515
28.206179000335396
27.712821000022814
28.695740998955444
27.80011399954674
28.79034000034153
28.93077799853927
27.7012160004233
28.481245000875788
28.884269000627683
30.142446001264034
27.551137000045856
28.803134000554564
28.602633999980753
29.2261270005838
28.462373998991097
28.75680300167005
27.591276999373804
26.840059999813093
28.321481000602944
27.562162000322132
28.65326999926765
27.799353998489096
27.57890800057794
28.026656998918043
28.083694000088144
27.799863000836922
29.83291599957738
28.01402200020675
27.61634399939794
28.39934199982963
28.049217000443605
27.95024799888779
27.101433001007535
28.611284998987685
28.969829001653125
28.752663998602657
28.464323999287444
29.972540000017034
28.061663999324082
29.82049599995662
28.132064999226714
28.535280000141938
28.650829000980593
26.966549001372186
27.7383220000047
28.374491999784368
28.108094000344863
28.076393999072025
27.364610999939032
28.13546499965014
28.072813000108
27.325049999490147
27.79939500032924
27.675960000124178
28.241157999218558
28.18790600031207
28.186011000798317
28.44394400017336
27.546225999685703
27.17010400010622
28.85322600013751
27.169995999429375
27.897447000214015
27.248918000623235
28.42903399869101
27.959068000200205
27.173634998689522
29.479355000148644
28.10922299977392
27.335741000570124
29.708482999922126
29.15375500015216
28.424297999663395
28.87342699978035
28.746432999469107
27.49023400065198
27.538397000171244
28.38261800025066
27.522665999640594
27.81918599976052
27.960309000263806
27.665341000101762
28.625999000723823
27.297368998915772
27.571193999392563
27.922442999624764
26.97763899959682
27.358310000636266
28.260741999474703
27.230028001213213
28.719487001581
29.57614900151384
27.074652000010246
27.864711999427527
27.567746999920928
27.19365499979176
27.182095998796285
27.354869998816866
27.045790000556735
27.80668000013975
27.92387299996335
27.969409000434098
28.31843999956618
27.29907599859871
27.56203199896845
28.89720799976203
27.082757000243873
27.084443001513137
28.17792499990901
29.174866000175825
28.122354999140953
27.719661999071832
27.20236700042733
27.561597000385518
25.23852599915699
19.73184900089109
19.733060000362457
21.785842000099365
26.33785999933025
21.791000999655807
25.32682900164218
22.921706000488484
21.47400200010452
25.18449499984854
23.540140999102732
25.94735799902992
23.958347001098446
26.872921000176575
27.65176999855612
28.603888998986804
27.716990998669644
28.511661999800708
29.458805000103894
30.128475000310573
28.743283999574487
28.269473999898764
27.75395800017577
27.84662599879084
27.787576998889563
27.69642500061309
28.187565998450737
28.748563998306054
28.2138570000825
28.81484499994258
28.220576999956393
28.9070079998055
29.358327001318685
27.540105000298354
28.28446400053508
30.318500999783282
28.04928099976678
27.940322001086315
28.733044000546215
28.227287999470718
29.152925999369472
27.932187998885638
28.208106999954907
28.657820999796968
27.267187999314046
28.233789000296383
27.402052999605075
28.12795499994536
28.67518399943947
28.57516799849691
27.453363998574787
28.17680799853406
28.55425699999614
28.21606699944823
28.632800000195857
28.01028099929681
28.53077700092399
27.630009999484173
30.293263000203297
28.353740999591537
29.56323699982022
27.574808000281337
27.549286000066786
27.530897001270205
27.394303999244585
28.671123000094667
28.40504300002067
28.00641200155951
27.714663001461304
29.17679100028181
28.264159000173095
28.51359600026626
28.035111999997753
29.178707000028226
28.641901999435504
29.083862998959376
29.148084999178536
28.664929999649758
28.733973998896545
28.83940799983975
27.677972999299527
27.242168000157108
27.986789000351564
28.010171999994782
28.856685999926412
28.00944999944477
27.67231100006029
28.90218799984723
28.214787998877
27.456703999632737
27.958409000348183
28.36823699908564
28.837415999078075
28.071077000277
29.1195539994078
27.996279999570106
29.09339299912972
28.288858999076183
28.653235000092536
25.526876001094934
26.32794999954058
27.034921000449685
26.909697999144555
28.594891999091487
27.858536999701755
27.24263699928997
28.232269000000088
27.121543000248494
18.403689000479062
25.988658000642317
19.379698000193457
22.19058399896312
20.84497299983923
19.634116000815993
21.24160699895583
23.30088799863006
24.72401299928606
22.364548998666578
25.381150999237434
22.281716999714263
20.410880000781617
19.710267999471398
21.522443999856478
19.287605999124935
17.353261999232927
21.899026000028243
24.001039000722812
24.8252550009056
23.410951000187197
23.81474299909314
23.810733000573236
25.046613000085927
28.45561399954022
27.121442999487044
28.37007400012226
28.40642299997853
27.75331399971037
26.716432001194335
28.578037999977823
26.40028299902042
27.02708000106213
28.97583300000406
27.58428000015556
27.524847999302438
27.311081999869202
27.589818000706146
28.075612000975525
28.713601999697858
26.817594000021927
29.349681000894634
21.925254999587196
21.919397000601748
25.030509999851347
28.312980000919197
27.848305999214062
26.372246000391897
27.59788900038984
27.968129999862867
27.690521999829798
29.051362000245717
27.190971000891295
28.640459999223822
29.06304400130466
27.21176600061881
26.24662800008082
26.689092999731656
27.98871000049985
28.297992999796406
28.69195099992794
26.87729799981753
26.46685299987439
28.735984000377357
27.711193999493844
28.203689000292798
28.7155639998673
28.322739999566693
28.25850800036278
26.51037699979497
29.83061600025394
27.180234999832464
28.179717000966775
27.797454999017646
27.313640001011663
25.929978000931442
24.05093100060185
21.015678999901866
21.138812000572216
18.79283000016585
23.297923000427545
27.061662000051
28.797690001738374
28.229547000591992
28.49690599941823
27.55985199837596
28.619519000130822
28.265947999898344
28.02278099989053
28.29464000024018
28.66621000066516
27.720201998818084
29.67486099987582
27.339525999195757
28.288174000408617
27.069013000073028
29.35663099924568
27.978958998573944
27.22772200104373
28.098337999836076
27.054636999309878
28.29851900060021
27.881167001396534
27.569457999561564
27.2431619996496
26.79799900033686
28.05575200000021
28.09253300074488
28.55401799934043
27.467424000860774
27.2091469996667
29.239608000352746
28.27089900165447
28.288870000324096
27.841855999213294
27.769824000642984
27.299569001115742
27.7826939982333
28.30843000083405
28.16883599916764
27.703261001079227
27.326880001055542
28.49657600017963
27.79324400034966
27.55411699945398
27.446902999145095
27.508425000632997
27.648780000163242
27.226827000049525
27.35802099959983
28.268048999962048
28.972935999263427
28.41320199877373
28.119184000388486
27.44494899889105
27.903797001272324
29.118279000613256
28.40287199978775
26.35684999950172
28.114144999562996
28.223606999745243
29.815517000315594
27.317879001202527
27.833473999635316
27.603589000136708
26.795433999723173
28.141360000518034
26.28263299993705
28.676141000687494
28.592487000423716
27.788784998847404
28.250737999769626
27.60372800003097
27.188695999939227
28.022321001117234
27.76679300040996
26.63693899921782
27.576373000556487
27.371960999516887
28.05260300010559
26.938339000480482
27.87829199951375
28.505946000223048
27.287704000627855
28.148204000899568
28.87967300011951
29.123689000698505
25.208545999703347
26.14951400028076
24.491194000802352
24.192745000618743
25.642102998972405
24.66996899966034
24.852058999385918
25.136412999927416
24.74833699852752
24.467232999086264
26.060041000164347
22.449112000686
24.860883999281214
24.304628001118544
26.265763000992592
25.868004999210825
23.43777700116334
24.349038998479955
23.96370800124714
25.60324800106173
24.663509999300004
24.948442998720566
21.761856000011903
26.915727999949013
25.655888999608578
22.237666000364698
27.999389998512925
28.815407000365667
26.744172000690014
27.660696001476026
22.075110999139724
16.74668299892801
19.999107000330696
20.025858000735752
22.089692000008654
20.525964000626118
22.95677800066187
25.788987999476376
18.588291999549256
20.498589999988326
17.161150999527308
21.624315999360988
28.177431000585784
27.132489998621168
28.64034000049287
26.81489499991585
26.876842001001933
28.088631999708014
28.62136499970802
28.720051001073443
28.769653999916045
27.482190000228
28.021496000292245
28.43227299854334
27.192505998755223
27.699660999132902
27.768053001636872
26.56502699937846
21.647386998665752
25.83334399969317
19.671586998811108
24.948829001004924
24.295838000398362
20.79913099987607
23.399641000651172
21.122332000231836
21.974416999000823
21.949636999124778
22.85494299940183
17.63278500038723
22.90422599980957
17.537555000672
21.13006400031736
23.938416999953915
23.441572999217897
23.563505999845802
22.622866999881808
24.670648999745026
23.512334000770352
26.264757998433197
27.129612999488018
25.74700199875224
24.577246000262676
24.08084199851146
26.937656999507453
24.554547999287024
26.154764000239084
25.102842999331187
23.944848000610364
18.510142001105123
23.485844998504035
25.885596000080113
25.59927800029982
20.99541700044938
26.739252998595475
17.568613000548794
25.90682700065372
21.90401500047301
22.459693000200787
25.606827999581583
24.176074000934022
27.70204100124829
28.414902999429614
19.15205099976447
20.96270600122807
23.77963099934277
22.94704000087222
23.27127699936682
23.03819999906409
24.41433200147003
23.74232399961329
24.509914001100697
25.249398000596557
24.81068399902142
22.143124999274733
25.59342799941078
24.584306998804095
22.897486000147182
24.004618999242666
24.946378000095137
26.15522500127554
23.943125999721815
27.528926000741194
28.063415000360692
28.83479799857014
28.431063999960315
28.63398000044981
28.26422799989814
29.02677199926984
27.013083999918308
26.860316000238527
27.438844999778667
29.128674999810755
28.75113499976578
29.240148000098998
28.501435999714886
27.38899200085143
28.0303109993838
27.39648200076772
27.162115000464837
27.15911500126822
27.871226999195642
26.790504998643883
27.720222000425565
26.996440001312294
29.465600000548875
27.89715800099657
28.60782899915648
27.158904000316397
28.1482659993344
27.66031999999541
27.829655000459752
27.828706999571295
27.671060001011938
29.099604000293766
28.764463000698015
26.83303500089096
28.883507000500686
28.12866699969163
26.848094999877503
27.81667599992943
27.997424000204774
28.378860999509925
28.99352100030228
27.442722999694524
28.279789999942295
26.61128900035692
28.92998099923716
27.502254000864923
27.4112930001138
27.402151999922353
27.140014000906376
29.068912999719032
28.652270999373286
27.379962000850355
27.868656999999075
27.502318000188097
27.174385000762413
27.739401999497204
28.265298999031074
28.756192999935593
27.881859999979497
29.367054001340875
28.51922599984391
28.925298000103794
28.757357998983935
29.89481800068461
26.80164000048535
28.917154999362538
28.800515001421445
28.619968999919365
29.49736500158906
28.71015299933788
28.957508999155834
27.037433999794303
28.71057300035318
27.226445999986026
27.888766999240033
29.48032600033912
30.232858000090346
28.791926000849344
28.80555499905313
30.339181999806897
28.902478001327836
28.911108000102104
27.477735000502435
28.63315899958252
27.612449001026107
27.451722999103367
27.55585699924268
28.21560899974429
28.141385000708397
29.067063000184135
28.17224300088128
27.587177999521373
27.34060100010538
27.526146001036977
24.377059999096673
28.361242000755738
29.3509709990758
28.552927000419004
28.11380400089547
28.28746900013357
28.269211001315853
29.058103000352276
27.90065999943181
27.94386999994458
28.80215400000452
28.561362001710222
27.578557999731856
27.747972999350168
27.848136000102386
28.472034000515123
27.587837999817566
27.97626100073103
28.72695400037628
27.287468999929843
26.988901998265646
26.84249599951727
27.943168999627233
29.04895299980126
28.387271999235963
28.210866999870632
28.672320999248768
27.598028000284103
29.478915999789024
28.77355499913392
27.560547001485247
28.075218999219942
28.119054999478976
27.811833999294322
27.733304999856045
27.923677998842322
28.48811100011517
28.66492099929019
28.335631999652833
28.798825000194483
28.937899000084144
28.501818000222556
27.247797999734757
28.94345999993675
28.20425800018711
28.99474200057739
27.62770799927239
27.605908000623458
26.210975000140024
27.638298999590916
27.845354999953997
27.157824999449076
28.149715999461478
27.8219240008184
28.71840300031181
28.159027000583592
28.949565001312294
27.792244000011124
29.25423899978341
28.002749000734184
27.75736399962625
26.92257800117659
28.657159999056603
27.570112999455887
28.48000999983924
28.53778600001533
27.260177999778534
27.872778999153525
28.745213998263353
28.202667999721598
27.73545399941213
26.926226999421488
29.125054999894928
27.144654999574414
28.423898000255576
26.973539001119207
27.794875000836328
27.705081998647074
27.989260001049843
27.349591000529472
27.098415999716963
27.553867001188337
27.65618900048139
27.93968900004984
28.381572001308086
27.499447000082
28.084903000490158
28.187355999762076
28.89542699995218
27.708512001481722
27.377051001167274
28.94530599951395
27.280934000373236
27.030232000470278
28.479864999098936
27.89447699979064
26.79330399951141
26.894276999883004
28.025047000483028
28.4561529988423
27.255512999545317
29.025551999438903
29.142244999093236
28.121731998908217
29.519417001210968
27.047991001381888
27.895869001440587
28.70803999940108
27.781913999206154
27.678935999574605
29.20087600068655
28.30030000041006
27.12384500046028
26.98347400109924
26.49362500051211
27.888782000445644
27.751782999985153
27.71600100095384
27.9209529999207
27.467773999887868
27.435212999989744
27.022371999919415
28.6677599997347
28.148059000159265
27.891986999748042
29.26592899893876
27.718671000911854
27.80385500045668
28.595186999154976
28.749043000061647
26.69646100002865
29.52235699922312
28.526451000288944
28.423601999747916
29.17834700019739
26.108174000910367
27.68356100023084
28.168979999463772
27.987935000055586
28.123783999035368
28.356120999887935
28.395752000506036
28.226837999682175
28.241547001016443
27.950708999924245
26.658660999601125
27.30975499980559
28.60686399981205
28.47584499977529
27.046991001043352
28.05736799928127
27.68454499891959
27.361782000298263
28.618374999496154
29.267509000419523
27.973314001428662
26.47557399905054
27.946408999923733
28.661970000030124
28.529807001177687
27.40480299871706
27.455596999061527
26.73576300003333
27.754961998653016
28.228626999407425
26.170204999289126
28.549837001264677
28.308029999607243
28.556358000059845
28.29046499937249
26.354990999607253
28.730824999001925
29.14409300137777
26.932150998618454
25.596412999220775
27.941444001044147
27.64737100005732
28.283568999540876
28.999820000535692
28.466705000028014
28.301509000812075
29.27608099889767
28.72459199898003
29.36337199935224
27.386553998439922
26.827235000382643
27.613018999545602
27.414086000135285
27.560017000723747
26.841496000997722
26.10217300025397
27.80869399975927
28.026200001477264
28.19657700092648
27.901448998818523
28.016103000481962
27.869819999978063
25.62671899977431
28.274643000258948
27.931470000112313
28.37994200126559
28.01439900031255
27.44329399865819
28.286069999012398
27.593128999797045
28.14995500011719
27.093525999589474
27.673832000800758
28.0472730009933
27.70007600156532
28.317959999185405
29.1291169996839
29.150217998903827
27.771975001087412
29.42476899988833
28.644431999055087
27.568079000047874
27.55703699949663
28.221136000865954
28.706371998850955
28.381805999742937
26.98045900069701
28.649359999690205
28.232048000063514
28.1036939995829
27.29045900014171
26.548248999461066
27.76895399983914
27.186953999262187
28.730332998748054
29.0820669997629
28.785493999748724
27.898825999727705
27.86571499927959
28.063067000402953
28.10342600059812
28.362220000417437
28.087242999390583
21.875385000384995
28.15392600132327
27.457895001134602
29.30671900139714
29.3506720008736
28.4302359996218
28.138477000538842
27.87870700012718
28.771033999873907
26.840865999474772
29.963130999021814
29.39412299929245
27.40347699909762
27.27141800096433
26.354051000453182
27.460196999527398
28.396473000611877
28.192321999085834
28.48627000093984
27.691840999978012
27.203605999602587
27.890146999197896
26.48212500025693
27.349001000402495
28.819295999710448
28.847036001025117
28.9191789997858
28.01026599991019
27.653059998556273
27.892697999050142
27.496228000018164
28.14683500037063
28.13195400085533
29.6903119997296
29.07557300022745
28.380793000906124
29.118274000211386
27.900502000193228
28.004791000057594
27.90360899962252
28.330960998573573
27.922878998651868
27.2507379995659
28.027911999743083
27.970758999799727
28.434586000003037
27.67157100061013
27.41128199886589
26.58035300009942
28.023457000017515
26.650321999113658
27.983177998976316
25.869225999485934
29.932840001492877
27.25938799994765
27.915020000364166
27.857185999891954
27.68053200088616
27.82766500058642
27.401560999351204
25.663880000138306
25.78758300114714
22.74612099972728
24.529845999495592
22.27917699929094
26.751872001113952
27.247148000242305
29.075045000354294
26.667629999792553
28.765634999217582
28.436144999432145
27.207618000829825
28.047461999449297
27.420135000284063
28.695173999949475
27.415370999733568
28.32724799918651
28.809020999688073
27.937593000388006
28.172234999146895
28.636020000703866
26.803642998856958
27.605758999925456
27.63749900077528
28.318819999185507
28.338481000901083
27.914037998925778
28.717021999909775
27.68869100145821
27.71110100002261
27.426233000369393
28.535225999803515
27.47060399997281
27.910298000279
26.523446000283002
28.234376999535016
27.48126400001638
28.01600100065116
28.062281999154948
26.01630500066676
28.525019000881002
26.41167799993127
25.998205001087626
28.323579999778303
27.890016999663203
29.834005999873625
28.165636000267114
28.65432999897166
28.37681200071529
25.61354899989965
28.626960000110557
28.66985100081365
28.080402000341564
29.122103998815874
26.647328999388264
28.54267600014282
27.360792000763468
29.318000999410287
28.777464000086184
27.784780999354552
28.124593998654746
27.14181500050472
28.656730999500724
27.821861000120407
29.18035600123403
27.119528998809983
28.234248000444495
28.035251998517197
24.169653999706497
25.754663000043365
23.651457999221748
23.53567499994824
18.34134700038703
26.13609299987729
23.47842299968761
24.11975200084271
23.257286999069038
23.120321999158477
24.85405500010529
23.87068499956513
24.84946900040086
23.37003400134563
24.85728999999992
23.759360999974888
22.43865699892922
28.01531499972043
27.35623099943041
27.104618999146624
25.894595999488956
28.194530999826384
28.587638000317384
29.084817999319057
27.468169000712805
28.22084800027369
29.035192001174437
27.245388000665116
28.02674200029287
28.1849909988523
27.975009999863687
28.319830998952966
28.68977100115444
28.089753999665845
28.171205000035116
27.967980000539683
29.064162999929977
26.893047001067316
28.248618000361603
27.58433800045168
27.011656000468065
26.028431000668206
22.469043000455713
21.926417000941
19.754529999772785
21.704930999476346
21.120131999850855
18.162940999900457
22.145493001517025
24.775767999017262
27.000690999557264
25.37181099978625
27.798713999800384
28.255219000129728
27.703791000021738
26.299559998733457
27.244986998994136
27.447283999208594
26.66051500091271
29.778874999465188
28.328553000392276
29.831806999936816
28.756093999618315
28.476735000367626
28.202542000144604
27.68026000012469
28.80338500108337
28.932918999998947
28.303479999522096
27.555220000067493
29.056961999231135
28.173897000669967
27.698610998413642
28.660859999945387
27.364221999960137
27.75394699892786
26.880875999268028
26.76775899999484
26.229592000163393
28.72103200024867
27.43653300058213
29.124342998329666
27.530362000106834
27.170551000381238
28.009409999867785
29.166516000259435
28.79744500023662
28.131275001214817
28.09033399898908
27.685320001182845
27.851957000166294
28.387482001562603
27.403822999986005
27.682711001034477
26.710895999713102
28.660116000537528
28.698672000246006
29.014100999120274
27.74237800076662
28.62532000108331
27.831985000375425
27.31225999923481
28.550757000630256
27.204501000596792
27.83421599997382
29.349641999942833
28.347900999506237
28.09219400114671
28.23430799980997
27.85611499894003
27.324700000463054
28.62033000019437
28.077424000002793
27.810485000372864
28.01243700014311
29.058267999062082
27.788684001279762
27.703006999217905
26.196595999863348
27.505755999300163
27.935799000260886
28.7313520002499
28.150705998996273
27.946539001277415
28.622779998840997
29.545338000389165
23.804163000022527
23.784973000147147
23.40784100124438
24.25615900028788
25.047224000445567
25.90863899968099
24.668468999152537
25.073394001083216
24.29572800065216
24.890894999771263
29.18990699981805
26.248219000990503
28.798766999898362
29.40351300094335
28.731053000228712
26.374053999461466
27.21446699979424
26.66241800034186
24.327368999365717
22.898684999745456
24.436194998997962
24.712589000046137
24.611147000541678
24.73624099911831
24.49720399999933
25.018401000124868
26.20382599889126
27.322660000208998
28.41047299989441
28.120924000177183
27.86120699965977
27.959150000242516
27.625439000985352
26.099593000253662
28.879527000754024
27.86598199963919
27.240678000453045
28.050786000676453
27.312538999467506
28.512174998468254
27.53749799921934
26.927048000288778
27.041252000344684
29.08058300090488
28.332361000138917
28.33332199952565
27.460934999908204
27.951768999628257
27.812944001198048
28.0315519994474
26.986081000359263
27.777107001384138
28.151304999482818
27.965343000687426
28.276369001105195
28.48377500049537
26.973833000738523
27.593390999754774
27.618888998404145
28.770123000867898
28.6836109989963
28.147195000201464
27.893047001271043
28.226387999893632
27.680392000547727
29.284162001204095
28.36684900103137
28.327230998911546
29.378781999184866
29.410447999907774
28.471110001191846
28.088442999433028
28.5097260002658
29.203837000750354
27.828127998873242
28.3798319997004
29.719852000198443
28.20485899974301
28.44539399848145
29.479265000190935
27.424133000749862
27.75839400055702
29.23588799967547
28.687341000477318
29.488006000974565
27.83014499982528
27.81193400005577
28.05727300074068
27.777254001193796
30.00339400023222
26.836048000404844
27.35480100091081
27.313312000842416
28.755736000675824
27.96889899946109
28.767153000444523
28.38837200033595
29.383012999460334
27.693130999978166
26.189137999608647
27.854796000610804
27.02119099922129
26.8352449984377
26.32246899884194
27.92145899911702
29.074563999529346
28.34941100081778
27.611769000941422
28.36196399948676
27.86278600069636
27.184586000657873
29.32085999964329
28.270918999623973
28.46781500011275
28.552177000165102
27.694690999851446
27.21300699886342
28.100613000788144
27.83390500007954
28.986351000639843
27.09166400018148
28.03791100086528
27.546227000129875
27.490435000800062
28.0028899996978
28.516856998976436
27.235146999373683
27.387916001316626
27.896436000446556
26.834365000468097
28.824075998272747
28.589169000042602
28.32258099988394
27.584577999732574
27.74988199962536
28.331662999335094
27.318701999320183
28.244577999430476
27.257167999778176
27.494788000694825
27.82944400132692
28.452828999434132
27.57141700021748
28.896928000904154
27.705131000402616
26.507176000450272
25.741131999893696
21.943665999060613
25.721821000843192
21.833855998920626
22.11241099939798
24.669650001669652
23.026821998428204
26.179195001532207
23.585126999023487
23.470562999136746
24.60420600073121
24.151454001184902
23.664689000725048
25.866854999549105
28.274648000660818
28.46155999941402
27.989714999421267
27.411282000684878
27.80417500071053
28.633200001422665
27.96117999969283
27.348673000233248
27.81982500164304
27.562117000343278
28.73956399889721
27.229245999478735
27.9287880002812
27.0764329998201
27.61259900034929
28.35533100005705
26.94345800045994
27.454414001113037
26.42925899999682
28.01642600024934
28.901432000566274
28.55472800001735
28.880162000859855
29.005669999605743
26.909087999229087
27.366087000700645
28.5212960006902
25.319639000372263
28.55590299986943
27.37126099964371
29.14509599941084
28.142545001173858
27.19183599947428
28.506405998996343
28.296549999140552
29.043602000456303
28.252399000848527
28.260618000786053
27.006878999600303
28.187726999021834
22.36450199961837
21.199673999944935
21.01163899897074
23.830014000850497
26.94415800033312
20.570865000991034
20.22232399940549
24.381740999160684
22.884495001562755
26.160804000028293
28.410322000127053
29.335666999031673
27.849276000779355
27.594208000664366
29.36462199977541
27.753803000450716
27.5144770002953
27.496229999087518
27.524374998392886
27.72404700044717
27.850034999573836
28.71519300060754
27.486204000524594
26.992671000698465
27.750053001000197
27.47417399950791
26.180650000242167
27.516285999809043
29.64957000040158
26.915312999335583
27.48051500020665
26.83606000027794
28.316220001215697
28.049780999936047
28.101552999942214
29.224349000287475
28.030301999024232
27.55098700072267
28.39181200033636
27.673250000589178
26.754888000141364
27.898082000319846
27.114513999549672
27.82897599900025
28.426582999600214
28.52913600145257
27.444044000731083
28.513126000689226
27.34934099862585
25.197834000209696
28.548713000418502
29.372437000347418
27.681429999574902
27.255152999714483
28.575013000590843
27.264972999546444
28.79139900142036
27.45467300155724
27.64418000151636
28.744113998982357
27.094448001662386
28.63241399973049
28.148325000074692
27.362761000404134
27.499194999109022
28.52021699982288
28.671561000010115
27.466623998407158
28.2950989985693
29.584444000647636
27.651005000734585
27.3617610000656
27.5750569999218
27.98476000134542
27.6539460010099
28.145255000708858
28.268229998502648
27.986959999907413
28.416913000910426
27.441223999630893
29.440344000249752
28.17510600107198
28.048201998899458
27.585223000642145
26.135272999454173
28.294108999034506
26.006510999650345
27.812198999527027
28.266818000702187
27.99484599927382
28.18933799972001
28.211717000885983
29.794856000080472
29.16969599937147
29.05565299988666
28.116464000049746
28.462573998695007
28.286353999646963
28.788153998903
27.640873999189353
27.798514998721657
26.78863300025114
28.748614000505768
27.665290999721037
28.283420000661863
27.37878099833324
28.246949001186294
28.105082999900333
28.416023998943274
28.95471100055147
29.067168001347454
28.94411899978877
27.853141000377946
28.776754001228255
27.973258998827077
28.43076499993913
27.407621999373077
28.08963300049072
27.75751199988008
28.221546999702696
27.501925000251504
27.50230499987083
27.651550000882708
28.35937199961336
27.273529000012786
28.456394000386354
28.329331000350066
27.92634899924451
27.879798000867595
28.82703599971137
27.713974999642232
30.27137900062371
