Messages/sec=46.23
duration_sec=60.023
payload_size_bytes=1048576
total_messages=2775
payload_throughput_MiB_sec=46.23
mean_rtt_ms=19.132
median_rtt_ms=14.370
stddev_ms=7.847
min_ms=7.646
max_ms=50.449
---raw_latencies_ms---
37.561958999503986
30.92153400029929
33.396355000149924
35.247779998826445
29.520346999561298
28.184077000332763
28.07648300040455
29.406732999632368
29.217066999990493
28.872447999674478
27.575006999541074
28.829156000938383
27.319995000652852
26.961449000737048
28.32073999888962
27.600991001236252
27.90124700004526
28.135604999988573
12.485158998970292
28.248419001101865
28.530678999231895
27.23581899954297
28.596647998710978
28.395474999342696
27.379720000681118
26.49120499881974
27.003670000340207
27.17058599955635
27.7237829996011
27.99424000113504
28.454247001718613
27.992319999611937
27.893197000594228
27.00195299985353
27.951190000749193
27.87666500080377
27.516176000062842
28.396452000379213
23.71934100119688
15.413277000334347
25.854035000520526
15.832521001357236
15.315034999730415
13.36868799990043
25.528464999297285
27.989575000901823
27.701530998456292
28.055882999979076
28.447234000850585
28.91089100012323
28.609788001631387
27.79495699905965
28.928210000231047
28.236355999979423
26.96496199860121
27.934723999351263
29.645562999576214
27.76219800034596
29.69825099899026
24.178364999897894
14.474485000391724
13.302074999955948
13.60975299940037
13.394775998676778
13.23517199853086
13.580773000285262
13.237367998954142
13.692806000108249
13.668354999026633
12.847039999542176
13.578682999650482
10.473368000020855
12.94738199976564
13.36089200049173
13.335813999219681
13.473463999616797
13.62203399912687
13.776849000350921
13.262602000395418
13.431957999273436
13.165770000341581
13.066986999547225
13.326795000466518
13.213301999712712
13.323057999514276
13.248762001239811
13.452658999085543
13.649079999595415
13.47756900031527
12.644885000554495
13.338640001165913
13.678860999789322
13.612398000987014
13.179169998693396
12.925732999065076
13.536295999074355
13.615769999887561
13.519866000933689
10.500833001060528
10.300954001650098
9.542879000946414
10.04058999933477
10.112242000104743
9.869138999420102
9.776336999493651
10.13378800053033
10.955613000987796
10.19832900055917
11.383515000488842
13.101349000862683
13.534091000110493
13.484810999216279
13.52241000131471
13.076862000161782
13.571462000982137
13.569442000516574
13.209221000579419
13.61828399967635
13.200090999816894
13.195190000260482
13.687586000742158
14.439341999604949
13.302363999173394
13.461607999488479
13.456462000249303
13.7383579985908
13.615732999824104
13.595267999335192
13.747168000918464
13.167490000341786
13.17931999983557
13.439397998809
13.706947000173386
13.233862000561203
12.888627001302666
13.570735998655437
13.602062999780173
12.715146000118693
11.68661500014423
10.219900999800302
10.445739000715548
10.391591000370681
9.890604998872732
9.869442001217976
10.566581000603037
10.402136000266182
10.201151000728714
10.705868000513874
10.500469001271995
9.883380000246689
9.934952000548947
10.293493000062881
9.770635999302613
10.111257000971818
9.946422998837079
10.05759500003478
9.497428000031505
10.51238999934867
10.024055000030785
12.626153999008238
13.380501999563421
13.872891999199055
12.886650998552795
10.051375000330154
7.745349999822793
10.056269999040524
9.899831000439008
9.946363001290592
10.187354000663618
9.8989399994025
10.157839000385138
10.375134999776492
10.367034999944735
10.608233000311884
10.702935000153957
11.227891000089585
10.01348399950075
10.984694999933708
10.433997000291129
10.21936100005405
10.690715000237105
10.142559000087203
10.049295000499114
9.626462000596803
11.222350000025472
11.79369800047425
13.554045001001214
13.695543999347137
14.005376000568504
13.37946099920373
13.369811000302434
13.756233000094653
14.412825999897905
13.450559001285
13.24827899952652
14.37457700012601
13.986033000037423
13.81102499908593
13.602167999124504
13.912057998823002
14.710896999531542
14.158320000206004
13.674600000740611
13.779005999822402
14.118019000306958
14.670825999928638
14.123303999440395
14.074026999878697
14.308854000773863
14.698187000249163
13.648293999722227
13.695637000637362
14.060106999750133
13.516389999495004
14.589878999686334
14.24021300044842
14.774513998418115
14.06602200040652
14.088103000176488
14.646146999439225
13.962709999759682
10.153023000384565
10.362184000769048
10.564779999185703
10.589991001324961
10.076636001031147
9.966621999410563
10.91580300089845
10.620701999869198
10.960387999148224
10.152222999749938
11.863690999234677
11.312974000247777
12.325715000770288
11.424981999880401
10.814917999596219
10.636417999194236
10.772542000268004
11.48208899940073
10.1073069999984
11.137137998957769
10.04809500045667
9.801768999750493
10.360074000345776
10.366215001340606
10.002934001022368
9.865949999948498
9.856349999608938
9.90092000029108
10.729486000855104
9.68843000009656
10.767186000521178
10.978632999467663
10.283992000040598
11.076957000113907
11.437826999099343
10.193234000325901
10.833309001100133
10.4052890001185
9.984253998482018
10.289812000337406
9.826379000514862
10.051459999885992
10.11576200107811
9.864149000350153
10.579892001260305
10.408365000330377
10.047020999991219
10.169987999688601
9.938752000380191
10.811768999701599
10.811617999934242
10.330213999623084
10.842108998986077
10.09405699915078
12.042545000440441
10.798661000080756
11.405291999835754
11.042305999581004
11.034895000193501
12.028475999613875
10.10418700025184
11.183742000866914
12.258153001312166
13.766018000751501
14.205970999682904
14.590013999622897
13.690236000911682
14.058607999686501
13.478418999511632
13.782279000224662
13.786658999379142
14.15408100001514
13.704445998882875
13.601882999864756
13.90872199954174
13.930826000432717
13.71837099941331
13.957354000012856
13.820340000165743
13.68969600116543
14.151409999612952
13.491890000295825
13.082937999570277
13.42511299844773
12.965263998921728
13.50685000033991
10.76518800073245
14.296014000137802
13.82521500090661
14.009964999786462
13.778947999526281
13.028068000494386
13.419767001323635
13.624064000396174
13.977173999592196
12.981644000319648
13.645024000652484
13.572873000157415
13.272522999614011
13.339248000193038
13.72414899924479
13.70419600061723
13.682664999578265
13.834950999807916
13.41443999990588
13.502313999197213
13.704509001399856
14.105767999353702
14.023589001226355
13.71569900038594
13.305884998771944
13.727199999266304
14.805079999860027
14.050948000658536
13.831139000103576
13.898971999878995
14.070500001253095
13.735967000684468
13.56049400055781
14.152359999570763
13.162318999093259
13.46412800012331
13.337694999790983
9.333853000498493
9.917409999616211
9.611741999833612
10.47995899898524
11.572714000067208
10.995536998962052
11.134048001622432
10.117366999111255
10.47487799951341
9.610212000552565
10.694675000195275
10.686035000617267
10.004274001403246
9.8698300007527
10.169322000365355
9.858319999693776
9.825967001233948
10.226055999737582
9.973216001526453
10.714165000536013
10.656707001544419
10.309152999980142
10.290262998751132
13.239492000138853
13.263718001326197
13.884681999115855
13.53021100112528
14.09365800100204
13.687478000065312
13.189233999582939
13.456799000778119
13.509831000192207
13.62663400141173
9.863899998890702
10.228511000605067
10.913396999967517
10.033986000053119
9.722745000544819
10.28476099963882
9.756097000718
10.212100001808722
9.858219000307145
9.649128000091878
9.94833199911227
11.194349999641418
10.474028000317048
9.61951799945382
10.926863998975023
10.50655899962294
10.617932999593904
9.892821000903496
10.812096999870846
10.133948000657256
10.997927000062191
9.789548001208459
10.520088999328436
9.975483000744134
9.407986000951496
10.200200000326731
10.266432000207715
10.081405998789705
9.892449999824748
10.702175000915304
10.16409499970905
10.053789999801666
10.124510001332965
11.167740000018966
10.325243998522637
11.15173899961519
11.046780999095063
10.879486000703764
11.18790500004252
12.450797999917995
10.921587001575972
9.897510999508086
10.287622000760166
10.405625998828327
10.60739099921193
10.807459000716335
11.09437800005253
10.84724000065762
11.897307000253932
10.992704001182574
10.552171999734128
9.757585999977891
10.773551999591291
10.794257999805268
11.432838999098749
10.466495999935432
10.402560999864363
10.885842999414308
10.737458998846705
12.182053000287851
10.844088999874657
13.371674998779781
13.723276999371592
13.915008999902057
15.635724999810918
14.696954000100959
16.32583600076032
13.848390000930522
14.197731999956886
14.346555999509292
16.561808999540517
13.562172000092687
14.323577999675763
14.137259000563063
14.429781998842373
13.69844600048964
13.532654000300681
13.9407040005608
14.836344000286772
15.361556001153076
14.86807199944451
15.355096000348567
14.288343998487107
13.794068998322473
14.121614000032423
13.787153000521357
11.013991999789141
10.316956000679056
11.562364999917918
11.15315099923464
10.12587200057169
9.815557999900193
10.539529999732622
10.594802999548847
10.268264000842464
10.273232001054566
10.672544000044581
10.32707299964386
10.33142400046927
10.860099999263184
10.319133998564212
10.951992000627797
10.41244599946367
10.251640998831135
10.164479001105065
10.07019600001513
10.320134000721737
10.951132999252877
12.062195999533287
10.039634000349906
9.935582000252907
9.667963000538293
10.275340999214677
10.045324999737204
10.25627200033341
10.199350999755552
9.717930000988417
11.377180999261327
10.873639999772422
10.42317599967646
9.999943998991512
10.967928001264227
10.154248000617372
10.033144999397337
10.018934999607154
9.911051000017324
10.194569998930092
10.739196999566047
9.928700999807916
10.067208000691608
9.429509998881258
10.439481999128475
9.868290000667912
10.16501100093592
10.770226999738952
11.104667000836344
12.606543999936548
14.395926998986397
14.068598000449128
13.417591000688844
15.517991998422076
11.117918000309146
10.572601000603754
10.387318001448875
10.568251000222517
10.47686800120573
10.256110999762313
10.683944001357304
10.06611599950702
9.543769001538749
10.02444400000968
9.866230000625364
10.358585999711067
9.843251000347664
9.672633999798563
10.65689400093106
9.972073001335957
10.631172999637784
10.163891000047443
10.46018699889828
10.510588999750325
10.131218999958946
10.11589999870921
9.65750300019863
10.056446000817232
9.76976700076193
10.365014999479172
9.770427001058124
9.796490001463098
9.860770000159391
11.243210999964504
10.170829000344384
10.358287998315063
10.109476999787148
9.842948998993961
9.592890999556403
9.97792399903119
9.789548001208459
10.271952000039164
10.036884999863105
10.031664998678025
10.28441299968108
10.073546000057831
10.466718000316177
10.218720000921167
10.46350800061191
10.28391200088663
10.348075000365498
9.228902999893762
12.794800000847317
13.667945000634063
14.055357001780067
13.498983000317821
13.976808000734309
13.52684199991927
13.551130999985617
13.305455000590882
13.899243000196293
13.483121001627296
14.026720000401838
13.720958000703831
13.703216000067187
13.422684000033769
13.3324159996846
13.411807000011322
13.514513999325573
13.29633600107627
13.100919000862632
13.13489899985143
13.734787000430515
13.110748999679345
13.269462000607746
13.72026100034418
13.338183000087156
14.204650999090518
13.386106998950709
13.682408000022406
14.329624000311014
13.851611998688895
14.608874000259675
13.543824001317262
12.99643600032141
13.536532000216539
13.746366999839665
13.578871999925468
13.536364000174217
14.193221000823542
13.717547000851482
13.376726999922539
13.891431999581982
13.698418999410933
13.200573999711196
13.434927001071628
13.852541998858214
13.725629998589284
13.666195998666808
13.83730999987165
14.161360000798595
13.171410999348154
13.793684000120265
13.464449999446515
13.129547998687485
13.956094000604935
13.98118399993109
13.180931000533747
13.697597998543642
13.279134000185877
12.784361999365501
12.95736399879388
13.035316000241437
13.080978000289178
13.676347000000533
13.134869001078187
13.438658001177828
12.889961999462685
12.930083001265302
13.478460001351777
13.028499999563792
13.743188001171802
13.125498999215779
13.008384999920963
13.526511000236496
13.414991000900045
13.56954500079155
13.924421999035985
13.19054200030223
13.444029000311275
13.22830200115277
13.51740000063728
13.544246001401916
13.17144300082873
13.18013099989912
13.08477699967625
13.049766001131502
13.64351399934094
13.36264699966705
13.548744000217994
12.8129610002361
14.053476999833947
13.498309999704361
13.810947999445489
13.304822999998578
14.024026000697631
13.66424600018945
14.158010999381077
13.703935999728856
13.551351001297007
13.1213389995537
13.613875998998992
13.434881000648602
12.841069999922183
12.975325000297744
13.405466999756754
12.998755999433342
13.52744299947517
13.975164998555556
13.042815999142476
13.70865699936985
13.833400000294205
14.120920001005288
13.429032000203733
13.963528999738628
13.618113998745685
13.41125699946133
13.820090998706291
13.95479399980104
14.02691700059222
12.60522299889999
13.5267229998135
13.244764999399194
13.196666999647277
12.953464000020176
13.637034000566928
12.924576998557313
13.843433998772525
13.210713999797008
13.732408000578289
13.581462999354699
13.715295999645605
13.336807998712175
13.948594001703896
13.150569000572432
13.816184999086545
13.910482000937918
13.430181001240271
13.280364000820555
13.573481999628711
13.058546999673126
13.61172299948521
13.146118999429746
13.692546001038863
12.861639999755425
12.878352001280291
13.0153780010005
12.622434000149951
13.52540100015176
13.199712000641739
13.75537300009455
14.121599999270984
13.019776000874117
13.197401998695568
14.068747999772313
13.476302001436125
13.613654000437236
13.368066000111867
13.14846400055103
13.631574000100954
12.928364998515463
13.43251799880818
13.527443999919342
13.904653000281542
12.876521999714896
13.203092999901855
12.870963999375817
13.780908999251551
13.765858999249758
13.381468999796198
12.83664999937173
13.710926999920048
13.39057900077023
12.98132499869098
12.941683999088127
14.387530000021798
13.661634999152739
13.562890999310184
12.854130000050645
13.192214000810054
13.62913400043908
12.889634001112427
13.21734700104571
13.60214300075313
13.86337099938828
13.458798999636201
13.58829600030731
13.737997000134783
13.641875000757864
13.843910001014592
9.933870998793282
10.130607999599306
10.845680999409524
9.981884999433532
10.24471100026858
9.940911999365198
10.129096999662579
10.05890700071177
9.982453999327845
10.23751100001391
10.171382000407903
10.76543999988644
10.244551000141655
10.217621000265353
10.786577999169822
10.647045999576221
10.902760999670136
10.865004998777295
10.796807999213343
10.90456200108747
10.813258999405662
10.514929999771994
10.262294999847654
10.396425999715575
9.83703199926822
10.012273998654564
28.665021000051638
25.29008799865551
18.77925099870481
24.565960999098024
24.96006799992756
25.972728999477113
26.259439999194
24.3965110003046
24.10702199995285
24.56716699998651
24.722946000110824
26.26292700006161
24.423605000265525
25.12682499946095
24.915195999710704
24.92305700070574
23.373175999950035
24.498914999639965
21.87795399913739
24.79745299933711
23.16068300024199
23.742690000290168
24.33971400023438
23.22197600005893
23.32217799994396
26.629087999026524
29.149944999517174
27.12206599971978
23.171641998487758
23.674493000726216
28.119168000557693
21.851227000297513
23.413241000525886
24.35531099945365
22.261761001573177
26.28007499879459
24.360119999983
27.802549999250914
28.595478999704937
26.510536999921896
25.124782001512358
23.808953001207556
25.439866001761402
24.885286000426277
25.85705800083815
25.48533499975747
27.263498001047992
24.18512400072359
24.933908000093652
24.67901000090933
25.414362000447
22.983470000326633
22.335847999784164
27.39115199983644
27.67918100107636
30.496456000037142
27.767806999690947
29.224197000075947
28.584150999449776
28.38245099883352
28.75868299997819
27.597917998718913
28.189826000016183
28.048482001395314
27.387672000259045
26.5222050002194
27.83918699969945
27.876666999873123
27.402400999562815
27.808147000541794
27.172135000000708
27.244318000157364
27.389482000216958
26.450203999047517
26.829616999748396
28.089342999010114
26.506075000725104
27.637369001240586
26.76686300037545
28.24618799968448
27.649780000501778
27.435842001068522
27.968353000687785
27.79868399920815
27.3897120005131
27.50682799887727
26.323911000872613
28.14903000034974
28.36419199957163
29.217269000582746
28.558010000779177
27.628097999695456
26.82563499911339
28.281808999963687
27.528405998964445
28.139777001342736
28.00788999957149
28.744777000611066
27.948021999691264
27.54034700046759
26.517677999436273
26.74083999954746
26.98729999974603
26.8828759999451
26.37427100125933
23.58308700058842
18.760148999717785
22.34277899879089
24.34926999922027
18.263205000039306
23.803743000826216
21.462953000082052
17.918834999363753
21.248184999421937
21.213883999735117
19.602835000114283
25.687240000479505
25.643008999395533
24.942178000856075
25.248848000046564
23.88516599967261
24.421452000751742
23.85755599971162
24.661649000336183
26.392781999675208
28.837134999776026
26.180543998634676
27.462842999739223
28.106685998864123
29.517945999032236
27.442747999884887
27.258207999693695
27.354936000847374
27.43721899969387
26.50662599990028
28.496454999185516
26.96929900048417
27.606397999988985
27.328131000103895
26.216277001367416
26.190325999777997
22.198945000127424
22.260666000875062
17.85970300079498
27.09491799942043
26.830079001229024
22.346718000335386
22.13655299965467
22.16461399984837
25.374762000865303
24.215045999881113
23.45779300048889
23.216195000713924
24.542324999856646
26.26053300082276
23.96036800018919
24.379360000239103
25.282499000240932
23.92385799976182
29.350742999668
30.32996100046148
29.333760001463816
30.05535300144402
29.294649999428657
28.297643999394495
28.46009499990032
27.328039999702014
27.654249999613967
27.138915000250563
26.540546999967773
26.033893000203534
26.83411399993929
29.9528849991475
27.59977800087654
27.258307000010973
26.71264200034784
28.786536000552587
25.857874999928754
26.529110999035765
27.050951999626704
28.29238900085329
26.425408001159667
25.92113600076118
17.243893000340904
25.73305099940626
25.683170000775135
27.591998001298634
27.19008600070083
27.838406000228133
27.39176299837709
27.34731000055035
27.858245999595965
27.497955999933765
27.4123570015945
27.931347998674028
29.03259800041269
28.313885000898154
27.941217998886714
27.34062000126869
27.519126999322907
27.94192300098075
28.152445000159787
28.313380000327015
28.936960001374246
27.260388000286184
28.006828999423306
26.965458999256953
28.91087300122308
27.505325999300112
27.582118000282208
26.311539000744233
25.87774600033299
17.465939999965485
20.223424000505474
15.983544999471633
22.576325000045472
23.465943999326555
25.507243999527418
24.893755000448436
25.362094998854445
27.66669999982696
26.54999699916516
22.08017999873846
23.98849400015024
25.229076998584787
25.940146999346325
26.115058999494067
28.12243900007161
28.52233100020385
28.022759999657865
28.814975999921444
29.40571799990721
26.674458998968475
26.72098100083531
27.656831000058446
27.92070900068211
28.074801999537158
27.73979199992027
28.494756001236965
26.954519000355504
27.6918020008452
28.00466600092477
28.15737000128138
26.99358000063512
26.827704001334496
27.85486600078002
27.725351999833947
26.966118999553146
27.72142200046801
28.560347998791258
27.205546999539365
28.2634989998769
29.151076001653564
27.388642000005348
27.387132000512793
27.796624999609776
28.0762729998969
28.81212600004801
28.429932999642915
28.967700000066543
29.423504000078538
28.778005000276607
29.006302000198048
27.85549600048398
30.862395999065484
28.047416999470443
28.22107700012566
27.007418999346555
28.89176799908455
29.137874998923508
29.64871600124752
28.02719999999681
28.33636600007594
28.991850000238628
27.98222599994915
26.497325001400895
27.734888000850333
27.67636600037804
28.337862000626046
28.210996000780142
27.272807001281762
25.944307999452576
20.500423001067247
22.308829000394326
16.97938500001328
25.26581700112729
24.4396769994637
22.890455000379006
24.88272099981259
26.110748000064632
23.846374000640935
22.988583999904222
26.127053000891465
22.158752999530407
25.411217000510078
23.94032700067328
22.99712900094164
25.11916300136363
25.757901999895694
24.85414999864588
24.267712000437314
24.656067000250914
25.304740000137826
25.171118999423925
24.328629000592628
24.13819399953354
25.938978000340285
25.146103000224684
25.24143700065906
13.522541001293575
13.957533999928273
14.11479399939708
13.697839000087697
14.398727000298095
13.990747998832376
10.983624999425956
13.496477999069612
14.521091999995406
14.513730000544456
14.207567999619641
13.684461000593728
12.828393000745564
13.221471999713685
13.974745001178235
13.44409800003632
13.098559000354726
14.20975699875271
14.363095999215147
14.043670998944435
13.831481001034263
15.127459999348503
14.25969400042959
14.313473999209236
14.259816000048886
14.087519000895554
14.487513999483781
13.400751999142813
13.979539999127155
13.2656229998247
13.958113999251509
14.10131100055878
13.857170000846963
13.735380000071018
13.319374998900457
14.349026001582388
15.744327998618246
14.465479000136838
14.845341000182088
15.98588599881623
14.485010000498733
14.884614998663892
14.708506998431403
14.552566999554983
14.523850999466958
14.34568700096861
14.144139999189065
12.971223999556969
13.563714999691001
13.686943999346113
14.038170000276295
13.854341999831377
13.527432000046247
13.375026001085644
13.7633790000109
13.144198999725631
14.048756000192952
13.577653000538703
14.065459999983432
13.426069999695756
13.411887999609462
13.196560999858775
13.71701599964581
13.447129000269342
13.393866998740123
12.942923000082374
14.132808999420376
14.28432300053828
13.997030999234994
14.350631001434522
14.08551799977431
14.272354001150234
14.261956999689573
14.156962000924977
14.483204000498517
14.199858998836135
13.53670400021656
13.579155000115861
13.801880000755773
13.37486700140289
13.14987099976861
13.474429999405402
10.420907001389423
11.361318998751813
10.281629000019166
9.648872999605373
9.970611999960965
10.230800999124767
12.543592001748038
13.614531999337487
13.808980000248994
13.268848000734579
14.055308000024525
10.113706999618444
10.177905000091414
10.160095000173897
9.93977199868823
10.24762599990936
10.075535999931162
11.011606999090873
10.739297000327497
10.204379999777302
10.033219999968424
9.966682999220211
9.704743999463972
10.75717200001236
10.12605799951416
9.909840999171138
9.82363900038763
9.939290999682271
10.242880998703185
9.98723300108395
10.275612999976147
10.517885000808747
9.922708999511087
10.562810000919853
10.52251000146498
11.201339999388438
10.884868999710307
9.289751000324031
10.99620399872947
10.791233000418288
10.839406000741292
10.204641999735031
11.120496999865281
10.029445000327541
10.015474999818252
10.879690000365372
10.166858999582473
10.890560999541776
9.910215998388594
10.494709000340663
10.110188000908238
10.8054379998066
10.247096999592031
10.608081998725538
10.21874999969441
9.444978000828996
10.527675000048475
10.913985999650322
10.078346000227612
10.083432000101311
10.107571000844473
9.35778900020523
10.344434000217007
10.877349001020775
9.79155700042611
10.3418540002167
10.390817000370589
10.129688000233728
9.857619001195417
10.255861998302862
10.174609000387136
10.675274999812245
10.127216999535449
10.951493000902701
10.287682000125642
9.958417998859659
9.9052709992975
9.958882999853813
9.89006999952835
9.651143000155571
9.519438999632257
9.878020000542165
10.302688000592752
7.6457010000012815
10.232120999717154
9.631412000089767
10.153507999348221
10.716136001065024
10.576871000012034
10.82001900067553
10.378976001447882
9.890475001157029
9.577225000612088
9.656734000600409
10.181969000768731
10.009444000388612
10.611162999339285
10.419589998491574
11.130204999062698
12.045895999108325
10.957243001030292
11.262852000072598
11.594562000027508
10.956339001495508
10.553141000855248
10.984644000927801
11.59969200125488
11.261243000262766
10.896820998823387
11.079271000198787
9.920745998897473
8.391614999709418
10.615872999551357
10.016334001193172
10.458947999723023
9.931410999342916
10.264576998451957
9.837784000410466
9.942862001480535
10.50249899890332
10.207970000919886
9.914636000758037
9.694405000118422
10.049368000181857
10.001182999985758
10.068556000987883
10.167788999751792
10.459717999765417
10.161948999666492
11.374785000953125
9.659203999035526
9.588601000359631
10.03507899986289
10.25669599948742
10.112186000696965
9.98857299964584
10.129258000233676
10.282453000399983
10.126512999704573
9.324037999249413
10.00815899897134
10.699447999286349
10.23353099844826
9.646903999964707
10.104565999426995
10.164954999709153
9.58987400008482
10.179279999647406
10.216579999905662
10.441267999340198
10.254671000438975
9.665612000389956
10.453543000039645
11.181210000358988
10.284072001013556
10.4177660014102
9.828558999288362
10.255101000439026
10.068585999761126
10.159928000575746
10.05530499969609
10.188029000346432
10.700614999223035
9.975113000109559
10.281042999849888
9.722886001327424
10.416796001663897
10.408546000689967
10.597845999654965
10.642552999343025
10.982063000483322
11.896146001163288
12.170899999546236
10.853199999473873
10.73090600038995
11.405016999560758
11.240804000408389
11.624454000411788
11.191818999577663
11.490909000713145
10.265001999869128
8.152886999596376
10.118587999386364
9.660403999077971
10.163687999011017
10.438237000926165
10.497040000700508
10.110626999448868
10.902520998570253
10.721627999373595
10.049766000520322
10.236627000267617
10.094424998897011
10.134166001080303
10.150808000616962
9.96729299913568
9.717426000861451
10.597122000035597
10.472494001078303
10.337118999814265
10.339439000745188
10.127256999112433
10.014085000875639
9.539390001009451
9.845169999607606
10.740785999587388
10.324004000722198
9.995114000048488
10.270002001561807
10.6070620004175
10.180269000557018
10.223694998785504
10.0968719998491
11.056904000724899
10.318193000784959
10.263212998324889
9.868494998954702
10.111936999237514
10.197440000411007
10.487749001185875
10.35374500133912
9.238791000825586
10.159068000575644
10.385277000750648
10.22977199863817
13.46048300001712
13.946074001069064
13.38446199952159
13.724125999942771
13.691772001038771
13.56687800034706
13.783469999907538
13.124330000209739
10.085017000164953
10.828287000549608
11.22626200049126
9.878839999146294
10.026975000073435
10.40512700092222
10.207868999714265
10.326582998459344
10.210401000222191
10.001444001318305
10.14389800002391
9.928441999363713
8.498798000800889
9.880550000161747
10.349775999202393
10.208159999820055
9.896355999444495
11.138469000798068
10.976558000038494
12.559627999507939
10.660851001375704
10.408954998638364
11.33309999931953
11.600073001318378
11.359445999914897
11.010025000359747
11.059297999963746
11.129098000310478
12.424627999280347
11.696075000145356
10.630233000483713
11.347665000357665
13.287424000736792
13.648379999722238
13.553601998864906
13.69687199985492
14.053726001293398
13.760418998572277
13.341265001145075
13.256812999316026
13.097727998683695
13.52602100087097
13.363865000428632
13.249412999357446
13.751706999755697
13.543342000048142
12.914908000311698
13.739677000558004
13.358559999687714
13.410382000074605
13.698286000362714
14.149579999866546
13.8648310003191
10.74258600056055
10.853740999664296
10.356304001106764
10.86120999934792
10.128338000868098
12.814509000236285
13.708742000744678
13.259147001008387
13.24403299986443
14.196490999893285
14.065687000766047
13.14752899997984
13.137593999999808
13.539311001295573
14.165429998683976
13.151739000022644
13.754563000475173
14.02902600057132
13.287552999827312
13.2323620000534
13.203012000303715
13.70543600023666
13.221383000200149
13.529720999940764
13.48423000126786
13.782239000647678
13.313003999428474
13.25165299931541
13.595201999123674
13.757328000792768
15.052348000608617
14.706977999594528
13.609932999315788
13.698206999833928
13.701932000913075
13.97990499935986
13.465218000419554
14.814789999945788
13.871062001271639
15.025157001218759
13.901604999773554
14.450660999500542
16.275653999400674
13.798619998851791
13.284549999298179
13.749443000051542
13.926034000178333
14.721437000844162
13.419812999927672
14.146908999464358
13.512810999600333
13.693564000277547
13.450337999529438
14.228562000425882
13.617092999993474
14.219721999324975
13.816090000545955
14.006246001372347
13.554762999774539
14.061717000004137
13.985055000375723
14.509970000290195
14.251462000174797
14.940494000256876
13.523690999136306
13.884591999158147
13.606163000076776
13.516815999537357
13.871149001715821
13.689535000594333
13.51431699913519
14.38044600035937
13.440688000628143
13.212812000347185
14.085902999795508
14.033011000719853
13.4625299997424
14.148328998999204
9.75153499894077
10.305712999979733
10.378195000157575
9.664283999882173
9.576521000781213
10.27814299959573
10.80522799929895
9.799367999221431
10.291053000401007
10.507834000236471
11.09203099986189
10.107996999067836
11.285814000075334
9.7164660000999
9.902376999889384
11.33643600041978
10.605380000924924
11.115110999526223
10.781050999867148
10.16407600036473
11.139598000227124
9.688174000984873
10.502199000256951
11.394176000976586
10.830125998836593
11.589587000344181
10.540023000430665
10.49753200095438
10.4170790000353
10.307601998647442
10.929889000180992
10.778387999380357
11.53213500037964
10.203910000200267
10.665780000636005
10.844096999790054
10.221473001365666
11.105015999419265
10.328157999538234
10.174469000048703
10.753714999736985
10.45247699948959
10.36570600081177
9.946186999513884
10.60394200067094
10.294763000274543
10.069836000184296
10.404455999378115
10.5044080009975
9.843097999691963
10.57787099853158
10.332292999009951
10.763627000415
9.735215999171487
10.156018999623484
11.935669001104543
14.921888998287614
13.152899000488105
14.196922000337509
13.629984001454432
14.354932000060217
13.982903999931295
13.772629001323367
13.805987999148783
14.369717000590754
13.610414000140736
14.496224999675178
15.16236600036791
14.19811099913204
13.953343999673962
13.637616000778507
13.394741999945836
13.69876600074349
14.00086100147746
14.104462999966927
13.327995000508963
13.354290998904617
13.918958000431303
13.983105000079377
13.568722000854905
13.7874930005637
13.715892999243806
14.205612000296242
13.42459800071083
13.49246000063431
14.34414600043965
14.12386899937701
14.138333999653696
10.8476690002135
10.605662000671146
10.245829998893896
10.408566000478459
9.653717999754008
10.230121000859072
10.420197000712506
10.014514000431518
10.590153999146423
10.102967999046086
11.122608999357908
10.737525999502395
10.825748999195639
11.001589999068528
10.78635800149641
9.905921000608942
10.25814200147579
9.582620999935898
10.467108000739245
10.090125999340671
10.691550000046846
10.095857000123942
9.820228999160463
9.840294000241556
10.313682001651614
10.270482000123593
11.380635000023176
13.456098999085953
13.572253001257195
13.577402000009897
13.744568001129664
13.454687999910675
13.847289999830537
13.19639099892811
13.863000000128523
13.20107699939399
13.88440299888316
13.457208000545506
13.526433000151883
14.086363000387792
13.359115999264759
13.494460001311381
13.166721000743564
13.175232999856235
14.12553899899649
13.689826999325305
13.641094001286547
13.082860001304653
13.161063001462026
13.436586999887368
13.672195998879033
13.232342000264907
13.184100000216858
13.550911999118398
13.649403999806964
13.548251999964123
13.605353000457399
13.366948000111734
13.772840000456199
13.301114999194397
13.56773699990299
13.834170000336599
13.684064999324619
13.488030001099105
13.285756000186666
12.91616399976192
13.781120998828555
13.02961600049457
13.722375999350334
13.276093999593286
13.344300999960979
13.385157000811887
13.774761999229668
13.444391001030453
13.298166999447858
13.688117000128841
14.189171999532846
13.567951998993522
13.244165000287467
13.705936000405927
14.039165998838143
13.311774999237969
13.597793000371894
13.752478000242263
10.673633998521836
10.164941999391885
10.563195999566233
10.039094999228837
9.969683000235818
10.016603999247309
10.502010998607147
10.136327999134664
10.31580299968482
12.314897001488134
12.966846999916015
13.781239000309142
10.057683999548317
9.3839740002295
10.774517000754713
9.943782999471296
10.034845001428039
9.914484000546508
10.067485000035958
10.200470000199857
10.638125999321346
9.896391000438598
9.597281999958795
10.725884998464608
12.272642999960226
13.193393000619835
13.96623499931593
13.591173001259449
13.786658999379142
13.605192998511484
10.279943000568892
9.98462699863012
10.056184999484685
10.427597000671085
10.494561000086833
10.493679001228884
10.180019000472385
11.300103000394301
9.96553299955849
9.974242999305716
9.791427000891417
9.510411000519525
9.742806001668214
10.258052001518081
10.797868000736344
9.985738000978017
9.885280000162311
10.772617999464273
10.281852999469265
10.650464000718785
10.393525000836235
9.992052999223233
10.17304100059846
9.812767999392236
9.72022600035416
9.765508999407757
9.631573000660865
9.549230999255087
10.113489999639569
9.84128799973405
9.58486399940739
10.069015999761177
10.43360599942389
10.384375000285218
9.888030999718467
10.950762998618302
10.122577999936766
10.558181000305922
10.00110300083179
10.47878099961963
10.058395000669407
9.854182000708533
10.583064000456943
10.735603998909937
10.268322001138586
10.283511999659822
10.362335000536405
10.440257001391728
10.221291000561905
10.392805999799748
10.18785099950037
9.926180999173084
9.97939300032158
10.641565000696573
10.541399999056011
10.327174000849482
9.694574000604916
9.711728000183939
10.083484999995562
10.19540899869753
10.079755998958717
10.28368300103466
10.164474000703194
10.74725200123794
10.206070001004264
9.732496000651736
10.368227000071784
10.424254998724791
28.842605999670923
27.778464000220993
27.918969000893412
28.493134999735048
26.624164000168093
28.094564000639366
28.604454000742408
27.782813000158058
28.339630000118632
27.462808999189292
28.566692999447696
29.42205399995146
26.478853998924023
28.097763999539893
27.819631000966183
28.305334999458864
28.404917000443675
29.436924000037834
27.547601999685867
27.540375998796662
28.83714100062207
28.85957599937683
27.504785000928678
27.657799999360577
28.24439899995923
27.94781899865484
29.13046600042435
26.786144000652712
28.414397998858476
29.06971300035366
27.5782970002183
26.376761999927112
27.87579300093057
27.057532000981155
27.662920001603197
29.791156001010677
28.617840000151773
28.507961998911924
25.033595000422793
19.950615998823196
18.19494800110988
21.937466000963468
25.77972799917916
28.19509700020717
28.078928000468295
28.05865200025437
28.369047000524006
27.665839999826858
28.793009998480557
28.779473999748006
27.038499998525367
27.330225999321556
28.776254001058987
28.28069899987895
28.66517000074964
28.590629000973422
27.695511000274564
27.754894001191133
27.3436400002538
27.829341001051944
29.089932999340817
27.718613000615733
28.27892900131701
28.724683999826084
27.950509000220336
28.21197699995537
28.071343000192428
26.403482001114753
27.991369999654125
27.859582000019145
28.419655000107014
28.083852999770897
27.40710299985949
28.070153000953724
29.001400000197464
28.61040999960096
26.928557999781333
27.185876000658027
26.869496001381776
27.305019999403157
28.737102999002673
27.535195999007556
27.52407200023299
27.951928999755182
26.48893400146335
26.782704999277485
28.34938099840656
28.75742300057027
28.632280000238097
26.900327000475954
26.028110998595366
27.63694999885047
27.51865099889983
27.96637000028568
27.310468998621218
28.385487999912584
28.570057000251836
27.180778000911232
27.953349001109018
26.23622699866246
27.380080999137135
22.57005499996012
24.311048999152263
23.55660600005649
19.75476999905368
25.463743000727845
20.483291998971254
21.861232999071945
22.595045998969
24.946618999820203
26.34414999920409
23.826123000617372
23.423131999152247
21.98594299989054
25.04251599930285
25.559405999956653
25.717241000165814
22.278559001279064
23.872405001384323
22.912635999091435
25.040721000550548
26.059814999825903
27.818706999823917
27.052430999901844
27.953288999924553
27.586177999182837
27.355952999641886
27.59995899941714
26.648769000530592
27.97465900039242
28.176349000204937
28.364780999254435
28.367954000714235
27.705264001269825
29.306800999620464
27.25870200083591
28.36095599923283
28.505694999694242
28.75548500014702
27.627698000287637
28.680200999588124
27.210027999899467
28.76293299959798
27.726182001060806
28.5835569993651
26.784323999891058
28.07920300074329
28.26755899877753
27.244900000368943
27.14389399989159
28.67057600087719
28.418406000128016
29.14271400004509
27.336953000485664
27.453974000309245
29.48968700002297
27.815914001621422
28.6439910014451
27.77344400055881
27.70361600050819
27.05612199861207
28.231236999999965
28.53599700029008
28.457024000090314
31.05079300075886
29.073553001580876
30.37509199930355
28.985229999307194
28.39190400118241
26.49362499869312
24.077751999357133
19.71228799993696
23.7182330001815
21.409830000266084
23.35968899933505
25.795633999223355
21.72124999924563
20.84893399842258
23.633166998479282
20.573574998707045
24.858265000148094
20.313969998824177
25.40595099890197
25.327662000563578
27.687523001077352
27.236871999775758
25.48720500089985
24.945875000412343
26.21290100069018
26.084852001076797
26.90676999918651
28.96966499974951
28.380735000610002
29.21857799992722
28.898177999508334
28.621400000702124
28.78067400160944
28.771872999641346
28.68015199965157
28.999861000556848
28.190176000862266
27.220376001423574
29.601761998492293
28.851216000475688
28.437438999389997
28.24533800048812
30.329281000376795
28.463926999393152
29.394282999419374
28.146098999059177
27.435353000328178
27.80730499944184
28.448633000152768
28.604169998288853
28.0628219989012
28.27370799968776
23.52264399996784
25.363689999721828
21.41109300100652
24.889016000088304
24.81608400012192
28.011662001517834
26.879686000029324
28.05926800101588
29.452249998939806
30.31678299885243
28.43690599911497
26.75031000035233
27.457313999548205
28.113595999457175
28.514222000012523
27.580447000218555
28.723821998937638
28.19645599993237
27.591230000325595
29.24177100067027
28.025841000271612
27.841815001011128
23.595411999849603
21.644988000844023
24.996920001285616
27.868065999427927
27.85842899902491
27.264004000244313
26.470744998732698
29.469197999787866
29.385971998635796
28.174806999231805
29.517976001443458
28.947998998773983
29.630220000399277
28.93178900012572
32.59508200062555
31.041887999890605
50.4492569998547
31.112964999920223
33.209148999958416
30.62986999975692
28.806407000956824
28.421540999261197
27.771442999437568
30.39437299958081
27.963462000116124
27.71038100036094
29.935725000541424
28.917794001245056
25.92691000063496
28.100450001147692
28.435369000362698
27.275604001260945
27.24386699992465
28.589728999577346
27.276953000182402
28.35319000041636
28.492735998952412
27.634838999802014
28.33519599880674
28.84143100163783
27.51094499944884
27.90573200036306
25.38735099915357
27.50356499927875
28.24419900025532
28.687412001090706
30.158625000694883
26.950777999445563
29.51233699968725
29.365622000113945
29.13897899998119
28.376841999488533
26.94174900170765
27.663415999995777
28.16289499969571
29.06553799948597
28.911673000038718
27.78908399886859
26.544835998720373
28.400192999470164
29.699082000661292
27.684581000357866
27.997320999929798
27.285518001008313
28.402623000147287
28.348611998808337
28.027671000018017
29.46730999974534
28.53996200065012
28.012965998641448
29.962044998683268
25.705811000079848
28.863395998996566
27.09301300092193
28.656219999902532
27.564338000956923
27.102182999442448
27.884711998922285
28.142830000433605
28.14236399899528
27.83130500029074
28.846496999904048
27.9857900004572
28.564669999468606
29.09600400016643
26.261328001055517
29.86895800131606
28.348740999717847
28.21323200078041
27.729473000363214
29.24579299906327
29.069162999803666
27.80104500016023
28.401743000358692
27.985938999336213
29.555017999882693
29.12198400008492
29.360402000747854
28.47726599975431
28.86040200064599
28.736972000842798
24.73030599867343
30.185281999365543
29.588487999717472
27.92865300034464
28.434083998945425
26.84413399947516
29.20964199984155
28.639419999308302
28.994630998568027
28.059987000233377
28.852200999608613
28.362200999254128
29.09816499959561
29.295230000570882
32.10609499910788
29.129923999789753
26.717046999692684
30.41311400011182
27.46639999895706
30.13992500018503
29.785763999825576
30.88942899921676
30.08580400091887
25.635328000134905
27.168144999450305
28.81703599996399
28.260098000828293
25.35288000035507
25.367890999405063
24.49804899879382
24.570581001171377
28.45062899905315
27.995615000691032
28.879412000605953
26.19493599922862
27.66281100048218
28.631395000047632
26.61796900065383
28.1056929998158
28.48145499956445
27.567117000216967
27.752113999667927
28.105422999942675
28.070992000721162
29.10374800012505
27.12359799988917
27.98160500060476
28.79996399860829
26.840486001674435
27.480373999424046
26.38914199997089
28.73874299984891
27.807869999378454
29.357732000789838
29.823476001183735
29.46908000012627
29.7577099991031
29.410019000351895
29.21578200039221
27.479828999275924
28.129549998993753
27.260071999990032
27.359702000467223
27.78898399992613
28.771504999895114
28.093623999666306
28.88446799988742
28.01507100048184
28.048541000316618
27.639030000500497
27.578127001106623
29.136384999219445
27.920167998672696
28.639041000133147
27.65946600084135
29.087584000080824
26.430182999320095
28.292969000176527
27.71754199966381
28.12274899952172
29.23361800094426
27.534642000318854
27.633079000224825
28.249496999706025
28.323599000941613
28.42986900031974
26.92487800050003
27.78478400068707
27.8774060006981
28.693240999928094
28.3112400011305
28.450374000385636
29.378332999840495
28.21320799921523
29.063852000035695
27.8944629990292
27.17787600158772
29.67877000082808
27.177177998964908
27.86288599963882
28.93139899970265
29.40643299916701
28.93267800027388
28.182058000311372
29.008475999944494
27.720722000594833
27.888358999916818
27.918718000364606
29.489885000657523
28.09115899981407
27.20803500051261
28.20937700016657
27.446263999081566
28.573977999258204
27.319799999531824
29.013160999966203
27.984442998786108
27.739921999454964
26.6736409994337
27.783842999269837
27.658929000608623
27.93816799930937
28.261858000405482
27.75916300015524
28.456694000851712
28.459033999752137
28.595822001079796
26.94541900018521
28.317459000390954
29.147650999220787
27.871275999132195
29.34550400095759
28.773713000191492
29.48890600055165
28.6614329997974
26.764931999423425
27.441958998679183
28.42988299926219
28.418653999324306
26.910737999060075
27.831780000269646
27.598578000834095
28.188358999614138
28.009181000015815
28.05219199944986
28.37850499963679
28.28869999939343
27.58924800036766
27.677800999299507
27.226436999626458
29.409007000140264
27.998892999676173
29.03967299971555
27.8071140000975
28.19647599972086
26.87546699962695
27.50768700025219
29.49857599924144
27.09375300037209
28.071442000509705
28.230679999978747
25.349170000481536
23.127602000386105
18.06192900039605
26.536882000073092
16.50650099873019
25.183124998875428
27.451572999780183
27.12033399984648
29.275959001097362
27.078803001131746
28.067343000657274
28.27753500059771
27.148454000780475
26.936838001347496
27.19663599964406
27.769443999204668
27.342420999048045
28.27975000036531
27.54167700004473
26.53112699954363
27.55900699958147
27.00699199886003
28.975769999306067
28.607979000298656
27.84221599904413
27.903277999939746
27.77760400022089
28.09837300083018
28.144710000560735
28.56661900113977
27.71412199945189
27.583338000113145
28.16063799946278
27.749363998736953
27.41899299871875
26.973820000421256
27.28773899980297
27.270408998447238
28.374031999192084
27.66782099934062
27.75299399945652
28.034332000970608
27.513184999406803
28.01893200012273
29.089233999911812
26.80981400044402
28.528855998956715
30.032991999178194
28.985895000005257
30.85477500098932
27.82504000060726
28.34297400113428
25.60440800152719
20.979158000045572
22.251954998864676
21.69260000118811
20.61887600029877
21.70421200025885
16.948663998846314
21.48368300004222
25.186635000864044
25.89578600054665
22.086510000008275
23.354128999926616
23.414781000610674
26.784384999700706
27.54282699970645
30.260997998993844
23.776411999278935
26.578078000966343
29.47729099832941
28.699787999357795
28.827635998823098
29.552518000855343
28.526226000394672
37.86027599926456
28.0593970001064
32.08887400069216
28.807556998799555
28.623289999814006
28.895837000163738
28.88844199878804
29.214556998340413
20.433878000403638
28.315990000919555
25.178052001137985
21.7264270013402
21.494921000339673
21.430710999993607
19.585940000979463
15.189541001745965
14.135078999970574
18.498991999877035
15.328055000281893
15.893578000031994
13.959264000732219
17.325396000160254
15.683562000049278
17.705025999021018
20.641728000555304
19.989587000964093
19.03015899915772
19.41067000007024
18.70377900013409
18.842691999452654
18.635027001437265
18.151326001316193
19.24138399954245
18.785289999868837
19.267606001449167
18.651034999493277
18.470881001121597
17.56542899966007
19.350066999322735
19.536014000550495
19.59395499943639
19.91494399953808
20.472944999710307
8.037351000893977
19.279925001683296
19.48217700009991
18.08116800020798
17.84176299952378
18.527771999288234
18.555438000475988
19.21115400000417
19.609326000136207
18.30576599968481
18.44162000088545
19.761150999329402
18.64553599989449
18.60453500012227
18.66742600032012
18.804231000103755
18.14166199983447
18.664256000192836
30.784653999944567
25.819604999924195
28.791777000151342
28.91609300058917
27.72397399894544
28.51305600052001
26.8358889989031
28.542142999867792
25.62122699964675
27.104508999400423
28.192421999847284
29.152215000067372
27.72652199928416
27.610123999693315
28.549267999551375
27.10993300024711
27.746162999392254
27.378700999179273
27.89851800116594
27.25942300094175
26.4698020000651
26.500145000682096
27.541462000954198
28.41037799953483
28.3191500002431
28.668106000623084
26.842199000384426
27.959349999946426
28.751324000040768
28.729522999128676
28.359986001305515
27.467084999443614
27.20781100106251
29.944599998998456
27.602811000178917
28.70518099916808
28.607234000446624
28.317230999164167
28.477334999479353
27.50221400128794
27.599089000432286
26.61679100128822
27.473854999698233
29.242152000733768
29.398434000540874
29.74754300157656
28.9164690002508
28.18677100003697
27.841574999911245
28.411493000021437
28.62440399985644
28.479534999860334
27.045271001043147
27.200986000025296
28.079973000785685
28.557267998621683
27.913997999348794
28.064641999662854
27.94889899996633
26.657121001335327
27.939109000726603
27.06154200132005
27.353380999556975
28.953479000847437
28.068721998351975
27.550747001441778
27.075912001237157
27.42754300015804
26.91299699836236
27.240673000051174
27.67389000109688
28.088932998798555
28.782859999409993
28.339795000647428
27.29517900115752
28.06577200135507
28.637002000323264
28.561596000145073
28.436894001060864
28.88040800098679
28.46077599861019
27.33905600143771
28.23201299906941
27.9443090003042
27.586652999161743
29.190434999691206
27.396298000894603
27.924623000217252
27.672729000187246
28.732933000355843
27.89155199934612
27.39232099884248
28.305539999564644
28.675972000201
26.747112000521156
27.66439999868453
27.376091999030905
24.788183998680324
27.3308959986025
27.735228999517858
28.388341999743716
28.832950998548768
27.894197999557946
27.42548300011549
28.630441000132123
27.557817000342766
27.821154000776005
28.39513399885618
27.143715999045526
28.69267099958961
28.373502000249573
27.48405000056664
29.71208700000716
26.790158000949305
28.49323599912168
28.72267299972009
27.50897599980817
28.747952999765403
28.287388999160612
29.26415900037682
27.404042999478406
28.23438800078293
27.896791998500703
27.643829000226106
28.043811998941237
27.054703001340386
19.27347099990584
20.639107999159023
22.691469001074438
24.766073000137112
23.015438999209437
26.8776760003675
28.42166600021301
27.330259999871487
29.436613000143552
28.329559998383047
28.068591998817283
25.435433999518864
18.186572000558954
23.35707000020193
22.037757998987217
23.74781100115797
17.756459999873186
21.684089000700624
24.676039000041783
19.15196099980676
22.5249850009277
23.204000000987435
25.447820000408683
27.400114999181824
28.205566999531584
27.55867700034287
28.45292399979371
27.934744999583927
27.59315899857029
28.115277000324568
27.394431999709923
28.576587999850744
27.757772999393637
27.901102999749128
27.491413999086944
28.177965999930166
27.01162999983353
26.465914999789675
28.572207000252092
27.89758700055245
28.21638199930021
25.48421400024381
20.783541000128025
27.191146000404842
22.589567999602878
24.49482299925876
23.50773400030448
22.981766998782405
24.42373099984252
24.652678999700584
24.05270200142695
27.71738099909271
20.23485399877245
21.374179999838816
29.61157000027015
27.394924998588976
26.773734000016702
29.503675999876577
26.411962000565836
27.61132900013763
28.552678999403724
28.924367999934475
27.61049900072976
28.2474280011229
28.528446000564145
28.341404999082442
27.73987199907424
28.76837299845647
26.340440001149545
28.358691999528673
23.57567599938193
23.708650000116904
23.11334300065937
26.73992299969541
21.537333999731345
24.881285999072134
25.304429000243545
24.474134001138736
25.288640001235763
23.379583999485476
26.082712998686475
24.09690199965553
23.437921001459472
24.408064000454033
23.6345169996639
25.192053999489872
28.119893999246415
28.366972001094837
28.233536999323405
27.885967001566314
27.64874000058626
24.81026399982511
24.154573999112472
27.375871999538504
27.962031999777537
27.630712998870877
28.152635999504128
27.17933600069955
28.086053000151878
27.970389999609324
26.869019000514527
28.45655400051328
28.346831000817474
27.609008999206708
28.82859700002882
28.26849800112541
29.06294300009904
27.89360799943097
27.262149000307545
26.86711699971056
27.700582000761642
28.934521000337554
28.64066000074672
27.705231999789248
27.844987000207766
26.08966200023133
27.945929001361947
28.42330300154572
26.79625400014629
26.624013000400737
28.7611059993651
27.623699001196655
28.515230000266456
27.285279000352602
29.02605199960817
28.679802000624477
28.148793999207555
31.012363000627374
29.296152000824804
29.165165000449633
29.46656600033748
29.40746500098612
28.78429399970628
28.57960700021067
28.456142999857548
26.898147001702455
28.518646999145858
28.54611099974136
28.739825000229757
28.571668999575195
27.410364999013836
28.408227999534574
29.01262999876053
27.599569000813062
28.511986000012257
28.23222799997893
29.25339799912763
26.282319999154424
29.321769001398934
28.322764001131873
27.772123999966425
26.891786999840406
28.03656099968066
28.354789999866625
27.4140029996488
27.258207999693695
29.14187500027765
28.660939999099355
27.796840000519296
27.862607001225115
29.188565998993
28.263433001484373
27.722752000045148
28.177297001093393
27.490305999890552
27.322969999659108
29.251328998725512
29.71124199939368
29.071881999698235
28.196505998494104
28.312331000051927
28.19711600022856
27.981659999568365
28.81692499977362
29.413072999886936
29.254623999804608
28.923018000568845
29.36704200146778
27.973687998382957
27.926938000746304
28.23658800116391
28.766094001184683
28.304749001108576
27.6141579997784
28.861627000878798
27.7589289999014
28.554622000228846
28.33853599986469
28.20563599925663
27.922777000640053
27.70445100031793
27.658900999085745
27.52262600006361
28.623410000363947
29.14141600012954
27.81888600111415
29.572448000180884
28.420524000466685
27.596197998718708
27.933827999731875
28.743897999447654
28.933857998708845
27.33552499921643
27.427226999861887
28.690205999737373
28.312819998973282
27.686434999850462
28.45459399941319
