Messages/sec=37.56
duration_sec=60.013
payload_size_bytes=1048576
total_messages=2254
payload_throughput_MiB_sec=37.56
mean_rtt_ms=24.136
median_rtt_ms=27.264
stddev_ms=6.349
min_ms=7.628
max_ms=35.674
---raw_latencies_ms---
23.425262001183
30.358151998370886
27.598139000474475
29.288461999385618
30.634079999799724
31.041002001074958
31.027612998514087
27.41664099994523
27.66827000050398
28.846591998444637
27.759141999922576
28.290958998695714
27.60738799952378
23.421981000865344
19.444190000285744
19.444199999270495
28.293639999901643
16.408488001616206
17.469991000325535
16.131909998875926
22.33954799885396
21.364578999055084
18.30910599892377
24.86093500010611
22.91081600014877
18.606665998959215
23.951127001055283
20.261255998775596
23.802973000783822
24.17176899871265
25.551299999278854
24.23962600005325
24.389266000071075
24.465569000312826
23.131463000026997
24.848488999850815
24.150012999598403
28.74217399948975
28.244649000043864
27.577947999816388
28.305230000114534
27.68147599999793
29.177276001064456
26.116713001101743
19.264063999798964
22.122133001175825
23.790917000951595
24.853089000316686
29.185695999331074
29.23123700020369
28.644460999203147
26.84909999879892
27.960733999861986
28.953969000212965
27.251428000454325
28.14256399869919
27.86760499839147
28.3420859996113
29.054141999949934
28.12892000110878
27.30860899828258
27.6389789996756
25.20833699963987
22.83932299906155
27.553662001082557
28.00355900035356
27.765048998844577
28.036196001266944
26.829335000002175
26.377049998700386
27.691136998328147
27.374160999897867
26.647909999155672
27.148424000188243
28.71312199931708
27.06083200064313
29.070282998873154
25.639207000494935
28.07083299921942
28.01913700022851
27.73875200000475
29.374472000199603
28.48344500125677
26.849494999623857
27.63116900132445
29.03289400092035
27.023360999010038
28.016300000672345
29.123865000656224
27.50119699885545
29.907067999374704
30.433953999818186
27.210266000111005
28.112934000091627
27.807636000943603
27.844170999742346
27.161264000824303
27.336529999956838
28.405198001564713
28.48855499905767
28.730062000249745
28.235656000106246
28.006450998873333
23.492377998991287
26.277058999767178
22.347849000652786
25.619797999752336
20.49140700000862
23.12774199890555
24.36889999989944
25.068652001209557
25.76983299877611
24.345609999727458
25.17034399897966
25.28780899956473
24.620681999294902
24.42633699865837
21.269015000143554
21.09997100160399
21.22257399969385
22.510333999889554
24.013969001316582
26.203335999525734
27.108383999802754
25.08978500009107
25.43344200057618
24.408572000538697
22.045409999918775
19.591976000810973
23.499463000916876
26.23855599995295
17.66798700009531
28.367410999635467
22.231764000025578
25.558397001077537
27.888697000889806
28.628500000195345
28.224276999026188
27.11130200077605
28.035003999320907
28.375582000080612
26.626214999851072
27.406876999521046
29.01040100005048
27.71037599995907
27.948339000431588
27.658909999445314
10.439067000334035
11.125397999421693
10.299658000803902
9.59411099938734
10.358814999563037
11.098233000666369
10.175809000429581
10.122293000677018
10.156584001379088
10.28429299913114
8.52913399830868
10.038230000645854
10.963093000100343
9.93155200012552
10.792039000079967
10.152122998988489
10.080075000587385
10.122603000127128
10.27712200084352
9.805917999983649
10.129568001502776
10.228929999357206
9.981637000237242
10.462447000463726
10.330152999813436
10.369235000325716
10.244371000226238
10.189009999521659
10.458177999680629
10.708194999097032
10.254091999740922
9.551904999170802
10.30162300048687
10.191179999310407
10.20739000159665
10.351480999815976
10.366324999267817
9.63005299854558
10.337063000406488
9.70524399963324
10.244440998576465
10.37769600043248
9.847145000094315
10.485958999197464
9.99613599924487
10.26033199923404
10.199160000411212
11.141388000396546
10.446218000652152
10.5710910011112
10.22862699937832
10.260352999466704
10.978844000419485
10.339424001358566
11.205270999198547
11.503609001010773
9.794486999453511
10.294233001332032
9.932570999808377
10.048370000731666
10.279722000632319
9.908640999128693
11.147293998874375
10.058615000161808
10.39251600013813
10.284533000231022
10.537550000663032
10.15640399964468
9.743455999341677
10.194979000516469
9.484748999966541
10.085419000461116
10.521813001105329
10.75020099960966
9.87200100098562
10.579882000456564
10.511053000300308
10.593220998998731
10.330732999136671
10.48499299940886
10.384199998952681
10.437377999551245
9.991233000619104
9.878111000944045
9.71401400056493
10.380245999840554
9.939732000930235
10.094696999658481
10.155328998735058
9.542149999106186
10.310763000234147
10.47966799887945
10.466907999216346
9.79675800044788
10.24084100026812
10.372574999564677
26.2934589991346
27.664672999890172
29.321100999368355
29.19796099922678
28.373981000186177
27.806505000626203
27.441144000476925
28.43248300086998
28.405343000486027
28.766723999069654
27.674121000018204
28.233777000423288
27.379971001209924
27.607959000306437
28.66204999918409
28.471325000282377
28.17831600077625
28.432123999664327
27.613449001364643
26.384312001027865
24.141932999555138
21.773791000669007
22.462210999947274
18.0803700004617
14.385407001100248
13.75589800045418
14.891172000716324
15.085787999851163
13.796097999147605
14.38855700143904
14.32383000064874
14.21404699976847
13.58419800089905
13.801619001242216
13.518076000764268
10.587486000076751
10.350680000556167
10.572481000053813
10.056745000838418
10.405216000435757
10.454698000103235
10.467842999787536
10.48509800057218
10.328458998628776
9.771618000741
10.621042998536723
10.238301998469979
9.93081200067536
10.706346000006306
10.520179999730317
10.29014300002018
9.757951000210596
11.068496000007144
10.209920999841415
10.79072799984715
11.976425001194002
13.947944000392454
13.596963000964024
10.572482000497985
11.165014999278355
10.403005999251036
10.654704999979003
9.705835000204388
10.268972000631038
10.06027599942172
9.823407001022133
10.860004998903605
10.093225999298738
10.061581999252667
9.924832000251627
10.583146999124438
10.218151001026854
10.42046600014146
10.047244999441318
9.78028700046707
10.1838200007478
10.078867999254726
9.999734000302851
10.7839669999521
10.011218999352423
11.02936000097543
11.12576400009857
10.790887999974075
10.349405001761625
9.600240999134257
10.383394999735174
9.90173100035463
10.709956000937382
9.743837001224165
10.267625000778935
10.221041000477271
10.007874001530581
9.896231000311673
10.319402999812155
10.25084199864068
9.55343100031314
10.035260000222479
10.04600499982189
9.937067999999272
10.215801001322689
10.253592001390643
10.467818001416163
10.020499999882304
9.990114000174799
10.151784001209307
10.54627099983918
27.147954000611207
28.878377999717486
28.072682000129134
26.94174899988866
27.77907900053833
28.592669001227478
29.2052179993334
27.784934000010253
28.18061099969782
26.97057199839037
25.76041499924031
27.92551899983664
27.11432300020533
24.764935000348487
27.753643998948974
27.531236000868375
28.023191000102088
27.623898000456393
27.97014899988426
27.413832998718135
27.260462999038282
28.092573998947046
28.49867500117398
28.01820099921315
28.397025000231224
27.356062000762904
28.35784099988814
27.13708600094833
27.75781300078961
26.70712500002992
27.12021399929654
27.503505998538458
27.891387999261497
29.073772999254288
26.56805699916731
28.01227099917014
28.588749000846292
27.56671800125332
27.733815000829054
27.422383000157424
27.303711998683866
27.856396000061068
27.45436699842685
27.748452999730944
28.472225001678453
27.85256599963759
27.8985080003622
27.063372001066455
27.42267599933257
28.521655998702045
27.783432999058277
27.780173999417457
28.61313900029927
27.43778299918631
27.380151999750524
28.598143999261083
27.885228000741336
28.850919999968028
29.157855000448762
28.886650001368253
21.996317998855375
21.94008600054076
25.20827499938605
18.28014500097197
24.476528000377584
24.937762998888502
23.946097999214544
26.15826399960497
25.357164999149973
24.92534200064256
25.549827001668746
25.275776999478694
23.74478099955013
26.418053001179942
25.733821999892825
24.550856000132626
22.777291998863802
24.62385800026823
24.12360199923569
25.682830999357975
25.885734999974375
23.529035999672487
22.890074000315508
24.70820999951684
23.009448999800952
23.513878000812838
25.285396999606746
27.32861500044237
25.832555000306456
24.911816999519942
23.958727999342955
24.797623000267777
24.98257899969758
23.410391000652453
25.84804499929305
25.42187199833279
25.201536000167835
25.18118500120181
28.86329699867929
30.26840100028494
29.686702000617515
29.113309999956982
27.828817999761668
30.120136001642095
27.691310999216512
27.130004000355257
28.272930001548957
28.79201399991871
29.584658001112984
27.762534000430605
27.76667299986002
27.477154000735027
25.975680000556167
29.729243000474526
29.628130001583486
30.110763998891343
29.252624000946525
28.625455001019873
26.3476800009812
27.789845000370406
28.371662001518416
27.464623999549076
25.10101199914061
29.2536189990642
25.13123300013831
23.474333000194747
24.11534299972118
18.82473999830836
21.12959200167097
23.158214000432054
21.989062001011916
22.11176699893258
23.560796000310802
22.58286600044812
22.71440999902552
26.661719999538036
25.592567999410676
24.48917400033679
21.233350000329665
24.386674998822855
22.51654000065173
24.982615999761038
28.40629300044384
27.530056000614422
27.605337998465984
28.22447799917427
28.658150000410387
20.189152999591897
23.724410000795615
23.928601998704835
25.106051998591283
23.498503000155324
24.614022999230656
25.153493999823695
24.877420999473543
26.443409000421525
23.158533998866915
25.63588799966965
25.98095900066255
22.61685100165778
25.05524099979084
23.607688999618404
24.332578999747057
26.92049299912469
23.580019998917123
22.734930000297027
26.529227001446998
29.495607999706408
27.85090100041998
28.853915999206947
28.00838099938119
28.458603999752086
27.204615998925874
28.01724199889577
29.08296900022833
27.758678999816766
29.876926999349962
28.944689000127255
25.483389999862993
23.892461000286858
24.99633500156051
24.714911000046413
24.277206999613554
22.52419299838948
25.35472599993227
24.48857799936377
27.681319999828702
28.154715000709984
26.936493000903283
24.172159000954707
27.31874900018738
28.99027599960391
27.651254000375047
30.028623001271626
29.412017998765805
28.362057000776986
29.77295900018362
26.3598000001366
28.20509699995455
28.03738200054795
28.143125000497093
26.788443999976153
27.643808998618624
28.51233600085834
27.12003399938112
28.658380999331712
27.590753001277335
28.854742000476108
27.724687000954873
28.352905999781797
28.861456999948132
27.421423001214862
27.880527000888833
29.714492999119102
28.300059000684996
28.626978999454877
28.66328600066481
29.454501998770866
28.19788399938261
27.16611000141711
28.19706700029201
28.512185001090984
29.396463000011863
27.800904999821796
28.15458400073112
27.426552998804254
27.634730000499985
27.909598000405822
28.27626100042835
27.26437899946177
27.64706999914779
27.750522998758242
28.392201998940436
27.688741000019945
28.668630000538542
28.58800799913297
28.11980600017705
28.869979998489725
28.82743599911919
28.644444999372354
27.982580999378115
28.391906998876948
28.16216100109159
29.001983000853215
28.21179700003995
28.13991699986218
27.583217999563203
27.47709399955056
26.358941999205854
23.375399001452024
24.03948000028322
20.817423001062707
27.603422000538558
27.310629999192315
28.79869500065979
27.634719001071062
28.549698001370416
28.454843999497825
29.313062999790418
27.520085001015104
27.000262000001385
27.141520999066415
27.745163000872708
27.946189000431332
27.73009200063825
28.006971999275265
28.575116999491
27.462330001071678
27.274719999695662
27.986679000605363
29.009981000854168
27.47640599955048
27.597711001362768
27.82173299965507
27.97537900005409
28.724884999974165
27.56036699975084
28.26892800112546
26.660370000172406
17.51174200035166
24.099783000565367
22.150642000269727
21.917796000707312
25.074301000131527
24.639062999995076
18.545297998571186
21.737459999712883
29.9453089992312
27.759806000176468
28.05929200076207
28.012081000269973
28.026721000060206
27.384875000279862
27.927928998906282
28.511335000075633
29.07824400062964
28.08179299972835
27.82663400103047
27.596579000601196
27.86765699966054
27.009884999642964
27.690120999977808
26.77726299953065
28.516366000985727
27.64354899954924
27.931381000598776
27.86833100071817
28.04435800135252
26.897658999587293
29.521467000449775
28.52543700100796
28.43799400034186
25.84769499844697
23.902236000139965
21.992377998685697
26.17118499983917
24.40821600066556
23.230288999911863
29.067602999930386
27.504445999511518
27.035361001253477
28.728658000545693
27.25949799969385
29.501416998755303
28.91762299987022
27.42256300007284
27.85233599934145
28.41706300023361
27.515137999216677
28.031616999214748
28.79063200089149
28.2794400009152
26.20507599931443
28.821674999562674
27.97534999990603
28.300120000494644
26.538644999163807
27.66195299955143
26.63361899976735
28.560886999912327
28.347242001473205
28.11118399949919
27.791495000201394
28.364060999592766
29.65330100050778
27.823504999105353
29.06712299954961
28.52296600030968
30.312165999930585
29.014450999966357
29.78797499963548
29.731124001045828
28.50183800001105
27.959645000009914
26.95270399999572
27.553625999644282
28.43793300053221
28.888978000395582
26.375880999694346
27.638321998892934
28.16341599827865
27.976449999187025
28.24274799968407
27.790764999735984
28.317678999883356
27.083602000857354
26.92355699946347
27.8715700005705
29.54914800102415
28.454094999688095
27.45777400014049
28.521407000880572
28.601071000593947
27.992000001177075
27.618799000265426
27.91727899966645
26.614531001541764
28.096265999920433
27.6708610017522
28.229219999047928
28.072158000213676
27.731277999919257
28.69614999872283
28.433863999453024
27.93973799998639
28.033641001457
27.4770649994025
26.83074600099644
27.94784900106606
27.728322998882504
28.1958460000169
21.642227000484127
28.859832000307506
28.781053999409778
24.671870000020135
25.08005200070329
16.75919899935252
23.036389999106177
25.681394999992335
28.07158299947332
27.341238999724737
27.21331700013252
28.326334999292158
28.15633499994874
28.01308100060851
27.99504100039485
27.62792900102795
29.20542799984105
28.07086199936748
27.843607000249904
27.391457000703667
26.100745000803727
28.576335000252584
27.27273799973773
30.14292499938165
28.103519000069355
27.317558999129687
27.915679000216187
27.270333001069957
27.801164000266
26.877636000790517
27.441138001449872
28.41331300078309
28.115528999478556
28.985659999307245
27.696741000909242
28.114994000134175
28.42947300086962
27.100368999526836
27.34968599907006
26.970258999426733
27.610729001025902
28.427823999663815
29.19293700142589
28.089613999327412
27.966278999883798
28.236801999810268
27.262347999567282
28.137409000919433
27.323674999934155
18.681862000448746
20.323702001405763
20.498932999544195
20.231694001267897
21.007028000894934
26.83835999960138
21.370537999246153
18.27086500088626
23.742212000797736
21.949297000901424
26.831315999515937
27.741911999328295
29.15831599966623
28.79589399890392
28.489894999438548
28.04363199902582
28.872967001007055
28.36626199859893
26.541625999016105
27.542657000594772
27.192759000172373
29.438039999149623
27.79833999920811
26.580207000733935
28.412302999640815
28.736962000039057
28.080543999749352
27.186894998521893
28.77616400110128
25.853745000858908
28.13152399903629
28.65170600125566
27.68934000050649
29.028822000327636
28.485595999882207
27.847306000694516
27.835085000333493
29.943255000034696
28.858018999017077
28.944374000275275
26.593321999826003
29.1460360003839
28.421662998880493
28.354561000014655
28.52753700062749
27.63851999952749
28.82621499884408
27.855321999595617
28.52816700033145
28.072333001546212
28.26973899937002
27.698961999703897
27.336815001035575
28.71381800105155
27.75967300112825
28.412812998794834
28.674199998931726
28.07772799860686
28.065507000064827
27.94752000045264
27.942339000219363
28.39409299849649
29.541248000896303
27.76908300074865
29.694742001083796
33.38849900137575
30.20571200067934
31.241833999956725
27.343995001501753
30.182816999513307
28.539181999803986
27.81065500130353
29.407178999463213
28.362275999825215
28.750092998961918
27.444593999462086
28.560138000102597
28.639779999139137
29.296330001670867
31.674042000304325
27.129694000905147
26.822435000212863
27.95972900094057
28.551276998769026
27.401422999901115
27.62142999927164
27.95284500098205
29.126980000000913
27.557167000850313
26.246801999150193
28.2894590000069
29.23901800022577
27.85279499948956
26.027882999187568
28.227246999449562
28.246208999917144
28.106043999287067
29.30053999989468
27.977361000012024
27.974609000011696
28.601398000319023
27.84996599984879
29.197986999861314
28.631829000005382
29.483795999112772
26.716870999734965
27.019360999474884
29.51032900091377
28.485795000960934
27.09201200013922
28.249627001059707
28.194407001137733
27.44016299948271
27.552497000215226
28.468464999605203
26.939732000755612
27.95741000045382
27.406391000113217
28.28193899949838
26.860425001359545
26.183940999544575
27.53546599888068
28.21677700012515
28.021441999953822
28.328033000434516
27.83267500126385
26.520258999880753
27.60231100000965
30.12865500022599
28.69500399901881
29.372254000918474
26.974869999321527
28.647169001487782
25.50764599982358
22.93103600095492
21.466861999215325
22.076790999562945
25.589558001229307
26.64288900086831
27.076735999798984
26.08886099915253
27.646689999528462
28.84863600047538
28.10264800064033
19.31226200031233
22.382429999197484
20.27977599937003
23.334113000601064
23.825713000405813
27.603008998994483
23.12749399970926
25.12145299988333
28.3860449999338
28.781974000594346
29.031416999714565
28.480494998802897
28.993909998462186
28.22823800124752
28.134427000622964
28.00255100009963
28.351981000014348
27.72236200144107
22.71723000012571
20.92171999902348
25.238959000489558
26.79101400099171
28.309526000157348
28.428883999367827
29.211676999693736
26.412582999910228
29.357092000282137
27.475174001665437
24.096683999232482
24.73221100080991
24.177854000299703
24.78858299946296
35.67362400099228
28.283732001000317
29.135984999811626
27.8161940004793
28.055364000465488
27.697702000295976
28.841665998697863
28.627239000343252
29.545246999987285
31.26522999991721
29.72407800007204
28.906408000693773
28.159960000266437
30.7166029997461
28.395842000463745
28.211078000822454
28.09964300104184
29.284439999173628
27.486835000672727
28.384834000462433
27.790304000518518
29.322555999897304
29.77390500018373
27.911068000321393
25.88991800075746
27.737041998989298
27.021283998692525
28.220072999829426
28.68607699929271
28.32553000007465
28.391103000103612
28.280920998440706
28.707651999866357
28.452965001633856
27.643791001537465
27.47764699961408
27.766401999542722
27.97009200003231
27.97390500018082
30.262485999628552
28.08538099998259
28.225747000760748
28.462267999202595
28.560341999764205
28.741860000081942
27.974140000878833
30.14542599885317
26.1761950005166
28.584907999174902
27.2901450007339
27.714286001355504
29.526968999562087
27.715312000509584
27.98436299963214
27.3261199999979
27.427015998910065
28.00087099967641
28.109093000239227
27.57388800091576
28.15188400018087
27.50478100097098
28.752983000231325
27.43504400132224
27.02026099905197
29.7943249988748
27.95138900000893
28.63342199998442
27.737766999052837
28.703296000458067
26.1144880005304
29.421913999613025
28.26985799947579
27.059092999479617
28.7077720004163
27.64615500018408
28.033367001626175
28.293770999880508
29.35661099945719
28.407742998751928
29.493505999198533
28.306669999437872
28.303088998654857
28.442454000469297
28.39391300040006
28.47507599835808
27.906407000045874
27.137944000060088
28.016296000714647
28.12406099837972
28.9166180009488
28.392111000357545
27.96470499924908
28.765183000359684
25.76846299962199
25.83979500013811
28.380631998516037
28.59383000031812
28.023719998600427
29.55875699990429
27.884226999958628
27.744912998969085
27.528336000614217
28.172100999654504
28.500720000010915
27.83524100050272
27.855702001033933
28.61991000099806
28.41241500027536
26.733791000879137
28.033057000357076
28.316620000623516
27.313024998875335
28.712351000649505
27.913779000300565
27.184714999748394
26.95541899993259
28.300321000642725
27.75969299909775
28.352881001410424
19.566143999327323
21.31606799957808
25.340899999719113
22.0178429990483
25.781993999771657
26.8581649997941
26.065141999424668
26.88492299967038
22.928551999939373
25.712189999467228
25.037571000211756
24.358806000236655
24.35139399858599
26.500279000174487
24.851374999343534
25.764803000129177
24.484653999024886
25.504974999421393
24.325483998836717
24.697028999071335
22.944657001062296
26.061127999128075
25.10509199964872
28.300059000684996
28.724342000714387
28.117473999373033
28.182994999951916
27.407857998696272
28.05999699921813
27.735042000131216
26.86449700013327
28.27305100072408
27.84808099931979
27.721926000594976
27.925037999011693
28.451894000681932
27.5654819997726
27.245667999522993
29.879486999561777
27.41170300032536
28.090174000681145
29.129804999683984
27.90988299966557
27.816674999485258
27.721643000404583
27.835419999973965
27.31373000096937
26.296748999811825
20.001267001134693
23.80095800072013
23.61329799896339
26.052891998915584
24.965386999610928
25.78737799922237
25.059966001208522
24.38685000015539
24.962474000858492
27.42473299986159
28.09671300019545
27.99390499967558
27.280819000225165
28.067141998690204
28.8997070001642
27.590673000304378
28.31635899929097
28.13737399992533
29.268648999277502
28.274158999920473
28.168311999252182
27.623349000350572
27.162854999914998
28.110483999626013
28.442724998967606
29.087873999742442
27.31165799923474
27.895447001355933
27.009571000235155
26.18739699937578
28.001261000099475
28.39674200004083
28.542087000460015
22.763871000279323
20.658896999520948
19.971677000285126
24.94370699969295
25.266386999646784
25.060592000954784
23.94441199976427
23.871346000305493
23.97275899966189
25.58167700044578
27.767315999881248
28.248061000340385
29.426084000078845
28.95286999955715
29.03020199846651
33.4868939989974
30.47279000020353
30.25071000047319
26.724000001195236
29.26070000103209
29.73221299907891
27.94959899983951
28.850126000179444
30.793646001257002
30.52495900010399
28.577528000823804
27.93163099886442
28.43823299917858
30.77528900030302
24.44531199944322
21.983718001138186
22.774421999201877
22.55029699881561
21.927993000645074
21.546504000070854
18.780060001517995
26.845174999834853
27.26713800075231
28.14172500075074
27.289368999845465
27.568968000196037
26.658398001018213
27.687981000781292
27.915467999264365
29.535920000853366
27.07497800111014
27.122543999212212
28.067761999409413
26.944489000015892
27.636184000584763
29.526939999414026
28.431492999516195
27.53611900152464
28.27871800036519
27.74486300040735
27.341151000655373
28.140316000644816
28.157845001260284
27.190255999812507
27.90334599922062
29.71456299928832
29.10878499824321
28.31934099958744
27.21826000015426
29.22148800098512
27.542567000637064
28.391351999744074
27.01422999962233
25.329279000288807
21.524822999708704
23.114232000807533
21.03774900024291
24.976020999019966
25.700956000946462
26.221111000268138
23.60016700004053
25.234116001229268
26.895027000136906
27.79284799908055
28.82027099985862
23.011469000266516
26.133999999728985
25.072071999602485
18.050767999739037
21.49068299877399
20.385480000186362
24.676921999343904
25.619979000111925
23.387659999571042
26.750935001473408
24.725513001612853
22.251225998843438
23.412070999256684
22.991461999481544
24.56591600093816
26.51647399943613
29.092337001202395
24.507956000888953
25.575927000318188
26.475786000446533
27.897951998966164
29.321910998987732
29.13917500154639
27.4126910007908
29.01335100068536
21.53936399918166
17.58128400069836
25.810873001319123
18.42722999936086
23.557365999295143
17.56062400090741
22.62863699979789
22.04901999903086
18.413194000459043
26.387357000203338
29.206796998551
29.209157000877894
27.310428999044234
27.072852000856074
27.299679999487125
28.30571000049531
29.539547000240418
28.53609700105153
26.107067000339157
28.086038000765257
28.22105800078134
27.20836899970891
28.425514001355623
27.71453300010762
28.031691001160652
28.580648999195546
27.263510000921087
28.23587700004282
25.421393998840358
24.76203100013663
27.979670998320216
28.700212000330794
30.946720999054378
28.824905000874423
29.7300219990575
27.136414999404224
28.834695000114152
28.547426998557057
22.49945299990941
18.66384699860646
20.871844000794226
22.71296999970218
16.802439999082708
25.456913999732933
24.142553000274347
23.712890999377123
24.790532999759307
27.923559000555542
26.92480699988664
28.082664000976365
27.652445000057924
27.886066000064602
27.6806520014361
28.109803999541327
27.74863299964636
28.58936899974651
28.940859001522767
27.16027000133181
27.335659999152995
27.381022000554367
28.191179000714328
27.79303399984201
26.1843249991216
27.93739899971115
27.44840400009707
28.68368199960969
27.671290999933262
26.55115699963062
28.075532000002568
28.712583000015
27.385151999624213
27.583458000663086
26.990709999154205
28.657480999754625
28.060414000719902
27.095482000731863
27.56885999951919
27.613655000095605
27.899716998945223
27.143104000060703
27.79021400056081
26.16920500076958
27.734511999369715
27.691312001479673
28.044037000654498
28.855237000243505
25.772723000045517
28.1371550008771
27.412071998696774
28.620050001336494
27.62937899933604
27.46427700003551
28.217686000061803
26.730720999694313
27.625018999970052
28.356330998576595
27.7727140000934
27.88527300072019
26.955604000249878
27.63045800020336
27.748263000830775
27.355570999134216
28.010145000735065
28.587495000465424
28.680101000645664
29.232598000817234
27.87338699999964
26.757126999655156
28.942489001565264
27.773998999691685
23.907986000267556
23.807973000657512
25.023009000506136
21.505724000235205
23.390660999211832
25.69199900062813
24.667528999998467
24.88176100087003
23.601535998750478
25.062897000680096
25.774042998818913
25.468744001045707
26.513894001254812
24.546995000491734
25.77961400129425
24.829894000504282
23.612097000295762
22.421222000048147
22.742510000171023
24.846465001246543
25.294458000644227
24.266047999844886
23.557786000310443
26.42754699991201
17.499260999102262
21.89098500093678
17.094508999434765
23.43055199889932
18.921716000477318
18.993536999914795
22.04797400008829
22.756065998692065
24.96570299990708
26.347120001446456
22.535828999025398
25.45970299979672
21.441646000312176
25.11801199943875
21.800562000862556
24.3964010005584
24.035156000536517
27.64669399948616
28.091002999644843
27.542095998796867
28.242292000868474
28.780394999557757
27.92450800006918
27.831766001327196
27.446084000985138
27.05924199835863
26.454860000740155
28.920792999997502
27.538217000255827
28.317759999481495
27.66625100048259
27.86102000027313
28.538648000903777
27.426493001257768
25.2307769987965
22.959648000323796
27.25114799977746
18.661455998881138
19.0258080001513
16.220932999203796
20.876633998341276
22.47924199946283
21.28372800143552
24.899846001062542
25.71501600141346
23.336524000114878
22.948077999899397
24.299680999320117
24.128990999088273
23.607543000252917
23.14983299947926
24.542055998608703
24.744106998696225
24.809722999634687
24.385295999309164
34.11917700032063
24.839653000526596
26.11778900063655
30.083429001024342
26.21541500047897
26.567191998765338
29.47556499930215
27.07157700024254
29.853157000616193
29.622898999150493
28.399291999448906
29.3269860012515
28.13457400043262
30.39334299865004
30.397028000152204
10.731690001193783
11.382190999938757
12.443253001038102
12.612673999683466
11.756322001019726
11.370379999789293
11.741946998881758
11.084506000770489
10.31142299871135
11.677685000904603
13.52707100159023
14.703536999149946
13.654686999871046
13.699095999982092
13.492160000168951
14.364398999532568
15.53185000011581
14.881209999657585
15.187179000349715
14.311024999187794
13.882281999030965
15.222202999211731
13.69999700000335
13.328925000678282
13.412911001069006
13.299894000738277
13.958273000753252
14.048638999156537
13.484688999596983
13.488719001543359
13.74406899958558
13.826129999870318
13.783407999653718
13.711927000258584
13.841130001310376
14.209173001290765
14.203890999851865
13.842369999110815
14.053451999643585
14.007364999997662
13.476068999807467
13.911563000874594
14.48044300013862
13.891451000745292
13.385195999944699
13.598543000625796
13.190210998800467
13.608854000267456
13.772027999948477
14.030407000973355
13.452977998895221
13.400376999925356
13.399227000263636
13.753737999650184
13.326407000931795
13.264396000522538
13.771247999102343
13.247691000287887
13.79200200062769
12.735206999423099
9.930551999786985
9.774426998774288
9.946502001184854
10.252283998852363
10.334640999644762
10.106462001203909
9.866619999229442
10.878055998546188
10.173049000513856
10.454408000441617
10.811178999574622
10.606181000184733
10.001554001064505
10.34490799975174
10.52987199909694
9.941412001353456
10.439467001560843
10.843980000572628
10.491039000044111
10.299425999619416
10.198355999818887
10.27251300001808
9.594551000191132
10.617302999889944
7.628112000020337
9.789716999875964
10.9385329997167
10.173488999498659
9.886739999274141
10.592954999083304
10.470327999428264
10.096686999531812
11.153771998579032
10.331383000448113
9.936180998920463
9.886340998491505
9.519688999716891
9.900039000058314
10.091445999933057
10.181814001043676
10.640603000865667
10.179000000789529
10.30612199974712
10.445517000334803
10.174938999625738
9.854789999735658
10.156117999940761
10.018003998993663
9.530359000564204
10.36231400030374
10.435206999318325
9.86474899946188
10.858329998882255
9.493711000686744
10.132927000086056
10.142969998923945
10.001623999414733
10.044095000921516
10.343165000449517
10.587482000119053
10.361639999246108
9.82929800011334
9.643074999985402
10.4112860008172
9.959012999388506
10.10668700109818
10.730546000559116
10.144959998797276
10.678713999368483
10.078916000566096
9.761305998836178
10.537231000853353
10.149302999707288
9.691159000794869
9.965472001567832
10.327262998544029
10.094537999975728
10.295551999661257
10.50655000108236
9.881222998956218
9.977425999750267
9.936202000972116
9.85215199943923
9.70737700117752
10.425676000522799
9.331753999504144
10.310084000593633
9.762387000591843
10.730255999078508
10.096076999616344
9.668173999671126
9.886690000712406
9.918712999933632
10.297023000021
10.656995000317693
9.789437001018086
9.50057899899548
10.072023998873192
10.67970500116644
10.691904000850627
10.221189999356284
9.817236999879242
10.095526999066351
11.420607999752974
9.872729999187868
10.799147999932757
10.463917000379297
9.880030000203988
10.06695599971863
9.230296000168892
9.349116000521462
9.504141000434174
10.228761000689701
9.835979000854422
10.061909000796732
10.285252999892691
10.223825000139186
12.222052000652184
14.054356999622541
13.162440000087372
14.046676000361913
12.804039999537054
13.680321000720141
13.219274000221048
13.070798000626382
13.822939999954542
13.328087999980198
13.422914998955093
13.486390000252868
13.56658200165839
13.81488999868452
13.666056000147364
13.225201999375713
14.319975000034901
14.114469000560348
13.219291000496014
12.919275999593083
13.130369999998948
13.729506999879959
13.648834999912651
13.146580000466201
13.34568499987654
23.510404000262497
24.17451299879758
26.258977999532362
25.043839999852935
22.35675799965975
25.12788400053978
25.417991999347578
25.629578000007314
24.79517200117698
22.40501999949629
24.96036900083709
26.33432899892796
26.15628400053538
23.587195999425603
24.97871899868187
25.237715999537613
24.077611000393517
23.466994000045815
21.785462000480038
23.346908999883453
23.66335899932892
22.33451399843034
25.379242999406415
23.477873000956606
21.27052499963611
20.37328900041757
26.627758999893558
19.176612000592286
24.14788399983081
20.38525900024979
24.221235000368324
20.325656998466002
27.559657000892912
20.53403299942147
19.641077000414953
21.65828000033798
23.090660999514512
24.34116900076333
24.314988000696758
20.872936000159825
24.535825999919325
26.23501600101008
25.094544000239694
25.206635998983984
22.824322999440483
22.74911200038332
21.695868999813683
21.963661998597672
19.687559999510995
26.952537999022752
21.15740199951688
25.047601000551367
23.92856600090454
25.91604000008374
23.139863000324112
24.067800999546307
22.1628060007788
23.056641999573912
22.517474000778748
22.108262000983814
25.956178998967516
25.960789000237128
24.748501999056316
25.05032199951529
24.051521000728826
25.726939999003662
25.32294900083798
24.240856000687927
22.41439099998388
25.768121999135474
25.578390999726253
23.144020000472665
25.49392900073144
24.896116001400515
25.491711001450312
27.40495999933046
26.155994999498944
28.87863700016169
29.096143000060692
28.52429700033099
28.98227900004713
29.347615000006044
29.001781000260962
29.661030999704963
28.923439000209328
28.157943999758572
26.920348000203376
29.12705000017013
26.751912000690936
26.644772000508965
28.443227000025217
29.469926999809104
28.153328001280897
25.866960999337607
27.508597000633017
27.579167999647325
29.78164400155947
28.103974000259768
26.944461000312003
29.158553001252585
27.428675999544794
28.349531999992905
27.373671999157523
28.553008000017144
27.329930000632885
28.96035999947344
28.244368000741815
28.6318519993074
28.603994998775306
28.57868099999905
28.528406999612343
29.345765000471147
28.106664000006276
27.608148999206605
31.2692089992197
34.13579399966693
30.42258999994374
32.41704399988521
29.482919999281876
28.21403899906727
29.040202000032878
28.312775000813417
28.361501999825123
29.069964999507647
29.789518001052784
27.301474001433235
28.367721000904567
27.157185999385547
28.556199999002274
30.941009999878588
27.596172998528345
28.094333998524235
28.592647999175824
29.449543999362504
28.04284500052745
27.74332199987839
26.612178000505082
28.19678100058809
27.567377999730525
27.18800500042562
28.685369999948307
29.111073999956716
28.497055000116234
28.20428699851618
26.582968001093832
28.19964900118066
27.681090999976732
28.394363000188605
28.18531599950802
28.42365600008634
28.65617099996598
27.724501998818596
28.6774409996724
27.65549300056591
27.136164000694407
27.07031200043275
26.36405100020056
24.973679001050186
19.636116001493065
21.056068999314448
22.306590000880533
23.87485100007325
27.49998999934178
27.957673999480903
27.681510999173042
27.116056000522804
27.061974000389455
27.25117699992552
28.16569599963259
28.279659998588613
27.570506999836653
28.410693999830983
28.160710999145522
28.081241998734185
27.199991998713813
28.588278999450267
26.818808999450994
27.407840998421307
28.093269000237342
27.48135500041826
26.977485000315937
27.237131998845143
28.26028800154745
28.26547800032131
28.965954001250793
26.060150999910547
21.514923999347957
19.832363001114572
27.644419000353082
20.714590000352473
16.65245499862067
23.279447999811964
22.984587998507777
25.566135998815298
23.834453999370453
23.84297900061938
23.45152199995937
24.28317900012189
27.546432000235654
28.015030999085866
28.070422000382678
28.518001001430093
29.340646000491688
28.260528999453527
28.756703999533784
26.961419000144815
28.457975000492297
29.223007999462425
28.358820998619194
28.143670000645216
27.541231998839066
29.574107998996624
27.78258500075026
28.753837999829557
27.69619200080342
28.984261000005063
27.93075800036604
27.620859000307973
28.435288000764558
28.116403000240098
28.672190999714076
25.962938998418394
17.643466000663466
28.875556999992114
28.6870119998639
28.39421300086542
28.6713299992698
27.64405999914743
28.749114000675036
28.111654000895214
27.817035001135082
26.929617999485345
27.877521999471355
27.827677000459516
27.73496300142142
27.22320800057787
27.450963998489897
27.85663599934196
28.305170000749058
29.305500000191387
27.052756999182748
28.86539700011781
27.747644000555738
28.703672000119695
27.652689999740687
28.496054999777698
28.316469999481342
26.020600000265404
27.501155998834292
26.629378999132314
27.26221900047676
27.297528999042697
28.324749999228516
28.33211500001198
28.315154999290826
29.22996300003433
27.819745999295264
27.14760099843261
27.992180001092493
28.583098001035978
28.465057999710552
27.382061998650897
27.538510999875143
27.692190000379924
27.533425000001444
27.85473200128763
27.95595899988257
28.945489999387064
27.752533000239055
27.404862999901525
28.72907199889596
29.516021999370423
28.174745000796975
28.044331998898997
28.21146700080135
28.099272998588276
16.998995999529143
19.942786000683554
22.514444000989897
24.920086001657182
24.087050998787163
21.562350000749575
25.997169999754988
23.440341999958036
24.561595999330166
23.273396998774842
22.27098600087629
24.402191000262974
24.206436000895337
24.352479998924537
25.08300599947688
25.590921999537386
26.04755100037437
25.7600420009112
24.72235200002615
25.349060000735335
25.35868999984814
24.982028999147587
23.858341000959626
27.37980199890444
28.799444999094703
28.23127800002112
28.835994999099057
27.637125000183005
28.897197000333108
28.08534299947496
28.083174000130384
28.199215999848093
28.21023700016667
27.122554000015953
21.856963998288848
26.645830001143622
23.220035000122152
23.888824998721248
23.721454999758862
23.971158001586446
25.705095000375877
23.821299999326584
24.98434900007851
28.51502599878586
28.634618000069167
28.60927400070068
28.54684199883195
28.422523000699584
28.208276999066584
22.668607998639345
24.049560001003556
23.585441000250285
25.451453000641777
24.833964000208653
25.432436999835772
26.256486999045592
28.85394599979918
28.39641200080223
27.78914499867824
27.17360499991628
27.93084900076792
27.941547999944305
28.000841000903165
27.689651000400772
28.075393000108306
27.943413000684814
28.87856099914643
28.029912000420154
28.10172300087288
27.1038539995061
28.175946999908774
28.287769000598928
28.32675100034976
28.615798999453546
27.178225998795824
28.134154999861494
27.721112999643083
27.424172998507856
27.30601900111651
27.924037998673157
28.285042000788962
29.433822001010412
27.733463000913616
27.607071000602446
29.006191000007675
27.139845999045065
27.810534000309417
28.265778000786668
27.38783200038597
27.971379000518937
27.77865399912116
26.18240800075
26.706282000304782
27.561981998587726
20.20004299993161
25.92047699909017
23.50552499956393
21.80852800120192
29.002430999753415
27.593847999014542
27.664020000884193
27.12628900007985
28.398051999829477
27.281669001240516
28.039134000209742
27.1152239984076
28.262318000997766
27.179697000974556
27.290228999845567
28.238888999112532
27.712277000318863
27.83961599925533
27.052924000599887
28.775865999705275
26.44090200010396
27.840535998620908
25.39495200107922
28.58899100101553
28.172818001621636
27.0997850002459
28.54506699986814
28.60751899970637
26.88778599986108
27.59225800036802
28.73562300010235
28.380341000229237
28.447354001400527
27.26299999994808
27.648388999296003
27.288527999189682
28.237258000444854
27.582098000493716
27.34182200038049
27.862114999152254
27.926638000280946
27.915657999983523
26.946017998852767
27.463964999697055
27.170818000740837
27.030840999941574
28.017679998811218
26.388252001197543
27.221897000345052
27.902187999643502
24.9807280015375
19.857665998642915
20.931175000441726
20.721500000945525
20.430630998816923
25.044870000783703
24.324849000549875
22.453632000178914
24.47804400071618
24.304898999616853
22.246386999540846
24.798733000352513
24.111112999889883
25.475035999988904
25.61765700011165
24.755692000326235
24.80414300043776
28.288038998653064
27.296079000734608
28.219507999892812
27.78157300053863
26.24874700086366
27.382641999793123
28.610121000383515
27.27929899992887
27.688017000400578
28.035180999722797
27.64690900039568
27.92821900038689
28.11555399966892
27.2345769990352
27.39157200085174
28.163397999378503
28.609181999854627
27.271232000202872
25.47946199956641
28.536137000628514
27.206926000872045
29.260543000418693
28.461703999710153
29.342792000534246
29.865587001040694
27.154003999385168
26.912847000858164
27.47068499957095
28.95254900067812
28.702561001409777
28.203146999658202
29.651570999703836
29.43854400109558
28.223977999005
28.436573998988024
27.988698999251937
27.571787999477237
28.498735999164637
27.42538599886757
27.582040000197594
27.21481600019615
28.319802000623895
28.787035000277683
28.93242000027385
28.037550999215455
27.983025998764788
28.371041998980218
27.80032499867957
27.971492001597653
27.908197000215296
27.704881998943165
27.310028999636415
26.54973499920743
27.301212001475506
27.76125299897103
27.130656999361236
27.748393000365468
28.19967700088455
28.39857800063328
28.73332799936179
27.390266999645974
29.33482600019488
27.32037500027218
28.280339000048116
26.386812000055215
19.912890000341577
22.321247999570915
23.678559000472887
24.159624001185875
20.365817999845603
25.388680998730706
23.791223000444006
26.404301999718882
25.468933999945875
23.499062999690068
24.07979199961119
26.409231999423355
23.701850001089042
24.015108998355572
24.18158399996173
26.01001499897393
26.22622699891508
22.85783499974059
24.988579001728795
25.34098999967682
23.790291999830515
24.375056000280892
28.27444399918022
27.735147999919718
27.14149500025087
27.122030000100494
29.44278999893868
27.411553001002176
31.19547799906286
26.640039999620058
28.9058530015609
29.15857500011043
28.297500000917353
28.590358999281307
29.227372999230283
27.366701000573812
29.524057999879005
27.200235999771394
29.36652599964873
28.927553999892552
27.73651799907384
28.31122499992489
31.397645001561614
28.60093399976904
26.936608001051354
28.240998000910622
28.30935499878251
28.481616000135546
27.223225999478018
27.70837800017034
28.121069000917487
26.400160999401123
28.01131599881046
27.938117998928647
26.500554999074666
23.75729100094759
28.302655000516097
28.092762999222032
28.687950998573797
28.703066998787108
26.945703000819776
28.828444999817293
27.80315400013933
28.096003999962704
27.200755999729154
27.777794000940048
27.2577480009204
28.058222000254318
27.068602001236286
27.575303000048734
29.25413800039678
27.432538001448847
28.43883900095534
27.472854999359697
28.587122998942505
29.50893600063864
